33893310117,33893310127,1024,128,8,102,10
33893317374,33893317377,1024,128,8,341,3
33893325136,33893325140,1024,128,8,256,4
33893332018,33893332021,1024,128,8,341,3
33893338919,33893338923,1024,128,8,256,4
33893345709,33893345712,1024,128,8,341,3
33893358711,33893358715,1024,128,8,256,4
33893366081,33893366086,1024,128,8,204,5
33893373752,33893373755,1024,128,8,341,3
33893380914,33893380917,1024,128,8,341,3
33893387855,33893387858,1024,128,8,341,3
33893394782,33893394785,1024,128,8,341,3
33893401270,33893401273,1024,128,8,341,3
33893407431,33893407433,1024,128,8,512,2
33893420146,33893420150,1024,128,8,256,4
33893427685,33893427690,1024,128,8,204,5
33893434607,33893434613,1024,128,8,170,6
33893441800,33893441803,1024,128,8,341,3
33893448684,33893448687,1024,128,8,341,3
33893455039,33893455042,1024,128,8,341,3
33893461030,33893461032,1024,128,8,512,2
33893466807,33893466809,1024,128,8,512,2
33893479706,33893479710,1024,128,8,256,4
33893486970,33893486974,1024,128,8,256,4
33893494093,33893494096,1024,128,8,341,3
33893500932,33893500935,1024,128,8,341,3
33893508128,33893508131,1024,128,8,341,3
33893514520,33893514524,1024,128,8,256,4
33893520413,33893520417,1024,128,8,256,4
33893527721,33893527724,1024,128,8,341,3
33893534255,33893534259,1024,128,8,256,4
33893539684,33893539688,1024,128,8,256,4
33893545207,33893545211,1024,128,8,256,4
33893550743,33893550747,1024,128,8,256,4
33893556089,33893556093,1024,128,8,256,4
33893562586,33893562590,1024,128,8,256,4
33893568137,33893568141,1024,128,8,256,4
33893573506,33893573509,1024,128,8,341,3
33893578922,33893578926,1024,128,8,256,4
33893584250,33893584254,1024,128,8,256,4
33893589714,33893589717,1024,128,8,341,3
33893594990,33893594994,1024,128,8,256,4
33893600343,33893600347,1024,128,8,256,4
33893605558,33893605561,1024,128,8,341,3
33893610910,33893610914,1024,128,8,256,4
33893616228,33893616232,1024,128,8,256,4
33893621525,33893621529,1024,128,8,256,4
33893626939,33893626943,1024,128,8,256,4
33893632167,33893632171,1024,128,8,256,4
33893637458,33893637462,1024,128,8,256,4
33893642706,33893642710,1024,128,8,256,4
33893648446,33893648449,1024,128,8,341,3
33893653777,33893653781,1024,128,8,256,4
33893659142,33893659146,1024,128,8,256,4
33893664418,33893664422,1024,128,8,256,4
33893669759,33893669761,1024,128,8,512,2
33893675068,33893675071,1024,128,8,341,3
33893681200,33893681203,1024,128,8,341,3
33893686765,33893686769,1024,128,8,256,4
33893692008,33893692011,1024,128,8,341,3
33893697631,33893697634,1024,128,8,341,3
33893703232,33893703236,1024,128,8,256,4
33893708692,33893708696,1024,128,8,256,4
33893714496,33893714500,1024,128,8,256,4
33893720365,33893720369,1024,128,8,256,4
33893725753,33893725757,1024,128,8,256,4
33893732333,33893732335,1024,128,8,512,2
33893738055,33893738059,1024,128,8,256,4
33893743322,33893743325,1024,128,8,341,3
33893750056,33893750059,1024,128,8,341,3
33893756068,33893756071,1024,128,8,341,3
33893761356,33893761360,1024,128,8,256,4
33893768191,33893768196,1024,128,8,204,5
33893775616,33893775621,1024,128,8,204,5
33893781457,33893781459,1024,128,8,512,2
33893787013,33893787017,1024,128,8,256,4
33893792608,33893792612,1024,128,8,256,4
33893798255,33893798257,1024,128,8,512,2
33893803994,33893803998,1024,128,8,256,4
33893809405,33893809409,1024,128,8,256,4
33893815057,33893815060,1024,128,8,341,3
33893820917,33893820921,1024,128,8,256,4
33893826390,33893826393,1024,128,8,341,3
33893831991,33893831995,1024,128,8,256,4
33893837424,33893837428,1024,128,8,256,4
33893842839,33893842843,1024,128,8,256,4
33893848283,33893848287,1024,128,8,256,4
33893853739,33893853743,1024,128,8,256,4
33893859172,33893859176,1024,128,8,256,4
33893864655,33893864659,1024,128,8,256,4
33893870107,33893870111,1024,128,8,256,4
33893875552,33893875556,1024,128,8,256,4
33893881089,33893881092,1024,128,8,341,3
33893886504,33893886508,1024,128,8,256,4
33893891948,33893891952,1024,128,8,256,4
33893897403,33893897407,1024,128,8,256,4
33893902680,33893902683,1024,128,8,341,3
33893907982,33893907986,1024,128,8,256,4
33893913445,33893913448,1024,128,8,341,3
33893918773,33893918777,1024,128,8,256,4
33893924084,33893924088,1024,128,8,256,4
33893930159,33893930163,1024,128,8,256,4
33893935894,33893935898,1024,128,8,256,4
33893941841,33893941844,1024,128,8,341,3
33893948515,33893948519,1024,128,8,256,4
33893954326,33893954330,1024,128,8,256,4
33893959901,33893959905,1024,128,8,256,4
33893965219,33893965223,1024,128,8,256,4
33893970481,33893970485,1024,128,8,256,4
33893975873,33893975875,1024,128,8,512,2
33893981099,33893981103,1024,128,8,256,4
33893986487,33893986491,1024,128,8,256,4
33893991959,33893991963,1024,128,8,256,4
33893997220,33893997224,1024,128,8,256,4
33894002501,33894002505,1024,128,8,256,4
33894007850,33894007854,1024,128,8,256,4
33894013931,33894013935,1024,128,8,256,4
33894020277,33894020281,1024,128,8,256,4
33894025745,33894025749,1024,128,8,256,4
33894031079,33894031083,1024,128,8,256,4
33894036791,33894036794,1024,128,8,341,3
33894042188,33894042192,1024,128,8,256,4
33894049402,33894049404,1024,128,8,512,2
33894055356,33894055360,1024,128,8,256,4
33894061338,33894061340,1024,128,8,512,2
33894068579,33894068582,1024,128,8,341,3
33894074360,33894074364,1024,128,8,256,4
33894080021,33894080027,1024,128,8,170,6
33894087462,33894087466,1024,128,8,256,4
33894093008,33894093011,1024,128,8,341,3
33894098645,33894098649,1024,128,8,256,4
33894107244,33894107246,1024,128,8,512,2
33894113223,33894113225,1024,128,8,512,2
33894118830,33894118834,1024,128,8,256,4
33894124320,33894124324,1024,128,8,256,4
33894130361,33894130364,1024,128,8,341,3
33894136170,33894136174,1024,128,8,256,4
33894142345,33894142349,1024,128,8,256,4
33894148081,33894148085,1024,128,8,256,4
33894153768,33894153772,1024,128,8,256,4
33894159267,33894159271,1024,128,8,256,4
33894164737,33894164741,1024,128,8,256,4
33894170761,33894170765,1024,128,8,256,4
33894176151,33894176155,1024,128,8,256,4
33894181830,33894181834,1024,128,8,256,4
33894187377,33894187381,1024,128,8,256,4
33894192896,33894192900,1024,128,8,256,4
33894198733,33894198738,1024,128,8,204,5
33894204284,33894204288,1024,128,8,256,4
33894211653,33894211657,1024,128,8,256,4
33894217950,33894217954,1024,128,8,256,4
33894223364,33894223368,1024,128,8,256,4
33894228695,33894228699,1024,128,8,256,4
33894233994,33894233998,1024,128,8,256,4
33894239330,33894239333,1024,128,8,341,3
33894244579,33894244583,1024,128,8,256,4
33894249944,33894249947,1024,128,8,341,3
33894255215,33894255219,1024,128,8,256,4
33894263495,33894263498,1024,128,8,341,3
33894269509,33894269513,1024,128,8,256,4
33894274869,33894274873,1024,128,8,256,4
33894280141,33894280144,1024,128,8,341,3
33894285436,33894285440,1024,128,8,256,4
33894290806,33894290809,1024,128,8,341,3
33894296071,33894296075,1024,128,8,256,4
33894301358,33894301361,1024,128,8,341,3
33894306699,33894306703,1024,128,8,256,4
33894311989,33894311993,1024,128,8,256,4
33894317242,33894317245,1024,128,8,341,3
33894325007,33894325011,1024,128,8,256,4
33894331265,33894331269,1024,128,8,256,4
33894336559,33894336563,1024,128,8,256,4
33894341849,33894341853,1024,128,8,256,4
33894347004,33894347008,1024,128,8,256,4
33894352163,33894352167,1024,128,8,256,4
33894357629,33894357633,1024,128,8,256,4
33894362873,33894362877,1024,128,8,256,4
33894368082,33894368086,1024,128,8,256,4
33894373308,33894373312,1024,128,8,256,4
33894378626,33894378630,1024,128,8,256,4
33894383779,33894383783,1024,128,8,256,4
33894388950,33894388953,1024,128,8,341,3
33894394231,33894394235,1024,128,8,256,4
33894399749,33894399753,1024,128,8,256,4
33894405049,33894405052,1024,128,8,341,3
33894410320,33894410324,1024,128,8,256,4
33894415483,33894415486,1024,128,8,341,3
33894420708,33894420711,1024,128,8,341,3
33894426139,33894426143,1024,128,8,256,4
33894433418,33894433421,1024,128,8,341,3
33894440086,33894440088,1024,128,8,512,2
33894445699,33894445702,1024,128,8,341,3
33894450837,33894450841,1024,128,8,256,4
33894455985,33894456009,1024,128,8,42,24
33894464077,33894464081,1024,128,8,256,4
33894470091,33894470110,1024,128,8,53,19
33894475431,33894475434,1024,128,8,341,3
33894480662,33894480666,1024,128,8,256,4
33894486108,33894486112,1024,128,8,256,4
33894491368,33894491372,1024,128,8,256,4
33894496618,33894496622,1024,128,8,256,4
33894501813,33894501817,1024,128,8,256,4
33894507074,33894507078,1024,128,8,256,4
33894512192,33894512195,1024,128,8,341,3
33894517667,33894517671,1024,128,8,256,4
33894522900,33894522903,1024,128,8,341,3
33894528063,33894528066,1024,128,8,341,3
33894533237,33894533240,1024,128,8,341,3
33894538732,33894538736,1024,128,8,256,4
33894544039,33894544043,1024,128,8,256,4
33894552138,33894552141,1024,128,8,341,3
33894558096,33894558100,1024,128,8,256,4
33894563500,33894563504,1024,128,8,256,4
33894568746,33894568750,1024,128,8,256,4
33894574141,33894574145,1024,128,8,256,4
33894579426,33894579430,1024,128,8,256,4
33894584732,33894584736,1024,128,8,256,4
33894591039,33894591043,1024,128,8,256,4
33894598565,33894598568,1024,128,8,341,3
33894604190,33894604194,1024,128,8,256,4
33894609579,33894609582,1024,128,8,341,3
33894614800,33894614804,1024,128,8,256,4
33894620145,33894620148,1024,128,8,341,3
33894625388,33894625392,1024,128,8,256,4
33894633569,33894633572,1024,128,8,341,3
33894639477,33894639481,1024,128,8,256,4
33894644900,33894644904,1024,128,8,256,4
33894650283,33894650287,1024,128,8,256,4
33894655622,33894655625,1024,128,8,341,3
33894661719,33894661724,1024,128,8,204,5
33894668653,33894668657,1024,128,8,256,4
33894674355,33894674359,1024,128,8,256,4
33894679713,33894679717,1024,128,8,256,4
33894684970,33894684974,1024,128,8,256,4
33894690225,33894690229,1024,128,8,256,4
33894695467,33894695470,1024,128,8,341,3
33894700931,33894700935,1024,128,8,256,4
33894706274,33894706278,1024,128,8,256,4
33894711584,33894711588,1024,128,8,256,4
33894716850,33894716854,1024,128,8,256,4
33894722446,33894722449,1024,128,8,341,3
33894727781,33894727785,1024,128,8,256,4
33894733144,33894733149,1024,128,8,204,5
33894738515,33894738519,1024,128,8,256,4
33894746668,33894746671,1024,128,8,341,3
33894752537,33894752541,1024,128,8,256,4
33894757992,33894757995,1024,128,8,341,3
33894763366,33894763370,1024,128,8,256,4
33894771059,33894771063,1024,128,8,256,4
33894777456,33894777460,1024,128,8,256,4
33894783218,33894783222,1024,128,8,256,4
33894789757,33894789759,1024,128,8,512,2
33894795444,33894795447,1024,128,8,341,3
33894801141,33894801145,1024,128,8,256,4
33894806444,33894806448,1024,128,8,256,4
33894811805,33894811809,1024,128,8,256,4
33894817312,33894817316,1024,128,8,256,4
33894822557,33894822561,1024,128,8,256,4
33894827862,33894827866,1024,128,8,256,4
33894833460,33894833464,1024,128,8,256,4
33894838854,33894838858,1024,128,8,256,4
33894844299,33894844303,1024,128,8,256,4
33894850631,33894850636,1024,128,8,204,5
33894858335,33894858339,1024,128,8,256,4
33894863958,33894863962,1024,128,8,256,4
33894869376,33894869380,1024,128,8,256,4
33894874683,33894874687,1024,128,8,256,4
33894879950,33894879954,1024,128,8,256,4
33894885294,33894885298,1024,128,8,256,4
33894890658,33894890662,1024,128,8,256,4
33894896032,33894896036,1024,128,8,256,4
33894901310,33894901314,1024,128,8,256,4
33894906774,33894906778,1024,128,8,256,4
33894912098,33894912102,1024,128,8,256,4
33894917374,33894917378,1024,128,8,256,4
33894925127,33894925130,1024,128,8,341,3
33894931732,33894931736,1024,128,8,256,4
33894937402,33894937404,1024,128,8,512,2
33894943289,33894943293,1024,128,8,256,4
33894948707,33894948711,1024,128,8,256,4
33894954066,33894954070,1024,128,8,256,4
33894959426,33894959430,1024,128,8,256,4
33894965935,33894965939,1024,128,8,256,4
33894973254,33894973257,1024,128,8,341,3
33894978970,33894978973,1024,128,8,341,3
33894984296,33894984300,1024,128,8,256,4
33894989552,33894989556,1024,128,8,256,4
33894994862,33894994865,1024,128,8,341,3
33895000326,33895000329,1024,128,8,341,3
33895005644,33895005648,1024,128,8,256,4
33895010996,33895011000,1024,128,8,256,4
33895016299,33895016303,1024,128,8,256,4
33895021550,33895021554,1024,128,8,256,4
33895026830,33895026834,1024,128,8,256,4
33895032136,33895032139,1024,128,8,341,3
33895037451,33895037455,1024,128,8,256,4
33895042776,33895042780,1024,128,8,256,4
33895048039,33895048043,1024,128,8,256,4
33895053364,33895053368,1024,128,8,256,4
33895058606,33895058610,1024,128,8,256,4
33895064794,33895064798,1024,128,8,256,4
33895070978,33895070982,1024,128,8,256,4
33895078741,33895078743,1024,128,8,512,2
33895084613,33895084617,1024,128,8,256,4
33895089952,33895089956,1024,128,8,256,4
33895095245,33895095248,1024,128,8,341,3
33895100576,33895100580,1024,128,8,256,4
33895105896,33895105900,1024,128,8,256,4
33895111210,33895111214,1024,128,8,256,4
33895116567,33895116571,1024,128,8,256,4
33895122023,33895122027,1024,128,8,256,4
33895127488,33895127492,1024,128,8,256,4
33895132832,33895132836,1024,128,8,256,4
33895138328,33895138332,1024,128,8,256,4
33895143693,33895143697,1024,128,8,256,4
33895148992,33895148996,1024,128,8,256,4
33895154327,33895154331,1024,128,8,256,4
33895159751,33895159753,1024,128,8,512,2
33895165059,33895165063,1024,128,8,256,4
33895171249,33895171254,1024,128,8,204,5
33895178797,33895178801,1024,128,8,256,4
33895184456,33895184460,1024,128,8,256,4
33895189740,33895189744,1024,128,8,256,4
33895195118,33895195121,1024,128,8,341,3
33895200300,33895200304,1024,128,8,256,4
33895205399,33895205403,1024,128,8,256,4
33895213470,33895213474,1024,128,8,256,4
33895219879,33895219882,1024,128,8,341,3
33895225381,33895225385,1024,128,8,256,4
33895230552,33895230556,1024,128,8,256,4
33895235712,33895235715,1024,128,8,341,3
33895241147,33895241151,1024,128,8,256,4
33895246459,33895246462,1024,128,8,341,3
33895251611,33895251614,1024,128,8,341,3
33895256799,33895256802,1024,128,8,341,3
33895262094,33895262098,1024,128,8,256,4
33895267164,33895267168,1024,128,8,256,4
33895272581,33895272585,1024,128,8,256,4
33895277788,33895277791,1024,128,8,341,3
33895282902,33895282905,1024,128,8,341,3
33895288044,33895288048,1024,128,8,256,4
33895293260,33895293264,1024,128,8,256,4
33895298421,33895298424,1024,128,8,341,3
33895303630,33895303634,1024,128,8,256,4
33895308898,33895308902,1024,128,8,256,4
33895314207,33895314210,1024,128,8,341,3
33895319437,33895319441,1024,128,8,256,4
33895324843,33895324846,1024,128,8,341,3
33895330061,33895330064,1024,128,8,341,3
33895335545,33895335549,1024,128,8,256,4
33895340769,33895340772,1024,128,8,341,3
33895345830,33895345834,1024,128,8,256,4
33895351018,33895351021,1024,128,8,341,3
33895356120,33895356123,1024,128,8,341,3
33895361317,33895361321,1024,128,8,256,4
33895366717,33895366721,1024,128,8,256,4
33895372567,33895372571,1024,128,8,256,4
33895379582,33895379585,1024,128,8,341,3
33895385317,33895385321,1024,128,8,256,4
33895390642,33895390646,1024,128,8,256,4
33895395828,33895395831,1024,128,8,341,3
33895401006,33895401009,1024,128,8,341,3
33895406220,33895406224,1024,128,8,256,4
33895411453,33895411456,1024,128,8,341,3
33895416792,33895416795,1024,128,8,341,3
33895422081,33895422084,1024,128,8,341,3
33895427334,33895427338,1024,128,8,256,4
33895432960,33895432964,1024,128,8,256,4
33895438572,33895438575,1024,128,8,341,3
33895444357,33895444361,1024,128,8,256,4
33895449500,33895449504,1024,128,8,256,4
33895454623,33895454627,1024,128,8,256,4
33895459888,33895459892,1024,128,8,256,4
33895465103,33895465107,1024,128,8,256,4
33895470345,33895470349,1024,128,8,256,4
33895475655,33895475658,1024,128,8,341,3
33895480776,33895480779,1024,128,8,341,3
33895485891,33895485894,1024,128,8,341,3
33895491313,33895491316,1024,128,8,341,3
33895496550,33895496553,1024,128,8,341,3
33895502023,33895502027,1024,128,8,256,4
33895507258,33895507262,1024,128,8,256,4
33895512353,33895512357,1024,128,8,256,4
33895517532,33895517536,1024,128,8,256,4
33895522691,33895522694,1024,128,8,341,3
33895529333,33895529338,1024,128,8,204,5
33895536153,33895536157,1024,128,8,256,4
33895541652,33895541656,1024,128,8,256,4
33895547075,33895547079,1024,128,8,256,4
33895552342,33895552346,1024,128,8,256,4
33895557656,33895557660,1024,128,8,256,4
33895563595,33895563599,1024,128,8,256,4
33895568958,33895568962,1024,128,8,256,4
33895574395,33895574398,1024,128,8,341,3
33895580226,33895580232,1024,128,8,170,6
33895587858,33895587861,1024,128,8,341,3
33895593725,33895593730,1024,128,8,204,5
33895599238,33895599242,1024,128,8,256,4
33895604695,33895604699,1024,128,8,256,4
33895610110,33895610114,1024,128,8,256,4
33895615538,33895615542,1024,128,8,256,4
33895620864,33895620867,1024,128,8,341,3
33895626129,33895626132,1024,128,8,341,3
33895631384,33895631387,1024,128,8,341,3
33895636689,33895636693,1024,128,8,256,4
33895641925,33895641929,1024,128,8,256,4
33895647204,33895647208,1024,128,8,256,4
33895652459,33895652463,1024,128,8,256,4
33895657871,33895657875,1024,128,8,256,4
33895663235,33895663239,1024,128,8,256,4
33895668489,33895668493,1024,128,8,256,4
33895674635,33895674639,1024,128,8,256,4
33895681508,33895681511,1024,128,8,341,3
33895687113,33895687117,1024,128,8,256,4
33895692530,33895692533,1024,128,8,341,3
33895697957,33895697961,1024,128,8,256,4
33895703214,33895703217,1024,128,8,341,3
33895710382,33895710386,1024,128,8,256,4
33895717197,33895717201,1024,128,8,256,4
33895722824,33895722828,1024,128,8,256,4
33895728152,33895728156,1024,128,8,256,4
33895734090,33895734092,1024,128,8,512,2
33895739708,33895739711,1024,128,8,341,3
33895744951,33895744954,1024,128,8,341,3
33895750383,33895750387,1024,128,8,256,4
33895755724,33895755728,1024,128,8,256,4
33895761105,33895761109,1024,128,8,256,4
33895766537,33895766541,1024,128,8,256,4
33895771982,33895771986,1024,128,8,256,4
33895777288,33895777292,1024,128,8,256,4
33895782570,33895782574,1024,128,8,256,4
33895787820,33895787823,1024,128,8,341,3
33895793124,33895793128,1024,128,8,256,4
33895798404,33895798408,1024,128,8,256,4
33895803719,33895803723,1024,128,8,256,4
33895808984,33895808987,1024,128,8,341,3
33895814251,33895814255,1024,128,8,256,4
33895819612,33895819616,1024,128,8,256,4
33895826571,33895826574,1024,128,8,341,3
33895833428,33895833430,1024,128,8,512,2
33895838890,33895838894,1024,128,8,256,4
33895844255,33895844259,1024,128,8,256,4
33895849744,33895849748,1024,128,8,256,4
33895855060,33895855064,1024,128,8,256,4
33895863069,33895863071,1024,128,8,512,2
33895869069,33895869073,1024,128,8,256,4
33895874494,33895874498,1024,128,8,256,4
33895879848,33895879852,1024,128,8,256,4
33895885302,33895885306,1024,128,8,256,4
33895890585,33895890589,1024,128,8,256,4
33895897970,33895897974,1024,128,8,256,4
33895904564,33895904568,1024,128,8,256,4
33895910005,33895910009,1024,128,8,256,4
33895915469,33895915473,1024,128,8,256,4
33895920852,33895920856,1024,128,8,256,4
33895926185,33895926189,1024,128,8,256,4
33895931776,33895931780,1024,128,8,256,4
33895937850,33895937853,1024,128,8,341,3
33895943616,33895943620,1024,128,8,256,4
33895948994,33895948998,1024,128,8,256,4
33895954262,33895954266,1024,128,8,256,4
33895959705,33895959709,1024,128,8,256,4
33895965020,33895965024,1024,128,8,256,4
33895970501,33895970505,1024,128,8,256,4
33895975755,33895975759,1024,128,8,256,4
33895981170,33895981174,1024,128,8,256,4
33895986472,33895986476,1024,128,8,256,4
33895991863,33895991866,1024,128,8,341,3
33895997272,33895997276,1024,128,8,256,4
33896002601,33896002604,1024,128,8,341,3
33896007859,33896007863,1024,128,8,256,4
33896013107,33896013111,1024,128,8,256,4
33896018444,33896018448,1024,128,8,256,4
33896023793,33896023796,1024,128,8,341,3
33896029123,33896029126,1024,128,8,341,3
33896034706,33896034709,1024,128,8,341,3
33896040046,33896040050,1024,128,8,256,4
33896045753,33896045758,1024,128,8,204,5
33896051055,33896051059,1024,128,8,256,4
33896056395,33896056399,1024,128,8,256,4
33896061887,33896061890,1024,128,8,341,3
33896067607,33896067611,1024,128,8,256,4
33896072995,33896072999,1024,128,8,256,4
33896078230,33896078234,1024,128,8,256,4
33896083590,33896083594,1024,128,8,256,4
33896088930,33896088934,1024,128,8,256,4
33896094250,33896094254,1024,128,8,256,4
33896099802,33896099805,1024,128,8,341,3
33896105232,33896105236,1024,128,8,256,4
33896110459,33896110463,1024,128,8,256,4
33896115793,33896115796,1024,128,8,341,3
33896121044,33896121047,1024,128,8,341,3
33896126369,33896126373,1024,128,8,256,4
33896131926,33896131930,1024,128,8,256,4
33896137160,33896137164,1024,128,8,256,4
33896142625,33896142629,1024,128,8,256,4
33896147899,33896147903,1024,128,8,256,4
33896153342,33896153346,1024,128,8,256,4
33896158633,33896158636,1024,128,8,341,3
33896164106,33896164110,1024,128,8,256,4
33896169404,33896169408,1024,128,8,256,4
33896174653,33896174656,1024,128,8,341,3
33896180048,33896180052,1024,128,8,256,4
33896185469,33896185473,1024,128,8,256,4
33896190713,33896190717,1024,128,8,256,4
33896196008,33896196012,1024,128,8,256,4
33896201274,33896201278,1024,128,8,256,4
33896206514,33896206543,1024,128,8,35,29
33896211850,33896211854,1024,128,8,256,4
33896217241,33896217245,1024,128,8,256,4
33896222703,33896222707,1024,128,8,256,4
33896228034,33896228038,1024,128,8,256,4
33896233258,33896233261,1024,128,8,341,3
33896238609,33896238613,1024,128,8,256,4
33896243944,33896243948,1024,128,8,256,4
33896249373,33896249377,1024,128,8,256,4
33896254626,33896254630,1024,128,8,256,4
33896260030,33896260034,1024,128,8,256,4
33896265306,33896265309,1024,128,8,341,3
33896270646,33896270649,1024,128,8,341,3
33896276234,33896276237,1024,128,8,341,3
33896281486,33896281490,1024,128,8,256,4
33896286703,33896286707,1024,128,8,256,4
33896292017,33896292020,1024,128,8,341,3
33896297271,33896297275,1024,128,8,256,4
33896302367,33896302371,1024,128,8,256,4
33896307577,33896307581,1024,128,8,256,4
33896312752,33896312756,1024,128,8,256,4
33896318189,33896318193,1024,128,8,256,4
33896323423,33896323427,1024,128,8,256,4
33896328947,33896328950,1024,128,8,341,3
33896335878,33896335881,1024,128,8,341,3
33896343316,33896343318,1024,128,8,512,2
33896349153,33896349157,1024,128,8,256,4
33896354478,33896354481,1024,128,8,341,3
33896359718,33896359721,1024,128,8,341,3
33896365065,33896365069,1024,128,8,256,4
33896373252,33896373257,1024,128,8,204,5
33896379064,33896379067,1024,128,8,341,3
33896384442,33896384446,1024,128,8,256,4
33896389944,33896389948,1024,128,8,256,4
33896395138,33896395142,1024,128,8,256,4
33896400404,33896400408,1024,128,8,256,4
33896407360,33896407362,1024,128,8,512,2
33896413658,33896413662,1024,128,8,256,4
33896419021,33896419025,1024,128,8,256,4
33896424462,33896424466,1024,128,8,256,4
33896430205,33896430208,1024,128,8,341,3
33896435629,33896435633,1024,128,8,256,4
33896441753,33896441757,1024,128,8,256,4
33896446891,33896446895,1024,128,8,256,4
33896454272,33896454276,1024,128,8,256,4
33896460438,33896460442,1024,128,8,256,4
33896465998,33896466002,1024,128,8,256,4
33896471284,33896471288,1024,128,8,256,4
33896476393,33896476397,1024,128,8,256,4
33896481613,33896481617,1024,128,8,256,4
33896486779,33896486783,1024,128,8,256,4
33896492418,33896492421,1024,128,8,341,3
33896497600,33896497603,1024,128,8,341,3
33896502748,33896502752,1024,128,8,256,4
33896508035,33896508039,1024,128,8,256,4
33896513260,33896513264,1024,128,8,256,4
33896518586,33896518590,1024,128,8,256,4
33896523953,33896523956,1024,128,8,341,3
33896529326,33896529330,1024,128,8,256,4
33896534567,33896534571,1024,128,8,256,4
33896539861,33896539865,1024,128,8,256,4
33896545248,33896545252,1024,128,8,256,4
33896550572,33896550576,1024,128,8,256,4
33896555776,33896555780,1024,128,8,256,4
33896561075,33896561079,1024,128,8,256,4
33896567061,33896567063,1024,128,8,512,2
33896572354,33896572358,1024,128,8,256,4
33896577633,33896577637,1024,128,8,256,4
33896582897,33896582901,1024,128,8,256,4
33896588197,33896588201,1024,128,8,256,4
33896593579,33896593582,1024,128,8,341,3
33896598846,33896598850,1024,128,8,256,4
33896604215,33896604218,1024,128,8,341,3
33896609486,33896609490,1024,128,8,256,4
33896614733,33896614737,1024,128,8,256,4
33896620012,33896620016,1024,128,8,256,4
33896625364,33896625368,1024,128,8,256,4
33896630687,33896630691,1024,128,8,256,4
33896635998,33896636002,1024,128,8,256,4
33896642962,33896642965,1024,128,8,341,3
33896649538,33896649542,1024,128,8,256,4
33896654996,33896655000,1024,128,8,256,4
33896660294,33896660297,1024,128,8,341,3
33896665531,33896665535,1024,128,8,256,4
33896670756,33896670759,1024,128,8,341,3
33896676090,33896676093,1024,128,8,341,3
33896681374,33896681377,1024,128,8,341,3
33896686682,33896686685,1024,128,8,341,3
33896692053,33896692057,1024,128,8,256,4
33896697347,33896697351,1024,128,8,256,4
33896702560,33896702564,1024,128,8,256,4
33896707789,33896707793,1024,128,8,256,4
33896713111,33896713115,1024,128,8,256,4
33896718452,33896718456,1024,128,8,256,4
33896724042,33896724045,1024,128,8,341,3
33896731281,33896731285,1024,128,8,256,4
33896737161,33896737165,1024,128,8,256,4
33896742598,33896742601,1024,128,8,341,3
33896747876,33896747880,1024,128,8,256,4
33896753208,33896753212,1024,128,8,256,4
33896758517,33896758521,1024,128,8,256,4
33896763818,33896763822,1024,128,8,256,4
33896769080,33896769084,1024,128,8,256,4
33896774512,33896774516,1024,128,8,256,4
33896779772,33896779776,1024,128,8,256,4
33896785013,33896785017,1024,128,8,256,4
33896790406,33896790408,1024,128,8,512,2
33896798403,33896798406,1024,128,8,341,3
33896804139,33896804143,1024,128,8,256,4
33896809514,33896809518,1024,128,8,256,4
33896814785,33896814789,1024,128,8,256,4
33896820030,33896820034,1024,128,8,256,4
33896825347,33896825351,1024,128,8,256,4
33896832322,33896832325,1024,128,8,341,3
33896839309,33896839311,1024,128,8,512,2
33896844750,33896844789,1024,128,8,26,39
33896850283,33896850287,1024,128,8,256,4
33896855877,33896855881,1024,128,8,256,4
33896861116,33896861120,1024,128,8,256,4
33896866339,33896866343,1024,128,8,256,4
33896871601,33896871604,1024,128,8,341,3
33896876926,33896876930,1024,128,8,256,4
33896882190,33896882194,1024,128,8,256,4
33896887439,33896887443,1024,128,8,256,4
33896892769,33896892773,1024,128,8,256,4
33896898080,33896898084,1024,128,8,256,4
33896903554,33896903558,1024,128,8,256,4
33896908987,33896908990,1024,128,8,341,3
33896914230,33896914234,1024,128,8,256,4
33896919505,33896919509,1024,128,8,256,4
33896924793,33896924796,1024,128,8,341,3
33896930489,33896930493,1024,128,8,256,4
33896935902,33896935906,1024,128,8,256,4
33896942055,33896942059,1024,128,8,256,4
33896947371,33896947375,1024,128,8,256,4
33896952654,33896952658,1024,128,8,256,4
33896957973,33896957977,1024,128,8,256,4
33896963260,33896963264,1024,128,8,256,4
33896968507,33896968511,1024,128,8,256,4
33896973906,33896973909,1024,128,8,341,3
33896979222,33896979226,1024,128,8,256,4
33896985407,33896985411,1024,128,8,256,4
33896990893,33896990897,1024,128,8,256,4
33896996558,33896996562,1024,128,8,256,4
33897002078,33897002082,1024,128,8,256,4
33897007891,33897007895,1024,128,8,256,4
33897013264,33897013268,1024,128,8,256,4
33897019080,33897019084,1024,128,8,256,4
33897024424,33897024428,1024,128,8,256,4
33897030183,33897030187,1024,128,8,256,4
33897035554,33897035558,1024,128,8,256,4
33897041242,33897041245,1024,128,8,341,3
33897046750,33897046754,1024,128,8,256,4
33897052428,33897052430,1024,128,8,512,2
33897057694,33897057698,1024,128,8,256,4
33897064047,33897064049,1024,128,8,512,2
33897069481,33897069485,1024,128,8,256,4
33897076414,33897076418,1024,128,8,256,4
33897081821,33897081824,1024,128,8,341,3
33897087518,33897087522,1024,128,8,256,4
33897092974,33897092978,1024,128,8,256,4
33897098690,33897098694,1024,128,8,256,4
33897104235,33897104239,1024,128,8,256,4
33897109947,33897109951,1024,128,8,256,4
33897115399,33897115403,1024,128,8,256,4
33897121086,33897121090,1024,128,8,256,4
33897126530,33897126534,1024,128,8,256,4
33897132196,33897132200,1024,128,8,256,4
33897137644,33897137648,1024,128,8,256,4
33897143284,33897143286,1024,128,8,512,2
33897148729,33897148733,1024,128,8,256,4
33897154445,33897154449,1024,128,8,256,4
33897159872,33897159876,1024,128,8,256,4
33897165570,33897165574,1024,128,8,256,4
33897170971,33897170975,1024,128,8,256,4
33897176662,33897176666,1024,128,8,256,4
33897182176,33897182180,1024,128,8,256,4
33897187881,33897187885,1024,128,8,256,4
33897194020,33897194024,1024,128,8,256,4
33897199653,33897199657,1024,128,8,256,4
33897205111,33897205115,1024,128,8,256,4
33897211216,33897211219,1024,128,8,341,3
33897216631,33897216635,1024,128,8,256,4
33897222371,33897222374,1024,128,8,341,3
33897227774,33897227778,1024,128,8,256,4
33897233442,33897233444,1024,128,8,512,2
33897238907,33897238911,1024,128,8,256,4
33897244595,33897244599,1024,128,8,256,4
33897250097,33897250101,1024,128,8,256,4
33897255873,33897255878,1024,128,8,204,5
33897261375,33897261379,1024,128,8,256,4
33897267132,33897267136,1024,128,8,256,4
33897272596,33897272599,1024,128,8,341,3
33897279350,33897279354,1024,128,8,256,4
33897284758,33897284762,1024,128,8,256,4
33897290499,33897290501,1024,128,8,512,2
33897295928,33897295932,1024,128,8,256,4
33897301626,33897301630,1024,128,8,256,4
33897307053,33897307057,1024,128,8,256,4
33897313553,33897313557,1024,128,8,256,4
33897319217,33897319221,1024,128,8,256,4
33897325031,33897325035,1024,128,8,256,4
33897330450,33897330453,1024,128,8,341,3
33897336133,33897336137,1024,128,8,256,4
33897341682,33897341686,1024,128,8,256,4
33897347411,33897347415,1024,128,8,256,4
33897352881,33897352885,1024,128,8,256,4
33897358760,33897358764,1024,128,8,256,4
33897364465,33897364469,1024,128,8,256,4
33897370201,33897370204,1024,128,8,341,3
33897375737,33897375741,1024,128,8,256,4
33897381425,33897381429,1024,128,8,256,4
33897386927,33897386931,1024,128,8,256,4
33897392396,33897392400,1024,128,8,256,4
33897397851,33897397855,1024,128,8,256,4
33897403331,33897403335,1024,128,8,256,4
33897408878,33897408882,1024,128,8,256,4
33897414425,33897414429,1024,128,8,256,4
33897419959,33897419963,1024,128,8,256,4
33897425469,33897425473,1024,128,8,256,4
33897431098,33897431102,1024,128,8,256,4
33897436814,33897436816,1024,128,8,512,2
33897442511,33897442515,1024,128,8,256,4
33897447949,33897447953,1024,128,8,256,4
33897453354,33897453358,1024,128,8,256,4
33897458829,33897458833,1024,128,8,256,4
33897464262,33897464266,1024,128,8,256,4
33897469821,33897469825,1024,128,8,256,4
33897475221,33897475225,1024,128,8,256,4
33897480696,33897480699,1024,128,8,341,3
33897486128,33897486132,1024,128,8,256,4
33897491906,33897491910,1024,128,8,256,4
33897497332,33897497336,1024,128,8,256,4
33897502807,33897502811,1024,128,8,256,4
33897508106,33897508110,1024,128,8,256,4
33897513535,33897513539,1024,128,8,256,4
33897518825,33897518829,1024,128,8,256,4
33897524128,33897524132,1024,128,8,256,4
33897529392,33897529396,1024,128,8,256,4
33897534638,33897534642,1024,128,8,256,4
33897539854,33897539858,1024,128,8,256,4
33897545240,33897545244,1024,128,8,256,4
33897550486,33897550490,1024,128,8,256,4
33897555746,33897555750,1024,128,8,256,4
33897561030,33897561034,1024,128,8,256,4
33897566827,33897566831,1024,128,8,256,4
33897572092,33897572096,1024,128,8,256,4
33897577565,33897577569,1024,128,8,256,4
33897582811,33897582815,1024,128,8,256,4
33897588088,33897588092,1024,128,8,256,4
33897593373,33897593377,1024,128,8,256,4
33897598709,33897598713,1024,128,8,256,4
33897603994,33897603998,1024,128,8,256,4
33897609281,33897609285,1024,128,8,256,4
33897614553,33897614557,1024,128,8,256,4
33897619782,33897619786,1024,128,8,256,4
33897625064,33897625068,1024,128,8,256,4
33897630480,33897630483,1024,128,8,341,3
33897635716,33897635719,1024,128,8,341,3
33897641923,33897641928,1024,128,8,204,5
33897647269,33897647273,1024,128,8,256,4
33897652646,33897652650,1024,128,8,256,4
33897658041,33897658044,1024,128,8,341,3
33897666162,33897666165,1024,128,8,341,3
33897672180,33897672184,1024,128,8,256,4
33897677802,33897677805,1024,128,8,341,3
33897683564,33897683566,1024,128,8,512,2
33897688977,33897688980,1024,128,8,341,3
33897694273,33897694277,1024,128,8,256,4
33897701679,33897701682,1024,128,8,341,3
33897707399,33897707402,1024,128,8,341,3
33897712782,33897712786,1024,128,8,256,4
33897720345,33897720347,1024,128,8,512,2
33897726878,33897726881,1024,128,8,341,3
33897732525,33897732527,1024,128,8,512,2
33897738103,33897738107,1024,128,8,256,4
33897743405,33897743409,1024,128,8,256,4
33897749622,33897749624,1024,128,8,512,2
33897755327,33897755331,1024,128,8,256,4
33897760718,33897760722,1024,128,8,256,4
33897767065,33897767068,1024,128,8,341,3
33897772481,33897772485,1024,128,8,256,4
33897777806,33897777810,1024,128,8,256,4
33897784502,33897784506,1024,128,8,256,4
33897789858,33897789862,1024,128,8,256,4
33897795292,33897795296,1024,128,8,256,4
33897800666,33897800670,1024,128,8,256,4
33897806114,33897806118,1024,128,8,256,4
33897811428,33897811432,1024,128,8,256,4
33897818426,33897818430,1024,128,8,256,4
33897825325,33897825328,1024,128,8,341,3
33897830741,33897830745,1024,128,8,256,4
33897836130,33897836134,1024,128,8,256,4
33897841539,33897841543,1024,128,8,256,4
33897846957,33897846961,1024,128,8,256,4
33897852451,33897852455,1024,128,8,256,4
33897857844,33897857848,1024,128,8,256,4
33897863333,33897863336,1024,128,8,341,3
33897868741,33897868745,1024,128,8,256,4
33897874092,33897874096,1024,128,8,256,4
33897879498,33897879502,1024,128,8,256,4
33897884918,33897884922,1024,128,8,256,4
33897890375,33897890379,1024,128,8,256,4
33897895810,33897895813,1024,128,8,341,3
33897901240,33897901244,1024,128,8,256,4
33897906663,33897906667,1024,128,8,256,4
33897912089,33897912093,1024,128,8,256,4
33897917592,33897917596,1024,128,8,256,4
33897923096,33897923099,1024,128,8,341,3
33897928615,33897928619,1024,128,8,256,4
33897936361,33897936364,1024,128,8,341,3
33897942375,33897942379,1024,128,8,256,4
33897947594,33897947598,1024,128,8,256,4
33897953066,33897953070,1024,128,8,256,4
33897958356,33897958360,1024,128,8,256,4
33897963478,33897963481,1024,128,8,341,3
33897968561,33897968565,1024,128,8,256,4
33897973646,33897973650,1024,128,8,256,4
33897979052,33897979056,1024,128,8,256,4
33897984196,33897984200,1024,128,8,256,4
33897989427,33897989431,1024,128,8,256,4
33897994611,33897994615,1024,128,8,256,4
33897999868,33897999872,1024,128,8,256,4
33898005067,33898005070,1024,128,8,341,3
33898010215,33898010218,1024,128,8,341,3
33898015605,33898015609,1024,128,8,256,4
33898020703,33898020706,1024,128,8,341,3
33898025840,33898025844,1024,128,8,256,4
33898030960,33898030964,1024,128,8,256,4
33898036256,33898036260,1024,128,8,256,4
33898041421,33898041425,1024,128,8,256,4
33898046628,33898046632,1024,128,8,256,4
33898051933,33898051936,1024,128,8,341,3
33898057279,33898057283,1024,128,8,256,4
33898062540,33898062544,1024,128,8,256,4
33898068595,33898068598,1024,128,8,341,3
33898073890,33898073894,1024,128,8,256,4
33898079186,33898079190,1024,128,8,256,4
33898084516,33898084520,1024,128,8,256,4
33898089797,33898089801,1024,128,8,256,4
33898095094,33898095098,1024,128,8,256,4
33898100350,33898100354,1024,128,8,256,4
33898105677,33898105681,1024,128,8,256,4
33898111059,33898111063,1024,128,8,256,4
33898116382,33898116386,1024,128,8,256,4
33898121812,33898121816,1024,128,8,256,4
33898127124,33898127128,1024,128,8,256,4
33898132564,33898132568,1024,128,8,256,4
33898137821,33898137825,1024,128,8,256,4
33898143396,33898143400,1024,128,8,256,4
33898148761,33898148764,1024,128,8,341,3
33898153986,33898153989,1024,128,8,341,3
33898159392,33898159396,1024,128,8,256,4
33898164744,33898164748,1024,128,8,256,4
33898169986,33898169989,1024,128,8,341,3
33898175385,33898175389,1024,128,8,256,4
33898180629,33898180633,1024,128,8,256,4
33898185903,33898185907,1024,128,8,256,4
33898191266,33898191270,1024,128,8,256,4
33898196656,33898196660,1024,128,8,256,4
33898201934,33898201938,1024,128,8,256,4
33898207181,33898207185,1024,128,8,256,4
33898212448,33898212452,1024,128,8,256,4
33898217844,33898217848,1024,128,8,256,4
33898223105,33898223109,1024,128,8,256,4
33898228496,33898228500,1024,128,8,256,4
33898233756,33898233760,1024,128,8,256,4
33898239023,33898239031,1024,128,8,128,8
33898244289,33898244293,1024,128,8,256,4
33898249551,33898249555,1024,128,8,256,4
33898254844,33898254848,1024,128,8,256,4
33898260159,33898260163,1024,128,8,256,4
33898265610,33898265614,1024,128,8,256,4
33898270932,33898270935,1024,128,8,341,3
33898276031,33898276034,1024,128,8,341,3
33898281422,33898281426,1024,128,8,256,4
33898286738,33898286742,1024,128,8,256,4
33898292226,33898292230,1024,128,8,256,4
33898297322,33898297326,1024,128,8,256,4
33898302611,33898302615,1024,128,8,256,4
33898308048,33898308050,1024,128,8,512,2
33898315506,33898315509,1024,128,8,341,3
33898321912,33898321916,1024,128,8,256,4
33898327303,33898327306,1024,128,8,341,3
33898332599,33898332603,1024,128,8,256,4
33898337799,33898337803,1024,128,8,256,4
33898343021,33898343025,1024,128,8,256,4
33898348363,33898348367,1024,128,8,256,4
33898353604,33898353608,1024,128,8,256,4
33898358758,33898358761,1024,128,8,341,3
33898365787,33898365791,1024,128,8,256,4
33898371273,33898371277,1024,128,8,256,4
33898376510,33898376514,1024,128,8,256,4
33898381913,33898381916,1024,128,8,341,3
33898387191,33898387194,1024,128,8,341,3
33898392311,33898392315,1024,128,8,256,4
33898400522,33898400526,1024,128,8,256,4
33898406410,33898406414,1024,128,8,256,4
33898411873,33898411875,1024,128,8,512,2
33898417169,33898417173,1024,128,8,256,4
33898422482,33898422486,1024,128,8,256,4
33898428281,33898428283,1024,128,8,512,2
33898433870,33898433874,1024,128,8,256,4
33898439967,33898439971,1024,128,8,256,4
33898445283,33898445286,1024,128,8,341,3
33898450727,33898450731,1024,128,8,256,4
33898455806,33898455810,1024,128,8,256,4
33898460918,33898460922,1024,128,8,256,4
33898466031,33898466035,1024,128,8,256,4
33898471482,33898471486,1024,128,8,256,4
33898476807,33898476810,1024,128,8,341,3
33898482034,33898482038,1024,128,8,256,4
33898487304,33898487308,1024,128,8,256,4
33898492627,33898492630,1024,128,8,341,3
33898497868,33898497872,1024,128,8,256,4
33898503455,33898503459,1024,128,8,256,4
33898508799,33898508802,1024,128,8,341,3
33898516243,33898516246,1024,128,8,341,3
33898522197,33898522201,1024,128,8,256,4
33898527562,33898527565,1024,128,8,341,3
33898532844,33898532848,1024,128,8,256,4
33898538078,33898538082,1024,128,8,256,4
33898543393,33898543397,1024,128,8,256,4
33898548648,33898548651,1024,128,8,341,3
33898556422,33898556425,1024,128,8,341,3
33898562659,33898562663,1024,128,8,256,4
33898569401,33898569406,1024,128,8,204,5
33898576472,33898576476,1024,128,8,256,4
33898582013,33898582017,1024,128,8,256,4
33898587245,33898587248,1024,128,8,341,3
33898592511,33898592515,1024,128,8,256,4
33898597881,33898597885,1024,128,8,256,4
33898603255,33898603259,1024,128,8,256,4
33898610475,33898610477,1024,128,8,512,2
33898616858,33898616862,1024,128,8,256,4
33898622313,33898622317,1024,128,8,256,4
33898627626,33898627630,1024,128,8,256,4
33898633049,33898633053,1024,128,8,256,4
33898638291,33898638295,1024,128,8,256,4
33898643749,33898643753,1024,128,8,256,4
33898649108,33898649112,1024,128,8,256,4
33898657127,33898657131,1024,128,8,256,4
33898663249,33898663253,1024,128,8,256,4
33898668629,33898668633,1024,128,8,256,4
33898673985,33898673989,1024,128,8,256,4
33898679253,33898679257,1024,128,8,256,4
33898684521,33898684525,1024,128,8,256,4
33898689935,33898689939,1024,128,8,256,4
33898695355,33898695359,1024,128,8,256,4
33898700722,33898700726,1024,128,8,256,4
33898706178,33898706181,1024,128,8,341,3
33898711393,33898711397,1024,128,8,256,4
33898716581,33898716584,1024,128,8,341,3
33898721741,33898721745,1024,128,8,256,4
33898727105,33898727109,1024,128,8,256,4
33898732859,33898732861,1024,128,8,512,2
33898739510,33898739514,1024,128,8,256,4
33898744996,33898745000,1024,128,8,256,4
33898750123,33898750127,1024,128,8,256,4
33898755301,33898755305,1024,128,8,256,4
33898760562,33898760566,1024,128,8,256,4
33898765636,33898765640,1024,128,8,256,4
33898771878,33898771882,1024,128,8,256,4
33898778565,33898778570,1024,128,8,204,5
33898783994,33898783998,1024,128,8,256,4
33898789245,33898789249,1024,128,8,256,4
33898794728,33898794732,1024,128,8,256,4
33898801690,33898801693,1024,128,8,341,3
33898808198,33898808202,1024,128,8,256,4
33898813586,33898813590,1024,128,8,256,4
33898818803,33898818806,1024,128,8,341,3
33898824135,33898824138,1024,128,8,341,3
33898829396,33898829400,1024,128,8,256,4
33898834856,33898834860,1024,128,8,256,4
33898840186,33898840190,1024,128,8,256,4
33898845496,33898845500,1024,128,8,256,4
33898852274,33898852277,1024,128,8,341,3
33898859145,33898859148,1024,128,8,341,3
33898864582,33898864586,1024,128,8,256,4
33898869869,33898869873,1024,128,8,256,4
33898875210,33898875214,1024,128,8,256,4
33898880528,33898880531,1024,128,8,341,3
33898885929,33898885933,1024,128,8,256,4
33898891203,33898891207,1024,128,8,256,4
33898896460,33898896464,1024,128,8,256,4
33898901706,33898901709,1024,128,8,341,3
33898907078,33898907082,1024,128,8,256,4
33898912420,33898912424,1024,128,8,256,4
33898917686,33898917690,1024,128,8,256,4
33898922954,33898922957,1024,128,8,341,3
33898928072,33898928075,1024,128,8,341,3
33898933621,33898933624,1024,128,8,341,3
33898940099,33898940101,1024,128,8,512,2
