1511567065076361,1511567065083123,10485760,1310720,8,1550,6762
1511567065163812,1511567065170893,10485760,1310720,8,1480,7081
1511567065248831,1511567065255685,10485760,1310720,8,1529,6854
1511567065333705,1511567065340731,10485760,1310720,8,1492,7026
1511567065419022,1511567065426090,10485760,1310720,8,1483,7068
1511567065504083,1511567065511188,10485760,1310720,8,1475,7105
1511567065589171,1511567065596285,10485760,1310720,8,1473,7114
1511567065674474,1511567065681583,10485760,1310720,8,1474,7109
1511567065759679,1511567065766837,10485760,1310720,8,1464,7158
1511567065844854,1511567065851965,10485760,1310720,8,1474,7111
1511567065930114,1511567065937209,10485760,1310720,8,1477,7095
1511567066015290,1511567066022340,10485760,1310720,8,1487,7050
1511567066100227,1511567066107370,10485760,1310720,8,1467,7143
1511567066185394,1511567066192427,10485760,1310720,8,1490,7033
1511567066270284,1511567066277303,10485760,1310720,8,1493,7019
1511567066355364,1511567066362483,10485760,1310720,8,1472,7119
1511567066440361,1511567066447517,10485760,1310720,8,1465,7156
1511567066525652,1511567066532702,10485760,1310720,8,1487,7050
1511567066610260,1511567066617288,10485760,1310720,8,1491,7028
1511567066694894,1511567066701951,10485760,1310720,8,1485,7057
1511567066779190,1511567066786308,10485760,1310720,8,1473,7118
1511567066863924,1511567066870928,10485760,1310720,8,1497,7004
1511567066948455,1511567066955453,10485760,1310720,8,1498,6998
1511567067032999,1511567067039953,10485760,1310720,8,1507,6954
1511567067117041,1511567067123989,10485760,1310720,8,1509,6948
1511567067201305,1511567067208244,10485760,1310720,8,1511,6939
1511567067285578,1511567067292556,10485760,1310720,8,1502,6978
1511567067369944,1511567067376953,10485760,1310720,8,1496,7009
1511567067454281,1511567067461366,10485760,1310720,8,1479,7085
1511567067538834,1511567067545911,10485760,1310720,8,1481,7077
1511567067623418,1511567067630482,10485760,1310720,8,1484,7064
1511567067707965,1511567067714993,10485760,1310720,8,1491,7028
1511567067792439,1511567067799449,10485760,1310720,8,1495,7010
1511567067876844,1511567067883899,10485760,1310720,8,1486,7055
1511567067961487,1511567067968531,10485760,1310720,8,1488,7044
1511567068045897,1511567068052896,10485760,1310720,8,1498,6999
1511567068130298,1511567068137282,10485760,1310720,8,1501,6984
1511567068214618,1511567068221457,10485760,1310720,8,1533,6839
1511567068298778,1511567068305791,10485760,1310720,8,1495,7013
1511567068383246,1511567068390286,10485760,1310720,8,1489,7040
1511567068467664,1511567068474733,10485760,1310720,8,1483,7069
1511567068552214,1511567068559253,10485760,1310720,8,1489,7039
1511567068636706,1511567068643702,10485760,1310720,8,1498,6996
1511567068721171,1511567068728215,10485760,1310720,8,1488,7044
1511567068805822,1511567068812885,10485760,1310720,8,1484,7063
1511567068890472,1511567068897512,10485760,1310720,8,1489,7040
1511567068975122,1511567068982153,10485760,1310720,8,1491,7031
1511567069059683,1511567069066761,10485760,1310720,8,1481,7078
1511567069144079,1511567069151215,10485760,1310720,8,1469,7136
1511567069228834,1511567069235794,10485760,1310720,8,1506,6960
1511567069313196,1511567069320111,10485760,1310720,8,1516,6915
1511567069397683,1511567069404724,10485760,1310720,8,1489,7041
1511567069482201,1511567069489252,10485760,1310720,8,1487,7051
1511567069566650,1511567069573675,10485760,1310720,8,1492,7025
1511567069651172,1511567069658089,10485760,1310720,8,1515,6917
1511567069735619,1511567069742640,10485760,1310720,8,1493,7021
1511567069820068,1511567069827157,10485760,1310720,8,1479,7089
1511567069904638,1511567069911709,10485760,1310720,8,1482,7071
1511567069989057,1511567069996054,10485760,1310720,8,1498,6997
1511567070073374,1511567070080389,10485760,1310720,8,1494,7015
1511567070157482,1511567070164562,10485760,1310720,8,1481,7080
1511567070241877,1511567070248935,10485760,1310720,8,1485,7058
1511567070326343,1511567070333097,10485760,1310720,8,1552,6754
1511567070410378,1511567070417223,10485760,1310720,8,1531,6845
1511567070494408,1511567070501280,10485760,1310720,8,1525,6872
1511567070578689,1511567070585540,10485760,1310720,8,1530,6851
1511567070662798,1511567070669609,10485760,1310720,8,1539,6811
1511567070746894,1511567070753719,10485760,1310720,8,1536,6825
1511567070830852,1511567070837616,10485760,1310720,8,1550,6764
1511567070915059,1511567070921899,10485760,1310720,8,1533,6840
1511567070999156,1511567071005975,10485760,1310720,8,1537,6819
1511567071083203,1511567071090054,10485760,1310720,8,1530,6851
1511567071167350,1511567071174187,10485760,1310720,8,1533,6837
1511567071251574,1511567071258435,10485760,1310720,8,1528,6861
1511567071335571,1511567071342375,10485760,1310720,8,1541,6804
1511567071419667,1511567071426527,10485760,1310720,8,1528,6860
1511567071504060,1511567071510853,10485760,1310720,8,1543,6793
1511567071587987,1511567071594854,10485760,1310720,8,1526,6867
1511567071671867,1511567071678745,10485760,1310720,8,1524,6878
1511567071755827,1511567071762732,10485760,1310720,8,1518,6905
1511567071839980,1511567071846863,10485760,1310720,8,1523,6883
1511567071924044,1511567071930789,10485760,1310720,8,1554,6745
1511567072007996,1511567072014831,10485760,1310720,8,1534,6835
1511567072092298,1511567072099158,10485760,1310720,8,1528,6860
1511567072176244,1511567072183126,10485760,1310720,8,1523,6882
1511567072260501,1511567072267363,10485760,1310720,8,1528,6862
1511567072344810,1511567072351685,10485760,1310720,8,1525,6875
1511567072429015,1511567072435797,10485760,1310720,8,1546,6782
1511567072513080,1511567072519905,10485760,1310720,8,1536,6825
1511567072597331,1511567072604266,10485760,1310720,8,1512,6935
1511567072681567,1511567072688431,10485760,1310720,8,1527,6864
1511567072765685,1511567072772589,10485760,1310720,8,1518,6904
1511567072849965,1511567072856733,10485760,1310720,8,1549,6768
1511567072933800,1511567072940573,10485760,1310720,8,1548,6773
1511567073017769,1511567073024627,10485760,1310720,8,1528,6858
1511567073101830,1511567073108673,10485760,1310720,8,1532,6843
1511567073185703,1511567073192570,10485760,1310720,8,1526,6867
1511567073269956,1511567073276661,10485760,1310720,8,1563,6705
1511567073353692,1511567073360538,10485760,1310720,8,1531,6846
1511567073437825,1511567073444676,10485760,1310720,8,1530,6851
1511567073522020,1511567073528893,10485760,1310720,8,1525,6873
1511567073606317,1511567073613152,10485760,1310720,8,1534,6835
1511567073690493,1511567073697180,10485760,1310720,8,1568,6687
1511567073774487,1511567073781331,10485760,1310720,8,1532,6844
1511567073858782,1511567073865658,10485760,1310720,8,1524,6876
1511567073943038,1511567073949918,10485760,1310720,8,1524,6880
1511567074027066,1511567074033930,10485760,1310720,8,1527,6864
1511567074111147,1511567074118026,10485760,1310720,8,1524,6879
1511567074195326,1511567074202118,10485760,1310720,8,1543,6792
1511567074279406,1511567074286213,10485760,1310720,8,1540,6807
1511567074363302,1511567074370164,10485760,1310720,8,1528,6862
1511567074447391,1511567074454289,10485760,1310720,8,1520,6898
1511567074531700,1511567074538585,10485760,1310720,8,1522,6885
1511567074615826,1511567074622686,10485760,1310720,8,1528,6860
1511567074699914,1511567074706768,10485760,1310720,8,1529,6854
1511567074783949,1511567074790670,10485760,1310720,8,1560,6721
1511567074867912,1511567074874750,10485760,1310720,8,1533,6838
1511567074951767,1511567074958664,10485760,1310720,8,1520,6897
1511567075036014,1511567075042814,10485760,1310720,8,1542,6800
1511567075120018,1511567075126856,10485760,1310720,8,1533,6838
1511567075204275,1511567075211057,10485760,1310720,8,1546,6782
1511567075288291,1511567075295144,10485760,1310720,8,1530,6853
1511567075372177,1511567075379027,10485760,1310720,8,1530,6850
1511567075456321,1511567075463178,10485760,1310720,8,1529,6857
1511567075540460,1511567075547311,10485760,1310720,8,1530,6851
1511567075624315,1511567075631097,10485760,1310720,8,1546,6782
1511567075708434,1511567075715287,10485760,1310720,8,1530,6853
1511567075792675,1511567075799435,10485760,1310720,8,1551,6760
1511567075876744,1511567075883654,10485760,1310720,8,1517,6910
1511567075961131,1511567075968144,10485760,1310720,8,1495,7013
1511567076045445,1511567076052435,10485760,1310720,8,1500,6990
1511567076129775,1511567076136780,10485760,1310720,8,1496,7005
1511567076213886,1511567076220722,10485760,1310720,8,1533,6836
1511567076298084,1511567076305060,10485760,1310720,8,1503,6976
1511567076382281,1511567076389188,10485760,1310720,8,1518,6907
1511567076466336,1511567076473333,10485760,1310720,8,1498,6997
1511567076550733,1511567076557714,10485760,1310720,8,1502,6981
1511567076635049,1511567076642021,10485760,1310720,8,1503,6972
1511567076719258,1511567076726292,10485760,1310720,8,1490,7034
1511567076803909,1511567076810899,10485760,1310720,8,1500,6990
1511567076888313,1511567076895269,10485760,1310720,8,1507,6956
1511567076972467,1511567076979436,10485760,1310720,8,1504,6969
1511567077056654,1511567077063424,10485760,1310720,8,1548,6770
1511567077140801,1511567077147700,10485760,1310720,8,1519,6899
1511567077225061,1511567077231949,10485760,1310720,8,1522,6888
1511567077309371,1511567077316392,10485760,1310720,8,1493,7021
1511567077393674,1511567077400659,10485760,1310720,8,1501,6985
1511567077477948,1511567077484795,10485760,1310720,8,1531,6847
1511567077562070,1511567077569089,10485760,1310720,8,1493,7019
1511567077646288,1511567077653292,10485760,1310720,8,1497,7004
1511567077730747,1511567077737644,10485760,1310720,8,1520,6897
1511567077814872,1511567077821897,10485760,1310720,8,1492,7025
1511567077899373,1511567077906410,10485760,1310720,8,1490,7037
1511567077983570,1511567077990552,10485760,1310720,8,1501,6982
1511567078067626,1511567078074632,10485760,1310720,8,1496,7006
1511567078152070,1511567078159038,10485760,1310720,8,1504,6968
1511567078236349,1511567078243304,10485760,1310720,8,1507,6955
1511567078320467,1511567078327437,10485760,1310720,8,1504,6970
1511567078404837,1511567078411843,10485760,1310720,8,1496,7006
1511567078489284,1511567078496265,10485760,1310720,8,1502,6981
1511567078573470,1511567078580492,10485760,1310720,8,1493,7022
1511567078657922,1511567078664798,10485760,1310720,8,1524,6876
1511567078742232,1511567078749204,10485760,1310720,8,1503,6972
1511567078826437,1511567078833431,10485760,1310720,8,1499,6994
1511567078910972,1511567078917955,10485760,1310720,8,1501,6983
1511567078995043,1511567079002029,10485760,1310720,8,1500,6986
1511567079079224,1511567079086234,10485760,1310720,8,1495,7010
1511567079163572,1511567079170498,10485760,1310720,8,1513,6926
1511567079247672,1511567079254679,10485760,1310720,8,1496,7007
1511567079332002,1511567079338869,10485760,1310720,8,1526,6867
1511567079416336,1511567079423390,10485760,1310720,8,1486,7054
1511567079500738,1511567079507734,10485760,1310720,8,1498,6996
1511567079584930,1511567079591941,10485760,1310720,8,1495,7011
1511567079669245,1511567079676260,10485760,1310720,8,1494,7015
1511567079753568,1511567079760546,10485760,1310720,8,1502,6978
1511567079837954,1511567079844945,10485760,1310720,8,1499,6991
1511567079922244,1511567079929199,10485760,1310720,8,1507,6955
1511567080006572,1511567080013516,10485760,1310720,8,1510,6944
1511567080090984,1511567080097913,10485760,1310720,8,1513,6929
1511567080175143,1511567080182115,10485760,1310720,8,1503,6972
1511567080259497,1511567080266473,10485760,1310720,8,1503,6976
1511567080343951,1511567080350904,10485760,1310720,8,1508,6953
1511567080428079,1511567080435048,10485760,1310720,8,1504,6969
1511567080512296,1511567080519302,10485760,1310720,8,1496,7006
1511567080596700,1511567080603606,10485760,1310720,8,1518,6906
1511567080681055,1511567080687936,10485760,1310720,8,1523,6881
1511567080765483,1511567080772539,10485760,1310720,8,1486,7056
1511567080850097,1511567080857107,10485760,1310720,8,1495,7010
1511567080934506,1511567080941525,10485760,1310720,8,1493,7019
1511567081018790,1511567081025774,10485760,1310720,8,1501,6984
1511567081103061,1511567081110044,10485760,1310720,8,1501,6983
1511567081187318,1511567081194184,10485760,1310720,8,1527,6866
1511567081271480,1511567081278419,10485760,1310720,8,1511,6939
1511567081355685,1511567081362634,10485760,1310720,8,1508,6949
1511567081439998,1511567081446890,10485760,1310720,8,1521,6892
1511567081524304,1511567081531302,10485760,1310720,8,1498,6998
1511567081608525,1511567081615557,10485760,1310720,8,1491,7032
1511567081693056,1511567081700034,10485760,1310720,8,1502,6978
1511567081777391,1511567081784258,10485760,1310720,8,1526,6867
1511567081861633,1511567081868581,10485760,1310720,8,1509,6948
1511567081945924,1511567081952920,10485760,1310720,8,1498,6996
1511567082030161,1511567082037151,10485760,1310720,8,1500,6990
1511567082114437,1511567082121426,10485760,1310720,8,1500,6989
1511567082198522,1511567082205501,10485760,1310720,8,1502,6979
1511567082282762,1511567082289750,10485760,1310720,8,1500,6988
1511567082366971,1511567082373970,10485760,1310720,8,1498,6999
1511567082451119,1511567082458110,10485760,1310720,8,1499,6991
1511567082535272,1511567082542279,10485760,1310720,8,1496,7007
1511567082619891,1511567082626912,10485760,1310720,8,1493,7021
1511567082704489,1511567082711408,10485760,1310720,8,1515,6919
1511567082788719,1511567082795716,10485760,1310720,8,1498,6997
1511567082873072,1511567082879992,10485760,1310720,8,1515,6920
1511567082957336,1511567082964261,10485760,1310720,8,1514,6925
1511567083041469,1511567083048377,10485760,1310720,8,1517,6908
1511567083125892,1511567083132912,10485760,1310720,8,1493,7020
1511567083210446,1511567083217485,10485760,1310720,8,1489,7039
1511567083294817,1511567083301807,10485760,1310720,8,1500,6990
1511567083379096,1511567083386062,10485760,1310720,8,1505,6966
1511567083463404,1511567083470390,10485760,1310720,8,1500,6986
1511567083547706,1511567083554697,10485760,1310720,8,1499,6991
1511567083632042,1511567083638926,10485760,1310720,8,1523,6884
1511567083716304,1511567083723262,10485760,1310720,8,1507,6958
1511567083800625,1511567083807634,10485760,1310720,8,1496,7009
1511567083884839,1511567083891821,10485760,1310720,8,1501,6982
1511567083969072,1511567083975929,10485760,1310720,8,1529,6857
1511567084053310,1511567084060356,10485760,1310720,8,1488,7046
1511567084137775,1511567084144771,10485760,1310720,8,1498,6996
1511567084222278,1511567084229258,10485760,1310720,8,1502,6980
1511567084306405,1511567084313427,10485760,1310720,8,1493,7022
1511567084390740,1511567084397637,10485760,1310720,8,1520,6897
1511567084474891,1511567084481839,10485760,1310720,8,1509,6948
1511567084558960,1511567084565861,10485760,1310720,8,1519,6901
1511567084643251,1511567084650165,10485760,1310720,8,1516,6914
1511567084727708,1511567084734678,10485760,1310720,8,1504,6970
1511567084811983,1511567084818992,10485760,1310720,8,1496,7009
1511567084896305,1511567084903318,10485760,1310720,8,1495,7013
1511567084980668,1511567084987679,10485760,1310720,8,1495,7011
1511567085065168,1511567085072117,10485760,1310720,8,1508,6949
1511567085149445,1511567085156257,10485760,1310720,8,1539,6812
1511567085233573,1511567085240583,10485760,1310720,8,1495,7010
1511567085317985,1511567085324995,10485760,1310720,8,1495,7010
1511567085402472,1511567085409454,10485760,1310720,8,1501,6982
1511567085486928,1511567085493926,10485760,1310720,8,1498,6998
1511567085571386,1511567085578435,10485760,1310720,8,1487,7049
1511567085655910,1511567085662898,10485760,1310720,8,1500,6988
1511567085740421,1511567085747445,10485760,1310720,8,1492,7024
1511567085824729,1511567085831753,10485760,1310720,8,1492,7024
1511567085909165,1511567085916073,10485760,1310720,8,1517,6908
1511567085993430,1511567086000420,10485760,1310720,8,1500,6990
1511567086077806,1511567086084686,10485760,1310720,8,1524,6880
1511567086161996,1511567086168953,10485760,1310720,8,1507,6957
1511567086246431,1511567086253373,10485760,1310720,8,1510,6942
1511567086330528,1511567086337504,10485760,1310720,8,1503,6976
1511567086414899,1511567086421847,10485760,1310720,8,1509,6948
1511567086499087,1511567086506066,10485760,1310720,8,1502,6979
1511567086583315,1511567086590303,10485760,1310720,8,1500,6988
1511567086667604,1511567086674576,10485760,1310720,8,1503,6972
1511567086751954,1511567086758827,10485760,1310720,8,1525,6873
1511567086836008,1511567086842798,10485760,1310720,8,1544,6790
1511567086920017,1511567086926826,10485760,1310720,8,1539,6809
1511567087004237,1511567087011123,10485760,1310720,8,1522,6886
1511567087088262,1511567087095159,10485760,1310720,8,1520,6897
1511567087172334,1511567087179260,10485760,1310720,8,1513,6926
1511567087256544,1511567087263455,10485760,1310720,8,1517,6911
1511567087340659,1511567087347451,10485760,1310720,8,1543,6792
1511567087424503,1511567087431398,10485760,1310720,8,1520,6895
1511567087508361,1511567087515242,10485760,1310720,8,1523,6881
1511567087592396,1511567087599262,10485760,1310720,8,1527,6866
1511567087676424,1511567087683286,10485760,1310720,8,1528,6862
1511567087760471,1511567087767362,10485760,1310720,8,1521,6891
1511567087844497,1511567087851383,10485760,1310720,8,1522,6886
1511567087928620,1511567087935398,10485760,1310720,8,1547,6778
1511567088012650,1511567088019528,10485760,1310720,8,1524,6878
1511567088096970,1511567088103765,10485760,1310720,8,1543,6795
1511567088181050,1511567088187914,10485760,1310720,8,1527,6864
1511567088265140,1511567088272022,10485760,1310720,8,1523,6882
1511567088349225,1511567088356078,10485760,1310720,8,1530,6853
1511567088433297,1511567088440195,10485760,1310720,8,1520,6898
1511567088517576,1511567088524465,10485760,1310720,8,1522,6889
1511567088601765,1511567088608636,10485760,1310720,8,1526,6871
1511567088686018,1511567088692919,10485760,1310720,8,1519,6901
1511567088770061,1511567088776957,10485760,1310720,8,1520,6896
1511567088854363,1511567088861200,10485760,1310720,8,1533,6837
1511567088938466,1511567088945337,10485760,1310720,8,1526,6871
1511567089022580,1511567089029449,10485760,1310720,8,1526,6869
1511567089106455,1511567089113351,10485760,1310720,8,1520,6896
1511567089190511,1511567089197411,10485760,1310720,8,1519,6900
1511567089274732,1511567089281605,10485760,1310720,8,1525,6873
1511567089358829,1511567089365633,10485760,1310720,8,1541,6804
1511567089442679,1511567089449406,10485760,1310720,8,1558,6727
1511567089526547,1511567089533453,10485760,1310720,8,1518,6906
1511567089610526,1511567089617434,10485760,1310720,8,1517,6908
1511567089694517,1511567089701418,10485760,1310720,8,1519,6901
1511567089778663,1511567089785543,10485760,1310720,8,1524,6880
1511567089862672,1511567089869529,10485760,1310720,8,1529,6857
1511567089946730,1511567089953587,10485760,1310720,8,1529,6857
1511567090030779,1511567090037583,10485760,1310720,8,1541,6804
1511567090114696,1511567090121561,10485760,1310720,8,1527,6865
1511567090198889,1511567090205779,10485760,1310720,8,1521,6890
1511567090282988,1511567090289764,10485760,1310720,8,1547,6776
1511567090367051,1511567090373941,10485760,1310720,8,1521,6890
1511567090451037,1511567090457795,10485760,1310720,8,1551,6758
1511567090534864,1511567090541736,10485760,1310720,8,1525,6872
1511567090618871,1511567090625774,10485760,1310720,8,1519,6903
1511567090703326,1511567090710134,10485760,1310720,8,1540,6808
1511567090787424,1511567090794305,10485760,1310720,8,1523,6881
1511567090871426,1511567090878302,10485760,1310720,8,1524,6876
1511567090955441,1511567090962326,10485760,1310720,8,1522,6885
1511567091039577,1511567091046473,10485760,1310720,8,1520,6896
1511567091123670,1511567091130529,10485760,1310720,8,1528,6859
1511567091208051,1511567091214962,10485760,1310720,8,1517,6911
1511567091292078,1511567091298964,10485760,1310720,8,1522,6886
1511567091376152,1511567091383051,10485760,1310720,8,1519,6899
1511567091460208,1511567091467123,10485760,1310720,8,1516,6915
1511567091544196,1511567091551104,10485760,1310720,8,1517,6908
1511567091628145,1511567091635027,10485760,1310720,8,1523,6882
1511567091712260,1511567091719155,10485760,1310720,8,1520,6895
1511567091796314,1511567091803170,10485760,1310720,8,1529,6856
1511567091880557,1511567091887436,10485760,1310720,8,1524,6879
1511567091964647,1511567091971554,10485760,1310720,8,1518,6907
1511567092048792,1511567092055638,10485760,1310720,8,1531,6846
1511567092132932,1511567092139792,10485760,1310720,8,1528,6860
1511567092217046,1511567092223861,10485760,1310720,8,1538,6815
1511567092301102,1511567092307898,10485760,1310720,8,1542,6796
1511567092385102,1511567092391971,10485760,1310720,8,1526,6869
1511567092469192,1511567092475960,10485760,1310720,8,1549,6768
1511567092553069,1511567092559942,10485760,1310720,8,1525,6873
1511567092637016,1511567092643859,10485760,1310720,8,1532,6843
1511567092721185,1511567092728073,10485760,1310720,8,1522,6888
1511567092805250,1511567092812137,10485760,1310720,8,1522,6887
1511567092889418,1511567092896277,10485760,1310720,8,1528,6859
1511567092973532,1511567092980280,10485760,1310720,8,1553,6748
1511567093057553,1511567093064382,10485760,1310720,8,1535,6829
1511567093141654,1511567093148513,10485760,1310720,8,1528,6859
1511567093225819,1511567093232736,10485760,1310720,8,1515,6917
1511567093309796,1511567093316624,10485760,1310720,8,1535,6828
1511567093393906,1511567093400797,10485760,1310720,8,1521,6891
1511567093478025,1511567093484931,10485760,1310720,8,1518,6906
1511567093562347,1511567093569258,10485760,1310720,8,1517,6911
1511567093646493,1511567093653384,10485760,1310720,8,1521,6891
1511567093730524,1511567093737412,10485760,1310720,8,1522,6888
1511567093814765,1511567093821653,10485760,1310720,8,1522,6888
1511567093899042,1511567093905921,10485760,1310720,8,1524,6879
1511567093983056,1511567093989823,10485760,1310720,8,1549,6767
1511567094067027,1511567094073850,10485760,1310720,8,1536,6823
1511567094151109,1511567094158000,10485760,1310720,8,1521,6891
1511567094235177,1511567094242075,10485760,1310720,8,1520,6898
1511567094319245,1511567094326124,10485760,1310720,8,1524,6879
1511567094403357,1511567094410222,10485760,1310720,8,1527,6865
1511567094487476,1511567094494350,10485760,1310720,8,1525,6874
1511567094571539,1511567094578421,10485760,1310720,8,1523,6882
1511567094655821,1511567094662683,10485760,1310720,8,1528,6862
1511567094739874,1511567094746778,10485760,1310720,8,1518,6904
1511567094824212,1511567094831057,10485760,1310720,8,1531,6845
1511567094908216,1511567094915082,10485760,1310720,8,1527,6866
1511567094992281,1511567094999169,10485760,1310720,8,1522,6888
1511567095076240,1511567095083116,10485760,1310720,8,1524,6876
1511567095160443,1511567095167322,10485760,1310720,8,1524,6879
1511567095244554,1511567095251435,10485760,1310720,8,1523,6881
1511567095328729,1511567095335538,10485760,1310720,8,1539,6809
1511567095412744,1511567095419662,10485760,1310720,8,1515,6918
1511567095497031,1511567095503850,10485760,1310720,8,1537,6819
1511567095581219,1511567095588000,10485760,1310720,8,1546,6781
1511567095665252,1511567095672104,10485760,1310720,8,1530,6852
1511567095749179,1511567095755971,10485760,1310720,8,1543,6792
1511567095833176,1511567095840047,10485760,1310720,8,1526,6871
1511567095917379,1511567095924210,10485760,1310720,8,1535,6831
1511567096001443,1511567096008276,10485760,1310720,8,1534,6833
1511567096085591,1511567096092442,10485760,1310720,8,1530,6851
1511567096169588,1511567096176434,10485760,1310720,8,1531,6846
1511567096253537,1511567096260394,10485760,1310720,8,1529,6857
1511567096337530,1511567096344290,10485760,1310720,8,1551,6760
1511567096421536,1511567096428381,10485760,1310720,8,1531,6845
1511567096505617,1511567096512335,10485760,1310720,8,1560,6718
1511567096589527,1511567096596200,10485760,1310720,8,1571,6673
1511567096673411,1511567096680234,10485760,1310720,8,1536,6823
1511567096757434,1511567096764292,10485760,1310720,8,1528,6858
1511567096841270,1511567096848104,10485760,1310720,8,1534,6834
1511567096925381,1511567096932180,10485760,1310720,8,1542,6799
1511567097009330,1511567097016151,10485760,1310720,8,1537,6821
1511567097093482,1511567097100274,10485760,1310720,8,1543,6792
1511567097177282,1511567097184153,10485760,1310720,8,1526,6871
1511567097261501,1511567097268261,10485760,1310720,8,1551,6760
1511567097345409,1511567097352151,10485760,1310720,8,1555,6742
1511567097429255,1511567097436039,10485760,1310720,8,1545,6784
1511567097513228,1511567097520087,10485760,1310720,8,1528,6859
1511567097597275,1511567097604115,10485760,1310720,8,1533,6840
1511567097681396,1511567097688279,10485760,1310720,8,1523,6883
1511567097765436,1511567097772305,10485760,1310720,8,1526,6869
1511567097849348,1511567097856211,10485760,1310720,8,1527,6863
1511567097933555,1511567097940445,10485760,1310720,8,1521,6890
1511567098017732,1511567098024618,10485760,1310720,8,1522,6886
1511567098101888,1511567098108726,10485760,1310720,8,1533,6838
1511567098186003,1511567098192767,10485760,1310720,8,1550,6764
1511567098270001,1511567098276848,10485760,1310720,8,1531,6847
1511567098354011,1511567098360853,10485760,1310720,8,1532,6842
1511567098437808,1511567098444669,10485760,1310720,8,1528,6861
1511567098522029,1511567098528865,10485760,1310720,8,1533,6836
1511567098606225,1511567098613025,10485760,1310720,8,1542,6800
1511567098690194,1511567098697025,10485760,1310720,8,1535,6831
1511567098774420,1511567098781234,10485760,1310720,8,1538,6814
1511567098858499,1511567098865255,10485760,1310720,8,1552,6756
1511567098942467,1511567098949323,10485760,1310720,8,1529,6856
1511567099026501,1511567099033334,10485760,1310720,8,1534,6833
1511567099110409,1511567099117312,10485760,1310720,8,1519,6903
1511567099194421,1511567099201182,10485760,1310720,8,1550,6761
1511567099278339,1511567099285201,10485760,1310720,8,1528,6862
1511567099362540,1511567099369314,10485760,1310720,8,1547,6774
1511567099446549,1511567099453412,10485760,1310720,8,1527,6863
1511567099530460,1511567099537357,10485760,1310720,8,1520,6897
1511567099614583,1511567099621405,10485760,1310720,8,1537,6822
1511567099698702,1511567099705585,10485760,1310720,8,1523,6883
1511567099782729,1511567099789602,10485760,1310720,8,1525,6873
1511567099866986,1511567099873862,10485760,1310720,8,1524,6876
1511567099951084,1511567099957931,10485760,1310720,8,1531,6847
1511567100035286,1511567100042174,10485760,1310720,8,1522,6888
1511567100119657,1511567100126503,10485760,1310720,8,1531,6846
1511567100203618,1511567100210464,10485760,1310720,8,1531,6846
1511567100287749,1511567100294580,10485760,1310720,8,1535,6831
1511567100371686,1511567100378546,10485760,1310720,8,1528,6860
1511567100455832,1511567100462669,10485760,1310720,8,1533,6837
1511567100539808,1511567100546540,10485760,1310720,8,1557,6732
1511567100623849,1511567100630614,10485760,1310720,8,1550,6765
1511567100707792,1511567100714620,10485760,1310720,8,1535,6828
1511567100791749,1511567100798606,10485760,1310720,8,1529,6857
1511567100875861,1511567100882705,10485760,1310720,8,1532,6844
1511567100959981,1511567100966837,10485760,1310720,8,1529,6856
1511567101044280,1511567101051089,10485760,1310720,8,1539,6809
1511567101128299,1511567101135138,10485760,1310720,8,1533,6839
1511567101212472,1511567101219323,10485760,1310720,8,1530,6851
1511567101296565,1511567101303461,10485760,1310720,8,1520,6896
1511567101380553,1511567101387394,10485760,1310720,8,1532,6841
1511567101464713,1511567101471552,10485760,1310720,8,1533,6839
1511567101548681,1511567101555534,10485760,1310720,8,1530,6853
1511567101632739,1511567101639545,10485760,1310720,8,1540,6806
1511567101716844,1511567101723698,10485760,1310720,8,1529,6854
1511567101801017,1511567101807883,10485760,1310720,8,1527,6866
1511567101885023,1511567101891907,10485760,1310720,8,1523,6884
1511567101969343,1511567101976212,10485760,1310720,8,1526,6869
1511567102053571,1511567102060421,10485760,1310720,8,1530,6850
1511567102137527,1511567102144412,10485760,1310720,8,1522,6885
1511567102221569,1511567102228444,10485760,1310720,8,1525,6875
1511567102305848,1511567102312606,10485760,1310720,8,1551,6758
1511567102389793,1511567102396685,10485760,1310720,8,1521,6892
1511567102473839,1511567102480663,10485760,1310720,8,1536,6824
1511567102557976,1511567102564819,10485760,1310720,8,1532,6843
1511567102642170,1511567102649021,10485760,1310720,8,1530,6851
1511567102726262,1511567102733074,10485760,1310720,8,1539,6812
1511567102810243,1511567102816918,10485760,1310720,8,1570,6675
1511567102894305,1511567102901051,10485760,1310720,8,1554,6746
1511567102978221,1511567102985081,10485760,1310720,8,1528,6860
1511567103062346,1511567103069105,10485760,1310720,8,1551,6759
1511567103146501,1511567103153360,10485760,1310720,8,1528,6859
1511567103230579,1511567103237416,10485760,1310720,8,1533,6837
1511567103314752,1511567103321613,10485760,1310720,8,1528,6861
1511567103398853,1511567103405699,10485760,1310720,8,1531,6846
1511567103482917,1511567103489817,10485760,1310720,8,1519,6900
1511567103566961,1511567103573815,10485760,1310720,8,1529,6854
1511567103651083,1511567103657908,10485760,1310720,8,1536,6825
1511567103735204,1511567103741996,10485760,1310720,8,1543,6792
1511567103819261,1511567103826137,10485760,1310720,8,1524,6876
1511567103903293,1511567103910178,10485760,1310720,8,1522,6885
1511567103987535,1511567103994413,10485760,1310720,8,1524,6878
1511567104071663,1511567104078507,10485760,1310720,8,1532,6844
1511567104155755,1511567104162601,10485760,1310720,8,1531,6846
1511567104239725,1511567104246576,10485760,1310720,8,1530,6851
1511567104324025,1511567104330894,10485760,1310720,8,1526,6869
1511567104408019,1511567104414845,10485760,1310720,8,1536,6826
1511567104491998,1511567104498875,10485760,1310720,8,1524,6877
1511567104575907,1511567104582789,10485760,1310720,8,1523,6882
1511567104659917,1511567104666730,10485760,1310720,8,1539,6813
1511567104744200,1511567104751047,10485760,1310720,8,1531,6847
1511567104828297,1511567104835132,10485760,1310720,8,1534,6835
1511567104912232,1511567104919024,10485760,1310720,8,1543,6792
1511567104996201,1511567105002789,10485760,1310720,8,1591,6588
1511567105080076,1511567105086917,10485760,1310720,8,1532,6841
1511567105164033,1511567105170876,10485760,1310720,8,1532,6843
1511567105248163,1511567105255009,10485760,1310720,8,1531,6846
1511567105332177,1511567105339030,10485760,1310720,8,1530,6853
1511567105416373,1511567105423174,10485760,1310720,8,1541,6801
1511567105500482,1511567105507352,10485760,1310720,8,1526,6870
1511567105584498,1511567105591355,10485760,1310720,8,1529,6857
1511567105668532,1511567105675332,10485760,1310720,8,1542,6800
1511567105752525,1511567105759366,10485760,1310720,8,1532,6841
1511567105836616,1511567105843440,10485760,1310720,8,1536,6824
1511567105920774,1511567105927620,10485760,1310720,8,1531,6846
1511567106004794,1511567106011674,10485760,1310720,8,1524,6880
1511567106088798,1511567106095702,10485760,1310720,8,1518,6904
1511567106172908,1511567106179791,10485760,1310720,8,1523,6883
1511567106256991,1511567106263772,10485760,1310720,8,1546,6781
1511567106340927,1511567106347806,10485760,1310720,8,1524,6879
1511567106424982,1511567106431746,10485760,1310720,8,1550,6764
1511567106508867,1511567106515725,10485760,1310720,8,1528,6858
1511567106592804,1511567106599570,10485760,1310720,8,1549,6766
1511567106676859,1511567106683689,10485760,1310720,8,1535,6830
1511567106761071,1511567106767949,10485760,1310720,8,1524,6878
1511567106845215,1511567106852064,10485760,1310720,8,1530,6849
1511567106929297,1511567106936155,10485760,1310720,8,1528,6858
1511567107013469,1511567107020302,10485760,1310720,8,1534,6833
1511567107097628,1511567107104269,10485760,1310720,8,1578,6641
1511567107181310,1511567107188197,10485760,1310720,8,1522,6887
1511567107265542,1511567107272374,10485760,1310720,8,1534,6832
1511567107349349,1511567107356165,10485760,1310720,8,1538,6816
1511567107433259,1511567107440000,10485760,1310720,8,1555,6741
1511567107517204,1511567107524060,10485760,1310720,8,1529,6856
1511567107601542,1511567107608420,10485760,1310720,8,1524,6878
1511567107685501,1511567107692279,10485760,1310720,8,1547,6778
1511567107769438,1511567107776280,10485760,1310720,8,1532,6842
1511567107853857,1511567107860747,10485760,1310720,8,1521,6890
1511567107937900,1511567107944574,10485760,1310720,8,1571,6674
1511567108021832,1511567108028711,10485760,1310720,8,1524,6879
1511567108105908,1511567108112742,10485760,1310720,8,1534,6834
1511567108190199,1511567108197025,10485760,1310720,8,1536,6826
1511567108274340,1511567108281238,10485760,1310720,8,1520,6898
1511567108358407,1511567108365174,10485760,1310720,8,1549,6767
1511567108442355,1511567108449124,10485760,1310720,8,1549,6769
1511567108526296,1511567108533141,10485760,1310720,8,1531,6845
1511567108611456,1511567108618380,10485760,1310720,8,1514,6924
1511567108695944,1511567108702795,10485760,1310720,8,1530,6851
1511567108780249,1511567108787008,10485760,1310720,8,1551,6759
1511567108864314,1511567108871156,10485760,1310720,8,1532,6842
1511567108948261,1511567108955141,10485760,1310720,8,1524,6880
1511567109032292,1511567109039122,10485760,1310720,8,1535,6830
1511567109116400,1511567109123251,10485760,1310720,8,1530,6851
1511567109200440,1511567109207214,10485760,1310720,8,1547,6774
1511567109284394,1511567109291216,10485760,1310720,8,1537,6822
1511567109368427,1511567109375310,10485760,1310720,8,1523,6883
1511567109452548,1511567109459386,10485760,1310720,8,1533,6838
1511567109536640,1511567109543493,10485760,1310720,8,1530,6853
1511567109620760,1511567109627616,10485760,1310720,8,1529,6856
1511567109704794,1511567109711653,10485760,1310720,8,1528,6859
1511567109788788,1511567109795586,10485760,1310720,8,1542,6798
1511567109872801,1511567109879673,10485760,1310720,8,1525,6872
1511567109956919,1511567109963774,10485760,1310720,8,1529,6855
1511567110041140,1511567110048030,10485760,1310720,8,1521,6890
1511567110125298,1511567110132155,10485760,1310720,8,1529,6857
1511567110209436,1511567110216187,10485760,1310720,8,1553,6751
1511567110293359,1511567110300227,10485760,1310720,8,1526,6868
1511567110377512,1511567110384409,10485760,1310720,8,1520,6897
1511567110461752,1511567110468583,10485760,1310720,8,1535,6831
1511567110545745,1511567110552591,10485760,1310720,8,1531,6846
1511567110629847,1511567110636712,10485760,1310720,8,1527,6865
1511567110713869,1511567110720708,10485760,1310720,8,1533,6839
1511567110797899,1511567110804753,10485760,1310720,8,1529,6854
1511567110882014,1511567110888850,10485760,1310720,8,1533,6836
1511567110966123,1511567110972951,10485760,1310720,8,1535,6828
1511567111049964,1511567111056760,10485760,1310720,8,1542,6796
1511567111133795,1511567111140660,10485760,1310720,8,1527,6865
1511567111217833,1511567111224474,10485760,1310720,8,1578,6641
1511567111301801,1511567111308663,10485760,1310720,8,1528,6862
1511567111385969,1511567111392712,10485760,1310720,8,1555,6743
1511567111469920,1511567111476763,10485760,1310720,8,1532,6843
1511567111554121,1511567111560978,10485760,1310720,8,1529,6857
1511567111638160,1511567111644962,10485760,1310720,8,1541,6802
1511567111722072,1511567111728906,10485760,1310720,8,1534,6834
1511567111805948,1511567111812765,10485760,1310720,8,1538,6817
1511567111890133,1511567111897032,10485760,1310720,8,1519,6899
1511567111974285,1511567111981145,10485760,1310720,8,1528,6860
1511567112058385,1511567112065168,10485760,1310720,8,1545,6783
1511567112142392,1511567112149265,10485760,1310720,8,1525,6873
1511567112226448,1511567112233365,10485760,1310720,8,1515,6917
1511567112310835,1511567112317682,10485760,1310720,8,1531,6847
1511567112394836,1511567112401725,10485760,1310720,8,1522,6889
1511567112479196,1511567112485963,10485760,1310720,8,1549,6767
1511567112563115,1511567112569950,10485760,1310720,8,1534,6835
1511567112647050,1511567112653918,10485760,1310720,8,1526,6868
1511567112731143,1511567112738015,10485760,1310720,8,1525,6872
1511567112815410,1511567112822276,10485760,1310720,8,1527,6866
1511567112899493,1511567112906360,10485760,1310720,8,1526,6867
1511567112983658,1511567112990421,10485760,1310720,8,1550,6763
1511567113067574,1511567113074298,10485760,1310720,8,1559,6724
1511567113151369,1511567113158216,10485760,1310720,8,1531,6847
1511567113235320,1511567113242179,10485760,1310720,8,1528,6859
1511567113319484,1511567113326279,10485760,1310720,8,1543,6795
1511567113403627,1511567113410460,10485760,1310720,8,1534,6833
1511567113487527,1511567113494361,10485760,1310720,8,1534,6834
1511567113571377,1511567113578220,10485760,1310720,8,1532,6843
1511567113655434,1511567113662246,10485760,1310720,8,1539,6812
1511567113739441,1511567113746329,10485760,1310720,8,1522,6888
1511567113823465,1511567113830347,10485760,1310720,8,1523,6882
1511567113907823,1511567113914591,10485760,1310720,8,1549,6768
1511567113991659,1511567113998499,10485760,1310720,8,1533,6840
1511567114075766,1511567114082654,10485760,1310720,8,1522,6888
1511567114159914,1511567114166765,10485760,1310720,8,1530,6851
1511567114243891,1511567114250699,10485760,1310720,8,1540,6808
1511567114327783,1511567114334654,10485760,1310720,8,1526,6871
1511567114411806,1511567114418702,10485760,1310720,8,1520,6896
1511567114495952,1511567114502818,10485760,1310720,8,1527,6866
1511567114579919,1511567114586598,10485760,1310720,8,1569,6679
1511567114663757,1511567114670582,10485760,1310720,8,1536,6825
1511567114747731,1511567114754601,10485760,1310720,8,1526,6870
1511567114831872,1511567114838726,10485760,1310720,8,1529,6854
1511567114915940,1511567114922789,10485760,1310720,8,1530,6849
1511567115000074,1511567115006818,10485760,1310720,8,1554,6744
1511567115083974,1511567115090815,10485760,1310720,8,1532,6841
1511567115168009,1511567115174849,10485760,1310720,8,1533,6840
1511567115252068,1511567115258926,10485760,1310720,8,1528,6858
1511567115336401,1511567115343255,10485760,1310720,8,1529,6854
1511567115420339,1511567115426987,10485760,1310720,8,1577,6648
1511567115504316,1511567115511203,10485760,1310720,8,1522,6887
1511567115588437,1511567115595274,10485760,1310720,8,1533,6837
1511567115672363,1511567115679246,10485760,1310720,8,1523,6883
1511567115756653,1511567115763503,10485760,1310720,8,1530,6850
1511567115840808,1511567115847659,10485760,1310720,8,1530,6851
1511567115924969,1511567115931757,10485760,1310720,8,1544,6788
1511567116008954,1511567116015778,10485760,1310720,8,1536,6824
1511567116093060,1511567116099890,10485760,1310720,8,1535,6830
1511567116177190,1511567116183949,10485760,1310720,8,1551,6759
1511567116261153,1511567116268059,10485760,1310720,8,1518,6906
1511567116345097,1511567116351960,10485760,1310720,8,1527,6863
1511567116429057,1511567116435951,10485760,1310720,8,1520,6894
1511567116513296,1511567116520063,10485760,1310720,8,1549,6767
1511567116597414,1511567116604316,10485760,1310720,8,1519,6902
1511567116681470,1511567116688290,10485760,1310720,8,1537,6820
1511567116765410,1511567116772282,10485760,1310720,8,1525,6872
1511567116849461,1511567116856301,10485760,1310720,8,1533,6840
1511567116933501,1511567116940379,10485760,1310720,8,1524,6878
1511567117017546,1511567117024441,10485760,1310720,8,1520,6895
1511567117101769,1511567117108526,10485760,1310720,8,1551,6757
1511567117185853,1511567117192690,10485760,1310720,8,1533,6837
1511567117270003,1511567117276829,10485760,1310720,8,1536,6826
1511567117354082,1511567117360836,10485760,1310720,8,1552,6754
1511567117437998,1511567117444815,10485760,1310720,8,1538,6817
1511567117522074,1511567117528868,10485760,1310720,8,1543,6794
1511567117606336,1511567117613160,10485760,1310720,8,1536,6824
1511567117690374,1511567117697224,10485760,1310720,8,1530,6850
1511567117774477,1511567117781338,10485760,1310720,8,1528,6861
1511567117858602,1511567117865464,10485760,1310720,8,1528,6862
1511567117942677,1511567117949361,10485760,1310720,8,1568,6684
1511567118026964,1511567118033844,10485760,1310720,8,1524,6880
1511567118111039,1511567118117918,10485760,1310720,8,1524,6879
1511567118194985,1511567118201731,10485760,1310720,8,1554,6746
1511567118278789,1511567118285646,10485760,1310720,8,1529,6857
1511567118362916,1511567118369817,10485760,1310720,8,1519,6901
1511567118446925,1511567118453806,10485760,1310720,8,1523,6881
1511567118530943,1511567118537811,10485760,1310720,8,1526,6868
1511567118615086,1511567118621947,10485760,1310720,8,1528,6861
1511567118699264,1511567118706117,10485760,1310720,8,1530,6853
1511567118783325,1511567118790231,10485760,1310720,8,1518,6906
1511567118867495,1511567118874314,10485760,1310720,8,1537,6819
1511567118951539,1511567118958403,10485760,1310720,8,1527,6864
1511567119035655,1511567119042495,10485760,1310720,8,1533,6840
1511567119119801,1511567119126649,10485760,1310720,8,1531,6848
1511567119204142,1511567119210989,10485760,1310720,8,1531,6847
1511567119288397,1511567119295269,10485760,1310720,8,1525,6872
1511567119372591,1511567119379423,10485760,1310720,8,1534,6832
1511567119456870,1511567119463677,10485760,1310720,8,1540,6807
1511567119541123,1511567119547954,10485760,1310720,8,1535,6831
1511567119625058,1511567119631901,10485760,1310720,8,1532,6843
1511567119709167,1511567119715872,10485760,1310720,8,1563,6705
1511567119792991,1511567119799829,10485760,1310720,8,1533,6838
1511567119877037,1511567119883903,10485760,1310720,8,1527,6866
1511567119961213,1511567119968043,10485760,1310720,8,1535,6830
1511567120045308,1511567120052177,10485760,1310720,8,1526,6869
1511567120129539,1511567120136379,10485760,1310720,8,1533,6840
1511567120213460,1511567120220336,10485760,1310720,8,1524,6876
1511567120297438,1511567120304319,10485760,1310720,8,1523,6881
1511567120381494,1511567120388382,10485760,1310720,8,1522,6888
1511567120465723,1511567120472565,10485760,1310720,8,1532,6842
1511567120549719,1511567120556578,10485760,1310720,8,1528,6859
1511567120633859,1511567120640631,10485760,1310720,8,1548,6772
1511567120717841,1511567120724673,10485760,1310720,8,1534,6832
1511567120801805,1511567120808647,10485760,1310720,8,1532,6842
1511567120886049,1511567120892904,10485760,1310720,8,1529,6855
1511567120970348,1511567120977245,10485760,1310720,8,1520,6897
1511567121054548,1511567121061391,10485760,1310720,8,1532,6843
1511567121138854,1511567121145687,10485760,1310720,8,1534,6833
1511567121222872,1511567121229749,10485760,1310720,8,1524,6877
1511567121307053,1511567121313865,10485760,1310720,8,1539,6812
1511567121391000,1511567121397766,10485760,1310720,8,1549,6766
1511567121475105,1511567121481889,10485760,1310720,8,1545,6784
1511567121559144,1511567121565971,10485760,1310720,8,1535,6827
1511567121643283,1511567121650125,10485760,1310720,8,1532,6842
1511567121727395,1511567121734234,10485760,1310720,8,1533,6839
1511567121811408,1511567121818207,10485760,1310720,8,1542,6799
1511567121895187,1511567121902060,10485760,1310720,8,1525,6873
1511567121979159,1511567121986020,10485760,1310720,8,1528,6861
1511567122063176,1511567122070069,10485760,1310720,8,1521,6893
1511567122147465,1511567122154230,10485760,1310720,8,1550,6765
1511567122231727,1511567122238516,10485760,1310720,8,1544,6789
1511567122315773,1511567122322601,10485760,1310720,8,1535,6828
1511567122399842,1511567122406717,10485760,1310720,8,1525,6875
1511567122484116,1511567122490942,10485760,1310720,8,1536,6826
1511567122568207,1511567122575063,10485760,1310720,8,1529,6856
1511567122652298,1511567122659198,10485760,1310720,8,1519,6900
1511567122736494,1511567122743332,10485760,1310720,8,1533,6838
1511567122820648,1511567122827498,10485760,1310720,8,1530,6850
1511567122904743,1511567122911534,10485760,1310720,8,1544,6791
1511567122988860,1511567122995724,10485760,1310720,8,1527,6864
1511567123072789,1511567123079628,10485760,1310720,8,1533,6839
1511567123156835,1511567123163631,10485760,1310720,8,1542,6796
1511567123240844,1511567123247692,10485760,1310720,8,1531,6848
1511567123324847,1511567123331616,10485760,1310720,8,1549,6769
1511567123408675,1511567123415500,10485760,1310720,8,1536,6825
1511567123492830,1511567123499655,10485760,1310720,8,1536,6825
1511567123576972,1511567123583817,10485760,1310720,8,1531,6845
1511567123660879,1511567123667726,10485760,1310720,8,1531,6847
1511567123745000,1511567123751846,10485760,1310720,8,1531,6846
1511567123828928,1511567123835761,10485760,1310720,8,1534,6833
1511567123913096,1511567123919937,10485760,1310720,8,1532,6841
1511567123997010,1511567124003848,10485760,1310720,8,1533,6838
1511567124080944,1511567124087802,10485760,1310720,8,1528,6858
1511567124165369,1511567124172100,10485760,1310720,8,1557,6731
1511567124249376,1511567124256230,10485760,1310720,8,1529,6854
1511567124333304,1511567124340160,10485760,1310720,8,1529,6856
1511567124417379,1511567124424254,10485760,1310720,8,1525,6875
1511567124501400,1511567124508253,10485760,1310720,8,1530,6853
1511567124585657,1511567124592518,10485760,1310720,8,1528,6861
1511567124669677,1511567124676471,10485760,1310720,8,1543,6794
1511567124753504,1511567124760379,10485760,1310720,8,1525,6875
1511567124837516,1511567124844354,10485760,1310720,8,1533,6838
1511567124921640,1511567124928401,10485760,1310720,8,1550,6761
1511567125005609,1511567125012385,10485760,1310720,8,1547,6776
1511567125089537,1511567125096291,10485760,1310720,8,1552,6754
1511567125173435,1511567125180310,10485760,1310720,8,1525,6875
1511567125257482,1511567125264213,10485760,1310720,8,1557,6731
1511567125341523,1511567125348389,10485760,1310720,8,1527,6866
1511567125425697,1511567125432329,10485760,1310720,8,1581,6632
1511567125509609,1511567125516464,10485760,1310720,8,1529,6855
1511567125593777,1511567125600318,10485760,1310720,8,1603,6541
1511567125677421,1511567125684256,10485760,1310720,8,1534,6835
1511567125761453,1511567125768285,10485760,1310720,8,1534,6832
1511567125845567,1511567125852412,10485760,1310720,8,1531,6845
1511567125929591,1511567125936314,10485760,1310720,8,1559,6723
1511567126013538,1511567126020388,10485760,1310720,8,1530,6850
1511567126097667,1511567126104422,10485760,1310720,8,1552,6755
1511567126181465,1511567126188323,10485760,1310720,8,1528,6858
1511567126265428,1511567126272263,10485760,1310720,8,1534,6835
1511567126349324,1511567126356204,10485760,1310720,8,1524,6880
1511567126433401,1511567126440303,10485760,1310720,8,1519,6902
1511567126517562,1511567126524246,10485760,1310720,8,1568,6684
1511567126601462,1511567126608335,10485760,1310720,8,1525,6873
1511567126685474,1511567126692216,10485760,1310720,8,1555,6742
1511567126769322,1511567126776200,10485760,1310720,8,1524,6878
1511567126853477,1511567126860264,10485760,1310720,8,1544,6787
1511567126937329,1511567126944206,10485760,1310720,8,1524,6877
1511567127021536,1511567127028315,10485760,1310720,8,1546,6779
1511567127105425,1511567127112291,10485760,1310720,8,1527,6866
1511567127189499,1511567127196384,10485760,1310720,8,1522,6885
1511567127273632,1511567127280477,10485760,1310720,8,1531,6845
1511567127357536,1511567127364419,10485760,1310720,8,1523,6883
1511567127441784,1511567127448636,10485760,1310720,8,1530,6852
1511567127525866,1511567127532761,10485760,1310720,8,1520,6895
1511567127610114,1511567127616925,10485760,1310720,8,1539,6811
1511567127694161,1511567127700987,10485760,1310720,8,1536,6826
1511567127778197,1511567127785049,10485760,1310720,8,1530,6852
1511567127862173,1511567127869014,10485760,1310720,8,1532,6841
1511567127946260,1511567127953111,10485760,1310720,8,1530,6851
1511567128030441,1511567128037196,10485760,1310720,8,1552,6755
1511567128114640,1511567128121462,10485760,1310720,8,1537,6822
1511567128198578,1511567128205412,10485760,1310720,8,1534,6834
1511567128282594,1511567128289435,10485760,1310720,8,1532,6841
1511567128366544,1511567128373394,10485760,1310720,8,1530,6850
1511567128450447,1511567128457282,10485760,1310720,8,1534,6835
1511567128534674,1511567128541467,10485760,1310720,8,1543,6793
1511567128618684,1511567128625579,10485760,1310720,8,1520,6895
1511567128703005,1511567128709743,10485760,1310720,8,1556,6738
1511567128786915,1511567128793760,10485760,1310720,8,1531,6845
1511567128871020,1511567128877881,10485760,1310720,8,1528,6861
1511567128954864,1511567128961733,10485760,1310720,8,1526,6869
1511567129053296,1511567129061390,10485760,1310720,8,1295,8094
1511567129139175,1511567129145959,10485760,1310720,8,1545,6784
1511567129223186,1511567129230039,10485760,1310720,8,1530,6853
1511567129307060,1511567129313832,10485760,1310720,8,1548,6772
1511567129391176,1511567129398015,10485760,1310720,8,1533,6839
1511567129475134,1511567129481939,10485760,1310720,8,1540,6805
1511567129559309,1511567129566133,10485760,1310720,8,1536,6824
1511567129643314,1511567129650037,10485760,1310720,8,1559,6723
1511567129727266,1511567129734100,10485760,1310720,8,1534,6834
1511567129811300,1511567129818044,10485760,1310720,8,1554,6744
1511567129895263,1511567129902086,10485760,1310720,8,1536,6823
1511567129979237,1511567129986039,10485760,1310720,8,1541,6802
1511567130063190,1511567130070061,10485760,1310720,8,1526,6871
1511567130147171,1511567130153985,10485760,1310720,8,1538,6814
1511567130231260,1511567130238067,10485760,1310720,8,1540,6807
1511567130315071,1511567130321878,10485760,1310720,8,1540,6807
1511567130399019,1511567130405847,10485760,1310720,8,1535,6828
1511567130483003,1511567130489820,10485760,1310720,8,1538,6817
1511567130566944,1511567130573788,10485760,1310720,8,1532,6844
1511567130651048,1511567130657849,10485760,1310720,8,1541,6801
1511567130735258,1511567130742077,10485760,1310720,8,1537,6819
1511567130819223,1511567130826044,10485760,1310720,8,1537,6821
1511567130903031,1511567130909710,10485760,1310720,8,1569,6679
1511567130986841,1511567130993695,10485760,1310720,8,1529,6854
1511567131070882,1511567131077726,10485760,1310720,8,1532,6844
1511567131154757,1511567131161609,10485760,1310720,8,1530,6852
1511567131239141,1511567131245962,10485760,1310720,8,1537,6821
1511567131323189,1511567131330037,10485760,1310720,8,1531,6848
1511567131407355,1511567131414241,10485760,1310720,8,1522,6886
1511567131491534,1511567131498421,10485760,1310720,8,1522,6887
1511567131575450,1511567131582311,10485760,1310720,8,1528,6861
1511567131659400,1511567131666256,10485760,1310720,8,1529,6856
1511567131743436,1511567131750257,10485760,1310720,8,1537,6821
1511567131827469,1511567131834256,10485760,1310720,8,1544,6787
1511567131911549,1511567131918413,10485760,1310720,8,1527,6864
1511567131995703,1511567132002541,10485760,1310720,8,1533,6838
1511567132079815,1511567132086537,10485760,1310720,8,1559,6722
1511567132163714,1511567132170551,10485760,1310720,8,1533,6837
1511567132247749,1511567132254555,10485760,1310720,8,1540,6806
1511567132331647,1511567132338356,10485760,1310720,8,1562,6709
1511567132415552,1511567132422366,10485760,1310720,8,1538,6814
1511567132499611,1511567132506267,10485760,1310720,8,1575,6656
1511567132583731,1511567132590508,10485760,1310720,8,1547,6777
1511567132667574,1511567132674368,10485760,1310720,8,1543,6794
1511567132751407,1511567132758211,10485760,1310720,8,1541,6804
1511567132835389,1511567132842215,10485760,1310720,8,1536,6826
1511567132919230,1511567132926064,10485760,1310720,8,1534,6834
1511567133003399,1511567133010237,10485760,1310720,8,1533,6838
1511567133087487,1511567133094301,10485760,1310720,8,1538,6814
1511567133171492,1511567133178219,10485760,1310720,8,1558,6727
1511567133255555,1511567133262383,10485760,1310720,8,1535,6828
1511567133339482,1511567133346295,10485760,1310720,8,1539,6813
1511567133423549,1511567133430395,10485760,1310720,8,1531,6846
1511567133507387,1511567133514220,10485760,1310720,8,1534,6833
1511567133591458,1511567133598259,10485760,1310720,8,1541,6801
1511567133675462,1511567133682319,10485760,1310720,8,1529,6857
1511567133759534,1511567133766243,10485760,1310720,8,1562,6709
1511567133843540,1511567133850310,10485760,1310720,8,1548,6770
1511567133927450,1511567133934291,10485760,1310720,8,1532,6841
1511567134011403,1511567134018162,10485760,1310720,8,1551,6759
1511567134095490,1511567134102234,10485760,1310720,8,1554,6744
1511567134179368,1511567134186117,10485760,1310720,8,1553,6749
1511567134263269,1511567134270101,10485760,1310720,8,1534,6832
1511567134347351,1511567134354185,10485760,1310720,8,1534,6834
1511567134431528,1511567134438401,10485760,1310720,8,1525,6873
1511567134515613,1511567134522452,10485760,1310720,8,1533,6839
1511567134599607,1511567134606401,10485760,1310720,8,1543,6794
1511567134683599,1511567134690400,10485760,1310720,8,1541,6801
1511567134767456,1511567134774167,10485760,1310720,8,1562,6711
1511567134851407,1511567134858200,10485760,1310720,8,1543,6793
1511567134935304,1511567134942016,10485760,1310720,8,1562,6712
1511567135019253,1511567135026048,10485760,1310720,8,1543,6795
1511567135103122,1511567135109954,10485760,1310720,8,1534,6832
1511567135187130,1511567135193931,10485760,1310720,8,1541,6801
1511567135271157,1511567135277974,10485760,1310720,8,1538,6817
1511567135355326,1511567135362167,10485760,1310720,8,1532,6841
1511567135439401,1511567135446233,10485760,1310720,8,1534,6832
1511567135523338,1511567135530199,10485760,1310720,8,1528,6861
1511567135607299,1511567135614056,10485760,1310720,8,1551,6757
1511567135691187,1511567135698027,10485760,1310720,8,1533,6840
1511567135775289,1511567135782109,10485760,1310720,8,1537,6820
1511567135859310,1511567135866125,10485760,1310720,8,1538,6815
1511567135943274,1511567135950138,10485760,1310720,8,1527,6864
1511567136027289,1511567136034157,10485760,1310720,8,1526,6868
1511567136111348,1511567136118210,10485760,1310720,8,1528,6862
1511567136195253,1511567136202022,10485760,1310720,8,1549,6769
1511567136279375,1511567136286202,10485760,1310720,8,1535,6827
1511567136363718,1511567136370545,10485760,1310720,8,1535,6827
1511567136447672,1511567136454511,10485760,1310720,8,1533,6839
1511567136531714,1511567136538542,10485760,1310720,8,1535,6828
1511567136615851,1511567136622592,10485760,1310720,8,1555,6741
1511567136699923,1511567136706711,10485760,1310720,8,1544,6788
1511567136784000,1511567136790816,10485760,1310720,8,1538,6816
1511567136867927,1511567136874749,10485760,1310720,8,1537,6822
1511567136951845,1511567136958711,10485760,1310720,8,1527,6866
1511567137035855,1511567137042580,10485760,1310720,8,1559,6725
1511567137119663,1511567137126470,10485760,1310720,8,1540,6807
1511567137203630,1511567137210447,10485760,1310720,8,1538,6817
1511567137287735,1511567137294549,10485760,1310720,8,1538,6814
1511567137371727,1511567137378539,10485760,1310720,8,1539,6812
1511567137455550,1511567137462320,10485760,1310720,8,1548,6770
1511567137539770,1511567137546586,10485760,1310720,8,1538,6816
1511567137623725,1511567137630541,10485760,1310720,8,1538,6816
1511567137707649,1511567137714453,10485760,1310720,8,1541,6804
1511567137791762,1511567137798571,10485760,1310720,8,1539,6809
1511567137875747,1511567137882490,10485760,1310720,8,1555,6743
1511567137959681,1511567137966494,10485760,1310720,8,1539,6813
1511567138043767,1511567138050518,10485760,1310720,8,1553,6751
1511567138127706,1511567138134566,10485760,1310720,8,1528,6860
1511567138211839,1511567138218686,10485760,1310720,8,1531,6847
1511567138295705,1511567138302520,10485760,1310720,8,1538,6815
1511567138379515,1511567138386355,10485760,1310720,8,1533,6840
1511567138463351,1511567138470210,10485760,1310720,8,1528,6859
1511567138547589,1511567138554416,10485760,1310720,8,1535,6827
1511567138631770,1511567138638526,10485760,1310720,8,1552,6756
1511567138715820,1511567138722634,10485760,1310720,8,1538,6814
1511567138800055,1511567138806879,10485760,1310720,8,1536,6824
1511567138884055,1511567138890898,10485760,1310720,8,1532,6843
1511567138968201,1511567138975028,10485760,1310720,8,1535,6827
1511567139052102,1511567139058936,10485760,1310720,8,1534,6834
1511567139136323,1511567139142952,10485760,1310720,8,1581,6629
1511567139220033,1511567139226837,10485760,1310720,8,1541,6804
1511567139304082,1511567139310817,10485760,1310720,8,1556,6735
1511567139387975,1511567139394712,10485760,1310720,8,1556,6737
1511567139471886,1511567139478736,10485760,1310720,8,1530,6850
1511567139555947,1511567139562668,10485760,1310720,8,1560,6721
1511567139639812,1511567139646627,10485760,1310720,8,1538,6815
1511567139723858,1511567139730686,10485760,1310720,8,1535,6828
1511567139807618,1511567139814444,10485760,1310720,8,1536,6826
1511567139891838,1511567139898549,10485760,1310720,8,1562,6711
1511567139975496,1511567139982343,10485760,1310720,8,1531,6847
1511567140059854,1511567140066682,10485760,1310720,8,1535,6828
1511567140143736,1511567140150561,10485760,1310720,8,1536,6825
1511567140227883,1511567140234718,10485760,1310720,8,1534,6835
1511567140311930,1511567140318687,10485760,1310720,8,1551,6757
1511567140395895,1511567140402735,10485760,1310720,8,1533,6840
1511567140479800,1511567140486569,10485760,1310720,8,1549,6769
1511567140563822,1511567140570674,10485760,1310720,8,1530,6852
1511567140647926,1511567140654804,10485760,1310720,8,1524,6878
1511567140732074,1511567140738899,10485760,1310720,8,1536,6825
1511567140816079,1511567140822906,10485760,1310720,8,1535,6827
1511567140900117,1511567140906855,10485760,1310720,8,1556,6738
1511567140984022,1511567140990854,10485760,1310720,8,1534,6832
1511567141068067,1511567141074848,10485760,1310720,8,1546,6781
1511567141151792,1511567141158624,10485760,1310720,8,1534,6832
1511567141235722,1511567141242572,10485760,1310720,8,1530,6850
1511567141319787,1511567141326597,10485760,1310720,8,1539,6810
1511567141403799,1511567141410632,10485760,1310720,8,1534,6833
1511567141487995,1511567141494812,10485760,1310720,8,1538,6817
1511567141572142,1511567141578979,10485760,1310720,8,1533,6837
1511567141656093,1511567141662907,10485760,1310720,8,1538,6814
1511567141740147,1511567141746925,10485760,1310720,8,1547,6778
1511567141824208,1511567141831018,10485760,1310720,8,1539,6810
1511567141908219,1511567141914963,10485760,1310720,8,1554,6744
1511567141992168,1511567141999000,10485760,1310720,8,1534,6832
1511567142076218,1511567142083055,10485760,1310720,8,1533,6837
1511567142160367,1511567142167185,10485760,1310720,8,1537,6818
1511567142244454,1511567142251200,10485760,1310720,8,1554,6746
1511567142328537,1511567142335359,10485760,1310720,8,1537,6822
1511567142412530,1511567142419245,10485760,1310720,8,1561,6715
1511567142496472,1511567142503318,10485760,1310720,8,1531,6846
1511567142580439,1511567142587287,10485760,1310720,8,1531,6848
1511567142664472,1511567142671290,10485760,1310720,8,1537,6818
1511567142748426,1511567142755289,10485760,1310720,8,1527,6863
1511567142832738,1511567142839576,10485760,1310720,8,1533,6838
1511567142916837,1511567142923657,10485760,1310720,8,1537,6820
1511567143000824,1511567143007584,10485760,1310720,8,1551,6760
1511567143084716,1511567143091371,10485760,1310720,8,1575,6655
1511567143168532,1511567143175375,10485760,1310720,8,1532,6843
1511567143252602,1511567143259261,10485760,1310720,8,1574,6659
1511567143336372,1511567143343206,10485760,1310720,8,1534,6834
1511567143420522,1511567143427331,10485760,1310720,8,1539,6809
1511567143504536,1511567143511380,10485760,1310720,8,1532,6844
1511567143588765,1511567143595624,10485760,1310720,8,1528,6859
1511567143672666,1511567143679516,10485760,1310720,8,1530,6850
1511567143756663,1511567143763491,10485760,1310720,8,1535,6828
1511567143840906,1511567143847662,10485760,1310720,8,1552,6756
1511567143924859,1511567143931675,10485760,1310720,8,1538,6816
1511567144009043,1511567144015772,10485760,1310720,8,1558,6729
1511567144092935,1511567144099755,10485760,1310720,8,1537,6820
1511567144176791,1511567144183621,10485760,1310720,8,1535,6830
1511567144260751,1511567144267459,10485760,1310720,8,1563,6708
1511567144344627,1511567144351371,10485760,1310720,8,1554,6744
1511567144428420,1511567144435161,10485760,1310720,8,1555,6741
1511567144512208,1511567144519035,10485760,1310720,8,1535,6827
1511567144596083,1511567144602921,10485760,1310720,8,1533,6838
1511567144680031,1511567144686904,10485760,1310720,8,1525,6873
1511567144764140,1511567144770982,10485760,1310720,8,1532,6842
1511567144848157,1511567144854988,10485760,1310720,8,1535,6831
1511567144932059,1511567144938896,10485760,1310720,8,1533,6837
1511567145015931,1511567145022690,10485760,1310720,8,1551,6759
1511567145100017,1511567145106754,10485760,1310720,8,1556,6737
1511567145184125,1511567145190948,10485760,1310720,8,1536,6823
1511567145268017,1511567145274880,10485760,1310720,8,1527,6863
1511567145352007,1511567145358855,10485760,1310720,8,1531,6848
1511567145435889,1511567145442717,10485760,1310720,8,1535,6828
1511567145520054,1511567145526906,10485760,1310720,8,1530,6852
1511567145604047,1511567145610872,10485760,1310720,8,1536,6825
1511567145688234,1511567145694981,10485760,1310720,8,1554,6747
1511567145772014,1511567145778856,10485760,1310720,8,1532,6842
1511567145855893,1511567145862599,10485760,1310720,8,1563,6706
1511567145939805,1511567145946638,10485760,1310720,8,1534,6833
1511567146023854,1511567146030678,10485760,1310720,8,1536,6824
1511567146107760,1511567146114571,10485760,1310720,8,1539,6811
1511567146191727,1511567146198570,10485760,1310720,8,1532,6843
1511567146275831,1511567146282665,10485760,1310720,8,1534,6834
1511567146359829,1511567146366440,10485760,1310720,8,1586,6611
1511567146443577,1511567146450323,10485760,1310720,8,1554,6746
1511567146527772,1511567146534609,10485760,1310720,8,1533,6837
1511567146611842,1511567146618597,10485760,1310720,8,1552,6755
1511567146695996,1511567146702807,10485760,1310720,8,1539,6811
1511567146780033,1511567146786842,10485760,1310720,8,1539,6809
1511567146864073,1511567146870884,10485760,1310720,8,1539,6811
1511567146947955,1511567146954712,10485760,1310720,8,1551,6757
1511567147031781,1511567147038648,10485760,1310720,8,1526,6867
1511567147115628,1511567147122394,10485760,1310720,8,1549,6766
1511567147199588,1511567147206421,10485760,1310720,8,1534,6833
1511567147283858,1511567147290599,10485760,1310720,8,1555,6741
1511567147367673,1511567147374424,10485760,1310720,8,1553,6751
1511567147451596,1511567147458461,10485760,1310720,8,1527,6865
1511567147535484,1511567147542333,10485760,1310720,8,1530,6849
1511567147619716,1511567147626591,10485760,1310720,8,1525,6875
1511567147703821,1511567147710473,10485760,1310720,8,1576,6652
1511567147787611,1511567147794435,10485760,1310720,8,1536,6824
1511567147871867,1511567147878616,10485760,1310720,8,1553,6749
1511567147955743,1511567147962572,10485760,1310720,8,1535,6829
1511567148039876,1511567148046724,10485760,1310720,8,1531,6848
1511567148123934,1511567148130749,10485760,1310720,8,1538,6815
1511567148207958,1511567148214808,10485760,1310720,8,1530,6850
1511567148292084,1511567148298911,10485760,1310720,8,1535,6827
1511567148376057,1511567148382837,10485760,1310720,8,1546,6780
1511567148459902,1511567148466724,10485760,1310720,8,1537,6822
1511567148543871,1511567148550713,10485760,1310720,8,1532,6842
1511567148627956,1511567148634763,10485760,1310720,8,1540,6807
1511567148711950,1511567148718761,10485760,1310720,8,1539,6811
1511567148795935,1511567148802647,10485760,1310720,8,1562,6712
1511567148879957,1511567148886745,10485760,1310720,8,1544,6788
1511567148963899,1511567148970720,10485760,1310720,8,1537,6821
1511567149047812,1511567149054543,10485760,1310720,8,1557,6731
1511567149131659,1511567149138467,10485760,1310720,8,1540,6808
