1511561379687001,1511561379746535,67108864,8388608,8,1127,59534
1511561380241109,1511561380302575,67108864,8388608,8,1091,61466
1511561380798028,1511561380858495,67108864,8388608,8,1109,60467
1511561381353488,1511561381414465,67108864,8388608,8,1100,60977
1511561381908385,1511561381969536,67108864,8388608,8,1097,61151
1511561382464043,1511561382524707,67108864,8388608,8,1106,60664
1511561383019557,1511561383080467,67108864,8388608,8,1101,60910
1511561383574815,1511561383635861,67108864,8388608,8,1099,61046
1511561384130244,1511561384191017,67108864,8388608,8,1104,60773
1511561384684088,1511561384744288,67108864,8388608,8,1114,60200
1511561385237409,1511561385298164,67108864,8388608,8,1104,60755
1511561385796667,1511561385857486,67108864,8388608,8,1103,60819
1511561386352482,1511561386413409,67108864,8388608,8,1101,60927
1511561386906857,1511561386967591,67108864,8388608,8,1104,60734
1511561387461537,1511561387522189,67108864,8388608,8,1106,60652
1511561388016847,1511561388077535,67108864,8388608,8,1105,60688
1511561388571337,1511561388631874,67108864,8388608,8,1108,60537
1511561389126509,1511561389187098,67108864,8388608,8,1107,60589
1511561389681836,1511561389742783,67108864,8388608,8,1101,60947
1511561390236591,1511561390297108,67108864,8388608,8,1108,60517
1511561390791980,1511561390853289,67108864,8388608,8,1094,61309
1511561391347816,1511561391409048,67108864,8388608,8,1095,61232
1511561391904092,1511561391964760,67108864,8388608,8,1106,60668
1511561392459005,1511561392519833,67108864,8388608,8,1103,60828
1511561393014459,1511561393075069,67108864,8388608,8,1107,60610
1511561393569977,1511561393630723,67108864,8388608,8,1104,60746
1511561394125151,1511561394185570,67108864,8388608,8,1110,60419
1511561394680596,1511561394740440,67108864,8388608,8,1121,59844
1511561395235023,1511561395295855,67108864,8388608,8,1103,60832
1511561395790995,1511561395852475,67108864,8388608,8,1091,61480
1511561396346405,1511561396407028,67108864,8388608,8,1106,60623
1511561396902075,1511561396962840,67108864,8388608,8,1104,60765
1511561397457482,1511561397517385,67108864,8388608,8,1120,59903
1511561398011464,1511561398072025,67108864,8388608,8,1108,60561
1511561398566528,1511561398626422,67108864,8388608,8,1120,59894
1511561399121511,1511561399182180,67108864,8388608,8,1106,60669
1511561399677046,1511561399737815,67108864,8388608,8,1104,60769
1511561400232763,1511561400292447,67108864,8388608,8,1124,59684
1511561400787083,1511561400848062,67108864,8388608,8,1100,60979
1511561401342561,1511561401403342,67108864,8388608,8,1104,60781
1511561401898155,1511561401958854,67108864,8388608,8,1105,60699
1511561402453394,1511561402513163,67108864,8388608,8,1122,59769
1511561403007399,1511561403067206,67108864,8388608,8,1122,59807
1511561403561667,1511561403622475,67108864,8388608,8,1103,60808
1511561404117280,1511561404177740,67108864,8388608,8,1109,60460
1511561404672657,1511561404733292,67108864,8388608,8,1106,60635
1511561405228425,1511561405289043,67108864,8388608,8,1107,60618
1511561405783779,1511561405844462,67108864,8388608,8,1105,60683
1511561406339332,1511561406400023,67108864,8388608,8,1105,60691
1511561406894476,1511561406955247,67108864,8388608,8,1104,60771
1511561407449771,1511561407509511,67108864,8388608,8,1123,59740
1511561408004754,1511561408065357,67108864,8388608,8,1107,60603
1511561408560310,1511561408620990,67108864,8388608,8,1105,60680
1511561409115664,1511561409176190,67108864,8388608,8,1108,60526
1511561409671216,1511561409732042,67108864,8388608,8,1103,60826
1511561410226259,1511561410287204,67108864,8388608,8,1101,60945
1511561410781413,1511561410841229,67108864,8388608,8,1121,59816
1511561411336137,1511561411395888,67108864,8388608,8,1123,59751
1511561411890745,1511561411951361,67108864,8388608,8,1107,60616
1511561412445977,1511561412505489,67108864,8388608,8,1127,59512
1511561413000614,1511561413061108,67108864,8388608,8,1109,60494
1511561413556053,1511561413616492,67108864,8388608,8,1110,60439
1511561414112092,1511561414171902,67108864,8388608,8,1122,59810
1511561414666871,1511561414725774,67108864,8388608,8,1139,58903
1511561415220621,1511561415281325,67108864,8388608,8,1105,60704
1511561415776334,1511561415837000,67108864,8388608,8,1106,60666
1511561416332034,1511561416393361,67108864,8388608,8,1094,61327
1511561416888339,1511561416948994,67108864,8388608,8,1106,60655
1511561417443375,1511561417503951,67108864,8388608,8,1107,60576
1511561417998690,1511561418059170,67108864,8388608,8,1109,60480
1511561418553420,1511561418614363,67108864,8388608,8,1101,60943
1511561419108879,1511561419169699,67108864,8388608,8,1103,60820
1511561419664794,1511561419725363,67108864,8388608,8,1107,60569
1511561420220030,1511561420279820,67108864,8388608,8,1122,59790
1511561420774791,1511561420835509,67108864,8388608,8,1105,60718
1511561421329530,1511561421390183,67108864,8388608,8,1106,60653
1511561421884279,1511561421944809,67108864,8388608,8,1108,60530
1511561422439097,1511561422499773,67108864,8388608,8,1106,60676
1511561422994525,1511561423053294,67108864,8388608,8,1141,58769
1511561423547848,1511561423608502,67108864,8388608,8,1106,60654
1511561424103391,1511561424163933,67108864,8388608,8,1108,60542
1511561424658610,1511561424718985,67108864,8388608,8,1111,60375
1511561425213768,1511561425274589,67108864,8388608,8,1103,60821
1511561425769591,1511561425829976,67108864,8388608,8,1111,60385
1511561426324338,1511561426383386,67108864,8388608,8,1136,59048
1511561426878224,1511561426938955,67108864,8388608,8,1105,60731
1511561427433299,1511561427492416,67108864,8388608,8,1135,59117
1511561427987491,1511561428048322,67108864,8388608,8,1103,60831
1511561428542866,1511561428603640,67108864,8388608,8,1104,60774
1511561429098453,1511561429158902,67108864,8388608,8,1110,60449
1511561429653463,1511561429714142,67108864,8388608,8,1105,60679
1511561430209236,1511561430269988,67108864,8388608,8,1104,60752
1511561430764711,1511561430825273,67108864,8388608,8,1108,60562
1511561431320114,1511561431380854,67108864,8388608,8,1104,60740
1511561431876089,1511561431936687,67108864,8388608,8,1107,60598
1511561432431715,1511561432492522,67108864,8388608,8,1103,60807
1511561432987748,1511561433046679,67108864,8388608,8,1138,58931
1511561433541732,1511561433602401,67108864,8388608,8,1106,60669
1511561434097301,1511561434158067,67108864,8388608,8,1104,60766
1511561434651962,1511561434712763,67108864,8388608,8,1103,60801
1511561435207617,1511561435268165,67108864,8388608,8,1108,60548
1511561435763015,1511561435823688,67108864,8388608,8,1106,60673
1511561436318144,1511561436378758,67108864,8388608,8,1107,60614
1511561436873923,1511561436934780,67108864,8388608,8,1102,60857
1511561437429223,1511561437489933,67108864,8388608,8,1105,60710
1511561437984670,1511561438043671,67108864,8388608,8,1137,59001
1511561438538525,1511561438599024,67108864,8388608,8,1109,60499
1511561439093885,1511561439154441,67108864,8388608,8,1108,60556
1511561439648831,1511561439709276,67108864,8388608,8,1110,60445
1511561440203919,1511561440264525,67108864,8388608,8,1107,60606
1511561440759126,1511561440819735,67108864,8388608,8,1107,60609
1511561441313763,1511561441374325,67108864,8388608,8,1108,60562
1511561441868337,1511561441928747,67108864,8388608,8,1110,60410
1511561442423068,1511561442482822,67108864,8388608,8,1123,59754
1511561442977524,1511561443038023,67108864,8388608,8,1109,60499
1511561443532604,1511561443593232,67108864,8388608,8,1106,60628
1511561444088472,1511561444149314,67108864,8388608,8,1103,60842
1511561444644087,1511561444704735,67108864,8388608,8,1106,60648
1511561445200274,1511561445260852,67108864,8388608,8,1107,60578
1511561445755509,1511561445816242,67108864,8388608,8,1104,60733
1511561446310556,1511561446371361,67108864,8388608,8,1103,60805
1511561446866556,1511561446927418,67108864,8388608,8,1102,60862
1511561447421931,1511561447482566,67108864,8388608,8,1106,60635
1511561447977813,1511561448037498,67108864,8388608,8,1124,59685
1511561448532398,1511561448592926,67108864,8388608,8,1108,60528
1511561449088166,1511561449148237,67108864,8388608,8,1117,60071
1511561449643335,1511561449702893,67108864,8388608,8,1126,59558
1511561450196947,1511561450257649,67108864,8388608,8,1105,60702
1511561450752228,1511561450812655,67108864,8388608,8,1110,60427
1511561451306911,1511561451367250,67108864,8388608,8,1112,60339
1511561451862616,1511561451923176,67108864,8388608,8,1108,60560
1511561452418311,1511561452478664,67108864,8388608,8,1111,60353
1511561452973028,1511561453033890,67108864,8388608,8,1102,60862
1511561453528697,1511561453588476,67108864,8388608,8,1122,59779
1511561454082668,1511561454142398,67108864,8388608,8,1123,59730
1511561454637155,1511561454697727,67108864,8388608,8,1107,60572
1511561455192390,1511561455252700,67108864,8388608,8,1112,60310
1511561455748010,1511561455808399,67108864,8388608,8,1111,60389
1511561456303420,1511561456363970,67108864,8388608,8,1108,60550
1511561456859044,1511561456919389,67108864,8388608,8,1112,60345
1511561457414388,1511561457474513,67108864,8388608,8,1116,60125
1511561457969286,1511561458029399,67108864,8388608,8,1116,60113
1511561458524643,1511561458584191,67108864,8388608,8,1126,59548
1511561459078784,1511561459139356,67108864,8388608,8,1107,60572
1511561459634269,1511561459694931,67108864,8388608,8,1106,60662
1511561460189500,1511561460249862,67108864,8388608,8,1111,60362
1511561460744840,1511561460803692,67108864,8388608,8,1140,58852
1511561461298661,1511561461359067,67108864,8388608,8,1110,60406
1511561461853965,1511561461914455,67108864,8388608,8,1109,60490
1511561462409059,1511561462469341,67108864,8388608,8,1113,60282
1511561462963860,1511561463024567,67108864,8388608,8,1105,60707
1511561463519128,1511561463579382,67108864,8388608,8,1113,60254
1511561464073684,1511561464134147,67108864,8388608,8,1109,60463
1511561464629400,1511561464689709,67108864,8388608,8,1112,60309
1511561465184359,1511561465245148,67108864,8388608,8,1103,60789
1511561465740053,1511561465801795,67108864,8388608,8,1086,61742
1511561466296787,1511561466357190,67108864,8388608,8,1111,60403
1511561466852146,1511561466911760,67108864,8388608,8,1125,59614
1511561467406718,1511561467467154,67108864,8388608,8,1110,60436
1511561467961966,1511561468022106,67108864,8388608,8,1115,60140
1511561468516608,1511561468576192,67108864,8388608,8,1126,59584
1511561469070715,1511561469130978,67108864,8388608,8,1113,60263
1511561469626001,1511561469686085,67108864,8388608,8,1116,60084
1511561470180842,1511561470241179,67108864,8388608,8,1112,60337
1511561470736560,1511561470796917,67108864,8388608,8,1111,60357
1511561471291812,1511561471352330,67108864,8388608,8,1108,60518
1511561471847525,1511561471907685,67108864,8388608,8,1115,60160
1511561472402328,1511561472461448,67108864,8388608,8,1135,59120
1511561472955928,1511561473014611,67108864,8388608,8,1143,58683
1511561473509197,1511561473569285,67108864,8388608,8,1116,60088
1511561474064133,1511561474124313,67108864,8388608,8,1115,60180
1511561474619179,1511561474679397,67108864,8388608,8,1114,60218
1511561475173990,1511561475234210,67108864,8388608,8,1114,60220
1511561475728798,1511561475789086,67108864,8388608,8,1113,60288
1511561476283732,1511561476343935,67108864,8388608,8,1114,60203
1511561476838852,1511561476899203,67108864,8388608,8,1111,60351
1511561477394042,1511561477454292,67108864,8388608,8,1113,60250
1511561477949343,1511561478009601,67108864,8388608,8,1113,60258
1511561478504330,1511561478564755,67108864,8388608,8,1110,60425
1511561479059425,1511561479119514,67108864,8388608,8,1116,60089
1511561479614762,1511561479674823,67108864,8388608,8,1117,60061
1511561480169541,1511561480229763,67108864,8388608,8,1114,60222
1511561480724257,1511561480784546,67108864,8388608,8,1113,60289
1511561481279628,1511561481339877,67108864,8388608,8,1113,60249
1511561481834771,1511561481894223,67108864,8388608,8,1128,59452
1511561482388978,1511561482448962,67108864,8388608,8,1118,59984
1511561482943589,1511561483002877,67108864,8388608,8,1131,59288
1511561483498597,1511561483558031,67108864,8388608,8,1129,59434
1511561484052939,1511561484113131,67108864,8388608,8,1114,60192
1511561484608372,1511561484668787,67108864,8388608,8,1110,60415
1511561485163187,1511561485222472,67108864,8388608,8,1131,59285
1511561485716643,1511561485775112,67108864,8388608,8,1147,58469
1511561486268845,1511561486329165,67108864,8388608,8,1112,60320
1511561486823115,1511561486883159,67108864,8388608,8,1117,60044
1511561487377450,1511561487437704,67108864,8388608,8,1113,60254
1511561487931220,1511561487991338,67108864,8388608,8,1116,60118
1511561488485752,1511561488545899,67108864,8388608,8,1115,60147
1511561489040503,1511561489099858,67108864,8388608,8,1130,59355
1511561489594219,1511561489653614,67108864,8388608,8,1129,59395
1511561490148245,1511561490208364,67108864,8388608,8,1116,60119
1511561490703127,1511561490763164,67108864,8388608,8,1117,60037
1511561491257534,1511561491317684,67108864,8388608,8,1115,60150
1511561491812531,1511561491873011,67108864,8388608,8,1109,60480
1511561492367933,1511561492427791,67108864,8388608,8,1121,59858
1511561492921694,1511561492981190,67108864,8388608,8,1127,59496
1511561493475557,1511561493534917,67108864,8388608,8,1130,59360
1511561494029875,1511561494089366,67108864,8388608,8,1128,59491
1511561494583854,1511561494643789,67108864,8388608,8,1119,59935
1511561495138234,1511561495198615,67108864,8388608,8,1111,60381
1511561495693566,1511561495753944,67108864,8388608,8,1111,60378
1511561496248217,1511561496307598,67108864,8388608,8,1130,59381
1511561496802367,1511561496861646,67108864,8388608,8,1132,59279
1511561497356643,1511561497417164,67108864,8388608,8,1108,60521
1511561497912385,1511561497971653,67108864,8388608,8,1132,59268
1511561498466665,1511561498527132,67108864,8388608,8,1109,60467
1511561499022139,1511561499082560,67108864,8388608,8,1110,60421
1511561499577523,1511561499637063,67108864,8388608,8,1127,59540
1511561500131998,1511561500191395,67108864,8388608,8,1129,59397
1511561500686906,1511561500746290,67108864,8388608,8,1130,59384
1511561501241365,1511561501301642,67108864,8388608,8,1113,60277
1511561501796579,1511561501856447,67108864,8388608,8,1120,59868
1511561502350666,1511561502411117,67108864,8388608,8,1110,60451
1511561502906238,1511561502965612,67108864,8388608,8,1130,59374
1511561503460770,1511561503520573,67108864,8388608,8,1122,59803
1511561504015244,1511561504075662,67108864,8388608,8,1110,60418
1511561504570555,1511561504630147,67108864,8388608,8,1126,59592
1511561505124985,1511561505185011,67108864,8388608,8,1117,60026
1511561505679599,1511561505739828,67108864,8388608,8,1114,60229
1511561506234554,1511561506294447,67108864,8388608,8,1120,59893
1511561506788663,1511561506848194,67108864,8388608,8,1127,59531
1511561507342587,1511561507402662,67108864,8388608,8,1117,60075
1511561507898061,1511561507958259,67108864,8388608,8,1114,60198
1511561508453172,1511561508513383,67108864,8388608,8,1114,60211
1511561509007955,1511561509068058,67108864,8388608,8,1116,60103
1511561509562622,1511561509622946,67108864,8388608,8,1112,60324
1511561510117996,1511561510178260,67108864,8388608,8,1113,60264
1511561510673321,1511561510733626,67108864,8388608,8,1112,60305
1511561511228357,1511561511287102,67108864,8388608,8,1142,58745
1511561511781807,1511561511842215,67108864,8388608,8,1110,60408
1511561512337411,1511561512396642,67108864,8388608,8,1133,59231
1511561512890975,1511561512951234,67108864,8388608,8,1113,60259
1511561513445463,1511561513505796,67108864,8388608,8,1112,60333
1511561514000286,1511561514060337,67108864,8388608,8,1117,60051
1511561514555502,1511561514615752,67108864,8388608,8,1113,60250
1511561515110656,1511561515171074,67108864,8388608,8,1110,60418
1511561515666072,1511561515726271,67108864,8388608,8,1114,60199
1511561516220969,1511561516281119,67108864,8388608,8,1115,60150
1511561516775357,1511561516835834,67108864,8388608,8,1109,60477
1511561517331073,1511561517391355,67108864,8388608,8,1113,60282
1511561517886436,1511561517946905,67108864,8388608,8,1109,60469
1511561518441717,1511561518501782,67108864,8388608,8,1117,60065
1511561518996727,1511561519056134,67108864,8388608,8,1129,59407
1511561519550460,1511561519610678,67108864,8388608,8,1114,60218
1511561520106089,1511561520166590,67108864,8388608,8,1109,60501
1511561520661427,1511561520721416,67108864,8388608,8,1118,59989
1511561521216544,1511561521276671,67108864,8388608,8,1116,60127
1511561521771094,1511561521829631,67108864,8388608,8,1146,58537
1511561522324259,1511561522385069,67108864,8388608,8,1103,60810
1511561522879715,1511561522939489,67108864,8388608,8,1122,59774
1511561523434113,1511561523494727,67108864,8388608,8,1107,60614
1511561523988944,1511561524049628,67108864,8388608,8,1105,60684
1511561524543975,1511561524604946,67108864,8388608,8,1100,60971
1511561525099787,1511561525160724,67108864,8388608,8,1101,60937
1511561525655233,1511561525716310,67108864,8388608,8,1098,61077
1511561526210901,1511561526271591,67108864,8388608,8,1105,60690
1511561526766197,1511561526826970,67108864,8388608,8,1104,60773
1511561527321623,1511561527382404,67108864,8388608,8,1104,60781
1511561527877414,1511561527938499,67108864,8388608,8,1098,61085
1511561528433087,1511561528493922,67108864,8388608,8,1103,60835
1511561528988751,1511561529049534,67108864,8388608,8,1104,60783
1511561529544027,1511561529603855,67108864,8388608,8,1121,59828
1511561530098637,1511561530159364,67108864,8388608,8,1105,60727
1511561530654355,1511561530715206,67108864,8388608,8,1102,60851
1511561531209845,1511561531270512,67108864,8388608,8,1106,60667
1511561531765378,1511561531825370,67108864,8388608,8,1118,59992
1511561532320077,1511561532379974,67108864,8388608,8,1120,59897
1511561532874916,1511561532935979,67108864,8388608,8,1099,61063
1511561533431070,1511561533491901,67108864,8388608,8,1103,60831
1511561533987408,1511561534047997,67108864,8388608,8,1107,60589
1511561534542152,1511561534602963,67108864,8388608,8,1103,60811
1511561535097907,1511561535157889,67108864,8388608,8,1118,59982
1511561535652356,1511561535713382,67108864,8388608,8,1099,61026
1511561536208740,1511561536269431,67108864,8388608,8,1105,60691
1511561536764687,1511561536824814,67108864,8388608,8,1116,60127
1511561537319608,1511561537380432,67108864,8388608,8,1103,60824
1511561537874777,1511561537935670,67108864,8388608,8,1102,60893
1511561538430358,1511561538491184,67108864,8388608,8,1103,60826
1511561538986553,1511561539047506,67108864,8388608,8,1100,60953
1511561539542504,1511561539603523,67108864,8388608,8,1099,61019
1511561540098557,1511561540159494,67108864,8388608,8,1101,60937
1511561540654421,1511561540715636,67108864,8388608,8,1096,61215
1511561541210257,1511561541270369,67108864,8388608,8,1116,60112
1511561541764681,1511561541824681,67108864,8388608,8,1118,60000
1511561542319231,1511561542379466,67108864,8388608,8,1114,60235
1511561542874364,1511561542934334,67108864,8388608,8,1119,59970
1511561543428927,1511561543489659,67108864,8388608,8,1105,60732
1511561543984431,1511561544045318,67108864,8388608,8,1102,60887
1511561544539682,1511561544600602,67108864,8388608,8,1101,60920
1511561545095772,1511561545156705,67108864,8388608,8,1101,60933
1511561545652440,1511561545713314,67108864,8388608,8,1102,60874
1511561546208330,1511561546269307,67108864,8388608,8,1100,60977
1511561546764187,1511561546824977,67108864,8388608,8,1103,60790
1511561547320510,1511561547381234,67108864,8388608,8,1105,60724
1511561547876742,1511561547936788,67108864,8388608,8,1117,60046
1511561548432013,1511561548492821,67108864,8388608,8,1103,60808
1511561548987419,1511561549048308,67108864,8388608,8,1102,60889
1511561549543393,1511561549604288,67108864,8388608,8,1102,60895
1511561550099416,1511561550160469,67108864,8388608,8,1099,61053
1511561550655144,1511561550715074,67108864,8388608,8,1119,59930
1511561551210153,1511561551270162,67108864,8388608,8,1118,60009
1511561551765161,1511561551825959,67108864,8388608,8,1103,60798
1511561552321089,1511561552381988,67108864,8388608,8,1101,60899
1511561552877328,1511561552937122,67108864,8388608,8,1122,59794
1511561553431873,1511561553492756,67108864,8388608,8,1102,60883
1511561553987071,1511561554046013,67108864,8388608,8,1138,58942
1511561554540675,1511561554601790,67108864,8388608,8,1098,61115
1511561555096699,1511561555157599,67108864,8388608,8,1101,60900
1511561555652697,1511561555713601,67108864,8388608,8,1101,60904
1511561556208218,1511561556268111,67108864,8388608,8,1120,59893
1511561556763021,1511561556822039,67108864,8388608,8,1137,59018
1511561557317347,1511561557378240,67108864,8388608,8,1102,60893
1511561557873260,1511561557934115,67108864,8388608,8,1102,60855
1511561558429354,1511561558490233,67108864,8388608,8,1102,60879
1511561558985425,1511561559046387,67108864,8388608,8,1100,60962
1511561559541410,1511561559601441,67108864,8388608,8,1117,60031
1511561560096356,1511561560157527,67108864,8388608,8,1097,61171
1511561560652115,1511561560712338,67108864,8388608,8,1114,60223
1511561561206867,1511561561267902,67108864,8388608,8,1099,61035
1511561561763060,1511561561823985,67108864,8388608,8,1101,60925
1511561562319288,1511561562380602,67108864,8388608,8,1094,61314
1511561562876126,1511561562936960,67108864,8388608,8,1103,60834
1511561563432109,1511561563492958,67108864,8388608,8,1102,60849
1511561563987540,1511561564046023,67108864,8388608,8,1147,58483
1511561564540466,1511561564601505,67108864,8388608,8,1099,61039
1511561565096624,1511561565156737,67108864,8388608,8,1116,60113
1511561565652106,1511561565713076,67108864,8388608,8,1100,60970
1511561566207840,1511561566267963,67108864,8388608,8,1116,60123
1511561566763038,1511561566824042,67108864,8388608,8,1100,61004
1511561567318975,1511561567379729,67108864,8388608,8,1104,60754
1511561567874417,1511561567935382,67108864,8388608,8,1100,60965
1511561568430821,1511561568490808,67108864,8388608,8,1118,59987
1511561568986064,1511561569047006,67108864,8388608,8,1101,60942
1511561569541608,1511561569602548,67108864,8388608,8,1101,60940
1511561570097315,1511561570158118,67108864,8388608,8,1103,60803
1511561570653391,1511561570714252,67108864,8388608,8,1102,60861
1511561571209584,1511561571269688,67108864,8388608,8,1116,60104
1511561571765288,1511561571826266,67108864,8388608,8,1100,60978
1511561572321067,1511561572382187,67108864,8388608,8,1097,61120
1511561572876773,1511561572937460,67108864,8388608,8,1105,60687
1511561573432629,1511561573491752,67108864,8388608,8,1135,59123
1511561573986609,1511561574047339,67108864,8388608,8,1105,60730
1511561574541983,1511561574602844,67108864,8388608,8,1102,60861
1511561575097595,1511561575158403,67108864,8388608,8,1103,60808
1511561575653723,1511561575714755,67108864,8388608,8,1099,61032
1511561576209525,1511561576270474,67108864,8388608,8,1101,60949
1511561576766087,1511561576827053,67108864,8388608,8,1100,60966
1511561577321658,1511561577382566,67108864,8388608,8,1101,60908
1511561577877664,1511561577937568,67108864,8388608,8,1120,59904
1511561578432264,1511561578493067,67108864,8388608,8,1103,60803
1511561578988027,1511561579048255,67108864,8388608,8,1114,60228
1511561579543604,1511561579604327,67108864,8388608,8,1105,60723
1511561580099368,1511561580160149,67108864,8388608,8,1104,60781
1511561580655465,1511561580716169,67108864,8388608,8,1105,60704
1511561581211078,1511561581272045,67108864,8388608,8,1100,60967
1511561581766789,1511561581827771,67108864,8388608,8,1100,60982
1511561582322162,1511561582383126,67108864,8388608,8,1100,60964
1511561582877584,1511561582936811,67108864,8388608,8,1133,59227
1511561583431958,1511561583493086,67108864,8388608,8,1097,61128
1511561583988139,1511561584048899,67108864,8388608,8,1104,60760
1511561584543678,1511561584604416,67108864,8388608,8,1104,60738
1511561585099346,1511561585160171,67108864,8388608,8,1103,60825
1511561585655098,1511561585715937,67108864,8388608,8,1103,60839
1511561586211151,1511561586271973,67108864,8388608,8,1103,60822
1511561586766799,1511561586827718,67108864,8388608,8,1101,60919
1511561587322603,1511561587383514,67108864,8388608,8,1101,60911
1511561587878168,1511561587939098,67108864,8388608,8,1101,60930
1511561588433775,1511561588493946,67108864,8388608,8,1115,60171
1511561588987834,1511561589048607,67108864,8388608,8,1104,60773
1511561589542346,1511561589603013,67108864,8388608,8,1106,60667
1511561590097820,1511561590158804,67108864,8388608,8,1100,60984
1511561590653593,1511561590713764,67108864,8388608,8,1115,60171
1511561591209221,1511561591270052,67108864,8388608,8,1103,60831
1511561591764568,1511561591823824,67108864,8388608,8,1132,59256
1511561592318223,1511561592378985,67108864,8388608,8,1104,60762
1511561592873409,1511561592934007,67108864,8388608,8,1107,60598
1511561593428521,1511561593489532,67108864,8388608,8,1099,61011
1511561593984956,1511561594045876,67108864,8388608,8,1101,60920
1511561594540641,1511561594601366,67108864,8388608,8,1105,60725
1511561595095970,1511561595155924,67108864,8388608,8,1119,59954
1511561595650007,1511561595710675,67108864,8388608,8,1106,60668
1511561596205144,1511561596265353,67108864,8388608,8,1114,60209
1511561596760155,1511561596820801,67108864,8388608,8,1106,60646
1511561597315165,1511561597375967,67108864,8388608,8,1103,60802
1511561597871203,1511561597932090,67108864,8388608,8,1102,60887
1511561598426903,1511561598487814,67108864,8388608,8,1101,60911
1511561598983003,1511561599044031,67108864,8388608,8,1099,61028
1511561599539573,1511561599600528,67108864,8388608,8,1100,60955
1511561600095264,1511561600155448,67108864,8388608,8,1115,60184
1511561600649289,1511561600710187,67108864,8388608,8,1101,60898
1511561601205299,1511561601266179,67108864,8388608,8,1102,60880
1511561601761192,1511561601821441,67108864,8388608,8,1113,60249
1511561602316113,1511561602377014,67108864,8388608,8,1101,60901
1511561602871924,1511561602932909,67108864,8388608,8,1100,60985
1511561603427565,1511561603488412,67108864,8388608,8,1102,60847
1511561603982949,1511561604043817,67108864,8388608,8,1102,60868
1511561604538540,1511561604599462,67108864,8388608,8,1101,60922
1511561605093957,1511561605153893,67108864,8388608,8,1119,59936
1511561605647761,1511561605708749,67108864,8388608,8,1100,60988
1511561606203279,1511561606264038,67108864,8388608,8,1104,60759
1511561606758690,1511561606819551,67108864,8388608,8,1102,60861
1511561607314133,1511561607375151,67108864,8388608,8,1099,61018
1511561607869741,1511561607930684,67108864,8388608,8,1101,60943
1511561608425759,1511561608485727,67108864,8388608,8,1119,59968
1511561608981057,1511561609042044,67108864,8388608,8,1100,60987
1511561609536745,1511561609597317,67108864,8388608,8,1107,60572
1511561610091987,1511561610152837,67108864,8388608,8,1102,60850
1511561610647863,1511561610708687,67108864,8388608,8,1103,60824
1511561611203893,1511561611264818,67108864,8388608,8,1101,60925
1511561611759830,1511561611820810,67108864,8388608,8,1100,60980
1511561612316310,1511561612376543,67108864,8388608,8,1114,60233
1511561612871758,1511561612932377,67108864,8388608,8,1107,60619
1511561613427484,1511561613488290,67108864,8388608,8,1103,60806
1511561613983518,1511561614044486,67108864,8388608,8,1100,60968
1511561614539016,1511561614599753,67108864,8388608,8,1104,60737
1511561615094664,1511561615155385,67108864,8388608,8,1105,60721
1511561615650388,1511561615710952,67108864,8388608,8,1108,60564
1511561616206030,1511561616266947,67108864,8388608,8,1101,60917
1511561616761819,1511561616822630,67108864,8388608,8,1103,60811
1511561617317548,1511561617378504,67108864,8388608,8,1100,60956
1511561617873350,1511561617933981,67108864,8388608,8,1106,60631
1511561618428748,1511561618489727,67108864,8388608,8,1100,60979
1511561618985074,1511561619045756,67108864,8388608,8,1105,60682
1511561619540195,1511561619601266,67108864,8388608,8,1098,61071
1511561620095735,1511561620155007,67108864,8388608,8,1132,59272
1511561620649826,1511561620709985,67108864,8388608,8,1115,60159
1511561621205081,1511561621266081,67108864,8388608,8,1100,61000
1511561621760880,1511561621821544,67108864,8388608,8,1106,60664
1511561622316204,1511561622377308,67108864,8388608,8,1098,61104
1511561622872094,1511561622932765,67108864,8388608,8,1106,60671
1511561623427420,1511561623488335,67108864,8388608,8,1101,60915
1511561623983358,1511561624044263,67108864,8388608,8,1101,60905
1511561624538365,1511561624599189,67108864,8388608,8,1103,60824
1511561625094158,1511561625154973,67108864,8388608,8,1103,60815
1511561625650146,1511561625710996,67108864,8388608,8,1102,60850
1511561626206095,1511561626267015,67108864,8388608,8,1101,60920
1511561626762070,1511561626822923,67108864,8388608,8,1102,60853
1511561627318037,1511561627378783,67108864,8388608,8,1104,60746
1511561627873314,1511561627934226,67108864,8388608,8,1101,60912
1511561628428759,1511561628489766,67108864,8388608,8,1100,61007
1511561628984231,1511561629045133,67108864,8388608,8,1101,60902
1511561629539459,1511561629600393,67108864,8388608,8,1101,60934
1511561630095324,1511561630155256,67108864,8388608,8,1119,59932
1511561630650481,1511561630711401,67108864,8388608,8,1101,60920
1511561631206434,1511561631267372,67108864,8388608,8,1101,60938
1511561631761852,1511561631822868,67108864,8388608,8,1099,61016
1511561632318103,1511561632378393,67108864,8388608,8,1113,60290
1511561632873631,1511561632934241,67108864,8388608,8,1107,60610
1511561633429220,1511561633491147,67108864,8388608,8,1083,61927
1511561633997013,1511561634058596,67108864,8388608,8,1089,61583
1511561634561530,1511561634621626,67108864,8388608,8,1116,60096
1511561635116165,1511561635176848,67108864,8388608,8,1105,60683
1511561635671675,1511561635732312,67108864,8388608,8,1106,60637
1511561636226950,1511561636286022,67108864,8388608,8,1136,59072
1511561636780541,1511561636840353,67108864,8388608,8,1121,59812
1511561637334660,1511561637395492,67108864,8388608,8,1103,60832
1511561637889989,1511561637949865,67108864,8388608,8,1120,59876
1511561638444581,1511561638504620,67108864,8388608,8,1117,60039
1511561638999605,1511561639059225,67108864,8388608,8,1125,59620
1511561639554494,1511561639615090,67108864,8388608,8,1107,60596
1511561640109669,1511561640170377,67108864,8388608,8,1105,60708
1511561640665748,1511561640726578,67108864,8388608,8,1103,60830
1511561641221190,1511561641281202,67108864,8388608,8,1118,60012
1511561641776120,1511561641837232,67108864,8388608,8,1098,61112
1511561642333014,1511561642393899,67108864,8388608,8,1102,60885
1511561642888857,1511561642948928,67108864,8388608,8,1117,60071
1511561643443575,1511561643504741,67108864,8388608,8,1097,61166
1511561643999979,1511561644060726,67108864,8388608,8,1104,60747
1511561644555356,1511561644616140,67108864,8388608,8,1104,60784
1511561645110887,1511561645170811,67108864,8388608,8,1119,59924
1511561645665581,1511561645726485,67108864,8388608,8,1101,60904
1511561646222021,1511561646282644,67108864,8388608,8,1106,60623
1511561646776757,1511561646837514,67108864,8388608,8,1104,60757
1511561647332052,1511561647393122,67108864,8388608,8,1098,61070
1511561647887847,1511561647948677,67108864,8388608,8,1103,60830
1511561648443483,1511561648504664,67108864,8388608,8,1096,61181
1511561648999097,1511561649059907,67108864,8388608,8,1103,60810
1511561649554404,1511561649614462,67108864,8388608,8,1117,60058
1511561650109030,1511561650168249,67108864,8388608,8,1133,59219
1511561650663379,1511561650724330,67108864,8388608,8,1101,60951
1511561651219137,1511561651280027,67108864,8388608,8,1102,60890
1511561651774942,1511561651836018,67108864,8388608,8,1098,61076
1511561652330709,1511561652391418,67108864,8388608,8,1105,60709
1511561652886641,1511561652947398,67108864,8388608,8,1104,60757
1511561653441849,1511561653502611,67108864,8388608,8,1104,60762
1511561653997435,1511561654058186,67108864,8388608,8,1104,60751
1511561654553059,1511561654613267,67108864,8388608,8,1114,60208
1511561655108025,1511561655169252,67108864,8388608,8,1096,61227
1511561655664441,1511561655725332,67108864,8388608,8,1102,60891
1511561656220326,1511561656281262,67108864,8388608,8,1101,60936
1511561656776163,1511561656837083,67108864,8388608,8,1101,60920
1511561657332524,1511561657393294,67108864,8388608,8,1104,60770
1511561657888416,1511561657949196,67108864,8388608,8,1104,60780
1511561658444116,1511561658504839,67108864,8388608,8,1105,60723
1511561658999665,1511561659059638,67108864,8388608,8,1118,59973
1511561659554244,1511561659615002,67108864,8388608,8,1104,60758
1511561660109773,1511561660170468,67108864,8388608,8,1105,60695
1511561660666032,1511561660726860,67108864,8388608,8,1103,60828
1511561661221296,1511561661282268,67108864,8388608,8,1100,60972
1511561661777033,1511561661837953,67108864,8388608,8,1101,60920
1511561662332719,1511561662393530,67108864,8388608,8,1103,60811
1511561662888149,1511561662948934,67108864,8388608,8,1104,60785
1511561663443574,1511561663504280,67108864,8388608,8,1105,60706
1511561663999116,1511561664058262,67108864,8388608,8,1134,59146
1511561664553439,1511561664614364,67108864,8388608,8,1101,60925
1511561665108870,1511561665169637,67108864,8388608,8,1104,60767
1511561665664826,1511561665725532,67108864,8388608,8,1105,60706
1511561666220240,1511561666280254,67108864,8388608,8,1118,60014
1511561666775298,1511561666836111,67108864,8388608,8,1103,60813
1511561667330916,1511561667391886,67108864,8388608,8,1100,60970
1511561667886604,1511561667947532,67108864,8388608,8,1101,60928
1511561668442508,1511561668502968,67108864,8388608,8,1109,60460
1511561668997404,1511561669057221,67108864,8388608,8,1121,59817
1511561669552302,1511561669613031,67108864,8388608,8,1105,60729
1511561670107623,1511561670168358,67108864,8388608,8,1104,60735
1511561670663264,1511561670723197,67108864,8388608,8,1119,59933
1511561671218121,1511561671279088,67108864,8388608,8,1100,60967
1511561671774096,1511561671834170,67108864,8388608,8,1117,60074
1511561672328643,1511561672388459,67108864,8388608,8,1121,59816
1511561672883727,1511561672943902,67108864,8388608,8,1115,60175
1511561673438095,1511561673498840,67108864,8388608,8,1104,60745
1511561673993761,1511561674054804,67108864,8388608,8,1099,61043
1511561674549504,1511561674609636,67108864,8388608,8,1116,60132
1511561675104416,1511561675164998,67108864,8388608,8,1107,60582
1511561675659780,1511561675720636,67108864,8388608,8,1102,60856
1511561676215568,1511561676276494,67108864,8388608,8,1101,60926
1511561676772055,1511561676833030,67108864,8388608,8,1100,60975
1511561677327945,1511561677388951,67108864,8388608,8,1100,61006
1511561677883652,1511561677944306,67108864,8388608,8,1106,60654
1511561678439355,1511561678500159,67108864,8388608,8,1103,60804
1511561678995317,1511561679056177,67108864,8388608,8,1102,60860
1511561679551388,1511561679611809,67108864,8388608,8,1110,60421
1511561680106619,1511561680167405,67108864,8388608,8,1104,60786
1511561680662469,1511561680723233,67108864,8388608,8,1104,60764
1511561681218353,1511561681278921,67108864,8388608,8,1107,60568
1511561681774126,1511561681834979,67108864,8388608,8,1102,60853
1511561682329549,1511561682390355,67108864,8388608,8,1103,60806
1511561682885128,1511561682946125,67108864,8388608,8,1100,60997
1511561683441207,1511561683501502,67108864,8388608,8,1113,60295
1511561683996174,1511561684056684,67108864,8388608,8,1109,60510
1511561684551590,1511561684612748,67108864,8388608,8,1097,61158
1511561685107510,1511561685167701,67108864,8388608,8,1114,60191
1511561685662917,1511561685723697,67108864,8388608,8,1104,60780
1511561686218441,1511561686279237,67108864,8388608,8,1103,60796
1511561686774221,1511561686835045,67108864,8388608,8,1103,60824
1511561687329563,1511561687390200,67108864,8388608,8,1106,60637
1511561687885334,1511561687946289,67108864,8388608,8,1100,60955
1511561688441614,1511561688502499,67108864,8388608,8,1102,60885
1511561688997357,1511561689058216,67108864,8388608,8,1102,60859
1511561689552955,1511561689613740,67108864,8388608,8,1104,60785
1511561690108214,1511561690169034,67108864,8388608,8,1103,60820
1511561690664144,1511561690724840,67108864,8388608,8,1105,60696
1511561691220216,1511561691280160,67108864,8388608,8,1119,59944
1511561691775053,1511561691835976,67108864,8388608,8,1101,60923
1511561692331291,1511561692392187,67108864,8388608,8,1102,60896
1511561692886990,1511561692947990,67108864,8388608,8,1100,61000
1511561693442447,1511561693503411,67108864,8388608,8,1100,60964
1511561693998401,1511561694059309,67108864,8388608,8,1101,60908
1511561694553528,1511561694614526,67108864,8388608,8,1100,60998
1511561695109170,1511561695170231,67108864,8388608,8,1099,61061
1511561695664952,1511561695725826,67108864,8388608,8,1102,60874
1511561696221055,1511561696281122,67108864,8388608,8,1117,60067
1511561696776311,1511561696836384,67108864,8388608,8,1117,60073
1511561697331491,1511561697392523,67108864,8388608,8,1099,61032
1511561697887453,1511561697948444,67108864,8388608,8,1100,60991
1511561698443401,1511561698504055,67108864,8388608,8,1106,60654
1511561698998856,1511561699060042,67108864,8388608,8,1096,61186
1511561699555078,1511561699615211,67108864,8388608,8,1116,60133
1511561700110802,1511561700171914,67108864,8388608,8,1098,61112
1511561700666871,1511561700727901,67108864,8388608,8,1099,61030
1511561701222719,1511561701283386,67108864,8388608,8,1106,60667
1511561701778203,1511561701838117,67108864,8388608,8,1120,59914
1511561702333110,1511561702394009,67108864,8388608,8,1101,60899
1511561702887636,1511561702948236,67108864,8388608,8,1107,60600
1511561703442767,1511561703503543,67108864,8388608,8,1104,60776
1511561703998099,1511561704058832,67108864,8388608,8,1104,60733
1511561704553749,1511561704615091,67108864,8388608,8,1094,61342
1511561705110204,1511561705169932,67108864,8388608,8,1123,59728
1511561705664950,1511561705725162,67108864,8388608,8,1114,60212
1511561706220193,1511561706280142,67108864,8388608,8,1119,59949
1511561706775699,1511561706837248,67108864,8388608,8,1090,61549
1511561707342795,1511561707403524,67108864,8388608,8,1105,60729
1511561707898713,1511561707959748,67108864,8388608,8,1099,61035
1511561708454406,1511561708515596,67108864,8388608,8,1096,61190
1511561709010343,1511561709070974,67108864,8388608,8,1106,60631
1511561709565840,1511561709626516,67108864,8388608,8,1106,60676
1511561710121336,1511561710181163,67108864,8388608,8,1121,59827
1511561710676021,1511561710736609,67108864,8388608,8,1107,60588
1511561711231467,1511561711292142,67108864,8388608,8,1106,60675
1511561711786795,1511561711847558,67108864,8388608,8,1104,60763
1511561712342216,1511561712402226,67108864,8388608,8,1118,60010
1511561712897109,1511561712957593,67108864,8388608,8,1109,60484
1511561713452596,1511561713513491,67108864,8388608,8,1102,60895
1511561714007684,1511561714068110,67108864,8388608,8,1110,60426
1511561714563100,1511561714623948,67108864,8388608,8,1102,60848
1511561715118828,1511561715179664,67108864,8388608,8,1103,60836
1511561715674712,1511561715735278,67108864,8388608,8,1108,60566
1511561716229981,1511561716290704,67108864,8388608,8,1105,60723
1511561716785525,1511561716846243,67108864,8388608,8,1105,60718
1511561717341130,1511561717401697,67108864,8388608,8,1108,60567
1511561717897237,1511561717958082,67108864,8388608,8,1102,60845
1511561718452602,1511561718513239,67108864,8388608,8,1106,60637
1511561719007753,1511561719068343,67108864,8388608,8,1107,60590
1511561719563041,1511561719623626,67108864,8388608,8,1107,60585
1511561720118325,1511561720179428,67108864,8388608,8,1098,61103
1511561720674656,1511561720735164,67108864,8388608,8,1109,60508
1511561721230187,1511561721290988,67108864,8388608,8,1103,60801
1511561721786065,1511561721846229,67108864,8388608,8,1115,60164
1511561722341461,1511561722402313,67108864,8388608,8,1102,60852
1511561722896985,1511561722957540,67108864,8388608,8,1108,60555
1511561723452409,1511561723512514,67108864,8388608,8,1116,60105
1511561724007180,1511561724067865,67108864,8388608,8,1105,60685
1511561724562486,1511561724622453,67108864,8388608,8,1119,59967
1511561725117073,1511561725177798,67108864,8388608,8,1105,60725
1511561725672458,1511561725732264,67108864,8388608,8,1122,59806
1511561726227269,1511561726288066,67108864,8388608,8,1103,60797
1511561726783166,1511561726844132,67108864,8388608,8,1100,60966
1511561727338775,1511561727398561,67108864,8388608,8,1122,59786
1511561727893000,1511561727953794,67108864,8388608,8,1103,60794
1511561728448860,1511561728508888,67108864,8388608,8,1117,60028
1511561729017526,1511561729085038,67108864,8388608,8,994,67512
1511561729580582,1511561729641619,67108864,8388608,8,1099,61037
1511561730136411,1511561730196664,67108864,8388608,8,1113,60253
1511561730691099,1511561730751820,67108864,8388608,8,1105,60721
1511561731247030,1511561731308068,67108864,8388608,8,1099,61038
1511561731803077,1511561731863758,67108864,8388608,8,1105,60681
1511561732359297,1511561732420169,67108864,8388608,8,1102,60872
1511561732914741,1511561732975564,67108864,8388608,8,1103,60823
1511561733470172,1511561733530323,67108864,8388608,8,1115,60151
1511561734024923,1511561734085641,67108864,8388608,8,1105,60718
1511561734580465,1511561734641345,67108864,8388608,8,1102,60880
1511561735136543,1511561735197456,67108864,8388608,8,1101,60913
1511561735692899,1511561735754096,67108864,8388608,8,1096,61197
1511561736249423,1511561736310147,67108864,8388608,8,1105,60724
1511561736805129,1511561736866259,67108864,8388608,8,1097,61130
1511561737361404,1511561737422192,67108864,8388608,8,1103,60788
1511561737917203,1511561737978064,67108864,8388608,8,1102,60861
1511561738473206,1511561738533805,67108864,8388608,8,1107,60599
1511561739028891,1511561739089982,67108864,8388608,8,1098,61091
1511561739585194,1511561739645274,67108864,8388608,8,1116,60080
1511561740140164,1511561740199175,67108864,8388608,8,1137,59011
1511561740693461,1511561740754299,67108864,8388608,8,1103,60838
1511561741249856,1511561741310886,67108864,8388608,8,1099,61030
1511561741806159,1511561741866200,67108864,8388608,8,1117,60041
1511561742361329,1511561742422226,67108864,8388608,8,1102,60897
1511561742917059,1511561742977825,67108864,8388608,8,1104,60766
1511561743472504,1511561743533495,67108864,8388608,8,1100,60991
1511561744027759,1511561744088753,67108864,8388608,8,1100,60994
1511561744583700,1511561744644821,67108864,8388608,8,1097,61121
1511561745139703,1511561745200431,67108864,8388608,8,1105,60728
1511561745695381,1511561745756449,67108864,8388608,8,1098,61068
1511561746250579,1511561746310264,67108864,8388608,8,1124,59685
1511561746805141,1511561746865515,67108864,8388608,8,1111,60374
1511561747360061,1511561747420959,67108864,8388608,8,1101,60898
1511561747916079,1511561747976875,67108864,8388608,8,1103,60796
1511561748471814,1511561748532685,67108864,8388608,8,1102,60871
1511561749028161,1511561749089104,67108864,8388608,8,1101,60943
1511561749584300,1511561749645038,67108864,8388608,8,1104,60738
1511561750139740,1511561750200907,67108864,8388608,8,1097,61167
1511561750694989,1511561750755595,67108864,8388608,8,1107,60606
1511561751250476,1511561751311142,67108864,8388608,8,1106,60666
1511561751805870,1511561751866764,67108864,8388608,8,1102,60894
1511561752362300,1511561752423230,67108864,8388608,8,1101,60930
1511561752917988,1511561752978871,67108864,8388608,8,1102,60883
1511561753473883,1511561753533889,67108864,8388608,8,1118,60006
1511561754028490,1511561754089341,67108864,8388608,8,1102,60851
1511561754584737,1511561754645541,67108864,8388608,8,1103,60804
1511561755140813,1511561755201836,67108864,8388608,8,1099,61023
1511561755696330,1511561755757512,67108864,8388608,8,1096,61182
1511561756252648,1511561756313446,67108864,8388608,8,1103,60798
1511561756808439,1511561756869655,67108864,8388608,8,1096,61216
1511561757364545,1511561757424744,67108864,8388608,8,1114,60199
1511561757919047,1511561757980006,67108864,8388608,8,1100,60959
1511561758474905,1511561758535982,67108864,8388608,8,1098,61077
1511561759030819,1511561759091687,67108864,8388608,8,1102,60868
1511561759586601,1511561759646757,67108864,8388608,8,1115,60156
1511561760141924,1511561760201106,67108864,8388608,8,1133,59182
1511561760696156,1511561760756908,67108864,8388608,8,1104,60752
1511561761251666,1511561761312764,67108864,8388608,8,1098,61098
1511561761807403,1511561761866546,67108864,8388608,8,1134,59143
1511561762361582,1511561762422520,67108864,8388608,8,1101,60938
1511561762917544,1511561762977246,67108864,8388608,8,1124,59702
1511561763471858,1511561763533043,67108864,8388608,8,1096,61185
1511561764027875,1511561764088905,67108864,8388608,8,1099,61030
1511561764583908,1511561764643312,67108864,8388608,8,1129,59404
1511561765138152,1511561765198962,67108864,8388608,8,1103,60810
1511561765693924,1511561765753900,67108864,8388608,8,1118,59976
1511561766248563,1511561766308875,67108864,8388608,8,1112,60312
1511561766803551,1511561766864608,67108864,8388608,8,1099,61057
1511561767359360,1511561767420002,67108864,8388608,8,1106,60642
1511561767914677,1511561767974967,67108864,8388608,8,1113,60290
1511561768470072,1511561768530026,67108864,8388608,8,1119,59954
1511561769025050,1511561769085810,67108864,8388608,8,1104,60760
1511561769580863,1511561769641905,67108864,8388608,8,1099,61042
1511561770136235,1511561770197438,67108864,8388608,8,1096,61203
1511561770692617,1511561770753571,67108864,8388608,8,1100,60954
1511561771249001,1511561771309949,67108864,8388608,8,1101,60948
1511561771804703,1511561771865558,67108864,8388608,8,1102,60855
1511561772360512,1511561772421506,67108864,8388608,8,1100,60994
1511561772916614,1511561772976534,67108864,8388608,8,1119,59920
1511561773471524,1511561773532533,67108864,8388608,8,1099,61009
1511561774027354,1511561774088137,67108864,8388608,8,1104,60783
1511561774583166,1511561774643997,67108864,8388608,8,1103,60831
1511561775138628,1511561775199419,67108864,8388608,8,1103,60791
1511561775694636,1511561775755496,67108864,8388608,8,1102,60860
1511561776250597,1511561776311468,67108864,8388608,8,1102,60871
1511561776806081,1511561776866968,67108864,8388608,8,1102,60887
1511561777361515,1511561777422214,67108864,8388608,8,1105,60699
1511561777916720,1511561777977356,67108864,8388608,8,1106,60636
1511561778471674,1511561778532360,67108864,8388608,8,1105,60686
1511561779027521,1511561779088368,67108864,8388608,8,1102,60847
1511561779582941,1511561779643893,67108864,8388608,8,1101,60952
1511561780138529,1511561780197632,67108864,8388608,8,1135,59103
1511561780692662,1511561780753380,67108864,8388608,8,1105,60718
1511561781248808,1511561781309791,67108864,8388608,8,1100,60983
1511561781805057,1511561781866191,67108864,8388608,8,1097,61134
1511561782361324,1511561782422057,67108864,8388608,8,1104,60733
1511561782917090,1511561782977938,67108864,8388608,8,1102,60848
1511561783472689,1511561783531908,67108864,8388608,8,1133,59219
1511561784026682,1511561784086529,67108864,8388608,8,1121,59847
1511561784581439,1511561784641695,67108864,8388608,8,1113,60256
1511561785137320,1511561785197868,67108864,8388608,8,1108,60548
1511561785693014,1511561785753961,67108864,8388608,8,1101,60947
1511561786248469,1511561786309367,67108864,8388608,8,1101,60898
1511561786803797,1511561786863706,67108864,8388608,8,1120,59909
1511561787358201,1511561787418223,67108864,8388608,8,1118,60022
1511561787913503,1511561787974719,67108864,8388608,8,1096,61216
1511561788469879,1511561788530714,67108864,8388608,8,1103,60835
1511561789026008,1511561789087068,67108864,8388608,8,1099,61060
1511561789581536,1511561789642325,67108864,8388608,8,1103,60789
1511561790137739,1511561790198778,67108864,8388608,8,1099,61039
1511561790694052,1511561790754871,67108864,8388608,8,1103,60819
1511561791249810,1511561791309843,67108864,8388608,8,1117,60033
1511561791805023,1511561791865848,67108864,8388608,8,1103,60825
1511561792361273,1511561792422311,67108864,8388608,8,1099,61038
1511561792917746,1511561792978519,67108864,8388608,8,1104,60773
1511561793473367,1511561793532888,67108864,8388608,8,1127,59521
1511561794027761,1511561794088292,67108864,8388608,8,1108,60531
1511561794583747,1511561794644574,67108864,8388608,8,1103,60827
1511561795139710,1511561795198949,67108864,8388608,8,1132,59239
1511561795693800,1511561795754596,67108864,8388608,8,1103,60796
1511561796249545,1511561796310521,67108864,8388608,8,1100,60976
1511561796805349,1511561796865263,67108864,8388608,8,1120,59914
1511561797360039,1511561797421075,67108864,8388608,8,1099,61036
1511561797915984,1511561797976912,67108864,8388608,8,1101,60928
1511561798472236,1511561798533018,67108864,8388608,8,1104,60782
1511561799027748,1511561799088577,67108864,8388608,8,1103,60829
1511561799583596,1511561799643627,67108864,8388608,8,1117,60031
1511561800138531,1511561800199562,67108864,8388608,8,1099,61031
1511561800694351,1511561800755101,67108864,8388608,8,1104,60750
1511561801250354,1511561801311384,67108864,8388608,8,1099,61030
1511561801806671,1511561801867589,67108864,8388608,8,1101,60918
1511561802362732,1511561802423755,67108864,8388608,8,1099,61023
1511561802918317,1511561802978989,67108864,8388608,8,1106,60672
1511561803474102,1511561803534883,67108864,8388608,8,1104,60781
1511561804030003,1511561804090960,67108864,8388608,8,1100,60957
1511561804586078,1511561804645953,67108864,8388608,8,1120,59875
1511561805141060,1511561805201970,67108864,8388608,8,1101,60910
1511561805696650,1511561805757509,67108864,8388608,8,1102,60859
1511561806251936,1511561806312593,67108864,8388608,8,1106,60657
1511561806807500,1511561806868529,67108864,8388608,8,1099,61029
1511561807363627,1511561807424393,67108864,8388608,8,1104,60766
1511561807918606,1511561807979424,67108864,8388608,8,1103,60818
1511561808473941,1511561808534714,67108864,8388608,8,1104,60773
1511561809028932,1511561809089794,67108864,8388608,8,1102,60862
1511561809584976,1511561809645872,67108864,8388608,8,1102,60896
1511561810141091,1511561810201860,67108864,8388608,8,1104,60769
1511561810696810,1511561810756853,67108864,8388608,8,1117,60043
1511561811252197,1511561811313177,67108864,8388608,8,1100,60980
1511561811807861,1511561811868567,67108864,8388608,8,1105,60706
1511561812363302,1511561812424020,67108864,8388608,8,1105,60718
1511561812918892,1511561812978657,67108864,8388608,8,1122,59765
1511561813473230,1511561813534206,67108864,8388608,8,1100,60976
1511561814028822,1511561814089576,67108864,8388608,8,1104,60754
1511561814584426,1511561814644277,67108864,8388608,8,1121,59851
1511561815138808,1511561815199668,67108864,8388608,8,1102,60860
1511561815694139,1511561815754234,67108864,8388608,8,1116,60095
1511561816249124,1511561816309565,67108864,8388608,8,1110,60441
1511561816804322,1511561816865235,67108864,8388608,8,1101,60913
1511561817359915,1511561817420835,67108864,8388608,8,1101,60920
1511561817916362,1511561817977117,67108864,8388608,8,1104,60755
1511561818472463,1511561818532378,67108864,8388608,8,1120,59915
1511561819026950,1511561819087155,67108864,8388608,8,1114,60205
1511561819582150,1511561819641809,67108864,8388608,8,1124,59659
1511561820136975,1511561820197497,67108864,8388608,8,1108,60522
1511561820692336,1511561820753147,67108864,8388608,8,1103,60811
1511561821247871,1511561821307824,67108864,8388608,8,1119,59953
1511561821803404,1511561821864013,67108864,8388608,8,1107,60609
1511561822358889,1511561822419741,67108864,8388608,8,1102,60852
1511561822914756,1511561822975514,67108864,8388608,8,1104,60758
1511561823470204,1511561823530880,67108864,8388608,8,1106,60676
1511561824025697,1511561824086318,67108864,8388608,8,1107,60621
1511561824580412,1511561824641124,67108864,8388608,8,1105,60712
1511561825135024,1511561825196166,67108864,8388608,8,1097,61142
1511561825691419,1511561825752242,67108864,8388608,8,1103,60823
1511561826247315,1511561826308173,67108864,8388608,8,1102,60858
1511561826803486,1511561826864513,67108864,8388608,8,1099,61027
1511561827359400,1511561827419924,67108864,8388608,8,1108,60524
1511561827915342,1511561827975307,67108864,8388608,8,1119,59965
1511561828470274,1511561828530994,67108864,8388608,8,1105,60720
1511561829026012,1511561829087024,67108864,8388608,8,1099,61012
1511561829581930,1511561829642678,67108864,8388608,8,1104,60748
1511561830137446,1511561830198207,67108864,8388608,8,1104,60761
1511561830693355,1511561830753852,67108864,8388608,8,1109,60497
1511561831248601,1511561831309371,67108864,8388608,8,1104,60770
1511561831804276,1511561831864072,67108864,8388608,8,1122,59796
1511561832359200,1511561832420189,67108864,8388608,8,1100,60989
1511561832915495,1511561832975514,67108864,8388608,8,1118,60019
1511561833470388,1511561833531042,67108864,8388608,8,1106,60654
1511561834025710,1511561834086391,67108864,8388608,8,1105,60681
1511561834581380,1511561834642220,67108864,8388608,8,1103,60840
1511561835137223,1511561835198146,67108864,8388608,8,1101,60923
1511561835692620,1511561835752661,67108864,8388608,8,1117,60041
1511561836247976,1511561836308704,67108864,8388608,8,1105,60728
1511561836803634,1511561836864518,67108864,8388608,8,1102,60884
1511561837360114,1511561837420981,67108864,8388608,8,1102,60867
1511561837915484,1511561837974551,67108864,8388608,8,1136,59067
1511561838470157,1511561838530585,67108864,8388608,8,1110,60428
1511561839025585,1511561839086045,67108864,8388608,8,1109,60460
1511561839580819,1511561839641485,67108864,8388608,8,1106,60666
1511561840136552,1511561840197611,67108864,8388608,8,1099,61059
1511561840692234,1511561840753095,67108864,8388608,8,1102,60861
1511561841247830,1511561841308481,67108864,8388608,8,1106,60651
1511561841803026,1511561841864020,67108864,8388608,8,1100,60994
1511561842358704,1511561842419419,67108864,8388608,8,1105,60715
1511561842913967,1511561842974392,67108864,8388608,8,1110,60425
1511561843469484,1511561843529987,67108864,8388608,8,1109,60503
1511561844025027,1511561844085839,67108864,8388608,8,1103,60812
1511561844580750,1511561844640838,67108864,8388608,8,1116,60088
1511561845135040,1511561845196146,67108864,8388608,8,1098,61106
1511561845690539,1511561845751319,67108864,8388608,8,1104,60780
1511561846246343,1511561846306462,67108864,8388608,8,1116,60119
1511561846801191,1511561846862164,67108864,8388608,8,1100,60973
1511561847357102,1511561847416844,67108864,8388608,8,1123,59742
1511561847911873,1511561847972553,67108864,8388608,8,1105,60680
1511561848466915,1511561848527856,67108864,8388608,8,1101,60941
1511561849022810,1511561849083528,67108864,8388608,8,1105,60718
1511561849578540,1511561849639216,67108864,8388608,8,1106,60676
1511561850134134,1511561850194023,67108864,8388608,8,1120,59889
1511561850689168,1511561850749802,67108864,8388608,8,1106,60634
1511561851244826,1511561851305345,67108864,8388608,8,1108,60519
1511561851800184,1511561851859977,67108864,8388608,8,1122,59793
1511561852354545,1511561852413656,67108864,8388608,8,1135,59111
1511561852908880,1511561852967930,67108864,8388608,8,1136,59050
1511561853462864,1511561853523781,67108864,8388608,8,1101,60917
1511561854018608,1511561854078594,67108864,8388608,8,1118,59986
1511561854574070,1511561854634744,67108864,8388608,8,1106,60674
1511561855129584,1511561855189538,67108864,8388608,8,1119,59954
1511561855684389,1511561855745017,67108864,8388608,8,1106,60628
1511561856240090,1511561856300595,67108864,8388608,8,1109,60505
1511561856795447,1511561856856429,67108864,8388608,8,1100,60982
1511561857351063,1511561857411823,67108864,8388608,8,1104,60760
1511561857906446,1511561857967231,67108864,8388608,8,1104,60785
1511561858462305,1511561858522835,67108864,8388608,8,1108,60530
1511561859017860,1511561859078532,67108864,8388608,8,1106,60672
1511561859573742,1511561859634482,67108864,8388608,8,1104,60740
1511561860128880,1511561860189573,67108864,8388608,8,1105,60693
1511561860684426,1511561860745369,67108864,8388608,8,1101,60943
1511561861240467,1511561861300553,67108864,8388608,8,1116,60086
1511561861795727,1511561861855751,67108864,8388608,8,1118,60024
1511561862350814,1511561862411611,67108864,8388608,8,1103,60797
1511561862906878,1511561862967634,67108864,8388608,8,1104,60756
1511561863462605,1511561863522461,67108864,8388608,8,1121,59856
1511561864017850,1511561864077897,67108864,8388608,8,1117,60047
1511561864572562,1511561864632524,67108864,8388608,8,1119,59962
1511561865127393,1511561865187287,67108864,8388608,8,1120,59894
1511561865682454,1511561865742959,67108864,8388608,8,1109,60505
1511561866237734,1511561866298238,67108864,8388608,8,1109,60504
1511561866793331,1511561866853504,67108864,8388608,8,1115,60173
1511561867348825,1511561867409344,67108864,8388608,8,1108,60519
1511561867904413,1511561867964590,67108864,8388608,8,1115,60177
1511561868460147,1511561868520963,67108864,8388608,8,1103,60816
1511561869016632,1511561869077361,67108864,8388608,8,1105,60729
1511561869571816,1511561869631553,67108864,8388608,8,1123,59737
1511561870126944,1511561870186942,67108864,8388608,8,1118,59998
1511561870681484,1511561870742148,67108864,8388608,8,1106,60664
1511561871236902,1511561871298088,67108864,8388608,8,1096,61186
1511561871792822,1511561871853638,67108864,8388608,8,1103,60816
1511561872348226,1511561872408922,67108864,8388608,8,1105,60696
1511561872904124,1511561872964667,67108864,8388608,8,1108,60543
1511561873459736,1511561873520612,67108864,8388608,8,1102,60876
1511561874015257,1511561874075741,67108864,8388608,8,1109,60484
1511561874570342,1511561874629264,67108864,8388608,8,1138,58922
1511561875124375,1511561875185085,67108864,8388608,8,1105,60710
1511561875680299,1511561875740802,67108864,8388608,8,1109,60503
1511561876235232,1511561876295827,67108864,8388608,8,1107,60595
1511561876790790,1511561876851473,67108864,8388608,8,1105,60683
1511561877346325,1511561877407116,67108864,8388608,8,1103,60791
1511561877902205,1511561877962807,67108864,8388608,8,1107,60602
1511561878457513,1511561878518200,67108864,8388608,8,1105,60687
1511561879013086,1511561879073742,67108864,8388608,8,1106,60656
1511561879568385,1511561879628103,67108864,8388608,8,1123,59718
1511561880123436,1511561880184342,67108864,8388608,8,1101,60906
1511561880679070,1511561880739600,67108864,8388608,8,1108,60530
1511561881234208,1511561881294155,67108864,8388608,8,1119,59947
1511561881788483,1511561881849129,67108864,8388608,8,1106,60646
1511561882344123,1511561882405119,67108864,8388608,8,1100,60996
1511561882900329,1511561882960762,67108864,8388608,8,1110,60433
1511561883455399,1511561883516255,67108864,8388608,8,1102,60856
1511561884011413,1511561884072045,67108864,8388608,8,1106,60632
1511561884567207,1511561884627284,67108864,8388608,8,1117,60077
1511561885122354,1511561885183149,67108864,8388608,8,1103,60795
1511561885678368,1511561885739015,67108864,8388608,8,1106,60647
1511561886233768,1511561886294587,67108864,8388608,8,1103,60819
1511561886789027,1511561886849570,67108864,8388608,8,1108,60543
1511561887344677,1511561887405491,67108864,8388608,8,1103,60814
1511561887900298,1511561887960959,67108864,8388608,8,1106,60661
1511561888455752,1511561888516522,67108864,8388608,8,1104,60770
1511561889010981,1511561889071795,67108864,8388608,8,1103,60814
1511561889567249,1511561889627965,67108864,8388608,8,1105,60716
1511561890123210,1511561890183821,67108864,8388608,8,1107,60611
1511561890679150,1511561890739028,67108864,8388608,8,1120,59878
1511561891234125,1511561891293915,67108864,8388608,8,1122,59790
1511561891788778,1511561891849535,67108864,8388608,8,1104,60757
1511561892344628,1511561892405508,67108864,8388608,8,1102,60880
1511561892900238,1511561892960791,67108864,8388608,8,1108,60553
1511561893455925,1511561893516858,67108864,8388608,8,1101,60933
1511561894012116,1511561894071898,67108864,8388608,8,1122,59782
1511561894566961,1511561894626608,67108864,8388608,8,1125,59647
1511561895121548,1511561895182096,67108864,8388608,8,1108,60548
1511561895677138,1511561895737210,67108864,8388608,8,1117,60072
1511561896232426,1511561896292386,67108864,8388608,8,1119,59960
1511561896787805,1511561896848498,67108864,8388608,8,1105,60693
1511561897342774,1511561897403765,67108864,8388608,8,1100,60991
1511561897898417,1511561897959256,67108864,8388608,8,1103,60839
1511561898453642,1511561898513754,67108864,8388608,8,1116,60112
1511561899008227,1511561899069122,67108864,8388608,8,1102,60895
1511561899564133,1511561899624822,67108864,8388608,8,1105,60689
1511561900119541,1511561900180664,67108864,8388608,8,1097,61123
1511561900675424,1511561900736275,67108864,8388608,8,1102,60851
1511561901231559,1511561901291500,67108864,8388608,8,1119,59941
1511561901786702,1511561901847176,67108864,8388608,8,1109,60474
1511561902342499,1511561902403366,67108864,8388608,8,1102,60867
1511561902898337,1511561902959268,67108864,8388608,8,1101,60931
1511561903455011,1511561903516196,67108864,8388608,8,1096,61185
1511561904011367,1511561904072087,67108864,8388608,8,1105,60720
1511561904567359,1511561904628143,67108864,8388608,8,1104,60784
1511561905123216,1511561905183248,67108864,8388608,8,1117,60032
1511561905678526,1511561905739810,67108864,8388608,8,1095,61284
1511561906233897,1511561906294851,67108864,8388608,8,1100,60954
1511561906789845,1511561906849859,67108864,8388608,8,1118,60014
1511561907345259,1511561907406304,67108864,8388608,8,1099,61045
1511561907901313,1511561907961341,67108864,8388608,8,1117,60028
1511561908456648,1511561908517644,67108864,8388608,8,1100,60996
1511561909013001,1511561909073712,67108864,8388608,8,1105,60711
1511561909568521,1511561909629312,67108864,8388608,8,1103,60791
1511561910123986,1511561910185000,67108864,8388608,8,1099,61014
1511561910679716,1511561910740091,67108864,8388608,8,1111,60375
1511561911234991,1511561911295726,67108864,8388608,8,1104,60735
1511561911790800,1511561911851683,67108864,8388608,8,1102,60883
1511561912346276,1511561912407240,67108864,8388608,8,1100,60964
1511561912902123,1511561912962760,67108864,8388608,8,1106,60637
1511561913457544,1511561913518435,67108864,8388608,8,1102,60891
1511561914013462,1511561914074202,67108864,8388608,8,1104,60740
1511561914569551,1511561914630406,67108864,8388608,8,1102,60855
1511561915125479,1511561915186238,67108864,8388608,8,1104,60759
1511561915681313,1511561915742287,67108864,8388608,8,1100,60974
1511561916236802,1511561916297676,67108864,8388608,8,1102,60874
1511561916792996,1511561916853173,67108864,8388608,8,1115,60177
1511561917348114,1511561917408815,67108864,8388608,8,1105,60701
1511561917903454,1511561917964398,67108864,8388608,8,1101,60944
1511561918459446,1511561918520173,67108864,8388608,8,1105,60727
1511561919015187,1511561919076064,67108864,8388608,8,1102,60877
1511561919571479,1511561919631437,67108864,8388608,8,1119,59958
1511561920126462,1511561920185683,67108864,8388608,8,1133,59221
1511561920680359,1511561920741309,67108864,8388608,8,1101,60950
1511561921236247,1511561921297047,67108864,8388608,8,1103,60800
1511561921791882,1511561921852668,67108864,8388608,8,1104,60786
1511561922348180,1511561922408873,67108864,8388608,8,1105,60693
1511561922904098,1511561922964913,67108864,8388608,8,1103,60815
1511561923460485,1511561923520408,67108864,8388608,8,1119,59923
1511561924016572,1511561924077441,67108864,8388608,8,1102,60869
1511561924572315,1511561924633176,67108864,8388608,8,1102,60861
1511561925128402,1511561925189151,67108864,8388608,8,1104,60749
1511561925684421,1511561925745398,67108864,8388608,8,1100,60977
1511561926240671,1511561926301399,67108864,8388608,8,1105,60728
1511561926796243,1511561926857085,67108864,8388608,8,1103,60842
1511561927352491,1511561927413440,67108864,8388608,8,1101,60949
1511561927908100,1511561927969077,67108864,8388608,8,1100,60977
1511561928463445,1511561928523243,67108864,8388608,8,1122,59798
1511561929018543,1511561929078580,67108864,8388608,8,1117,60037
1511561929573983,1511561929634833,67108864,8388608,8,1102,60850
1511561930130157,1511561930190860,67108864,8388608,8,1105,60703
1511561930685111,1511561930745624,67108864,8388608,8,1108,60513
1511561931241214,1511561931302044,67108864,8388608,8,1103,60830
1511561931796726,1511561931857391,67108864,8388608,8,1106,60665
1511561932352048,1511561932411870,67108864,8388608,8,1121,59822
1511561932906976,1511561932966598,67108864,8388608,8,1125,59622
1511561933460710,1511561933521411,67108864,8388608,8,1105,60701
1511561934016285,1511561934076241,67108864,8388608,8,1119,59956
1511561934571369,1511561934630991,67108864,8388608,8,1125,59622
