1511567547751164,1511567547751166,1024,128,8,512,2
1511567547756639,1511567547756641,1024,128,8,512,2
1511567547761986,1511567547761988,1024,128,8,512,2
1511567547766982,1511567547766986,1024,128,8,256,4
1511567547771655,1511567547771658,1024,128,8,341,3
1511567547776093,1511567547776096,1024,128,8,341,3
1511567547780291,1511567547780294,1024,128,8,341,3
1511567547784309,1511567547784312,1024,128,8,341,3
1511567547788284,1511567547788287,1024,128,8,341,3
1511567547792247,1511567547792250,1024,128,8,341,3
1511567547796206,1511567547796209,1024,128,8,341,3
1511567547800183,1511567547800186,1024,128,8,341,3
1511567547804157,1511567547804160,1024,128,8,341,3
1511567547808124,1511567547808127,1024,128,8,341,3
1511567547812085,1511567547812088,1024,128,8,341,3
1511567547816044,1511567547816047,1024,128,8,341,3
1511567547819997,1511567547820000,1024,128,8,341,3
1511567547823948,1511567547823951,1024,128,8,341,3
1511567547827893,1511567547827896,1024,128,8,341,3
1511567547831789,1511567547831792,1024,128,8,341,3
1511567547835647,1511567547835650,1024,128,8,341,3
1511567547839516,1511567547839519,1024,128,8,341,3
1511567547843458,1511567547843461,1024,128,8,341,3
1511567547847304,1511567547847307,1024,128,8,341,3
1511567547851164,1511567547851167,1024,128,8,341,3
1511567547855016,1511567547855019,1024,128,8,341,3
1511567547858866,1511567547858869,1024,128,8,341,3
1511567547862735,1511567547862738,1024,128,8,341,3
1511567547866594,1511567547866597,1024,128,8,341,3
1511567547870456,1511567547870459,1024,128,8,341,3
1511567547874324,1511567547874327,1024,128,8,341,3
1511567547878193,1511567547878196,1024,128,8,341,3
1511567547882061,1511567547882064,1024,128,8,341,3
1511567547885932,1511567547885935,1024,128,8,341,3
1511567547889777,1511567547889780,1024,128,8,341,3
1511567547893617,1511567547893620,1024,128,8,341,3
1511567547897481,1511567547897484,1024,128,8,341,3
1511567547901343,1511567547901346,1024,128,8,341,3
1511567547905207,1511567547905210,1024,128,8,341,3
1511567547909060,1511567547909063,1024,128,8,341,3
1511567547912910,1511567547912913,1024,128,8,341,3
1511567547916763,1511567547916766,1024,128,8,341,3
1511567547920627,1511567547920630,1024,128,8,341,3
1511567547924492,1511567547924495,1024,128,8,341,3
1511567547928362,1511567547928365,1024,128,8,341,3
1511567547932201,1511567547932204,1024,128,8,341,3
1511567547936042,1511567547936045,1024,128,8,341,3
1511567547939884,1511567547939887,1024,128,8,341,3
1511567547943738,1511567547943741,1024,128,8,341,3
1511567547947594,1511567547947597,1024,128,8,341,3
1511567547951441,1511567547951444,1024,128,8,341,3
1511567547955312,1511567547955315,1024,128,8,341,3
1511567547959168,1511567547959171,1024,128,8,341,3
1511567547963036,1511567547963039,1024,128,8,341,3
1511567547966893,1511567547966896,1024,128,8,341,3
1511567547970753,1511567547970756,1024,128,8,341,3
1511567547974614,1511567547974617,1024,128,8,341,3
1511567547978459,1511567547978462,1024,128,8,341,3
1511567547982313,1511567547982316,1024,128,8,341,3
1511567547986176,1511567547986179,1024,128,8,341,3
1511567547990034,1511567547990037,1024,128,8,341,3
1511567547993897,1511567547993900,1024,128,8,341,3
1511567547997754,1511567547997757,1024,128,8,341,3
1511567548001600,1511567548001603,1024,128,8,341,3
1511567548005468,1511567548005470,1024,128,8,512,2
1511567548009311,1511567548009314,1024,128,8,341,3
1511567548013157,1511567548013160,1024,128,8,341,3
1511567548017016,1511567548017019,1024,128,8,341,3
1511567548020875,1511567548020878,1024,128,8,341,3
1511567548024733,1511567548024736,1024,128,8,341,3
1511567548028616,1511567548028619,1024,128,8,341,3
1511567548032484,1511567548032486,1024,128,8,512,2
1511567548036342,1511567548036345,1024,128,8,341,3
1511567548040208,1511567548040211,1024,128,8,341,3
1511567548044061,1511567548044064,1024,128,8,341,3
1511567548047896,1511567548047898,1024,128,8,512,2
1511567548051744,1511567548051747,1024,128,8,341,3
1511567548055597,1511567548055600,1024,128,8,341,3
1511567548059460,1511567548059463,1024,128,8,341,3
1511567548063321,1511567548063324,1024,128,8,341,3
1511567548067169,1511567548067172,1024,128,8,341,3
1511567548071016,1511567548071019,1024,128,8,341,3
1511567548074877,1511567548074880,1024,128,8,341,3
1511567548078731,1511567548078734,1024,128,8,341,3
1511567548082596,1511567548082599,1024,128,8,341,3
1511567548086459,1511567548086462,1024,128,8,341,3
1511567548090306,1511567548090309,1024,128,8,341,3
1511567548094164,1511567548094167,1024,128,8,341,3
1511567548098028,1511567548098031,1024,128,8,341,3
1511567548101876,1511567548101879,1024,128,8,341,3
1511567548105720,1511567548105723,1024,128,8,341,3
1511567548109570,1511567548109573,1024,128,8,341,3
1511567548113419,1511567548113422,1024,128,8,341,3
1511567548117281,1511567548117284,1024,128,8,341,3
1511567548121143,1511567548121146,1024,128,8,341,3
1511567548125016,1511567548125019,1024,128,8,341,3
1511567548128884,1511567548128887,1024,128,8,341,3
1511567548132742,1511567548132745,1024,128,8,341,3
1511567548136602,1511567548136605,1024,128,8,341,3
1511567548140453,1511567548140456,1024,128,8,341,3
1511567548144315,1511567548144318,1024,128,8,341,3
1511567548148189,1511567548148192,1024,128,8,341,3
1511567548152034,1511567548152037,1024,128,8,341,3
1511567548155883,1511567548155886,1024,128,8,341,3
1511567548159755,1511567548159757,1024,128,8,512,2
1511567548163622,1511567548163625,1024,128,8,341,3
1511567548167484,1511567548167487,1024,128,8,341,3
1511567548171374,1511567548171376,1024,128,8,512,2
1511567548175245,1511567548175248,1024,128,8,341,3
1511567548179118,1511567548179120,1024,128,8,512,2
1511567548182989,1511567548182992,1024,128,8,341,3
1511567548186840,1511567548186843,1024,128,8,341,3
1511567548190715,1511567548190718,1024,128,8,341,3
1511567548194585,1511567548194588,1024,128,8,341,3
1511567548198435,1511567548198438,1024,128,8,341,3
1511567548202305,1511567548202308,1024,128,8,341,3
1511567548206170,1511567548206173,1024,128,8,341,3
1511567548210038,1511567548210041,1024,128,8,341,3
1511567548213908,1511567548213911,1024,128,8,341,3
1511567548217796,1511567548217799,1024,128,8,341,3
1511567548221654,1511567548221657,1024,128,8,341,3
1511567548225505,1511567548225508,1024,128,8,341,3
1511567548229384,1511567548229387,1024,128,8,341,3
1511567548233246,1511567548233249,1024,128,8,341,3
1511567548237116,1511567548237119,1024,128,8,341,3
1511567548240994,1511567548240997,1024,128,8,341,3
1511567548244868,1511567548244871,1024,128,8,341,3
1511567548248737,1511567548248740,1024,128,8,341,3
1511567548252595,1511567548252598,1024,128,8,341,3
1511567548256456,1511567548256459,1024,128,8,341,3
1511567548260330,1511567548260333,1024,128,8,341,3
1511567548264189,1511567548264192,1024,128,8,341,3
1511567548268060,1511567548268062,1024,128,8,512,2
1511567548271910,1511567548271913,1024,128,8,341,3
1511567548275755,1511567548275758,1024,128,8,341,3
1511567548279594,1511567548279597,1024,128,8,341,3
1511567548283436,1511567548283439,1024,128,8,341,3
1511567548287297,1511567548287300,1024,128,8,341,3
1511567548291141,1511567548291144,1024,128,8,341,3
1511567548294999,1511567548295002,1024,128,8,341,3
1511567548298848,1511567548298851,1024,128,8,341,3
1511567548302730,1511567548302733,1024,128,8,341,3
1511567548306596,1511567548306599,1024,128,8,341,3
1511567548310464,1511567548310467,1024,128,8,341,3
1511567548314329,1511567548314332,1024,128,8,341,3
1511567548318222,1511567548318225,1024,128,8,341,3
1511567548322084,1511567548322087,1024,128,8,341,3
1511567548325951,1511567548325954,1024,128,8,341,3
1511567548329826,1511567548329829,1024,128,8,341,3
1511567548333682,1511567548333685,1024,128,8,341,3
1511567548337533,1511567548337536,1024,128,8,341,3
1511567548341386,1511567548341389,1024,128,8,341,3
1511567548345237,1511567548345240,1024,128,8,341,3
1511567548349098,1511567548349101,1024,128,8,341,3
1511567548352943,1511567548352946,1024,128,8,341,3
1511567548356809,1511567548356812,1024,128,8,341,3
1511567548360680,1511567548360682,1024,128,8,512,2
1511567548364534,1511567548364537,1024,128,8,341,3
1511567548368392,1511567548368395,1024,128,8,341,3
1511567548372250,1511567548372253,1024,128,8,341,3
1511567548376131,1511567548376134,1024,128,8,341,3
1511567548380000,1511567548380003,1024,128,8,341,3
1511567548383854,1511567548383857,1024,128,8,341,3
1511567548387717,1511567548387720,1024,128,8,341,3
1511567548391559,1511567548391562,1024,128,8,341,3
1511567548395414,1511567548395416,1024,128,8,512,2
1511567548399266,1511567548399269,1024,128,8,341,3
1511567548403101,1511567548403104,1024,128,8,341,3
1511567548406949,1511567548406952,1024,128,8,341,3
1511567548410802,1511567548410805,1024,128,8,341,3
1511567548414649,1511567548414652,1024,128,8,341,3
1511567548418517,1511567548418520,1024,128,8,341,3
1511567548422368,1511567548422371,1024,128,8,341,3
1511567548426218,1511567548426221,1024,128,8,341,3
1511567548430088,1511567548430091,1024,128,8,341,3
1511567548433945,1511567548433948,1024,128,8,341,3
1511567548437822,1511567548437825,1024,128,8,341,3
1511567548441699,1511567548441702,1024,128,8,341,3
1511567548445569,1511567548445572,1024,128,8,341,3
1511567548449416,1511567548449419,1024,128,8,341,3
1511567548453289,1511567548453292,1024,128,8,341,3
1511567548457153,1511567548457156,1024,128,8,341,3
1511567548461019,1511567548461022,1024,128,8,341,3
1511567548464885,1511567548464888,1024,128,8,341,3
1511567548468744,1511567548468747,1024,128,8,341,3
1511567548472626,1511567548472629,1024,128,8,341,3
1511567548476511,1511567548476514,1024,128,8,341,3
1511567548480426,1511567548480429,1024,128,8,341,3
1511567548484293,1511567548484296,1024,128,8,341,3
1511567548488163,1511567548488166,1024,128,8,341,3
1511567548492028,1511567548492031,1024,128,8,341,3
1511567548495882,1511567548495885,1024,128,8,341,3
1511567548499755,1511567548499758,1024,128,8,341,3
1511567548503643,1511567548503646,1024,128,8,341,3
1511567548507519,1511567548507522,1024,128,8,341,3
1511567548511372,1511567548511375,1024,128,8,341,3
1511567548515248,1511567548515250,1024,128,8,512,2
1511567548519112,1511567548519115,1024,128,8,341,3
1511567548522968,1511567548522971,1024,128,8,341,3
1511567548526827,1511567548526830,1024,128,8,341,3
1511567548530685,1511567548530688,1024,128,8,341,3
1511567548534564,1511567548534567,1024,128,8,341,3
1511567548538428,1511567548538430,1024,128,8,512,2
1511567548542272,1511567548542275,1024,128,8,341,3
1511567548546135,1511567548546138,1024,128,8,341,3
1511567548549992,1511567548549995,1024,128,8,341,3
1511567548553841,1511567548553844,1024,128,8,341,3
1511567548557684,1511567548557687,1024,128,8,341,3
1511567548561536,1511567548561539,1024,128,8,341,3
1511567548565398,1511567548565401,1024,128,8,341,3
1511567548569240,1511567548569243,1024,128,8,341,3
1511567548573100,1511567548573103,1024,128,8,341,3
1511567548576946,1511567548576949,1024,128,8,341,3
1511567548580802,1511567548580805,1024,128,8,341,3
1511567548584655,1511567548584658,1024,128,8,341,3
1511567548588508,1511567548588511,1024,128,8,341,3
1511567548592351,1511567548592353,1024,128,8,512,2
1511567548596236,1511567548596239,1024,128,8,341,3
1511567548600092,1511567548600095,1024,128,8,341,3
1511567548603968,1511567548603971,1024,128,8,341,3
1511567548607833,1511567548607836,1024,128,8,341,3
1511567548611691,1511567548611693,1024,128,8,512,2
1511567548615537,1511567548615540,1024,128,8,341,3
1511567548619378,1511567548619381,1024,128,8,341,3
1511567548623238,1511567548623241,1024,128,8,341,3
1511567548627104,1511567548627107,1024,128,8,341,3
1511567548630983,1511567548630986,1024,128,8,341,3
1511567548634849,1511567548634852,1024,128,8,341,3
1511567548638711,1511567548638714,1024,128,8,341,3
1511567548642565,1511567548642568,1024,128,8,341,3
1511567548646416,1511567548646419,1024,128,8,341,3
1511567548650268,1511567548650271,1024,128,8,341,3
1511567548654133,1511567548654136,1024,128,8,341,3
1511567548657954,1511567548657957,1024,128,8,341,3
1511567548661819,1511567548661822,1024,128,8,341,3
1511567548665672,1511567548665675,1024,128,8,341,3
1511567548669516,1511567548669519,1024,128,8,341,3
1511567548673363,1511567548673366,1024,128,8,341,3
1511567548677195,1511567548677198,1024,128,8,341,3
1511567548681051,1511567548681054,1024,128,8,341,3
1511567548684896,1511567548684899,1024,128,8,341,3
1511567548688745,1511567548688748,1024,128,8,341,3
1511567548692615,1511567548692618,1024,128,8,341,3
1511567548696468,1511567548696471,1024,128,8,341,3
1511567548700317,1511567548700320,1024,128,8,341,3
1511567548704170,1511567548704172,1024,128,8,512,2
1511567548708040,1511567548708042,1024,128,8,512,2
1511567548711886,1511567548711889,1024,128,8,341,3
1511567548715717,1511567548715720,1024,128,8,341,3
1511567548719570,1511567548719573,1024,128,8,341,3
1511567548723419,1511567548723422,1024,128,8,341,3
1511567548727276,1511567548727279,1024,128,8,341,3
1511567548731139,1511567548731142,1024,128,8,341,3
1511567548734981,1511567548734984,1024,128,8,341,3
1511567548738825,1511567548738828,1024,128,8,341,3
1511567548742692,1511567548742695,1024,128,8,341,3
1511567548746543,1511567548746546,1024,128,8,341,3
1511567548750389,1511567548750392,1024,128,8,341,3
1511567548754233,1511567548754235,1024,128,8,512,2
1511567548758075,1511567548758078,1024,128,8,341,3
1511567548761921,1511567548761924,1024,128,8,341,3
1511567548765761,1511567548765764,1024,128,8,341,3
1511567548769616,1511567548769618,1024,128,8,512,2
1511567548773462,1511567548773465,1024,128,8,341,3
1511567548777313,1511567548777316,1024,128,8,341,3
1511567548781145,1511567548781148,1024,128,8,341,3
1511567548785001,1511567548785004,1024,128,8,341,3
1511567548788847,1511567548788850,1024,128,8,341,3
1511567548792717,1511567548792720,1024,128,8,341,3
1511567548796553,1511567548796556,1024,128,8,341,3
1511567548800413,1511567548800416,1024,128,8,341,3
1511567548804263,1511567548804266,1024,128,8,341,3
1511567548808110,1511567548808113,1024,128,8,341,3
1511567548811971,1511567548811974,1024,128,8,341,3
1511567548815835,1511567548815838,1024,128,8,341,3
1511567548819681,1511567548819684,1024,128,8,341,3
1511567548823529,1511567548823532,1024,128,8,341,3
1511567548827371,1511567548827374,1024,128,8,341,3
1511567548831219,1511567548831222,1024,128,8,341,3
1511567548835073,1511567548835076,1024,128,8,341,3
1511567548838940,1511567548838943,1024,128,8,341,3
1511567548842797,1511567548842800,1024,128,8,341,3
1511567548846645,1511567548846648,1024,128,8,341,3
1511567548850501,1511567548850504,1024,128,8,341,3
1511567548854349,1511567548854352,1024,128,8,341,3
1511567548858216,1511567548858219,1024,128,8,341,3
1511567548862074,1511567548862077,1024,128,8,341,3
1511567548865934,1511567548865937,1024,128,8,341,3
1511567548869802,1511567548869805,1024,128,8,341,3
1511567548873659,1511567548873662,1024,128,8,341,3
1511567548877500,1511567548877503,1024,128,8,341,3
1511567548881380,1511567548881383,1024,128,8,341,3
1511567548885237,1511567548885240,1024,128,8,341,3
1511567548889090,1511567548889093,1024,128,8,341,3
1511567548892966,1511567548892969,1024,128,8,341,3
1511567548896833,1511567548896836,1024,128,8,341,3
1511567548900686,1511567548900689,1024,128,8,341,3
1511567548904535,1511567548904538,1024,128,8,341,3
1511567548908399,1511567548908402,1024,128,8,341,3
1511567548912255,1511567548912258,1024,128,8,341,3
1511567548916121,1511567548916124,1024,128,8,341,3
1511567548919990,1511567548919993,1024,128,8,341,3
1511567548923855,1511567548923857,1024,128,8,512,2
1511567548927733,1511567548927736,1024,128,8,341,3
1511567548931600,1511567548931603,1024,128,8,341,3
1511567548935457,1511567548935460,1024,128,8,341,3
1511567548939309,1511567548939312,1024,128,8,341,3
1511567548943163,1511567548943166,1024,128,8,341,3
1511567548947004,1511567548947007,1024,128,8,341,3
1511567548950859,1511567548950862,1024,128,8,341,3
1511567548954709,1511567548954712,1024,128,8,341,3
1511567548958582,1511567548958585,1024,128,8,341,3
1511567548962422,1511567548962425,1024,128,8,341,3
1511567548966275,1511567548966278,1024,128,8,341,3
1511567548970134,1511567548970137,1024,128,8,341,3
1511567548973984,1511567548973987,1024,128,8,341,3
1511567548977834,1511567548977837,1024,128,8,341,3
1511567548981695,1511567548981698,1024,128,8,341,3
1511567548985550,1511567548985553,1024,128,8,341,3
1511567548989404,1511567548989407,1024,128,8,341,3
1511567548993263,1511567548993266,1024,128,8,341,3
1511567548997145,1511567548997148,1024,128,8,341,3
1511567549001010,1511567549001013,1024,128,8,341,3
1511567549004865,1511567549004868,1024,128,8,341,3
1511567549008731,1511567549008734,1024,128,8,341,3
1511567549012594,1511567549012597,1024,128,8,341,3
1511567549016430,1511567549016433,1024,128,8,341,3
1511567549020304,1511567549020306,1024,128,8,512,2
1511567549024165,1511567549024168,1024,128,8,341,3
1511567549028027,1511567549028030,1024,128,8,341,3
1511567549031894,1511567549031897,1024,128,8,341,3
1511567549035753,1511567549035756,1024,128,8,341,3
1511567549039604,1511567549039607,1024,128,8,341,3
1511567549043450,1511567549043452,1024,128,8,512,2
1511567549047306,1511567549047309,1024,128,8,341,3
1511567549051181,1511567549051184,1024,128,8,341,3
1511567549055060,1511567549055063,1024,128,8,341,3
1511567549058926,1511567549058928,1024,128,8,512,2
1511567549062774,1511567549062777,1024,128,8,341,3
1511567549066636,1511567549066639,1024,128,8,341,3
1511567549070487,1511567549070490,1024,128,8,341,3
1511567549074353,1511567549074356,1024,128,8,341,3
1511567549078214,1511567549078217,1024,128,8,341,3
1511567549082070,1511567549082073,1024,128,8,341,3
1511567549085925,1511567549085928,1024,128,8,341,3
1511567549089793,1511567549089796,1024,128,8,341,3
1511567549093657,1511567549093660,1024,128,8,341,3
1511567549097512,1511567549097515,1024,128,8,341,3
1511567549101397,1511567549101400,1024,128,8,341,3
1511567549105287,1511567549105290,1024,128,8,341,3
1511567549109160,1511567549109163,1024,128,8,341,3
1511567549113025,1511567549113028,1024,128,8,341,3
1511567549116897,1511567549116900,1024,128,8,341,3
1511567549120749,1511567549120752,1024,128,8,341,3
1511567549124600,1511567549124603,1024,128,8,341,3
1511567549128443,1511567549128446,1024,128,8,341,3
1511567549132292,1511567549132295,1024,128,8,341,3
1511567549136147,1511567549136150,1024,128,8,341,3
1511567549139983,1511567549139986,1024,128,8,341,3
1511567549143831,1511567549143834,1024,128,8,341,3
1511567549147704,1511567549147706,1024,128,8,512,2
1511567549151573,1511567549151576,1024,128,8,341,3
1511567549155450,1511567549155453,1024,128,8,341,3
1511567549159345,1511567549159348,1024,128,8,341,3
1511567549163223,1511567549163225,1024,128,8,512,2
1511567549167085,1511567549167088,1024,128,8,341,3
1511567549170939,1511567549170942,1024,128,8,341,3
1511567549174789,1511567549174792,1024,128,8,341,3
1511567549178631,1511567549178634,1024,128,8,341,3
1511567549182486,1511567549182489,1024,128,8,341,3
1511567549186352,1511567549186355,1024,128,8,341,3
1511567549190216,1511567549190219,1024,128,8,341,3
1511567549194063,1511567549194066,1024,128,8,341,3
1511567549197927,1511567549197930,1024,128,8,341,3
1511567549201795,1511567549201798,1024,128,8,341,3
1511567549205665,1511567549205668,1024,128,8,341,3
1511567549209531,1511567549209534,1024,128,8,341,3
1511567549213391,1511567549213394,1024,128,8,341,3
1511567549217236,1511567549217239,1024,128,8,341,3
1511567549221082,1511567549221084,1024,128,8,512,2
1511567549224925,1511567549224928,1024,128,8,341,3
1511567549228808,1511567549228811,1024,128,8,341,3
1511567549232703,1511567549232706,1024,128,8,341,3
1511567549236562,1511567549236565,1024,128,8,341,3
1511567549240402,1511567549240405,1024,128,8,341,3
1511567549244253,1511567549244256,1024,128,8,341,3
1511567549248121,1511567549248124,1024,128,8,341,3
1511567549251964,1511567549251967,1024,128,8,341,3
1511567549255813,1511567549255816,1024,128,8,341,3
1511567549259662,1511567549259665,1024,128,8,341,3
1511567549263516,1511567549263519,1024,128,8,341,3
1511567549267356,1511567549267359,1024,128,8,341,3
1511567549271209,1511567549271212,1024,128,8,341,3
1511567549275054,1511567549275057,1024,128,8,341,3
1511567549278917,1511567549278920,1024,128,8,341,3
1511567549282772,1511567549282775,1024,128,8,341,3
1511567549286643,1511567549286646,1024,128,8,341,3
1511567549290521,1511567549290524,1024,128,8,341,3
1511567549294391,1511567549294394,1024,128,8,341,3
1511567549298254,1511567549298257,1024,128,8,341,3
1511567549302122,1511567549302125,1024,128,8,341,3
1511567549305989,1511567549305992,1024,128,8,341,3
1511567549309857,1511567549309860,1024,128,8,341,3
1511567549313701,1511567549313704,1024,128,8,341,3
1511567549317560,1511567549317562,1024,128,8,512,2
1511567549321406,1511567549321409,1024,128,8,341,3
1511567549325268,1511567549325271,1024,128,8,341,3
1511567549329141,1511567549329144,1024,128,8,341,3
1511567549333009,1511567549333012,1024,128,8,341,3
1511567549336856,1511567549336859,1024,128,8,341,3
1511567549340709,1511567549340711,1024,128,8,512,2
1511567549344564,1511567549344567,1024,128,8,341,3
1511567549348423,1511567549348425,1024,128,8,512,2
1511567549352298,1511567549352301,1024,128,8,341,3
1511567549356159,1511567549356162,1024,128,8,341,3
1511567549360006,1511567549360009,1024,128,8,341,3
1511567549363867,1511567549363870,1024,128,8,341,3
1511567549367728,1511567549367731,1024,128,8,341,3
1511567549371591,1511567549371594,1024,128,8,341,3
1511567549375439,1511567549375441,1024,128,8,512,2
1511567549379315,1511567549379318,1024,128,8,341,3
1511567549383173,1511567549383176,1024,128,8,341,3
1511567549387033,1511567549387036,1024,128,8,341,3
1511567549390871,1511567549390874,1024,128,8,341,3
1511567549394731,1511567549394734,1024,128,8,341,3
1511567549398598,1511567549398601,1024,128,8,341,3
1511567549402468,1511567549402471,1024,128,8,341,3
1511567549406327,1511567549406330,1024,128,8,341,3
1511567549410180,1511567549410183,1024,128,8,341,3
1511567549414028,1511567549414030,1024,128,8,512,2
1511567549417885,1511567549417888,1024,128,8,341,3
1511567549421748,1511567549421751,1024,128,8,341,3
1511567549425601,1511567549425604,1024,128,8,341,3
1511567549429467,1511567549429470,1024,128,8,341,3
1511567549433321,1511567549433324,1024,128,8,341,3
1511567549437188,1511567549437191,1024,128,8,341,3
1511567549441039,1511567549441042,1024,128,8,341,3
1511567549444897,1511567549444900,1024,128,8,341,3
1511567549448787,1511567549448790,1024,128,8,341,3
1511567549452667,1511567549452670,1024,128,8,341,3
1511567549456530,1511567549456533,1024,128,8,341,3
1511567549460396,1511567549460399,1024,128,8,341,3
1511567549464247,1511567549464250,1024,128,8,341,3
1511567549468093,1511567549468096,1024,128,8,341,3
1511567549471943,1511567549471946,1024,128,8,341,3
1511567549475788,1511567549475791,1024,128,8,341,3
1511567549479636,1511567549479639,1024,128,8,341,3
1511567549483468,1511567549483471,1024,128,8,341,3
1511567549487319,1511567549487322,1024,128,8,341,3
1511567549491167,1511567549491170,1024,128,8,341,3
1511567549495026,1511567549495029,1024,128,8,341,3
1511567549498872,1511567549498875,1024,128,8,341,3
1511567549502729,1511567549502732,1024,128,8,341,3
1511567549506586,1511567549506589,1024,128,8,341,3
1511567549510442,1511567549510445,1024,128,8,341,3
1511567549514308,1511567549514311,1024,128,8,341,3
1511567549518157,1511567549518160,1024,128,8,341,3
1511567549522001,1511567549522004,1024,128,8,341,3
1511567549525849,1511567549525852,1024,128,8,341,3
1511567549529711,1511567549529714,1024,128,8,341,3
1511567549533560,1511567549533563,1024,128,8,341,3
1511567549537437,1511567549537440,1024,128,8,341,3
1511567549541305,1511567549541308,1024,128,8,341,3
1511567549545174,1511567549545177,1024,128,8,341,3
1511567549549034,1511567549549037,1024,128,8,341,3
1511567549552898,1511567549552901,1024,128,8,341,3
1511567549556762,1511567549556765,1024,128,8,341,3
1511567549560601,1511567549560604,1024,128,8,341,3
1511567549564451,1511567549564454,1024,128,8,341,3
1511567549568316,1511567549568319,1024,128,8,341,3
1511567549572174,1511567549572177,1024,128,8,341,3
1511567549576005,1511567549576008,1024,128,8,341,3
1511567549579841,1511567549579844,1024,128,8,341,3
1511567549583697,1511567549583700,1024,128,8,341,3
1511567549587548,1511567549587551,1024,128,8,341,3
1511567549591392,1511567549591394,1024,128,8,512,2
1511567549595236,1511567549595239,1024,128,8,341,3
1511567549599098,1511567549599101,1024,128,8,341,3
1511567549602957,1511567549602960,1024,128,8,341,3
1511567549606816,1511567549606819,1024,128,8,341,3
1511567549610679,1511567549610682,1024,128,8,341,3
1511567549614516,1511567549614519,1024,128,8,341,3
1511567549618353,1511567549618355,1024,128,8,512,2
1511567549622209,1511567549622212,1024,128,8,341,3
1511567549626061,1511567549626064,1024,128,8,341,3
1511567549629911,1511567549629914,1024,128,8,341,3
1511567549633753,1511567549633756,1024,128,8,341,3
1511567549637599,1511567549637602,1024,128,8,341,3
1511567549641451,1511567549641453,1024,128,8,512,2
1511567549645298,1511567549645301,1024,128,8,341,3
1511567549649154,1511567549649157,1024,128,8,341,3
1511567549653017,1511567549653020,1024,128,8,341,3
1511567549656862,1511567549656865,1024,128,8,341,3
1511567549660706,1511567549660709,1024,128,8,341,3
1511567549664543,1511567549664546,1024,128,8,341,3
1511567549668414,1511567549668417,1024,128,8,341,3
1511567549672268,1511567549672271,1024,128,8,341,3
1511567549676100,1511567549676103,1024,128,8,341,3
1511567549679960,1511567549679963,1024,128,8,341,3
1511567549683789,1511567549683792,1024,128,8,341,3
1511567549687631,1511567549687634,1024,128,8,341,3
1511567549691492,1511567549691494,1024,128,8,512,2
1511567549695345,1511567549695348,1024,128,8,341,3
1511567549699210,1511567549699213,1024,128,8,341,3
1511567549703065,1511567549703068,1024,128,8,341,3
1511567549706934,1511567549706937,1024,128,8,341,3
1511567549710798,1511567549710800,1024,128,8,512,2
1511567549714649,1511567549714652,1024,128,8,341,3
1511567549718504,1511567549718507,1024,128,8,341,3
1511567549722344,1511567549722347,1024,128,8,341,3
1511567549726186,1511567549726189,1024,128,8,341,3
1511567549730049,1511567549730052,1024,128,8,341,3
1511567549733906,1511567549733909,1024,128,8,341,3
1511567549737761,1511567549737764,1024,128,8,341,3
1511567549741622,1511567549741625,1024,128,8,341,3
1511567549745472,1511567549745475,1024,128,8,341,3
1511567549749321,1511567549749324,1024,128,8,341,3
1511567549753170,1511567549753173,1024,128,8,341,3
1511567549757017,1511567549757020,1024,128,8,341,3
1511567549760877,1511567549760880,1024,128,8,341,3
1511567549764723,1511567549764726,1024,128,8,341,3
1511567549768560,1511567549768563,1024,128,8,341,3
1511567549772398,1511567549772401,1024,128,8,341,3
1511567549776246,1511567549776249,1024,128,8,341,3
1511567549780101,1511567549780104,1024,128,8,341,3
1511567549783953,1511567549783956,1024,128,8,341,3
1511567549787807,1511567549787810,1024,128,8,341,3
1511567549791652,1511567549791655,1024,128,8,341,3
1511567549795501,1511567549795504,1024,128,8,341,3
1511567549799375,1511567549799378,1024,128,8,341,3
1511567549803232,1511567549803235,1024,128,8,341,3
1511567549807089,1511567549807092,1024,128,8,341,3
1511567549810932,1511567549810935,1024,128,8,341,3
1511567549814784,1511567549814788,1024,128,8,256,4
1511567549818619,1511567549818622,1024,128,8,341,3
1511567549822468,1511567549822471,1024,128,8,341,3
1511567549826324,1511567549826327,1024,128,8,341,3
1511567549830180,1511567549830183,1024,128,8,341,3
1511567549834022,1511567549834025,1024,128,8,341,3
1511567549837872,1511567549837875,1024,128,8,341,3
1511567549841717,1511567549841720,1024,128,8,341,3
1511567549845553,1511567549845556,1024,128,8,341,3
1511567549849386,1511567549849389,1024,128,8,341,3
1511567549853244,1511567549853247,1024,128,8,341,3
1511567549857100,1511567549857103,1024,128,8,341,3
1511567549860956,1511567549860959,1024,128,8,341,3
1511567549864821,1511567549864824,1024,128,8,341,3
1511567549868689,1511567549868692,1024,128,8,341,3
1511567549872572,1511567549872575,1024,128,8,341,3
1511567549876427,1511567549876430,1024,128,8,341,3
1511567549880293,1511567549880296,1024,128,8,341,3
1511567549884148,1511567549884151,1024,128,8,341,3
1511567549888012,1511567549888015,1024,128,8,341,3
1511567549891867,1511567549891870,1024,128,8,341,3
1511567549895729,1511567549895732,1024,128,8,341,3
1511567549899589,1511567549899592,1024,128,8,341,3
1511567549903437,1511567549903440,1024,128,8,341,3
1511567549907312,1511567549907315,1024,128,8,341,3
1511567549911177,1511567549911180,1024,128,8,341,3
1511567549915049,1511567549915052,1024,128,8,341,3
1511567549918918,1511567549918921,1024,128,8,341,3
1511567549922782,1511567549922786,1024,128,8,256,4
1511567549926642,1511567549926645,1024,128,8,341,3
1511567549930506,1511567549930509,1024,128,8,341,3
1511567549934368,1511567549934371,1024,128,8,341,3
1511567549938227,1511567549938230,1024,128,8,341,3
1511567549942090,1511567549942093,1024,128,8,341,3
1511567549945940,1511567549945943,1024,128,8,341,3
1511567549949783,1511567549949787,1024,128,8,256,4
1511567549953642,1511567549953645,1024,128,8,341,3
1511567549957511,1511567549957514,1024,128,8,341,3
1511567549961353,1511567549961356,1024,128,8,341,3
1511567549965213,1511567549965216,1024,128,8,341,3
1511567549969063,1511567549969066,1024,128,8,341,3
1511567549972930,1511567549972933,1024,128,8,341,3
1511567549976779,1511567549976782,1024,128,8,341,3
1511567549980631,1511567549980634,1024,128,8,341,3
1511567549984456,1511567549984459,1024,128,8,341,3
1511567549988284,1511567549988286,1024,128,8,512,2
1511567549992127,1511567549992130,1024,128,8,341,3
1511567549995962,1511567549995965,1024,128,8,341,3
1511567549999809,1511567549999812,1024,128,8,341,3
1511567550003681,1511567550003684,1024,128,8,341,3
1511567550007523,1511567550007526,1024,128,8,341,3
1511567550011372,1511567550011375,1024,128,8,341,3
1511567550015221,1511567550015224,1024,128,8,341,3
1511567550019070,1511567550019073,1024,128,8,341,3
1511567550022927,1511567550022930,1024,128,8,341,3
1511567550026783,1511567550026787,1024,128,8,256,4
1511567550030630,1511567550030633,1024,128,8,341,3
1511567550034475,1511567550034478,1024,128,8,341,3
1511567550038298,1511567550038301,1024,128,8,341,3
1511567550042126,1511567550042129,1024,128,8,341,3
1511567550045957,1511567550045960,1024,128,8,341,3
1511567550049814,1511567550049817,1024,128,8,341,3
1511567550053675,1511567550053678,1024,128,8,341,3
1511567550057517,1511567550057520,1024,128,8,341,3
1511567550061368,1511567550061371,1024,128,8,341,3
1511567550065244,1511567550065247,1024,128,8,341,3
1511567550069103,1511567550069106,1024,128,8,341,3
1511567550072954,1511567550072957,1024,128,8,341,3
1511567550076806,1511567550076809,1024,128,8,341,3
1511567550080670,1511567550080673,1024,128,8,341,3
1511567550084524,1511567550084527,1024,128,8,341,3
1511567550088378,1511567550088381,1024,128,8,341,3
1511567550092237,1511567550092240,1024,128,8,341,3
1511567550096095,1511567550096098,1024,128,8,341,3
1511567550099947,1511567550099950,1024,128,8,341,3
1511567550103783,1511567550103787,1024,128,8,256,4
1511567550107639,1511567550107642,1024,128,8,341,3
1511567550111497,1511567550111500,1024,128,8,341,3
1511567550115359,1511567550115362,1024,128,8,341,3
1511567550119222,1511567550119225,1024,128,8,341,3
1511567550123071,1511567550123074,1024,128,8,341,3
1511567550126929,1511567550126932,1024,128,8,341,3
1511567550130773,1511567550130776,1024,128,8,341,3
1511567550134623,1511567550134626,1024,128,8,341,3
1511567550138479,1511567550138481,1024,128,8,512,2
1511567550142328,1511567550142331,1024,128,8,341,3
1511567550146170,1511567550146173,1024,128,8,341,3
1511567550150028,1511567550150031,1024,128,8,341,3
1511567550153867,1511567550153870,1024,128,8,341,3
1511567550157702,1511567550157705,1024,128,8,341,3
1511567550161545,1511567550161548,1024,128,8,341,3
1511567550165389,1511567550165392,1024,128,8,341,3
1511567550169239,1511567550169242,1024,128,8,341,3
1511567550173088,1511567550173091,1024,128,8,341,3
1511567550176937,1511567550176940,1024,128,8,341,3
1511567550180780,1511567550180783,1024,128,8,341,3
1511567550184619,1511567550184622,1024,128,8,341,3
1511567550188473,1511567550188476,1024,128,8,341,3
1511567550192329,1511567550192332,1024,128,8,341,3
1511567550196167,1511567550196170,1024,128,8,341,3
1511567550200002,1511567550200005,1024,128,8,341,3
1511567550203856,1511567550203859,1024,128,8,341,3
1511567550207706,1511567550207709,1024,128,8,341,3
1511567550211559,1511567550211562,1024,128,8,341,3
1511567550215396,1511567550215399,1024,128,8,341,3
1511567550219242,1511567550219245,1024,128,8,341,3
1511567550223092,1511567550223095,1024,128,8,341,3
1511567550226931,1511567550226934,1024,128,8,341,3
1511567550230778,1511567550230781,1024,128,8,341,3
1511567550234625,1511567550234628,1024,128,8,341,3
1511567550238466,1511567550238469,1024,128,8,341,3
1511567550242331,1511567550242334,1024,128,8,341,3
1511567550246189,1511567550246192,1024,128,8,341,3
1511567550250040,1511567550250043,1024,128,8,341,3
1511567550253895,1511567550253898,1024,128,8,341,3
1511567550257757,1511567550257760,1024,128,8,341,3
1511567550261618,1511567550261621,1024,128,8,341,3
1511567550265489,1511567550265492,1024,128,8,341,3
1511567550269334,1511567550269337,1024,128,8,341,3
1511567550273176,1511567550273179,1024,128,8,341,3
1511567550277025,1511567550277028,1024,128,8,341,3
1511567550280896,1511567550280899,1024,128,8,341,3
1511567550284755,1511567550284758,1024,128,8,341,3
1511567550288617,1511567550288620,1024,128,8,341,3
1511567550292467,1511567550292470,1024,128,8,341,3
1511567550296316,1511567550296319,1024,128,8,341,3
1511567550300160,1511567550300163,1024,128,8,341,3
1511567550304008,1511567550304011,1024,128,8,341,3
1511567550307850,1511567550307853,1024,128,8,341,3
1511567550311711,1511567550311714,1024,128,8,341,3
1511567550315572,1511567550315575,1024,128,8,341,3
1511567550319434,1511567550319437,1024,128,8,341,3
1511567550323271,1511567550323274,1024,128,8,341,3
1511567550327123,1511567550327126,1024,128,8,341,3
1511567550330994,1511567550330997,1024,128,8,341,3
1511567550334865,1511567550334868,1024,128,8,341,3
1511567550338721,1511567550338724,1024,128,8,341,3
1511567550342587,1511567550342590,1024,128,8,341,3
1511567550346450,1511567550346453,1024,128,8,341,3
1511567550350313,1511567550350316,1024,128,8,341,3
1511567550354180,1511567550354183,1024,128,8,341,3
1511567550358032,1511567550358035,1024,128,8,341,3
1511567550361870,1511567550361873,1024,128,8,341,3
1511567550365731,1511567550365734,1024,128,8,341,3
1511567550369599,1511567550369602,1024,128,8,341,3
1511567550373448,1511567550373451,1024,128,8,341,3
1511567550377298,1511567550377301,1024,128,8,341,3
1511567550381150,1511567550381153,1024,128,8,341,3
1511567550384996,1511567550384999,1024,128,8,341,3
1511567550388853,1511567550388856,1024,128,8,341,3
1511567550392718,1511567550392721,1024,128,8,341,3
1511567550396574,1511567550396577,1024,128,8,341,3
1511567550400427,1511567550400430,1024,128,8,341,3
1511567550404292,1511567550404295,1024,128,8,341,3
1511567550408172,1511567550408175,1024,128,8,341,3
1511567550412033,1511567550412036,1024,128,8,341,3
1511567550415890,1511567550415893,1024,128,8,341,3
1511567550419769,1511567550419772,1024,128,8,341,3
1511567550423629,1511567550423632,1024,128,8,341,3
1511567550427482,1511567550427485,1024,128,8,341,3
1511567550431309,1511567550431312,1024,128,8,341,3
1511567550435131,1511567550435134,1024,128,8,341,3
1511567550438980,1511567550438983,1024,128,8,341,3
1511567550442829,1511567550442832,1024,128,8,341,3
1511567550446693,1511567550446696,1024,128,8,341,3
1511567550450544,1511567550450547,1024,128,8,341,3
1511567550454405,1511567550454408,1024,128,8,341,3
1511567550458262,1511567550458264,1024,128,8,512,2
1511567550462129,1511567550462132,1024,128,8,341,3
1511567550465974,1511567550465977,1024,128,8,341,3
1511567550469839,1511567550469842,1024,128,8,341,3
1511567550473670,1511567550473673,1024,128,8,341,3
1511567550477488,1511567550477491,1024,128,8,341,3
1511567550481352,1511567550481355,1024,128,8,341,3
1511567550485214,1511567550485217,1024,128,8,341,3
1511567550489081,1511567550489084,1024,128,8,341,3
1511567550492954,1511567550492957,1024,128,8,341,3
1511567550496826,1511567550496829,1024,128,8,341,3
1511567550500690,1511567550500693,1024,128,8,341,3
1511567550504557,1511567550504560,1024,128,8,341,3
1511567550508427,1511567550508429,1024,128,8,512,2
1511567550512285,1511567550512288,1024,128,8,341,3
1511567550516157,1511567550516160,1024,128,8,341,3
1511567550520018,1511567550520021,1024,128,8,341,3
1511567550523865,1511567550523868,1024,128,8,341,3
1511567550527709,1511567550527712,1024,128,8,341,3
1511567550531593,1511567550531596,1024,128,8,341,3
1511567550535447,1511567550535449,1024,128,8,512,2
1511567550539283,1511567550539286,1024,128,8,341,3
1511567550543135,1511567550543138,1024,128,8,341,3
1511567550546988,1511567550546991,1024,128,8,341,3
1511567550550823,1511567550550826,1024,128,8,341,3
1511567550554657,1511567550554660,1024,128,8,341,3
1511567550558514,1511567550558517,1024,128,8,341,3
1511567550562388,1511567550562391,1024,128,8,341,3
1511567550566242,1511567550566244,1024,128,8,512,2
1511567550570096,1511567550570099,1024,128,8,341,3
1511567550573951,1511567550573954,1024,128,8,341,3
1511567550577770,1511567550577773,1024,128,8,341,3
1511567550581620,1511567550581623,1024,128,8,341,3
1511567550585464,1511567550585467,1024,128,8,341,3
1511567550589327,1511567550589330,1024,128,8,341,3
1511567550593182,1511567550593185,1024,128,8,341,3
1511567550597029,1511567550597032,1024,128,8,341,3
1511567550600880,1511567550600883,1024,128,8,341,3
1511567550604736,1511567550604739,1024,128,8,341,3
1511567550608590,1511567550608593,1024,128,8,341,3
1511567550612442,1511567550612445,1024,128,8,341,3
1511567550616287,1511567550616290,1024,128,8,341,3
1511567550620141,1511567550620144,1024,128,8,341,3
1511567550623995,1511567550623998,1024,128,8,341,3
1511567550627837,1511567550627840,1024,128,8,341,3
1511567550631676,1511567550631679,1024,128,8,341,3
1511567550635519,1511567550635522,1024,128,8,341,3
1511567550639354,1511567550639357,1024,128,8,341,3
1511567550643200,1511567550643203,1024,128,8,341,3
1511567550647026,1511567550647029,1024,128,8,341,3
1511567550650859,1511567550650862,1024,128,8,341,3
1511567550654684,1511567550654687,1024,128,8,341,3
1511567550658525,1511567550658528,1024,128,8,341,3
1511567550662364,1511567550662367,1024,128,8,341,3
1511567550666197,1511567550666200,1024,128,8,341,3
1511567550670016,1511567550670019,1024,128,8,341,3
1511567550673831,1511567550673834,1024,128,8,341,3
1511567550677667,1511567550677670,1024,128,8,341,3
1511567550681496,1511567550681499,1024,128,8,341,3
1511567550685337,1511567550685340,1024,128,8,341,3
1511567550689189,1511567550689192,1024,128,8,341,3
1511567550693016,1511567550693019,1024,128,8,341,3
1511567550696846,1511567550696849,1024,128,8,341,3
1511567550700675,1511567550700678,1024,128,8,341,3
1511567550704520,1511567550704523,1024,128,8,341,3
1511567550708366,1511567550708369,1024,128,8,341,3
1511567550712205,1511567550712208,1024,128,8,341,3
1511567550716054,1511567550716057,1024,128,8,341,3
1511567550719883,1511567550719886,1024,128,8,341,3
1511567550723728,1511567550723731,1024,128,8,341,3
1511567550727569,1511567550727572,1024,128,8,341,3
1511567550731417,1511567550731420,1024,128,8,341,3
1511567550735249,1511567550735252,1024,128,8,341,3
1511567550739114,1511567550739116,1024,128,8,512,2
1511567550742955,1511567550742958,1024,128,8,341,3
1511567550746792,1511567550746795,1024,128,8,341,3
1511567550750636,1511567550750639,1024,128,8,341,3
1511567550754471,1511567550754474,1024,128,8,341,3
1511567550758313,1511567550758316,1024,128,8,341,3
1511567550762156,1511567550762159,1024,128,8,341,3
1511567550765993,1511567550765996,1024,128,8,341,3
1511567550769874,1511567550769877,1024,128,8,341,3
1511567550773731,1511567550773734,1024,128,8,341,3
1511567550777566,1511567550777568,1024,128,8,512,2
1511567550781414,1511567550781417,1024,128,8,341,3
1511567550785271,1511567550785274,1024,128,8,341,3
1511567550789101,1511567550789104,1024,128,8,341,3
1511567550792963,1511567550792966,1024,128,8,341,3
1511567550796821,1511567550796824,1024,128,8,341,3
1511567550800671,1511567550800674,1024,128,8,341,3
1511567550804506,1511567550804509,1024,128,8,341,3
1511567550808351,1511567550808354,1024,128,8,341,3
1511567550812201,1511567550812204,1024,128,8,341,3
1511567550816064,1511567550816067,1024,128,8,341,3
1511567550819897,1511567550819900,1024,128,8,341,3
1511567550823736,1511567550823739,1024,128,8,341,3
1511567550827588,1511567550827591,1024,128,8,341,3
1511567550831449,1511567550831452,1024,128,8,341,3
1511567550835301,1511567550835304,1024,128,8,341,3
1511567550839150,1511567550839153,1024,128,8,341,3
1511567550843002,1511567550843005,1024,128,8,341,3
1511567550846851,1511567550846854,1024,128,8,341,3
1511567550850712,1511567550850715,1024,128,8,341,3
1511567550854560,1511567550854563,1024,128,8,341,3
1511567550858421,1511567550858424,1024,128,8,341,3
1511567550862281,1511567550862284,1024,128,8,341,3
1511567550866115,1511567550866118,1024,128,8,341,3
1511567550869972,1511567550869975,1024,128,8,341,3
1511567550873803,1511567550873806,1024,128,8,341,3
1511567550877648,1511567550877651,1024,128,8,341,3
1511567550881499,1511567550881502,1024,128,8,341,3
1511567550885371,1511567550885374,1024,128,8,341,3
1511567550889220,1511567550889223,1024,128,8,341,3
1511567550893058,1511567550893061,1024,128,8,341,3
1511567550896906,1511567550896909,1024,128,8,341,3
1511567550900781,1511567550900784,1024,128,8,341,3
1511567550904630,1511567550904633,1024,128,8,341,3
1511567550908486,1511567550908489,1024,128,8,341,3
1511567550912333,1511567550912336,1024,128,8,341,3
1511567550916193,1511567550916196,1024,128,8,341,3
1511567550920048,1511567550920051,1024,128,8,341,3
1511567550923959,1511567550923962,1024,128,8,341,3
1511567550927818,1511567550927821,1024,128,8,341,3
1511567550931678,1511567550931681,1024,128,8,341,3
1511567550935541,1511567550935544,1024,128,8,341,3
1511567550939373,1511567550939376,1024,128,8,341,3
1511567550943235,1511567550943238,1024,128,8,341,3
1511567550947082,1511567550947085,1024,128,8,341,3
1511567550950947,1511567550950950,1024,128,8,341,3
1511567550954808,1511567550954811,1024,128,8,341,3
1511567550958656,1511567550958659,1024,128,8,341,3
1511567550962507,1511567550962510,1024,128,8,341,3
1511567550966356,1511567550966359,1024,128,8,341,3
1511567550970208,1511567550970211,1024,128,8,341,3
1511567550974062,1511567550974065,1024,128,8,341,3
1511567550977908,1511567550977911,1024,128,8,341,3
1511567550981741,1511567550981743,1024,128,8,512,2
1511567550985579,1511567550985582,1024,128,8,341,3
1511567550989424,1511567550989427,1024,128,8,341,3
1511567550993257,1511567550993260,1024,128,8,341,3
1511567550997104,1511567550997107,1024,128,8,341,3
1511567551000956,1511567551000959,1024,128,8,341,3
1511567551004807,1511567551004809,1024,128,8,512,2
1511567551008661,1511567551008664,1024,128,8,341,3
1511567551012529,1511567551012532,1024,128,8,341,3
1511567551016389,1511567551016392,1024,128,8,341,3
1511567551020239,1511567551020242,1024,128,8,341,3
1511567551024084,1511567551024087,1024,128,8,341,3
1511567551027932,1511567551027935,1024,128,8,341,3
1511567551031773,1511567551031776,1024,128,8,341,3
1511567551035621,1511567551035624,1024,128,8,341,3
1511567551039469,1511567551039472,1024,128,8,341,3
1511567551043321,1511567551043324,1024,128,8,341,3
1511567551047146,1511567551047149,1024,128,8,341,3
1511567551050987,1511567551050990,1024,128,8,341,3
1511567551054854,1511567551054857,1024,128,8,341,3
1511567551058714,1511567551058717,1024,128,8,341,3
1511567551062581,1511567551062584,1024,128,8,341,3
1511567551066453,1511567551066456,1024,128,8,341,3
1511567551070323,1511567551070326,1024,128,8,341,3
1511567551074184,1511567551074187,1024,128,8,341,3
1511567551078044,1511567551078047,1024,128,8,341,3
1511567551081889,1511567551081892,1024,128,8,341,3
1511567551085737,1511567551085740,1024,128,8,341,3
1511567551089595,1511567551089598,1024,128,8,341,3
1511567551093459,1511567551093462,1024,128,8,341,3
1511567551097296,1511567551097299,1024,128,8,341,3
1511567551101134,1511567551101137,1024,128,8,341,3
1511567551104977,1511567551104980,1024,128,8,341,3
1511567551108818,1511567551108821,1024,128,8,341,3
1511567551112670,1511567551112673,1024,128,8,341,3
1511567551116523,1511567551116526,1024,128,8,341,3
1511567551120390,1511567551120393,1024,128,8,341,3
1511567551124240,1511567551124243,1024,128,8,341,3
1511567551128080,1511567551128082,1024,128,8,512,2
1511567551131940,1511567551131943,1024,128,8,341,3
1511567551135794,1511567551135797,1024,128,8,341,3
1511567551139641,1511567551139644,1024,128,8,341,3
1511567551143477,1511567551143479,1024,128,8,512,2
1511567551147327,1511567551147330,1024,128,8,341,3
1511567551151163,1511567551151166,1024,128,8,341,3
1511567551155009,1511567551155012,1024,128,8,341,3
1511567551158854,1511567551158857,1024,128,8,341,3
1511567551162694,1511567551162697,1024,128,8,341,3
1511567551166560,1511567551166563,1024,128,8,341,3
1511567551170398,1511567551170401,1024,128,8,341,3
1511567551174231,1511567551174234,1024,128,8,341,3
1511567551178055,1511567551178058,1024,128,8,341,3
1511567551181894,1511567551181897,1024,128,8,341,3
1511567551185734,1511567551185737,1024,128,8,341,3
1511567551189563,1511567551189566,1024,128,8,341,3
1511567551193426,1511567551193428,1024,128,8,512,2
1511567551197268,1511567551197271,1024,128,8,341,3
1511567551201125,1511567551201128,1024,128,8,341,3
1511567551204969,1511567551204972,1024,128,8,341,3
1511567551208815,1511567551208818,1024,128,8,341,3
1511567551212668,1511567551212671,1024,128,8,341,3
1511567551216518,1511567551216521,1024,128,8,341,3
1511567551220354,1511567551220357,1024,128,8,341,3
1511567551224204,1511567551224207,1024,128,8,341,3
1511567551228057,1511567551228060,1024,128,8,341,3
1511567551231897,1511567551231899,1024,128,8,512,2
1511567551235747,1511567551235750,1024,128,8,341,3
1511567551239594,1511567551239597,1024,128,8,341,3
1511567551243447,1511567551243450,1024,128,8,341,3
1511567551247285,1511567551247288,1024,128,8,341,3
1511567551251115,1511567551251118,1024,128,8,341,3
1511567551254956,1511567551254959,1024,128,8,341,3
1511567551258799,1511567551258802,1024,128,8,341,3
1511567551262655,1511567551262658,1024,128,8,341,3
1511567551266511,1511567551266514,1024,128,8,341,3
1511567551270341,1511567551270344,1024,128,8,341,3
1511567551274180,1511567551274183,1024,128,8,341,3
1511567551278036,1511567551278039,1024,128,8,341,3
1511567551281897,1511567551281900,1024,128,8,341,3
1511567551285739,1511567551285742,1024,128,8,341,3
1511567551289586,1511567551289589,1024,128,8,341,3
1511567551293433,1511567551293436,1024,128,8,341,3
1511567551297292,1511567551297295,1024,128,8,341,3
1511567551301137,1511567551301140,1024,128,8,341,3
1511567551304980,1511567551304983,1024,128,8,341,3
1511567551308814,1511567551308817,1024,128,8,341,3
1511567551312651,1511567551312654,1024,128,8,341,3
1511567551316487,1511567551316490,1024,128,8,341,3
1511567551320319,1511567551320322,1024,128,8,341,3
1511567551324136,1511567551324139,1024,128,8,341,3
1511567551327960,1511567551327963,1024,128,8,341,3
1511567551331806,1511567551331809,1024,128,8,341,3
1511567551335652,1511567551335655,1024,128,8,341,3
1511567551339513,1511567551339516,1024,128,8,341,3
1511567551343370,1511567551343373,1024,128,8,341,3
1511567551347225,1511567551347228,1024,128,8,341,3
1511567551351067,1511567551351070,1024,128,8,341,3
1511567551354906,1511567551354909,1024,128,8,341,3
1511567551358754,1511567551358757,1024,128,8,341,3
1511567551362594,1511567551362597,1024,128,8,341,3
1511567551366440,1511567551366443,1024,128,8,341,3
1511567551370294,1511567551370297,1024,128,8,341,3
1511567551374159,1511567551374162,1024,128,8,341,3
1511567551378023,1511567551378026,1024,128,8,341,3
1511567551381887,1511567551381890,1024,128,8,341,3
1511567551385734,1511567551385737,1024,128,8,341,3
1511567551389581,1511567551389583,1024,128,8,512,2
1511567551393425,1511567551393428,1024,128,8,341,3
1511567551397279,1511567551397282,1024,128,8,341,3
1511567551401140,1511567551401143,1024,128,8,341,3
1511567551404996,1511567551404999,1024,128,8,341,3
1511567551408847,1511567551408850,1024,128,8,341,3
1511567551412715,1511567551412718,1024,128,8,341,3
1511567551416568,1511567551416571,1024,128,8,341,3
1511567551420440,1511567551420443,1024,128,8,341,3
1511567551424306,1511567551424309,1024,128,8,341,3
1511567551428172,1511567551428175,1024,128,8,341,3
1511567551432034,1511567551432037,1024,128,8,341,3
1511567551435885,1511567551435888,1024,128,8,341,3
1511567551439746,1511567551439749,1024,128,8,341,3
1511567551443601,1511567551443604,1024,128,8,341,3
1511567551447458,1511567551447461,1024,128,8,341,3
1511567551451296,1511567551451299,1024,128,8,341,3
1511567551455159,1511567551455162,1024,128,8,341,3
1511567551459022,1511567551459025,1024,128,8,341,3
1511567551462878,1511567551462881,1024,128,8,341,3
1511567551466749,1511567551466752,1024,128,8,341,3
1511567551470596,1511567551470599,1024,128,8,341,3
1511567551474450,1511567551474453,1024,128,8,341,3
1511567551478287,1511567551478290,1024,128,8,341,3
1511567551482166,1511567551482169,1024,128,8,341,3
1511567551486034,1511567551486037,1024,128,8,341,3
1511567551489884,1511567551489887,1024,128,8,341,3
1511567551493726,1511567551493729,1024,128,8,341,3
1511567551497581,1511567551497584,1024,128,8,341,3
1511567551501424,1511567551501427,1024,128,8,341,3
1511567551505272,1511567551505275,1024,128,8,341,3
1511567551509126,1511567551509129,1024,128,8,341,3
1511567551512985,1511567551512988,1024,128,8,341,3
1511567551516855,1511567551516858,1024,128,8,341,3
1511567551520728,1511567551520731,1024,128,8,341,3
1511567551524597,1511567551524600,1024,128,8,341,3
1511567551528459,1511567551528462,1024,128,8,341,3
1511567551532332,1511567551532335,1024,128,8,341,3
1511567551536193,1511567551536195,1024,128,8,512,2
1511567551540060,1511567551540063,1024,128,8,341,3
1511567551543931,1511567551543934,1024,128,8,341,3
1511567551547782,1511567551547786,1024,128,8,256,4
1511567551551634,1511567551551637,1024,128,8,341,3
1511567551555481,1511567551555484,1024,128,8,341,3
1511567551559315,1511567551559318,1024,128,8,341,3
1511567551563165,1511567551563168,1024,128,8,341,3
1511567551567022,1511567551567025,1024,128,8,341,3
1511567551570873,1511567551570876,1024,128,8,341,3
1511567551574729,1511567551574732,1024,128,8,341,3
1511567551578581,1511567551578584,1024,128,8,341,3
1511567551582432,1511567551582435,1024,128,8,341,3
1511567551586278,1511567551586281,1024,128,8,341,3
1511567551590144,1511567551590147,1024,128,8,341,3
1511567551593985,1511567551593988,1024,128,8,341,3
1511567551597835,1511567551597837,1024,128,8,512,2
1511567551601693,1511567551601696,1024,128,8,341,3
1511567551605546,1511567551605549,1024,128,8,341,3
1511567551609394,1511567551609397,1024,128,8,341,3
