42975016492,42975048589,20971520,1310720,16,653,32097
42975230834,42975267385,20971520,1310720,16,573,36551
42975452441,42975485411,20971520,1310720,16,636,32970
42975656993,42975687717,20971520,1310720,16,682,30724
42975855600,42975891806,20971520,1310720,16,579,36206
42976063556,42976095774,20971520,1310720,16,650,32218
42976265759,42976300305,20971520,1310720,16,607,34546
42976468282,42976499353,20971520,1310720,16,674,31071
42976669081,42976699790,20971520,1310720,16,682,30709
42976867789,42976899059,20971520,1310720,16,670,31270
42977068321,42977101162,20971520,1310720,16,638,32841
42977271584,42977302750,20971520,1310720,16,672,31166
42977472122,42977503900,20971520,1310720,16,659,31778
42977674886,42977706668,20971520,1310720,16,659,31782
42977877260,42977909196,20971520,1310720,16,656,31936
42978077305,42978106201,20971520,1310720,16,725,28896
42978271808,42978306692,20971520,1310720,16,601,34884
42978477558,42978508557,20971520,1310720,16,676,30999
42978678737,42978710098,20971520,1310720,16,668,31361
42978881024,42978915958,20971520,1310720,16,600,34934
42979099518,42979129970,20971520,1310720,16,688,30452
42979294006,42979327594,20971520,1310720,16,624,33588
42979497962,42979526381,20971520,1310720,16,737,28419
42979689184,42979719529,20971520,1310720,16,691,30345
42979884523,42979914544,20971520,1310720,16,698,30021
42980080255,42980110347,20971520,1310720,16,696,30092
42980276295,42980308228,20971520,1310720,16,656,31933
42980484445,42980516317,20971520,1310720,16,657,31872
42980683631,42980714759,20971520,1310720,16,673,31128
42980880319,42980910018,20971520,1310720,16,706,29699
42981073775,42981106603,20971520,1310720,16,638,32828
42981271688,42981302672,20971520,1310720,16,676,30984
42981470724,42981501300,20971520,1310720,16,685,30576
42981665447,42981694378,20971520,1310720,16,724,28931
42981859159,42981891701,20971520,1310720,16,644,32542
42982060077,42982091499,20971520,1310720,16,667,31422
42982261223,42982291262,20971520,1310720,16,698,30039
42982460319,42982489164,20971520,1310720,16,727,28845
42982654632,42982686267,20971520,1310720,16,662,31635
42982853183,42982882765,20971520,1310720,16,708,29582
42983050904,42983079391,20971520,1310720,16,736,28487
42983247312,42983276463,20971520,1310720,16,719,29151
42983439646,42983469880,20971520,1310720,16,693,30234
42983635510,42983664858,20971520,1310720,16,714,29348
42983828974,42983859718,20971520,1310720,16,682,30744
42984022373,42984052496,20971520,1310720,16,696,30123
42984217371,42984246449,20971520,1310720,16,721,29078
42984407151,42984440097,20971520,1310720,16,636,32946
42984606623,42984636006,20971520,1310720,16,713,29383
42984802572,42984832334,20971520,1310720,16,704,29762
42984998566,42985029278,20971520,1310720,16,682,30712
42985196421,42985226685,20971520,1310720,16,692,30264
42985390252,42985422126,20971520,1310720,16,657,31874
42985587556,42985617269,20971520,1310720,16,705,29713
42985781971,42985813640,20971520,1310720,16,662,31669
42985980397,42986010105,20971520,1310720,16,705,29708
42986178797,42986208337,20971520,1310720,16,709,29540
42986373588,42986403996,20971520,1310720,16,689,30408
42986570341,42986599921,20971520,1310720,16,708,29580
42986765274,42986796410,20971520,1310720,16,673,31136
42986963242,42986994581,20971520,1310720,16,669,31339
42987160903,42987190716,20971520,1310720,16,703,29813
42987355556,42987385176,20971520,1310720,16,708,29620
42987550970,42987580711,20971520,1310720,16,705,29741
42987744177,42987775257,20971520,1310720,16,674,31080
42987942374,42987971915,20971520,1310720,16,709,29541
42988134726,42988164442,20971520,1310720,16,705,29716
42988331553,42988385692,20971520,1310720,16,387,54139
42988612205,42988648671,20971520,1310720,16,575,36466
42988823601,42988855708,20971520,1310720,16,653,32107
42989027340,42989058209,20971520,1310720,16,679,30869
42989225511,42989256197,20971520,1310720,16,683,30686
42989426361,42989456326,20971520,1310720,16,699,29965
42989629381,42989660097,20971520,1310720,16,682,30716
42989826143,42989856512,20971520,1310720,16,690,30369
42990020254,42990049569,20971520,1310720,16,715,29315
42990213617,42990241891,20971520,1310720,16,741,28274
42990405661,42990434542,20971520,1310720,16,726,28881
42990595768,42990625136,20971520,1310720,16,714,29368
42990787439,42990816865,20971520,1310720,16,712,29426
42990979061,42991009687,20971520,1310720,16,684,30626
42991174801,42991204888,20971520,1310720,16,697,30087
42991369416,42991400683,20971520,1310720,16,670,31267
42991570203,42991600299,20971520,1310720,16,696,30096
42991764919,42991792164,20971520,1310720,16,769,27245
42991952292,42991983058,20971520,1310720,16,681,30766
42992147727,42992175323,20971520,1310720,16,759,27596
42992343511,42992373497,20971520,1310720,16,699,29986
42992542281,42992573058,20971520,1310720,16,681,30777
42992734770,42992764857,20971520,1310720,16,697,30087
42992938289,42992969687,20971520,1310720,16,667,31398
42993136631,42993168706,20971520,1310720,16,653,32075
42993334855,42993363150,20971520,1310720,16,741,28295
42993528498,42993558535,20971520,1310720,16,698,30037
42993722484,42993750597,20971520,1310720,16,745,28113
42993916439,42993946786,20971520,1310720,16,691,30347
42994110881,42994139887,20971520,1310720,16,723,29006
42994300867,42994329449,20971520,1310720,16,733,28582
42994494661,42994525623,20971520,1310720,16,677,30962
42994691381,42994722139,20971520,1310720,16,681,30758
42994886785,42994917231,20971520,1310720,16,688,30446
42995082938,42995114366,20971520,1310720,16,667,31428
42995281249,42995312215,20971520,1310720,16,677,30966
42995479620,42995511253,20971520,1310720,16,662,31633
42995675617,42995704858,20971520,1310720,16,717,29241
42995868492,42995897581,20971520,1310720,16,720,29089
42996060720,42996091550,20971520,1310720,16,680,30830
42996258279,42996286865,20971520,1310720,16,733,28586
42996452107,42996481416,20971520,1310720,16,715,29309
42996648714,42996679018,20971520,1310720,16,692,30304
42996843148,42996872580,20971520,1310720,16,712,29432
42997038132,42997070741,20971520,1310720,16,643,32609
42997235767,42997265887,20971520,1310720,16,696,30120
42997432669,42997462588,20971520,1310720,16,700,29919
42997625013,42997654374,20971520,1310720,16,714,29361
42997817287,42997847133,20971520,1310720,16,702,29846
42998011448,42998040283,20971520,1310720,16,727,28835
42998204324,42998237737,20971520,1310720,16,627,33413
42998406334,42998435689,20971520,1310720,16,714,29355
42998601314,42998631903,20971520,1310720,16,685,30589
42998796707,42998825734,20971520,1310720,16,722,29027
42998992101,42999022371,20971520,1310720,16,692,30270
42999186117,42999214640,20971520,1310720,16,735,28523
42999377800,42999406925,20971520,1310720,16,720,29125
42999572126,42999601635,20971520,1310720,16,710,29509
42999777904,42999820805,20971520,1310720,16,488,42901
43000013719,43000051576,20971520,1310720,16,553,37857
43000227323,43000255883,20971520,1310720,16,734,28560
43000422702,43000450520,20971520,1310720,16,753,27818
43000619904,43000650897,20971520,1310720,16,676,30993
43000818793,43000849085,20971520,1310720,16,692,30292
43001019088,43001052165,20971520,1310720,16,634,33077
43001221124,43001250857,20971520,1310720,16,705,29733
43001420554,43001448917,20971520,1310720,16,739,28363
43001614353,43001643366,20971520,1310720,16,722,29013
43001807281,43001836717,20971520,1310720,16,712,29436
43002004096,43002039081,20971520,1310720,16,599,34985
43002208964,43002238806,20971520,1310720,16,702,29842
43002406404,43002437235,20971520,1310720,16,680,30831
43002604304,43002633632,20971520,1310720,16,715,29328
43002802431,43002835363,20971520,1310720,16,636,32932
43003004162,43003033655,20971520,1310720,16,711,29493
43003199018,43003232952,20971520,1310720,16,618,33934
43003403081,43003436683,20971520,1310720,16,624,33602
43003607849,43003638591,20971520,1310720,16,682,30742
43003805858,43003835616,20971520,1310720,16,704,29758
43004027630,43004068020,20971520,1310720,16,519,40390
43004248600,43004280159,20971520,1310720,16,664,31559
43004446295,43004476473,20971520,1310720,16,694,30178
43004643384,43004674012,20971520,1310720,16,684,30628
43004838465,43004868086,20971520,1310720,16,707,29621
43005032757,43005063972,20971520,1310720,16,671,31215
43005230809,43005260745,20971520,1310720,16,700,29936
43005424001,43005453484,20971520,1310720,16,711,29483
43005617639,43005646484,20971520,1310720,16,727,28845
43005810764,43005838482,20971520,1310720,16,756,27718
43006004209,43006033340,20971520,1310720,16,719,29131
43006202232,43006231891,20971520,1310720,16,707,29659
43006398549,43006427897,20971520,1310720,16,714,29348
43006597846,43006627112,20971520,1310720,16,716,29266
43006795280,43006824047,20971520,1310720,16,729,28767
43006991121,43007020420,20971520,1310720,16,715,29299
43007187522,43007217364,20971520,1310720,16,702,29842
43007384727,43007414645,20971520,1310720,16,700,29918
43007582143,43007612361,20971520,1310720,16,694,30218
43007777408,43007806221,20971520,1310720,16,727,28813
43007970086,43007999096,20971520,1310720,16,722,29010
43008165831,43008194285,20971520,1310720,16,737,28454
43008360336,43008388438,20971520,1310720,16,746,28102
43008552503,43008582031,20971520,1310720,16,710,29528
43008748260,43008779398,20971520,1310720,16,673,31138
43008942537,43008972980,20971520,1310720,16,688,30443
43009138248,43009167115,20971520,1310720,16,726,28867
43009329525,43009358102,20971520,1310720,16,733,28577
43009522010,43009549758,20971520,1310720,16,755,27748
43009715944,43009746465,20971520,1310720,16,687,30521
43009909942,43009939711,20971520,1310720,16,704,29769
43010106506,43010135928,20971520,1310720,16,712,29422
43010299571,43010328655,20971520,1310720,16,721,29084
43010494507,43010524541,20971520,1310720,16,698,30034
43010689419,43010717807,20971520,1310720,16,738,28388
43010882551,43010911480,20971520,1310720,16,724,28929
43011077048,43011106177,20971520,1310720,16,719,29129
43011275276,43011304205,20971520,1310720,16,724,28929
43011470715,43011499577,20971520,1310720,16,726,28862
43011664179,43011692833,20971520,1310720,16,731,28654
43011856491,43011885408,20971520,1310720,16,725,28917
43012049573,43012079431,20971520,1310720,16,702,29858
43012246753,43012276946,20971520,1310720,16,694,30193
43012443437,43012471953,20971520,1310720,16,735,28516
43012637744,43012665362,20971520,1310720,16,759,27618
43012827632,43012858069,20971520,1310720,16,689,30437
43013023267,43013051681,20971520,1310720,16,738,28414
43013216072,43013247254,20971520,1310720,16,672,31182
43013409746,43013438497,20971520,1310720,16,729,28751
43013604288,43013632791,20971520,1310720,16,735,28503
43013802927,43013833499,20971520,1310720,16,685,30572
43013998670,43014027999,20971520,1310720,16,715,29329
43014189220,43014219318,20971520,1310720,16,696,30098
43014381298,43014411914,20971520,1310720,16,684,30616
43014577336,43014607076,20971520,1310720,16,705,29740
43014770620,43014799561,20971520,1310720,16,724,28941
43014965673,43014994363,20971520,1310720,16,730,28690
43015157983,43015186475,20971520,1310720,16,736,28492
43015350508,43015379695,20971520,1310720,16,718,29187
43015544232,43015572499,20971520,1310720,16,741,28267
43015735118,43015764685,20971520,1310720,16,709,29567
43015928988,43015957792,20971520,1310720,16,728,28804
43016121091,43016149993,20971520,1310720,16,725,28902
43016316228,43016347418,20971520,1310720,16,672,31190
43016513589,43016542878,20971520,1310720,16,716,29289
43016706403,43016735018,20971520,1310720,16,732,28615
43016898275,43016927743,20971520,1310720,16,711,29468
43017092318,43017122844,20971520,1310720,16,687,30526
43017290122,43017320418,20971520,1310720,16,692,30296
43017484614,43017514154,20971520,1310720,16,709,29540
43017679059,43017707701,20971520,1310720,16,732,28642
43017871331,43017900009,20971520,1310720,16,731,28678
43018063767,43018092194,20971520,1310720,16,737,28427
43018256235,43018284753,20971520,1310720,16,735,28518
43018447201,43018475951,20971520,1310720,16,729,28750
43018640347,43018668698,20971520,1310720,16,739,28351
43018832172,43018862070,20971520,1310720,16,701,29898
43019025897,43019054781,20971520,1310720,16,726,28884
43019219141,43019247931,20971520,1310720,16,728,28790
43019409996,43019439924,20971520,1310720,16,700,29928
43019606183,43019636032,20971520,1310720,16,702,29849
43019800344,43019829953,20971520,1310720,16,708,29609
43019996413,43020025366,20971520,1310720,16,724,28953
43020188565,43020217223,20971520,1310720,16,731,28658
43020382264,43020411430,20971520,1310720,16,719,29166
43020574196,43020603054,20971520,1310720,16,726,28858
43020776634,43020807630,20971520,1310720,16,676,30996
43020974833,43021003966,20971520,1310720,16,719,29133
43021166201,43021195041,20971520,1310720,16,727,28840
43021363171,43021393761,20971520,1310720,16,685,30590
43021561402,43021590288,20971520,1310720,16,726,28886
43021751825,43021779904,20971520,1310720,16,746,28079
43021940651,43021969842,20971520,1310720,16,718,29191
43022134298,43022165293,20971520,1310720,16,676,30995
43022329933,43022359370,20971520,1310720,16,712,29437
43022525292,43022553286,20971520,1310720,16,749,27994
43022723430,43022751636,20971520,1310720,16,743,28206
43022916489,43022944858,20971520,1310720,16,739,28369
43023110385,43023140807,20971520,1310720,16,689,30422
43023307470,43023336402,20971520,1310720,16,724,28932
43023499817,43023530337,20971520,1310720,16,687,30520
43023696005,43023724824,20971520,1310720,16,727,28819
43023887580,43023917420,20971520,1310720,16,702,29840
43024080716,43024109680,20971520,1310720,16,724,28964
43024273049,43024301194,20971520,1310720,16,745,28145
43024463948,43024492403,20971520,1310720,16,737,28455
43024654755,43024684554,20971520,1310720,16,703,29799
43024848650,43024877780,20971520,1310720,16,719,29130
43025042152,43025070575,20971520,1310720,16,737,28423
43025232462,43025263226,20971520,1310720,16,681,30764
43025427107,43025458601,20971520,1310720,16,665,31494
43025632557,43025662012,20971520,1310720,16,711,29455
43025824902,43025853855,20971520,1310720,16,724,28953
43026019095,43026048617,20971520,1310720,16,710,29522
43026212862,43026241610,20971520,1310720,16,729,28748
43026405819,43026435162,20971520,1310720,16,714,29343
43026598406,43026627086,20971520,1310720,16,731,28680
43026793360,43026822217,20971520,1310720,16,726,28857
43026984740,43027014955,20971520,1310720,16,694,30215
43027178532,43027210981,20971520,1310720,16,646,32449
43027380241,43027409788,20971520,1310720,16,709,29547
43027572557,43027604449,20971520,1310720,16,657,31892
43027772628,43027803283,20971520,1310720,16,684,30655
43027966862,43027994712,20971520,1310720,16,753,27850
43028157727,43028187184,20971520,1310720,16,711,29457
43028351831,43028379903,20971520,1310720,16,747,28072
43028544723,43028574013,20971520,1310720,16,715,29290
43028739289,43028768977,20971520,1310720,16,706,29688
43028932698,43028961015,20971520,1310720,16,740,28317
43029123359,43029156006,20971520,1310720,16,642,32647
43029339849,43029374773,20971520,1310720,16,600,34924
43029544211,43029574605,20971520,1310720,16,689,30394
43029738613,43029770339,20971520,1310720,16,661,31726
43029934556,43029964519,20971520,1310720,16,699,29963
43030128069,43030156019,20971520,1310720,16,750,27950
43030321757,43030350637,20971520,1310720,16,726,28880
43030515178,43030544792,20971520,1310720,16,708,29614
43030710266,43030740267,20971520,1310720,16,699,30001
43030906650,43030936282,20971520,1310720,16,707,29632
43031100676,43031130502,20971520,1310720,16,703,29826
43031296194,43031325200,20971520,1310720,16,723,29006
43031486714,43031515523,20971520,1310720,16,727,28809
43031677114,43031704623,20971520,1310720,16,762,27509
43031866568,43031895834,20971520,1310720,16,716,29266
43032059409,43032088594,20971520,1310720,16,718,29185
43032253701,43032283075,20971520,1310720,16,713,29374
43032447920,43032478073,20971520,1310720,16,695,30153
43032643180,43032677684,20971520,1310720,16,607,34504
43032847730,43032879060,20971520,1310720,16,669,31330
43033046088,43033074926,20971520,1310720,16,727,28838
43033241599,43033272044,20971520,1310720,16,688,30445
43033447908,43033483177,20971520,1310720,16,594,35269
43033652791,43033683126,20971520,1310720,16,691,30335
43033847638,43033878285,20971520,1310720,16,684,30647
43034045356,43034074251,20971520,1310720,16,725,28895
43034239208,43034268208,20971520,1310720,16,723,29000
43034429608,43034461166,20971520,1310720,16,664,31558
43034626273,43034655364,20971520,1310720,16,720,29091
43034818557,43034849333,20971520,1310720,16,681,30776
43035014840,43035045090,20971520,1310720,16,693,30250
43035208786,43035237966,20971520,1310720,16,718,29180
43035403075,43035431586,20971520,1310720,16,735,28511
43035602479,43035632079,20971520,1310720,16,708,29600
43035797768,43035828412,20971520,1310720,16,684,30644
43035995298,43036023592,20971520,1310720,16,741,28294
43036186638,43036218930,20971520,1310720,16,649,32292
43036386618,43036415999,20971520,1310720,16,713,29381
43036578009,43036607592,20971520,1310720,16,708,29583
43036770858,43036800670,20971520,1310720,16,703,29812
43036963655,43036992018,20971520,1310720,16,739,28363
43037154429,43037185452,20971520,1310720,16,675,31023
43037350996,43037381556,20971520,1310720,16,686,30560
43037546176,43037574963,20971520,1310720,16,728,28787
43037738167,43037768545,20971520,1310720,16,690,30378
43037932486,43037962145,20971520,1310720,16,707,29659
43038124393,43038153290,20971520,1310720,16,725,28897
43038319002,43038348247,20971520,1310720,16,717,29245
43038511514,43038539554,20971520,1310720,16,747,28040
43038702849,43038732478,20971520,1310720,16,707,29629
43038896914,43038925770,20971520,1310720,16,726,28856
43039098465,43039132928,20971520,1310720,16,608,34463
43039322769,43039357251,20971520,1310720,16,608,34482
43039530532,43039562451,20971520,1310720,16,657,31919
43039726726,43039756079,20971520,1310720,16,714,29353
43039919145,43039948449,20971520,1310720,16,715,29304
43040113560,43040142309,20971520,1310720,16,729,28749
43040310345,43040338702,20971520,1310720,16,739,28357
43040502983,43040531368,20971520,1310720,16,738,28385
43040706446,43040739450,20971520,1310720,16,635,33004
43040912327,43040943315,20971520,1310720,16,676,30988
43041121344,43041153686,20971520,1310720,16,648,32342
43041330837,43041359862,20971520,1310720,16,722,29025
43041522480,43041552453,20971520,1310720,16,699,29973
43041719459,43041748417,20971520,1310720,16,724,28958
43041911486,43041939532,20971520,1310720,16,747,28046
43042102199,43042132352,20971520,1310720,16,695,30153
43042296448,43042324700,20971520,1310720,16,742,28252
43042485996,43042515038,20971520,1310720,16,722,29042
43042679361,43042708501,20971520,1310720,16,719,29140
43042871467,43042901296,20971520,1310720,16,703,29829
43043067623,43043098696,20971520,1310720,16,674,31073
43043271894,43043302283,20971520,1310720,16,690,30389
43043473286,43043502512,20971520,1310720,16,717,29226
43043667280,43043694763,20971520,1310720,16,763,27483
43043859137,43043888262,20971520,1310720,16,720,29125
43044052410,43044081638,20971520,1310720,16,717,29228
43044246751,43044275101,20971520,1310720,16,739,28350
43044437319,43044465891,20971520,1310720,16,733,28572
43044629910,43044662552,20971520,1310720,16,642,32642
43044830537,43044859473,20971520,1310720,16,724,28936
43045023951,43045053036,20971520,1310720,16,721,29085
43045217470,43045249088,20971520,1310720,16,663,31618
43045422956,43045454739,20971520,1310720,16,659,31783
43045626806,43045656003,20971520,1310720,16,718,29197
43045822105,43045851076,20971520,1310720,16,723,28971
43046015949,43046043102,20971520,1310720,16,772,27153
43046214302,43046245055,20971520,1310720,16,681,30753
43046410489,43046438898,20971520,1310720,16,738,28409
43046604850,43046633152,20971520,1310720,16,740,28302
43046797176,43046824815,20971520,1310720,16,758,27639
43046987013,43047017664,20971520,1310720,16,684,30651
43047191667,43047223420,20971520,1310720,16,660,31753
43047397861,43047427877,20971520,1310720,16,698,30016
43047595827,43047627315,20971520,1310720,16,666,31488
43047796036,43047823277,20971520,1310720,16,769,27241
43047986431,43048015639,20971520,1310720,16,718,29208
43048184662,43048214455,20971520,1310720,16,703,29793
43048385080,43048415329,20971520,1310720,16,693,30249
43048581273,43048613094,20971520,1310720,16,659,31821
43048783427,43048812610,20971520,1310720,16,718,29183
43048977717,43049007107,20971520,1310720,16,713,29390
43049171659,43049200049,20971520,1310720,16,738,28390
43049370860,43049400994,20971520,1310720,16,695,30134
43049567010,43049593753,20971520,1310720,16,784,26743
43049758821,43049787701,20971520,1310720,16,726,28880
43049953302,43049986343,20971520,1310720,16,634,33041
43050154956,43050186579,20971520,1310720,16,663,31623
43050364746,43050395738,20971520,1310720,16,676,30992
43050561873,43050591382,20971520,1310720,16,710,29509
43050759496,43050787985,20971520,1310720,16,736,28489
43050952260,43050981433,20971520,1310720,16,718,29173
43051148204,43051177587,20971520,1310720,16,713,29383
43051347464,43051379443,20971520,1310720,16,655,31979
43051547984,43051578141,20971520,1310720,16,695,30157
43051745861,43051775177,20971520,1310720,16,715,29316
43051940082,43051970265,20971520,1310720,16,694,30183
43052145978,43052174935,20971520,1310720,16,724,28957
43052340869,43052371473,20971520,1310720,16,685,30604
43052537644,43052568754,20971520,1310720,16,674,31110
43052734081,43052764145,20971520,1310720,16,697,30064
43052930164,43052958007,20971520,1310720,16,753,27843
43053122452,43053154170,20971520,1310720,16,661,31718
43053325387,43053355161,20971520,1310720,16,704,29774
43053525403,43053555503,20971520,1310720,16,696,30100
43053721082,43053750847,20971520,1310720,16,704,29765
43053918416,43053948792,20971520,1310720,16,690,30376
43054116596,43054145997,20971520,1310720,16,713,29401
43054313967,43054343665,20971520,1310720,16,706,29698
43054509926,43054539566,20971520,1310720,16,707,29640
43054707595,43054738342,20971520,1310720,16,682,30747
43054905039,43054935358,20971520,1310720,16,691,30319
43055101245,43055130554,20971520,1310720,16,715,29309
43055298552,43055329217,20971520,1310720,16,683,30665
43055496085,43055524968,20971520,1310720,16,726,28883
43055689700,43055719708,20971520,1310720,16,698,30008
43055886689,43055916363,20971520,1310720,16,706,29674
43056084385,43056114435,20971520,1310720,16,697,30050
43056284524,43056315092,20971520,1310720,16,686,30568
43056481748,43056511280,20971520,1310720,16,710,29532
43056677675,43056706213,20971520,1310720,16,734,28538
43056873663,43056904446,20971520,1310720,16,681,30783
43057070667,43057101260,20971520,1310720,16,685,30593
43057267403,43057299632,20971520,1310720,16,650,32229
43057469930,43057498581,20971520,1310720,16,731,28651
43057663768,43057694096,20971520,1310720,16,691,30328
43057861609,43057891694,20971520,1310720,16,697,30085
43058058157,43058087107,20971520,1310720,16,724,28950
43058253128,43058281936,20971520,1310720,16,727,28808
43058452225,43058485149,20971520,1310720,16,636,32924
43058663450,43058694588,20971520,1310720,16,673,31138
43058860912,43058891726,20971520,1310720,16,680,30814
43059055863,43059084834,20971520,1310720,16,723,28971
43059248667,43059276480,20971520,1310720,16,754,27813
43059438832,43059467812,20971520,1310720,16,723,28980
43059628959,43059660122,20971520,1310720,16,672,31163
43059826426,43059855869,20971520,1310720,16,712,29443
43060018934,43060049903,20971520,1310720,16,677,30969
43060214367,43060244521,20971520,1310720,16,695,30154
43060408939,43060439718,20971520,1310720,16,681,30779
43060605449,43060634407,20971520,1310720,16,724,28958
43060802760,43060831119,20971520,1310720,16,739,28359
43060998715,43061029020,20971520,1310720,16,692,30305
43061196432,43061228401,20971520,1310720,16,655,31969
43061396706,43061427673,20971520,1310720,16,677,30967
43061591845,43061623150,20971520,1310720,16,669,31305
43061788599,43061818921,20971520,1310720,16,691,30322
43061981541,43062012643,20971520,1310720,16,674,31102
43062177108,43062207659,20971520,1310720,16,686,30551
43062368307,43062397931,20971520,1310720,16,707,29624
43062559406,43062587694,20971520,1310720,16,741,28288
43062748157,43062778529,20971520,1310720,16,690,30372
43062938276,43062965928,20971520,1310720,16,758,27652
43063125988,43063156265,20971520,1310720,16,692,30277
43063315507,43063347091,20971520,1310720,16,663,31584
43063505296,43063536324,20971520,1310720,16,675,31028
43063698721,43063730321,20971520,1310720,16,663,31600
43063890484,43063919358,20971520,1310720,16,726,28874
43064078044,43064107766,20971520,1310720,16,705,29722
43064266553,43064295358,20971520,1310720,16,728,28805
43064454516,43064483466,20971520,1310720,16,724,28950
43064643516,43064671861,20971520,1310720,16,739,28345
43064831014,43064861502,20971520,1310720,16,687,30488
43065021891,43065050283,20971520,1310720,16,738,28392
43065211745,43065241573,20971520,1310720,16,703,29828
43065400266,43065428171,20971520,1310720,16,751,27905
43065588839,43065617990,20971520,1310720,16,719,29151
43065776588,43065804965,20971520,1310720,16,739,28377
43065964504,43065993864,20971520,1310720,16,714,29360
43066153684,43066182776,20971520,1310720,16,720,29092
43066343856,43066373463,20971520,1310720,16,708,29607
43066532002,43066561615,20971520,1310720,16,708,29613
43066722606,43066751430,20971520,1310720,16,727,28824
43066914311,43066945742,20971520,1310720,16,667,31431
43067111454,43067140641,20971520,1310720,16,718,29187
43067303836,43067334931,20971520,1310720,16,674,31095
43067498540,43067527131,20971520,1310720,16,733,28591
43067691334,43067722609,20971520,1310720,16,670,31275
43067889420,43067922734,20971520,1310720,16,629,33314
43068089401,43068120580,20971520,1310720,16,672,31179
43068285776,43068315139,20971520,1310720,16,714,29363
43068480311,43068509393,20971520,1310720,16,721,29082
43068674024,43068703371,20971520,1310720,16,714,29347
43068872152,43068902183,20971520,1310720,16,698,30031
43069064354,43069093786,20971520,1310720,16,712,29432
43069257872,43069285631,20971520,1310720,16,755,27759
43069450272,43069479968,20971520,1310720,16,706,29696
43069644834,43069675712,20971520,1310720,16,679,30878
43069841478,43069872753,20971520,1310720,16,670,31275
43070045563,43070075437,20971520,1310720,16,701,29874
43070240731,43070271428,20971520,1310720,16,683,30697
43070435736,43070468004,20971520,1310720,16,649,32268
43070635584,43070668138,20971520,1310720,16,644,32554
43070836124,43070865654,20971520,1310720,16,710,29530
43071028711,43071060921,20971520,1310720,16,651,32210
43071226890,43071259257,20971520,1310720,16,647,32367
43071425331,43071455766,20971520,1310720,16,689,30435
43071622729,43071651612,20971520,1310720,16,726,28883
43071816690,43071847114,20971520,1310720,16,689,30424
43072013000,43072046086,20971520,1310720,16,633,33086
43072213212,43072244746,20971520,1310720,16,665,31534
43072410876,43072442459,20971520,1310720,16,664,31583
43072607005,43072635342,20971520,1310720,16,740,28337
43072798261,43072828033,20971520,1310720,16,704,29772
43072994374,43073023475,20971520,1310720,16,720,29101
43073189388,43073220711,20971520,1310720,16,669,31323
43073396676,43073425826,20971520,1310720,16,719,29150
43073592606,43073625046,20971520,1310720,16,646,32440
43073791841,43073825097,20971520,1310720,16,630,33256
43073992735,43074025470,20971520,1310720,16,640,32735
43074191896,43074222883,20971520,1310720,16,676,30987
43074388965,43074419509,20971520,1310720,16,686,30544
43074583565,43074614222,20971520,1310720,16,684,30657
43074783313,43074814157,20971520,1310720,16,679,30844
43074980303,43075012063,20971520,1310720,16,660,31760
43075177856,43075207349,20971520,1310720,16,711,29493
43075372937,43075403456,20971520,1310720,16,687,30519
43075567815,43075598236,20971520,1310720,16,689,30421
43075763037,43075792286,20971520,1310720,16,716,29249
43075956116,43075986536,20971520,1310720,16,689,30420
43076151067,43076181408,20971520,1310720,16,691,30341
43076347958,43076379420,20971520,1310720,16,666,31462
43076545802,43076575475,20971520,1310720,16,706,29673
43076738712,43076768106,20971520,1310720,16,713,29394
43076930290,43076960536,20971520,1310720,16,693,30246
43077124327,43077153196,20971520,1310720,16,726,28869
43077316762,43077350618,20971520,1310720,16,619,33856
43077519008,43077549326,20971520,1310720,16,691,30318
43077714295,43077745323,20971520,1310720,16,675,31028
43077910438,43077941311,20971520,1310720,16,679,30873
43078106494,43078136917,20971520,1310720,16,689,30423
43078303608,43078333602,20971520,1310720,16,699,29994
43078500541,43078531352,20971520,1310720,16,680,30811
43078699996,43078730852,20971520,1310720,16,679,30856
43078897326,43078927438,20971520,1310720,16,696,30112
43079090605,43079120728,20971520,1310720,16,696,30123
43079284820,43079313588,20971520,1310720,16,728,28768
43079475425,43079505713,20971520,1310720,16,692,30288
43079669603,43079699965,20971520,1310720,16,690,30362
43079867603,43079898097,20971520,1310720,16,687,30494
43080064935,43080095840,20971520,1310720,16,678,30905
43080263855,43080294676,20971520,1310720,16,680,30821
43080460934,43080491063,20971520,1310720,16,696,30129
43080653705,43080684401,20971520,1310720,16,683,30696
43080851619,43080885007,20971520,1310720,16,628,33388
43081054160,43081084634,20971520,1310720,16,688,30474
43081251590,43081282352,20971520,1310720,16,681,30762
43081446490,43081479006,20971520,1310720,16,644,32516
43081650172,43081678968,20971520,1310720,16,728,28796
43081845000,43081873697,20971520,1310720,16,730,28697
43082038705,43082069976,20971520,1310720,16,670,31271
43082236684,43082268971,20971520,1310720,16,649,32287
43082432983,43082463593,20971520,1310720,16,685,30610
43082628997,43082660129,20971520,1310720,16,673,31132
43082824905,43082854510,20971520,1310720,16,708,29605
43083017821,43083047180,20971520,1310720,16,714,29359
43083212119,43083245929,20971520,1310720,16,620,33810
43083411591,43083439765,20971520,1310720,16,744,28174
43083606889,43083635984,20971520,1310720,16,720,29095
43083802688,43083831725,20971520,1310720,16,722,29037
43083995510,43084025972,20971520,1310720,16,688,30462
43084193046,43084223207,20971520,1310720,16,695,30161
43084387334,43084419500,20971520,1310720,16,651,32166
43084584010,43084615228,20971520,1310720,16,671,31218
43084780475,43084811197,20971520,1310720,16,682,30722
43084975347,43085003660,20971520,1310720,16,740,28313
43085172270,43085203940,20971520,1310720,16,662,31670
43085370948,43085400672,20971520,1310720,16,705,29724
43085567121,43085595626,20971520,1310720,16,735,28505
43085759981,43085789228,20971520,1310720,16,717,29247
43085954039,43085985256,20971520,1310720,16,671,31217
43086151358,43086181386,20971520,1310720,16,698,30028
43086346641,43086377282,20971520,1310720,16,684,30641
43086543039,43086572378,20971520,1310720,16,714,29339
43086734650,43086763448,20971520,1310720,16,728,28798
43086925100,43086956893,20971520,1310720,16,659,31793
43087122283,43087152117,20971520,1310720,16,702,29834
43087315565,43087345648,20971520,1310720,16,697,30083
43087511076,43087541158,20971520,1310720,16,697,30082
43087704962,43087735941,20971520,1310720,16,676,30979
43087901740,43087930006,20971520,1310720,16,741,28266
43088093979,43088122905,20971520,1310720,16,725,28926
43088286652,43088316794,20971520,1310720,16,695,30142
43088482359,43088513389,20971520,1310720,16,675,31030
43088680302,43088709814,20971520,1310720,16,710,29512
43088875586,43088907874,20971520,1310720,16,649,32288
43089076833,43089106622,20971520,1310720,16,704,29789
43089271132,43089299898,20971520,1310720,16,729,28766
43089463512,43089493380,20971520,1310720,16,702,29868
43089661201,43089691546,20971520,1310720,16,691,30345
43089857926,43089887768,20971520,1310720,16,702,29842
43090054888,43090086324,20971520,1310720,16,667,31436
43090255461,43090286078,20971520,1310720,16,684,30617
43090450846,43090481397,20971520,1310720,16,686,30551
43090646236,43090677390,20971520,1310720,16,673,31154
43090847269,43090875923,20971520,1310720,16,731,28654
43091040977,43091073893,20971520,1310720,16,637,32916
43091241662,43091271851,20971520,1310720,16,694,30189
43091436065,43091467992,20971520,1310720,16,656,31927
43091637215,43091667154,20971520,1310720,16,700,29939
43091831661,43091862395,20971520,1310720,16,682,30734
43092027649,43092060782,20971520,1310720,16,632,33133
43092227668,43092258834,20971520,1310720,16,672,31166
43092424398,43092457279,20971520,1310720,16,637,32881
43092624122,43092656279,20971520,1310720,16,652,32157
43092828163,43092858058,20971520,1310720,16,701,29895
43093022340,43093053236,20971520,1310720,16,678,30896
43093221190,43093252671,20971520,1310720,16,666,31481
43093420147,43093451929,20971520,1310720,16,659,31782
43093620122,43093651304,20971520,1310720,16,672,31182
43093819825,43093850501,20971520,1310720,16,683,30676
43094017837,43094046811,20971520,1310720,16,723,28974
43094211672,43094241003,20971520,1310720,16,714,29331
43094409163,43094439410,20971520,1310720,16,693,30247
43094610639,43094639300,20971520,1310720,16,731,28661
43094807107,43094837613,20971520,1310720,16,687,30506
43095006089,43095036582,20971520,1310720,16,687,30493
43095202587,43095232418,20971520,1310720,16,703,29831
43095398620,43095427274,20971520,1310720,16,731,28654
43095593123,43095623368,20971520,1310720,16,693,30245
43095787664,43095818725,20971520,1310720,16,675,31061
43095985320,43096016425,20971520,1310720,16,674,31105
43096180772,43096209829,20971520,1310720,16,721,29057
43096376439,43096405481,20971520,1310720,16,722,29042
43096571272,43096601583,20971520,1310720,16,691,30311
43096764142,43096791715,20971520,1310720,16,760,27573
43096957330,43096989083,20971520,1310720,16,660,31753
43097155744,43097186642,20971520,1310720,16,678,30898
43097353843,43097385007,20971520,1310720,16,672,31164
43097552298,43097582816,20971520,1310720,16,687,30518
43097748366,43097779451,20971520,1310720,16,674,31085
43097945762,43097974985,20971520,1310720,16,717,29223
43098139212,43098169874,20971520,1310720,16,683,30662
43098331099,43098360360,20971520,1310720,16,716,29261
43098520904,43098548894,20971520,1310720,16,749,27990
43098708970,43098739459,20971520,1310720,16,687,30489
43098900339,43098930625,20971520,1310720,16,692,30286
43099090658,43099119399,20971520,1310720,16,729,28741
43099278683,43099307636,20971520,1310720,16,724,28953
43099466889,43099497038,20971520,1310720,16,695,30149
43099656269,43099686248,20971520,1310720,16,699,29979
43099847743,43099876173,20971520,1310720,16,737,28430
43100037561,43100067822,20971520,1310720,16,693,30261
43100227851,43100258899,20971520,1310720,16,675,31048
43100419162,43100447657,20971520,1310720,16,735,28495
43100607759,43100635115,20971520,1310720,16,766,27356
43100795029,43100824482,20971520,1310720,16,712,29453
43100985125,43101014513,20971520,1310720,16,713,29388
43101174090,43101203851,20971520,1310720,16,704,29761
43101364888,43101393858,20971520,1310720,16,723,28970
43101556528,43101584260,20971520,1310720,16,756,27732
43101742987,43101772037,20971520,1310720,16,721,29050
43101932287,43101962047,20971520,1310720,16,704,29760
43102122073,43102151025,20971520,1310720,16,724,28952
43102310851,43102340427,20971520,1310720,16,709,29576
43102500235,43102530931,20971520,1310720,16,683,30696
43102690217,43102720063,20971520,1310720,16,702,29846
43102880066,43102910143,20971520,1310720,16,697,30077
43103068572,43103098915,20971520,1310720,16,691,30343
43103260104,43103288980,20971520,1310720,16,726,28876
43103449276,43103478865,20971520,1310720,16,708,29589
43103640057,43103669738,20971520,1310720,16,706,29681
43103828512,43103857931,20971520,1310720,16,712,29419
43104017520,43104046052,20971520,1310720,16,735,28532
43104205785,43104234304,20971520,1310720,16,735,28519
43104394301,43104425677,20971520,1310720,16,668,31376
43104585146,43104616740,20971520,1310720,16,663,31594
43104777757,43104808120,20971520,1310720,16,690,30363
43104969377,43104996804,20971520,1310720,16,764,27427
43105157698,43105186781,20971520,1310720,16,721,29083
43105346612,43105375913,20971520,1310720,16,715,29301
43105536383,43105565218,20971520,1310720,16,727,28835
43105725468,43105757510,20971520,1310720,16,654,32042
43105918887,43105947749,20971520,1310720,16,726,28862
43106109618,43106140868,20971520,1310720,16,671,31250
43106302956,43106335723,20971520,1310720,16,640,32767
43106499125,43106533643,20971520,1310720,16,607,34518
43106696424,43106729100,20971520,1310720,16,641,32676
43106889512,43106918597,20971520,1310720,16,721,29085
43107076609,43107105362,20971520,1310720,16,729,28753
43107263898,43107293914,20971520,1310720,16,698,30016
43107455639,43107485987,20971520,1310720,16,691,30348
43107646520,43107675400,20971520,1310720,16,726,28880
43107835633,43107865750,20971520,1310720,16,696,30117
43108026061,43108055814,20971520,1310720,16,704,29753
43108216832,43108246249,20971520,1310720,16,712,29417
43108406135,43108436527,20971520,1310720,16,690,30392
43108596859,43108625711,20971520,1310720,16,726,28852
43108786552,43108815873,20971520,1310720,16,715,29321
43108975721,43109005715,20971520,1310720,16,699,29994
43109167757,43109195912,20971520,1310720,16,744,28155
43109356211,43109386434,20971520,1310720,16,693,30223
43109546101,43109577974,20971520,1310720,16,657,31873
43109738125,43109767531,20971520,1310720,16,713,29406
43109928114,43109955818,20971520,1310720,16,756,27704
43110118437,43110147099,20971520,1310720,16,731,28662
43110307272,43110338785,20971520,1310720,16,665,31513
43110500715,43110531832,20971520,1310720,16,673,31117
43110691020,43110720189,20971520,1310720,16,718,29169
43110880906,43110911118,20971520,1310720,16,694,30212
43111070044,43111097626,20971520,1310720,16,760,27582
43111257612,43111289906,20971520,1310720,16,649,32294
43111448367,43111477211,20971520,1310720,16,727,28844
43111642665,43111669932,20971520,1310720,16,769,27267
43111830322,43111860201,20971520,1310720,16,701,29879
43112021124,43112048744,20971520,1310720,16,759,27620
43112210385,43112238949,20971520,1310720,16,734,28564
43112399656,43112429405,20971520,1310720,16,704,29749
43112590173,43112621312,20971520,1310720,16,673,31139
43112781698,43112810990,20971520,1310720,16,715,29292
43112970827,43112999934,20971520,1310720,16,720,29107
43113159688,43113188700,20971520,1310720,16,722,29012
43113351345,43113383088,20971520,1310720,16,660,31743
43113544808,43113573501,20971520,1310720,16,730,28693
43113734269,43113763352,20971520,1310720,16,721,29083
43113922922,43113951552,20971520,1310720,16,732,28630
43114112204,43114141183,20971520,1310720,16,723,28979
43114301381,43114329421,20971520,1310720,16,747,28040
43114488762,43114516768,20971520,1310720,16,748,28006
43114679262,43114711171,20971520,1310720,16,657,31909
43114870958,43114900112,20971520,1310720,16,719,29154
43115059854,43115088225,20971520,1310720,16,739,28371
43115248513,43115279790,20971520,1310720,16,670,31277
43115438712,43115466981,20971520,1310720,16,741,28269
43115626591,43115655769,20971520,1310720,16,718,29178
43115814514,43115844191,20971520,1310720,16,706,29677
43116003106,43116031628,20971520,1310720,16,735,28522
43116192297,43116222757,20971520,1310720,16,688,30460
43116381850,43116412406,20971520,1310720,16,686,30556
43116572203,43116600395,20971520,1310720,16,743,28192
43116760729,43116788636,20971520,1310720,16,751,27907
43116948201,43116977637,20971520,1310720,16,712,29436
43117138028,43117166697,20971520,1310720,16,731,28669
43117325669,43117354177,20971520,1310720,16,735,28508
43117513446,43117542460,20971520,1310720,16,722,29014
43117702231,43117731598,20971520,1310720,16,714,29367
43117893035,43117922304,20971520,1310720,16,716,29269
43118080488,43118109232,20971520,1310720,16,729,28744
43118270752,43118299556,20971520,1310720,16,728,28804
43118459361,43118487419,20971520,1310720,16,747,28058
43118646461,43118677598,20971520,1310720,16,673,31137
43118838751,43118869024,20971520,1310720,16,692,30273
43119028320,43119058127,20971520,1310720,16,703,29807
43119218566,43119248513,20971520,1310720,16,700,29947
43119408197,43119437270,20971520,1310720,16,721,29073
43119597654,43119628297,20971520,1310720,16,684,30643
43119788205,43119819928,20971520,1310720,16,661,31723
43119980050,43120009675,20971520,1310720,16,707,29625
43120172018,43120200957,20971520,1310720,16,724,28939
43120366393,43120394726,20971520,1310720,16,740,28333
43120554695,43120584054,20971520,1310720,16,714,29359
43120745606,43120776500,20971520,1310720,16,678,30894
43120936710,43120967215,20971520,1310720,16,687,30505
43121127667,43121156612,20971520,1310720,16,724,28945
43121317022,43121347076,20971520,1310720,16,697,30054
43121507457,43121538207,20971520,1310720,16,682,30750
43121708067,43121738692,20971520,1310720,16,684,30625
43121902029,43121939966,20971520,1310720,16,552,37937
43122111550,43122142770,20971520,1310720,16,671,31220
43122309691,43122340268,20971520,1310720,16,685,30577
43122506537,43122537951,20971520,1310720,16,667,31414
43122708322,43122740019,20971520,1310720,16,661,31697
43122905056,43122935612,20971520,1310720,16,686,30556
43123100127,43123130700,20971520,1310720,16,685,30573
43123297059,43123330367,20971520,1310720,16,629,33308
43123498335,43123530134,20971520,1310720,16,659,31799
43123699436,43123731332,20971520,1310720,16,657,31896
43123896384,43123925810,20971520,1310720,16,712,29426
43124089621,43124118087,20971520,1310720,16,736,28466
43124282011,43124311008,20971520,1310720,16,723,28997
43124473868,43124503693,20971520,1310720,16,703,29825
43124667511,43124698394,20971520,1310720,16,679,30883
43124864396,43124893562,20971520,1310720,16,719,29166
43125062872,43125095051,20971520,1310720,16,651,32179
43125262862,43125295199,20971520,1310720,16,648,32337
43125462650,43125493555,20971520,1310720,16,678,30905
43125663101,43125694436,20971520,1310720,16,669,31335
43125865404,43125898240,20971520,1310720,16,638,32836
43126074314,43126105124,20971520,1310720,16,680,30810
43126279295,43126311736,20971520,1310720,16,646,32441
43126482513,43126514726,20971520,1310720,16,651,32213
43126680089,43126714122,20971520,1310720,16,616,34033
43126878969,43126908363,20971520,1310720,16,713,29394
43127074073,43127105910,20971520,1310720,16,658,31837
43127273025,43127306221,20971520,1310720,16,631,33196
43127474249,43127504169,20971520,1310720,16,700,29920
43127671491,43127701908,20971520,1310720,16,689,30417
43127867996,43127899017,20971520,1310720,16,676,31021
43128063802,43128096013,20971520,1310720,16,651,32211
43128265186,43128295931,20971520,1310720,16,682,30745
43128462139,43128494178,20971520,1310720,16,654,32039
43128663079,43128692636,20971520,1310720,16,709,29557
43128859172,43128889608,20971520,1310720,16,689,30436
43129054176,43129085784,20971520,1310720,16,663,31608
43129251403,43129280161,20971520,1310720,16,729,28758
43129446389,43129476021,20971520,1310720,16,707,29632
43129640426,43129669578,20971520,1310720,16,719,29152
43129834750,43129866046,20971520,1310720,16,670,31296
43130035907,43130066466,20971520,1310720,16,686,30559
43130232341,43130264561,20971520,1310720,16,650,32220
43130424756,43130453071,20971520,1310720,16,740,28315
43130616026,43130645488,20971520,1310720,16,711,29462
43130805882,43130835752,20971520,1310720,16,702,29870
43130996983,43131025463,20971520,1310720,16,736,28480
43131185062,43131214839,20971520,1310720,16,704,29777
43131374359,43131403352,20971520,1310720,16,723,28993
43131563435,43131592547,20971520,1310720,16,720,29112
43131750844,43131779183,20971520,1310720,16,740,28339
43131939027,43131968396,20971520,1310720,16,714,29369
43132126983,43132153754,20971520,1310720,16,783,26771
43132314504,43132343331,20971520,1310720,16,727,28827
43132501858,43132531286,20971520,1310720,16,712,29428
43132690377,43132719171,20971520,1310720,16,728,28794
43132880331,43132909902,20971520,1310720,16,709,29571
43133069351,43133098491,20971520,1310720,16,719,29140
43133258262,43133287128,20971520,1310720,16,726,28866
43133447424,43133476932,20971520,1310720,16,710,29508
43133636814,43133666461,20971520,1310720,16,707,29647
43133829712,43133859637,20971520,1310720,16,700,29925
43134018722,43134048461,20971520,1310720,16,705,29739
43134209069,43134236196,20971520,1310720,16,773,27127
43134397061,43134425486,20971520,1310720,16,737,28425
43134585954,43134616327,20971520,1310720,16,690,30373
43134777881,43134812427,20971520,1310720,16,607,34546
43134971953,43135001518,20971520,1310720,16,709,29565
43135162083,43135190603,20971520,1310720,16,735,28520
43135351721,43135382657,20971520,1310720,16,677,30936
43135543242,43135574746,20971520,1310720,16,665,31504
43135735501,43135768181,20971520,1310720,16,641,32680
43135929410,43135959238,20971520,1310720,16,703,29828
43136119101,43136148567,20971520,1310720,16,711,29466
43136309570,43136339528,20971520,1310720,16,700,29958
43136499598,43136529818,20971520,1310720,16,693,30220
43136688983,43136720920,20971520,1310720,16,656,31937
43136880989,43136910338,20971520,1310720,16,714,29349
43137070581,43137100324,20971520,1310720,16,705,29743
43137261692,43137290379,20971520,1310720,16,731,28687
43137451879,43137481665,20971520,1310720,16,704,29786
43137642677,43137671222,20971520,1310720,16,734,28545
43137831479,43137862272,20971520,1310720,16,681,30793
43138021472,43138050802,20971520,1310720,16,715,29330
43138211062,43138239161,20971520,1310720,16,746,28099
43138399834,43138430176,20971520,1310720,16,691,30342
43138593545,43138623545,20971520,1310720,16,699,30000
43138787213,43138818955,20971520,1310720,16,660,31742
43138982020,43139013696,20971520,1310720,16,662,31676
43139176979,43139205642,20971520,1310720,16,731,28663
43139365065,43139393507,20971520,1310720,16,737,28442
43139553760,43139583153,20971520,1310720,16,713,29393
43139744532,43139775026,20971520,1310720,16,687,30494
43139934848,43139964648,20971520,1310720,16,703,29800
43140126092,43140154427,20971520,1310720,16,740,28335
43140318285,43140347111,20971520,1310720,16,727,28826
43140507990,43140537859,20971520,1310720,16,702,29869
43140698856,43140729939,20971520,1310720,16,674,31083
43140890178,43140920951,20971520,1310720,16,681,30773
43141082516,43141114461,20971520,1310720,16,656,31945
43141273742,43141303166,20971520,1310720,16,712,29424
43141464793,43141495693,20971520,1310720,16,678,30900
43141660744,43141688462,20971520,1310720,16,756,27718
43141847425,43141875137,20971520,1310720,16,756,27712
43142034371,43142063499,20971520,1310720,16,719,29128
43142223913,43142254486,20971520,1310720,16,685,30573
43142416284,43142445637,20971520,1310720,16,714,29353
43142606380,43142635742,20971520,1310720,16,714,29362
43142798635,43142828834,20971520,1310720,16,694,30199
43142989722,43143018700,20971520,1310720,16,723,28978
43143179354,43143208288,20971520,1310720,16,724,28934
43143369062,43143397934,20971520,1310720,16,726,28872
43143559101,43143587986,20971520,1310720,16,726,28885
43143749507,43143780244,20971520,1310720,16,682,30737
43143939498,43143969230,20971520,1310720,16,705,29732
43144130063,43144158148,20971520,1310720,16,746,28085
43144319506,43144348224,20971520,1310720,16,730,28718
43144509478,43144538529,20971520,1310720,16,721,29051
43144699660,43144730422,20971520,1310720,16,681,30762
43144889554,43144920174,20971520,1310720,16,684,30620
43145079669,43145107769,20971520,1310720,16,746,28100
43145268303,43145297426,20971520,1310720,16,720,29123
43145455640,43145485379,20971520,1310720,16,705,29739
43145646480,43145675304,20971520,1310720,16,727,28824
43145837926,43145868103,20971520,1310720,16,694,30177
43146029346,43146059507,20971520,1310720,16,695,30161
43146219174,43146248941,20971520,1310720,16,704,29767
43146409445,43146438496,20971520,1310720,16,721,29051
43146597939,43146627390,20971520,1310720,16,712,29451
43146788522,43146818776,20971520,1310720,16,693,30254
43146981780,43147011702,20971520,1310720,16,700,29922
43147171236,43147199362,20971520,1310720,16,745,28126
43147359896,43147388479,20971520,1310720,16,733,28583
43147547523,43147577451,20971520,1310720,16,700,29928
43147736897,43147767006,20971520,1310720,16,696,30109
43147928743,43147958047,20971520,1310720,16,715,29304
43148118510,43148147652,20971520,1310720,16,719,29142
43148306703,43148336387,20971520,1310720,16,706,29684
43148496233,43148524504,20971520,1310720,16,741,28271
43148686629,43148715826,20971520,1310720,16,718,29197
43148875797,43148906603,20971520,1310720,16,680,30806
43149067043,43149096046,20971520,1310720,16,723,29003
43149255789,43149284296,20971520,1310720,16,735,28507
43149445085,43149473677,20971520,1310720,16,733,28592
43149634255,43149664839,20971520,1310720,16,685,30584
43149825157,43149855157,20971520,1310720,16,699,30000
43150015013,43150043149,20971520,1310720,16,745,28136
43150203275,43150231188,20971520,1310720,16,751,27913
43150390200,43150420207,20971520,1310720,16,698,30007
43150579297,43150607694,20971520,1310720,16,738,28397
43150768492,43150796923,20971520,1310720,16,737,28431
43150956659,43150986075,20971520,1310720,16,712,29416
43151147148,43151177256,20971520,1310720,16,696,30108
43151335703,43151365816,20971520,1310720,16,696,30113
43151524072,43151552608,20971520,1310720,16,734,28536
43151712715,43151740539,20971520,1310720,16,753,27824
43151901602,43151930565,20971520,1310720,16,724,28963
43152089624,43152120694,20971520,1310720,16,674,31070
43152280982,43152309048,20971520,1310720,16,747,28066
43152468537,43152497611,20971520,1310720,16,721,29074
43152656211,43152686716,20971520,1310720,16,687,30505
43152846704,43152874983,20971520,1310720,16,741,28279
43153035026,43153064010,20971520,1310720,16,723,28984
43153223858,43153253017,20971520,1310720,16,719,29159
43153414849,43153443398,20971520,1310720,16,734,28549
43153603993,43153631786,20971520,1310720,16,754,27793
43153791836,43153822695,20971520,1310720,16,679,30859
43153983023,43154012222,20971520,1310720,16,718,29199
43154172107,43154200797,20971520,1310720,16,730,28690
43154360602,43154390059,20971520,1310720,16,711,29457
43154550223,43154579348,20971520,1310720,16,720,29125
43154737401,43154765923,20971520,1310720,16,735,28522
43154925434,43154955279,20971520,1310720,16,702,29845
43155115463,43155145220,20971520,1310720,16,704,29757
43155305174,43155335492,20971520,1310720,16,691,30318
43155494378,43155523768,20971520,1310720,16,713,29390
43155684415,43155714211,20971520,1310720,16,703,29796
43155874824,43155905460,20971520,1310720,16,684,30636
43156069081,43156100180,20971520,1310720,16,674,31099
43156264063,43156293481,20971520,1310720,16,712,29418
43156453583,43156482988,20971520,1310720,16,713,29405
43156643716,43156674016,20971520,1310720,16,692,30300
43156834024,43156864040,20971520,1310720,16,698,30016
43157023655,43157053324,20971520,1310720,16,706,29669
43157213579,43157242963,20971520,1310720,16,713,29384
43157401296,43157429490,20971520,1310720,16,743,28194
43157588655,43157617311,20971520,1310720,16,731,28656
43157774699,43157802702,20971520,1310720,16,748,28003
43157961032,43157990164,20971520,1310720,16,719,29132
43158149726,43158178536,20971520,1310720,16,727,28810
43158337720,43158366983,20971520,1310720,16,716,29263
43158525865,43158553962,20971520,1310720,16,746,28097
43158713466,43158744131,20971520,1310720,16,683,30665
43158903897,43158933168,20971520,1310720,16,716,29271
43159092542,43159120078,20971520,1310720,16,761,27536
43159279675,43159309015,20971520,1310720,16,714,29340
43159467427,43159496902,20971520,1310720,16,711,29475
43159656387,43159685257,20971520,1310720,16,726,28870
43159845153,43159873946,20971520,1310720,16,728,28793
43160034101,43160063483,20971520,1310720,16,713,29382
43160223098,43160252157,20971520,1310720,16,721,29059
43160412641,43160441315,20971520,1310720,16,731,28674
43160601872,43160629427,20971520,1310720,16,761,27555
43160789316,43160819819,20971520,1310720,16,687,30503
43160978471,43161008792,20971520,1310720,16,691,30321
43161168267,43161196552,20971520,1310720,16,741,28285
43161356016,43161385591,20971520,1310720,16,709,29575
43161545706,43161575991,20971520,1310720,16,692,30285
43161735498,43161762861,20971520,1310720,16,766,27363
43161924770,43161953146,20971520,1310720,16,739,28376
43162112547,43162142336,20971520,1310720,16,704,29789
43162303824,43162332296,20971520,1310720,16,736,28472
43162492107,43162521705,20971520,1310720,16,708,29598
43162682758,43162710977,20971520,1310720,16,743,28219
43162871212,43162900287,20971520,1310720,16,721,29075
43163060901,43163090082,20971520,1310720,16,718,29181
43163250413,43163278717,20971520,1310720,16,740,28304
43163437598,43163467016,20971520,1310720,16,712,29418
43163626251,43163655074,20971520,1310720,16,727,28823
43163815030,43163846106,20971520,1310720,16,674,31076
43164006157,43164034066,20971520,1310720,16,751,27909
43164194600,43164222717,20971520,1310720,16,745,28117
43164381738,43164411793,20971520,1310720,16,697,30055
43164575847,43164605556,20971520,1310720,16,705,29709
43164769742,43164798679,20971520,1310720,16,724,28937
43164966329,43164996188,20971520,1310720,16,702,29859
43165160654,43165190310,20971520,1310720,16,707,29656
43165354903,43165385917,20971520,1310720,16,676,31014
43165551131,43165581719,20971520,1310720,16,685,30588
43165747456,43165777114,20971520,1310720,16,707,29658
43165941062,43165973485,20971520,1310720,16,646,32423
43166140253,43166173584,20971520,1310720,16,629,33331
43166344886,43166378861,20971520,1310720,16,617,33975
43166551592,43166582508,20971520,1310720,16,678,30916
43166747904,43166779040,20971520,1310720,16,673,31136
43166943471,43166974023,20971520,1310720,16,686,30552
43167138603,43167168657,20971520,1310720,16,697,30054
43167334768,43167364755,20971520,1310720,16,699,29987
43167530312,43167562446,20971520,1310720,16,652,32134
43167730659,43167762048,20971520,1310720,16,668,31389
43167925900,43167956266,20971520,1310720,16,690,30366
43168120191,43168148135,20971520,1310720,16,750,27944
43168313518,43168344893,20971520,1310720,16,668,31375
43168513018,43168543655,20971520,1310720,16,684,30637
43168711449,43168742086,20971520,1310720,16,684,30637
43168908304,43168937445,20971520,1310720,16,719,29141
43169102106,43169132208,20971520,1310720,16,696,30102
43169294697,43169322740,20971520,1310720,16,747,28043
