1512609829179009,1512609829196487,67108864,4194304,16,3839,17478
1512609829687754,1512609829705065,67108864,4194304,16,3876,17311
1512609830197389,1512609830214748,67108864,4194304,16,3865,17359
1512609830706124,1512609830723431,67108864,4194304,16,3877,17307
1512609831214764,1512609831232138,67108864,4194304,16,3862,17374
1512609831723753,1512609831741113,67108864,4194304,16,3865,17360
1512609832232196,1512609832249582,67108864,4194304,16,3859,17386
1512609832741002,1512609832758348,67108864,4194304,16,3868,17346
1512609833250011,1512609833267388,67108864,4194304,16,3861,17377
1512609833758832,1512609833775818,67108864,4194304,16,3950,16986
1512609834266835,1512609834284255,67108864,4194304,16,3852,17420
1512609834775478,1512609834792833,67108864,4194304,16,3866,17355
1512609835283836,1512609835301152,67108864,4194304,16,3875,17316
1512609835791778,1512609835809180,67108864,4194304,16,3856,17402
1512609836299791,1512609836317093,67108864,4194304,16,3878,17302
1512609836808048,1512609836825403,67108864,4194304,16,3866,17355
1512609837315597,1512609837332945,67108864,4194304,16,3868,17348
1512609837823850,1512609837841233,67108864,4194304,16,3860,17383
1512609838332324,1512609838349719,67108864,4194304,16,3857,17395
1512609838840592,1512609838857914,67108864,4194304,16,3874,17322
1512609839348976,1512609839366182,67108864,4194304,16,3900,17206
1512609839856999,1512609839874372,67108864,4194304,16,3862,17373
1512609840364908,1512609840382239,67108864,4194304,16,3872,17331
1512609840873264,1512609840890653,67108864,4194304,16,3859,17389
1512609841381242,1512609841398610,67108864,4194304,16,3863,17368
1512609841889650,1512609841906957,67108864,4194304,16,3877,17307
1512609842397371,1512609842414709,67108864,4194304,16,3870,17338
1512609842906036,1512609842923365,67108864,4194304,16,3872,17329
1512609843414124,1512609843431407,67108864,4194304,16,3882,17283
1512609843922228,1512609843939617,67108864,4194304,16,3859,17389
1512609844430273,1512609844447670,67108864,4194304,16,3857,17397
1512609844938969,1512609844956305,67108864,4194304,16,3871,17336
1512609845446947,1512609845464327,67108864,4194304,16,3861,17380
1512609845955742,1512609845973124,67108864,4194304,16,3860,17382
1512609846463309,1512609846480631,67108864,4194304,16,3874,17322
1512609846971710,1512609846989061,67108864,4194304,16,3867,17351
1512609847479223,1512609847496549,67108864,4194304,16,3873,17326
1512609847987744,1512609848005126,67108864,4194304,16,3860,17382
1512609848495623,1512609848513017,67108864,4194304,16,3858,17394
1512609849004216,1512609849021499,67108864,4194304,16,3882,17283
1512609849511609,1512609849528958,67108864,4194304,16,3868,17349
1512609850020165,1512609850037483,67108864,4194304,16,3875,17318
1512609850528406,1512609850545773,67108864,4194304,16,3864,17367
1512609851036453,1512609851053836,67108864,4194304,16,3860,17383
1512609851544561,1512609851561917,67108864,4194304,16,3866,17356
1512609852052578,1512609852069895,67108864,4194304,16,3875,17317
1512609852559922,1512609852577326,67108864,4194304,16,3855,17404
1512609853069076,1512609853086462,67108864,4194304,16,3859,17386
1512609853576987,1512609853594391,67108864,4194304,16,3855,17404
1512609854085173,1512609854102562,67108864,4194304,16,3859,17389
1512609854592789,1512609854610036,67108864,4194304,16,3891,17247
1512609855101903,1512609855119280,67108864,4194304,16,3861,17377
1512609855609566,1512609855626942,67108864,4194304,16,3862,17376
1512609856117858,1512609856135203,67108864,4194304,16,3869,17345
1512609856626565,1512609856643891,67108864,4194304,16,3873,17326
1512609857134934,1512609857152259,67108864,4194304,16,3873,17325
1512609857643072,1512609857660371,67108864,4194304,16,3879,17299
1512609858151339,1512609858168729,67108864,4194304,16,3859,17390
1512609858659183,1512609858676526,67108864,4194304,16,3869,17343
1512609859167964,1512609859185356,67108864,4194304,16,3858,17392
1512609859676434,1512609859693752,67108864,4194304,16,3875,17318
1512609860185187,1512609860202480,67108864,4194304,16,3880,17293
1512609860693512,1512609860710850,67108864,4194304,16,3870,17338
1512609861202070,1512609861219478,67108864,4194304,16,3855,17408
1512609861710550,1512609861727858,67108864,4194304,16,3877,17308
1512609862218900,1512609862236210,67108864,4194304,16,3876,17310
1512609862728239,1512609862745602,67108864,4194304,16,3865,17363
1512609863235914,1512609863253135,67108864,4194304,16,3896,17221
1512609863743836,1512609863761162,67108864,4194304,16,3873,17326
1512609864252139,1512609864269068,67108864,4194304,16,3964,16929
1512609864760333,1512609864777765,67108864,4194304,16,3849,17432
1512609865268413,1512609865285860,67108864,4194304,16,3846,17447
1512609865776144,1512609865793489,67108864,4194304,16,3869,17345
1512609866284071,1512609866301349,67108864,4194304,16,3884,17278
1512609866792486,1512609866809811,67108864,4194304,16,3873,17325
1512609867300699,1512609867318019,67108864,4194304,16,3874,17320
1512609867809390,1512609867826736,67108864,4194304,16,3868,17346
1512609868317343,1512609868334695,67108864,4194304,16,3867,17352
1512609868825118,1512609868842500,67108864,4194304,16,3860,17382
1512609869332840,1512609869350200,67108864,4194304,16,3865,17360
1512609869840896,1512609869858245,67108864,4194304,16,3868,17349
1512609870349633,1512609870367016,67108864,4194304,16,3860,17383
1512609870858533,1512609870875739,67108864,4194304,16,3900,17206
1512609871366652,1512609871384055,67108864,4194304,16,3856,17403
1512609871883222,1512609871900556,67108864,4194304,16,3871,17334
1512609872402152,1512609872419178,67108864,4194304,16,3941,17026
1512609872921422,1512609872938617,67108864,4194304,16,3902,17195
1512609873439596,1512609873456843,67108864,4194304,16,3891,17247
1512609873947504,1512609873964809,67108864,4194304,16,3878,17305
1512609874454735,1512609874472047,67108864,4194304,16,3876,17312
1512609874962471,1512609874979784,67108864,4194304,16,3876,17313
1512609875470175,1512609875487571,67108864,4194304,16,3857,17396
1512609875977900,1512609875995179,67108864,4194304,16,3883,17279
1512609876485725,1512609876503084,67108864,4194304,16,3865,17359
1512609876993424,1512609877010780,67108864,4194304,16,3866,17356
1512609877500973,1512609877518300,67108864,4194304,16,3873,17327
1512609878009809,1512609878027091,67108864,4194304,16,3883,17282
1512609878516976,1512609878534324,67108864,4194304,16,3868,17348
1512609879025332,1512609879042709,67108864,4194304,16,3861,17377
1512609879532835,1512609879550136,67108864,4194304,16,3878,17301
1512609880041017,1512609880058368,67108864,4194304,16,3867,17351
1512609880548365,1512609880565709,67108864,4194304,16,3869,17344
1512609881057629,1512609881074894,67108864,4194304,16,3886,17265
1512609881565947,1512609881583335,67108864,4194304,16,3859,17388
1512609882074048,1512609882091311,67108864,4194304,16,3887,17263
1512609882581540,1512609882598896,67108864,4194304,16,3866,17356
1512609883089792,1512609883107157,67108864,4194304,16,3864,17365
1512609883596875,1512609883614158,67108864,4194304,16,3882,17283
1512609884105295,1512609884122685,67108864,4194304,16,3859,17390
1512609884612765,1512609884630164,67108864,4194304,16,3857,17399
1512609885121016,1512609885138374,67108864,4194304,16,3866,17358
1512609885629194,1512609885646509,67108864,4194304,16,3875,17315
1512609886137152,1512609886154483,67108864,4194304,16,3872,17331
1512609886645018,1512609886662363,67108864,4194304,16,3869,17345
1512609887152964,1512609887170351,67108864,4194304,16,3859,17387
1512609887660685,1512609887678012,67108864,4194304,16,3873,17327
1512609888168958,1512609888186294,67108864,4194304,16,3871,17336
1512609888677286,1512609888694575,67108864,4194304,16,3881,17289
1512609889185651,1512609889203043,67108864,4194304,16,3858,17392
1512609889693296,1512609889710611,67108864,4194304,16,3875,17315
1512609890201283,1512609890218495,67108864,4194304,16,3898,17212
1512609890709170,1512609890726467,67108864,4194304,16,3879,17297
1512609891217161,1512609891234425,67108864,4194304,16,3887,17264
1512609891725249,1512609891742596,67108864,4194304,16,3868,17347
1512609892233063,1512609892250066,67108864,4194304,16,3946,17003
1512609892740746,1512609892757993,67108864,4194304,16,3891,17247
1512609893248355,1512609893265610,67108864,4194304,16,3889,17255
1512609893756090,1512609893773491,67108864,4194304,16,3856,17401
1512609894264378,1512609894281745,67108864,4194304,16,3864,17367
1512609894772160,1512609894789505,67108864,4194304,16,3869,17345
1512609895282287,1512609895299603,67108864,4194304,16,3875,17316
1512609895790171,1512609895807477,67108864,4194304,16,3877,17306
1512609896297580,1512609896314919,67108864,4194304,16,3870,17339
1512609896805290,1512609896822644,67108864,4194304,16,3867,17354
1512609897312597,1512609897329503,67108864,4194304,16,3969,16906
1512609897819802,1512609897837088,67108864,4194304,16,3882,17286
1512609898327748,1512609898345056,67108864,4194304,16,3877,17308
1512609898835704,1512609898853010,67108864,4194304,16,3877,17306
1512609899344094,1512609899361395,67108864,4194304,16,3878,17301
1512609899852176,1512609899869514,67108864,4194304,16,3870,17338
1512609900360156,1512609900377291,67108864,4194304,16,3916,17135
1512609900868166,1512609900885438,67108864,4194304,16,3885,17272
1512609901376529,1512609901393852,67108864,4194304,16,3873,17323
1512609901885285,1512609901902644,67108864,4194304,16,3865,17359
1512609902393802,1512609902411091,67108864,4194304,16,3881,17289
1512609902901894,1512609902919148,67108864,4194304,16,3889,17254
1512609903410398,1512609903427641,67108864,4194304,16,3891,17243
1512609903918845,1512609903936137,67108864,4194304,16,3880,17292
1512609904427104,1512609904444330,67108864,4194304,16,3895,17226
1512609904934924,1512609904952279,67108864,4194304,16,3866,17355
1512609905443170,1512609905460431,67108864,4194304,16,3887,17261
1512609905951500,1512609905968835,67108864,4194304,16,3871,17335
1512609906460183,1512609906477503,67108864,4194304,16,3874,17320
1512609906969107,1512609906986446,67108864,4194304,16,3870,17339
1512609907477124,1512609907494407,67108864,4194304,16,3882,17283
1512609907985762,1512609908003125,67108864,4194304,16,3865,17363
1512609908493725,1512609908511084,67108864,4194304,16,3865,17359
1512609909002287,1512609909019653,67108864,4194304,16,3864,17366
1512609909510494,1512609909527841,67108864,4194304,16,3868,17347
1512609910018369,1512609910035691,67108864,4194304,16,3874,17322
1512609910526243,1512609910543549,67108864,4194304,16,3877,17306
1512609911034347,1512609911051266,67108864,4194304,16,3966,16919
1512609911542447,1512609911559628,67108864,4194304,16,3905,17181
1512609912050715,1512609912067941,67108864,4194304,16,3895,17226
1512609912558474,1512609912575836,67108864,4194304,16,3865,17362
1512609913067873,1512609913085184,67108864,4194304,16,3876,17311
1512609913575979,1512609913593264,67108864,4194304,16,3882,17285
1512609914084376,1512609914101670,67108864,4194304,16,3880,17294
1512609914592222,1512609914609519,67108864,4194304,16,3879,17297
1512609915100519,1512609915117842,67108864,4194304,16,3873,17323
1512609915608670,1512609915625960,67108864,4194304,16,3881,17290
1512609916117117,1512609916134444,67108864,4194304,16,3873,17327
1512609916625454,1512609916642448,67108864,4194304,16,3948,16994
1512609917133771,1512609917151117,67108864,4194304,16,3868,17346
1512609917642343,1512609917659632,67108864,4194304,16,3881,17289
1512609918150670,1512609918168032,67108864,4194304,16,3865,17362
1512609918658681,1512609918676113,67108864,4194304,16,3849,17432
1512609919167483,1512609919184769,67108864,4194304,16,3882,17286
1512609919676051,1512609919693313,67108864,4194304,16,3887,17262
1512609920185411,1512609920202694,67108864,4194304,16,3882,17283
1512609920693816,1512609920710674,67108864,4194304,16,3980,16858
1512609921202540,1512609921219895,67108864,4194304,16,3866,17355
1512609921711285,1512609921728602,67108864,4194304,16,3875,17317
1512609922219744,1512609922237063,67108864,4194304,16,3874,17319
1512609922728662,1512609922745948,67108864,4194304,16,3882,17286
1512609923236761,1512609923254027,67108864,4194304,16,3886,17266
1512609923745356,1512609923762701,67108864,4194304,16,3869,17345
1512609924253642,1512609924271012,67108864,4194304,16,3863,17370
1512609924762429,1512609924779714,67108864,4194304,16,3882,17285
1512609925271114,1512609925288466,67108864,4194304,16,3867,17352
1512609925779802,1512609925797119,67108864,4194304,16,3875,17317
1512609926288196,1512609926305493,67108864,4194304,16,3879,17297
1512609926796975,1512609926814262,67108864,4194304,16,3882,17287
1512609927305007,1512609927322013,67108864,4194304,16,3946,17006
1512609927813293,1512609927830557,67108864,4194304,16,3887,17264
1512609928321949,1512609928339261,67108864,4194304,16,3876,17312
1512609928830321,1512609928847496,67108864,4194304,16,3907,17175
1512609929338248,1512609929355518,67108864,4194304,16,3885,17270
1512609929846384,1512609929863687,67108864,4194304,16,3878,17303
1512609930354404,1512609930371728,67108864,4194304,16,3873,17324
1512609930863116,1512609930880399,67108864,4194304,16,3882,17283
1512609931371907,1512609931389233,67108864,4194304,16,3873,17326
1512609931880376,1512609931897709,67108864,4194304,16,3871,17333
1512609932388814,1512609932406062,67108864,4194304,16,3890,17248
1512609932897330,1512609932914636,67108864,4194304,16,3877,17306
1512609933406213,1512609933423494,67108864,4194304,16,3883,17281
1512609933915007,1512609933932372,67108864,4194304,16,3864,17365
1512609934423000,1512609934440305,67108864,4194304,16,3878,17305
1512609934931346,1512609934948566,67108864,4194304,16,3897,17220
1512609935440062,1512609935457262,67108864,4194304,16,3901,17200
1512609935948735,1512609935965938,67108864,4194304,16,3900,17203
1512609936456800,1512609936474102,67108864,4194304,16,3878,17302
1512609936965219,1512609936982492,67108864,4194304,16,3885,17273
1512609937473201,1512609937490492,67108864,4194304,16,3881,17291
1512609937981731,1512609937998969,67108864,4194304,16,3893,17238
1512609938489894,1512609938506792,67108864,4194304,16,3971,16898
1512609938998747,1512609939016062,67108864,4194304,16,3875,17315
1512609939506926,1512609939524198,67108864,4194304,16,3885,17272
1512609940015298,1512609940032588,67108864,4194304,16,3881,17290
1512609940523558,1512609940540882,67108864,4194304,16,3873,17324
1512609941032285,1512609941049582,67108864,4194304,16,3879,17297
1512609941540200,1512609941557485,67108864,4194304,16,3882,17285
1512609942049159,1512609942066417,67108864,4194304,16,3888,17258
1512609942557325,1512609942574613,67108864,4194304,16,3881,17288
1512609943066358,1512609943083691,67108864,4194304,16,3871,17333
1512609943574309,1512609943591570,67108864,4194304,16,3887,17261
1512609944083040,1512609944100334,67108864,4194304,16,3880,17294
1512609944591254,1512609944608537,67108864,4194304,16,3882,17283
1512609945099997,1512609945117225,67108864,4194304,16,3895,17228
1512609945607517,1512609945624805,67108864,4194304,16,3881,17288
1512609946116424,1512609946133351,67108864,4194304,16,3964,16927
1512609946624024,1512609946641323,67108864,4194304,16,3879,17299
1512609947132405,1512609947149715,67108864,4194304,16,3876,17310
1512609947640876,1512609947657870,67108864,4194304,16,3948,16994
1512609948149709,1512609948167041,67108864,4194304,16,3871,17332
1512609948658178,1512609948675545,67108864,4194304,16,3864,17367
1512609949166455,1512609949183802,67108864,4194304,16,3868,17347
1512609949675605,1512609949692937,67108864,4194304,16,3871,17332
1512609950183694,1512609950200885,67108864,4194304,16,3903,17191
1512609950691910,1512609950709244,67108864,4194304,16,3871,17334
1512609951200693,1512609951217992,67108864,4194304,16,3879,17299
1512609951709294,1512609951726639,67108864,4194304,16,3869,17345
1512609952218034,1512609952235326,67108864,4194304,16,3880,17292
1512609952726594,1512609952743939,67108864,4194304,16,3869,17345
1512609953234988,1512609953252285,67108864,4194304,16,3879,17297
1512609953743137,1512609953760472,67108864,4194304,16,3871,17335
1512609954251977,1512609954268864,67108864,4194304,16,3973,16887
1512609954760243,1512609954777565,67108864,4194304,16,3874,17322
1512609955268153,1512609955285457,67108864,4194304,16,3878,17304
1512609955777017,1512609955794331,67108864,4194304,16,3875,17314
1512609956285674,1512609956302661,67108864,4194304,16,3950,16987
1512609956793393,1512609956810716,67108864,4194304,16,3873,17323
1512609957301562,1512609957318505,67108864,4194304,16,3960,16943
1512609957809897,1512609957827214,67108864,4194304,16,3875,17317
1512609958317399,1512609958334729,67108864,4194304,16,3872,17330
1512609958825768,1512609958842981,67108864,4194304,16,3898,17213
1512609959333903,1512609959351216,67108864,4194304,16,3876,17313
1512609959842659,1512609959860002,67108864,4194304,16,3869,17343
1512609960351149,1512609960368398,67108864,4194304,16,3890,17249
1512609960859929,1512609960877264,67108864,4194304,16,3871,17335
1512609961368302,1512609961385665,67108864,4194304,16,3865,17363
1512609961877330,1512609961894713,67108864,4194304,16,3860,17383
1512609962385813,1512609962403220,67108864,4194304,16,3855,17407
1512609962894400,1512609962911793,67108864,4194304,16,3858,17393
1512609963403095,1512609963420443,67108864,4194304,16,3868,17348
1512609963911643,1512609963929000,67108864,4194304,16,3866,17357
1512609964420246,1512609964437626,67108864,4194304,16,3861,17380
1512609964928847,1512609964946139,67108864,4194304,16,3880,17292
1512609965436813,1512609965454111,67108864,4194304,16,3879,17298
1512609965946033,1512609965963342,67108864,4194304,16,3877,17309
1512609966454353,1512609966471746,67108864,4194304,16,3858,17393
1512609966962783,1512609966980173,67108864,4194304,16,3859,17390
1512609967471262,1512609967488599,67108864,4194304,16,3870,17337
1512609967979616,1512609967997004,67108864,4194304,16,3859,17388
1512609968487836,1512609968505210,67108864,4194304,16,3862,17374
1512609968996503,1512609969013555,67108864,4194304,16,3935,17052
1512609969504355,1512609969521699,67108864,4194304,16,3869,17344
1512609970012138,1512609970029121,67108864,4194304,16,3951,16983
1512609970519789,1512609970537115,67108864,4194304,16,3873,17326
1512609971027949,1512609971045334,67108864,4194304,16,3860,17385
1512609971536854,1512609971554122,67108864,4194304,16,3886,17268
1512609972045429,1512609972062409,67108864,4194304,16,3952,16980
1512609972552977,1512609972570319,67108864,4194304,16,3869,17342
1512609973061453,1512609973078747,67108864,4194304,16,3880,17294
1512609973569183,1512609973586495,67108864,4194304,16,3876,17312
1512609974077585,1512609974094868,67108864,4194304,16,3882,17283
1512609974585921,1512609974603308,67108864,4194304,16,3859,17387
1512609975094251,1512609975111590,67108864,4194304,16,3870,17339
1512609975602396,1512609975619782,67108864,4194304,16,3859,17386
1512609976111224,1512609976128493,67108864,4194304,16,3886,17269
1512609976619156,1512609976636563,67108864,4194304,16,3855,17407
1512609977128442,1512609977145418,67108864,4194304,16,3953,16976
1512609977636352,1512609977653748,67108864,4194304,16,3857,17396
1512609978145770,1512609978163118,67108864,4194304,16,3868,17348
1512609978653232,1512609978670595,67108864,4194304,16,3865,17363
1512609979162010,1512609979179254,67108864,4194304,16,3891,17244
1512609979670992,1512609979688324,67108864,4194304,16,3871,17332
1512609980180570,1512609980197898,67108864,4194304,16,3872,17328
1512609980690400,1512609980707794,67108864,4194304,16,3858,17394
1512609981199064,1512609981216470,67108864,4194304,16,3855,17406
1512609981707823,1512609981725170,67108864,4194304,16,3868,17347
1512609982216704,1512609982234072,67108864,4194304,16,3863,17368
1512609982724609,1512609982741994,67108864,4194304,16,3860,17385
1512609983232864,1512609983250260,67108864,4194304,16,3857,17396
1512609983741253,1512609983758673,67108864,4194304,16,3852,17420
1512609984249626,1512609984266987,67108864,4194304,16,3865,17361
1512609984759652,1512609984776995,67108864,4194304,16,3869,17343
1512609985267885,1512609985285210,67108864,4194304,16,3873,17325
1512609985776573,1512609985793994,67108864,4194304,16,3852,17421
1512609986285626,1512609986302950,67108864,4194304,16,3873,17324
1512609986794794,1512609986812104,67108864,4194304,16,3876,17310
1512609987303073,1512609987320433,67108864,4194304,16,3865,17360
1512609987811749,1512609987829050,67108864,4194304,16,3878,17301
1512609988320207,1512609988337571,67108864,4194304,16,3864,17364
1512609988830907,1512609988848210,67108864,4194304,16,3878,17303
1512609989339289,1512609989356677,67108864,4194304,16,3859,17388
1512609989847684,1512609989865009,67108864,4194304,16,3873,17325
1512609990356338,1512609990373629,67108864,4194304,16,3881,17291
1512609990864747,1512609990881970,67108864,4194304,16,3896,17223
1512609991373012,1512609991390407,67108864,4194304,16,3857,17395
1512609991881588,1512609991898924,67108864,4194304,16,3871,17336
1512609992390242,1512609992407527,67108864,4194304,16,3882,17285
1512609992898854,1512609992916186,67108864,4194304,16,3871,17332
1512609993407091,1512609993424435,67108864,4194304,16,3869,17344
1512609993916026,1512609993933340,67108864,4194304,16,3875,17314
1512609994424252,1512609994441590,67108864,4194304,16,3870,17338
1512609994932556,1512609994949920,67108864,4194304,16,3864,17364
1512609995440520,1512609995457875,67108864,4194304,16,3866,17355
1512609995948667,1512609995965986,67108864,4194304,16,3874,17319
1512609996457111,1512609996474495,67108864,4194304,16,3860,17384
1512609996965907,1512609996983255,67108864,4194304,16,3868,17348
1512609997474127,1512609997491489,67108864,4194304,16,3865,17362
1512609997982514,1512609997999908,67108864,4194304,16,3858,17394
1512609998490465,1512609998507824,67108864,4194304,16,3865,17359
1512609998998496,1512609999015907,67108864,4194304,16,3854,17411
1512609999506630,1512609999524007,67108864,4194304,16,3861,17377
1512610000016171,1512610000033455,67108864,4194304,16,3882,17284
1512610000524793,1512610000542110,67108864,4194304,16,3875,17317
1512610001033816,1512610001051139,67108864,4194304,16,3873,17323
1512610001541748,1512610001559144,67108864,4194304,16,3857,17396
1512610002049951,1512610002066932,67108864,4194304,16,3951,16981
1512610002557628,1512610002575026,67108864,4194304,16,3857,17398
1512610003067182,1512610003084503,67108864,4194304,16,3874,17321
1512610003575266,1512610003592611,67108864,4194304,16,3869,17345
1512610004085015,1512610004102295,67108864,4194304,16,3883,17280
1512610004592878,1512610004610116,67108864,4194304,16,3893,17238
1512610005101481,1512610005118860,67108864,4194304,16,3861,17379
1512610005609685,1512610005626963,67108864,4194304,16,3884,17278
1512610006118190,1512610006135582,67108864,4194304,16,3858,17392
1512610006626417,1512610006643783,67108864,4194304,16,3864,17366
1512610007135000,1512610007152382,67108864,4194304,16,3860,17382
1512610007642896,1512610007660284,67108864,4194304,16,3859,17388
1512610008151579,1512610008168974,67108864,4194304,16,3857,17395
1512610008660356,1512610008677610,67108864,4194304,16,3889,17254
1512610009169268,1512610009186613,67108864,4194304,16,3869,17345
1512610009678082,1512610009695091,67108864,4194304,16,3945,17009
1512610010186228,1512610010203634,67108864,4194304,16,3855,17406
1512610010695035,1512610010712380,67108864,4194304,16,3869,17345
1512610011203900,1512610011221289,67108864,4194304,16,3859,17389
1512610011712196,1512610011729572,67108864,4194304,16,3862,17376
1512610012220836,1512610012238034,67108864,4194304,16,3902,17198
1512610012729302,1512610012746639,67108864,4194304,16,3870,17337
1512610013237815,1512610013255205,67108864,4194304,16,3859,17390
1512610013745768,1512610013763155,67108864,4194304,16,3859,17387
1512610014254892,1512610014272226,67108864,4194304,16,3871,17334
1512610014762982,1512610014780334,67108864,4194304,16,3867,17352
1512610015272232,1512610015289236,67108864,4194304,16,3946,17004
1512610015780198,1512610015797647,67108864,4194304,16,3846,17449
1512610016288964,1512610016306323,67108864,4194304,16,3865,17359
1512610016797839,1512610016814984,67108864,4194304,16,3914,17145
1512610017306173,1512610017323499,67108864,4194304,16,3873,17326
1512610017814810,1512610017832121,67108864,4194304,16,3876,17311
1512610018323346,1512610018340673,67108864,4194304,16,3873,17327
1512610018832145,1512610018849439,67108864,4194304,16,3880,17294
1512610019340277,1512610019357650,67108864,4194304,16,3862,17373
1512610019851802,1512610019869162,67108864,4194304,16,3865,17360
1512610020360245,1512610020377525,67108864,4194304,16,3883,17280
1512610020869095,1512610020886494,67108864,4194304,16,3857,17399
1512610021377226,1512610021394593,67108864,4194304,16,3864,17367
1512610021885421,1512610021902727,67108864,4194304,16,3877,17306
1512610022393622,1512610022410996,67108864,4194304,16,3862,17374
1512610022901414,1512610022918727,67108864,4194304,16,3876,17313
1512610023410023,1512610023427386,67108864,4194304,16,3865,17363
1512610023918611,1512610023935975,67108864,4194304,16,3864,17364
1512610024426861,1512610024444255,67108864,4194304,16,3858,17394
1512610024935090,1512610024952505,67108864,4194304,16,3853,17415
1512610025443192,1512610025460572,67108864,4194304,16,3861,17380
1512610025951415,1512610025968746,67108864,4194304,16,3872,17331
1512610026459525,1512610026476862,67108864,4194304,16,3870,17337
1512610026968324,1512610026985719,67108864,4194304,16,3857,17395
1512610027476815,1512610027494193,67108864,4194304,16,3861,17378
1512610027985506,1512610028002909,67108864,4194304,16,3856,17403
1512610028493711,1512610028511091,67108864,4194304,16,3861,17380
1512610029002221,1512610029019617,67108864,4194304,16,3857,17396
1512610029510152,1512610029527589,67108864,4194304,16,3848,17437
1512610030018695,1512610030036071,67108864,4194304,16,3862,17376
1512610030527244,1512610030544653,67108864,4194304,16,3854,17409
1512610031035669,1512610031052663,67108864,4194304,16,3948,16994
1512610031543563,1512610031560931,67108864,4194304,16,3863,17368
1512610032052079,1512610032069442,67108864,4194304,16,3865,17363
1512610032560371,1512610032577754,67108864,4194304,16,3860,17383
1512610033068710,1512610033086040,67108864,4194304,16,3872,17330
1512610033576898,1512610033594291,67108864,4194304,16,3858,17393
1512610034085386,1512610034102394,67108864,4194304,16,3945,17008
1512610034593253,1512610034610642,67108864,4194304,16,3859,17389
1512610035101993,1512610035119354,67108864,4194304,16,3865,17361
1512610035609698,1512610035627058,67108864,4194304,16,3865,17360
1512610036118243,1512610036135526,67108864,4194304,16,3882,17283
1512610036625949,1512610036643296,67108864,4194304,16,3868,17347
1512610037134995,1512610037152316,67108864,4194304,16,3874,17321
1512610037643693,1512610037661107,67108864,4194304,16,3853,17414
1512610038152301,1512610038169719,67108864,4194304,16,3852,17418
1512610038660975,1512610038678296,67108864,4194304,16,3874,17321
1512610039169350,1512610039186734,67108864,4194304,16,3860,17384
1512610039678107,1512610039695499,67108864,4194304,16,3858,17392
1512610040187506,1512610040204854,67108864,4194304,16,3868,17348
1512610040695882,1512610040713272,67108864,4194304,16,3859,17390
1512610041204340,1512610041221661,67108864,4194304,16,3874,17321
1512610041712837,1512610041730168,67108864,4194304,16,3872,17331
1512610042222153,1512610042239152,67108864,4194304,16,3947,16999
1512610042730348,1512610042747728,67108864,4194304,16,3861,17380
1512610043239127,1512610043256457,67108864,4194304,16,3872,17330
1512610043747669,1512610043764923,67108864,4194304,16,3889,17254
1512610044256385,1512610044273757,67108864,4194304,16,3863,17372
1512610044765232,1512610044782249,67108864,4194304,16,3943,17017
1512610045273303,1512610045290588,67108864,4194304,16,3882,17285
1512610045781500,1512610045798930,67108864,4194304,16,3850,17430
1512610046290142,1512610046307515,67108864,4194304,16,3862,17373
1512610046798692,1512610046816115,67108864,4194304,16,3851,17423
1512610047307668,1512610047325018,67108864,4194304,16,3867,17350
1512610047816523,1512610047833956,67108864,4194304,16,3849,17433
1512610048324810,1512610048342159,67108864,4194304,16,3868,17349
1512610048833534,1512610048850844,67108864,4194304,16,3876,17310
1512610049342019,1512610049359329,67108864,4194304,16,3876,17310
1512610049850725,1512610049868157,67108864,4194304,16,3849,17432
1512610050359546,1512610050376912,67108864,4194304,16,3864,17366
1512610050868469,1512610050885803,67108864,4194304,16,3871,17334
1512610051376649,1512610051394027,67108864,4194304,16,3861,17378
1512610051885350,1512610051902709,67108864,4194304,16,3865,17359
1512610052394500,1512610052411873,67108864,4194304,16,3862,17373
1512610052902787,1512610052920037,67108864,4194304,16,3890,17250
1512610053410363,1512610053427723,67108864,4194304,16,3865,17360
1512610053918607,1512610053935956,67108864,4194304,16,3868,17349
1512610054427055,1512610054444465,67108864,4194304,16,3854,17410
1512610054934964,1512610054952342,67108864,4194304,16,3861,17378
1512610055442969,1512610055460328,67108864,4194304,16,3865,17359
1512610055951978,1512610055969319,67108864,4194304,16,3869,17341
1512610056460554,1512610056477954,67108864,4194304,16,3856,17400
1512610056969714,1512610056987112,67108864,4194304,16,3857,17398
1512610057477353,1512610057494713,67108864,4194304,16,3865,17360
1512610057985645,1512610058003039,67108864,4194304,16,3858,17394
1512610058494333,1512610058511725,67108864,4194304,16,3858,17392
1512610059002615,1512610059019962,67108864,4194304,16,3868,17347
1512610059510572,1512610059527970,67108864,4194304,16,3857,17398
1512610060019051,1512610060036400,67108864,4194304,16,3868,17349
1512610060527191,1512610060544560,67108864,4194304,16,3863,17369
1512610061035963,1512610061053313,67108864,4194304,16,3867,17350
1512610061544072,1512610061561410,67108864,4194304,16,3870,17338
1512610062052701,1512610062070001,67108864,4194304,16,3879,17300
1512610062560334,1512610062577776,67108864,4194304,16,3847,17442
1512610063069879,1512610063087226,67108864,4194304,16,3868,17347
1512610063578103,1512610063595379,67108864,4194304,16,3884,17276
1512610064087246,1512610064104633,67108864,4194304,16,3859,17387
1512610064595329,1512610064612779,67108864,4194304,16,3845,17450
1512610065103994,1512610065121283,67108864,4194304,16,3881,17289
1512610065612032,1512610065629393,67108864,4194304,16,3865,17361
1512610066120668,1512610066138024,67108864,4194304,16,3866,17356
1512610066628289,1512610066645647,67108864,4194304,16,3866,17358
1512610067136550,1512610067153982,67108864,4194304,16,3849,17432
1512610067645261,1512610067662636,67108864,4194304,16,3862,17375
1512610068154160,1512610068171532,67108864,4194304,16,3863,17372
1512610068663382,1512610068680779,67108864,4194304,16,3857,17397
1512610069172760,1512610069190119,67108864,4194304,16,3865,17359
1512610069681758,1512610069699166,67108864,4194304,16,3855,17408
1512610070190780,1512610070208155,67108864,4194304,16,3862,17375
1512610070698845,1512610070716244,67108864,4194304,16,3857,17399
1512610071207390,1512610071224791,67108864,4194304,16,3856,17401
1512610071715607,1512610071733010,67108864,4194304,16,3856,17403
1512610072224225,1512610072241594,67108864,4194304,16,3863,17369
1512610072732691,1512610072750055,67108864,4194304,16,3864,17364
1512610073240791,1512610073258189,67108864,4194304,16,3857,17398
1512610073749340,1512610073766770,67108864,4194304,16,3850,17430
1512610074258250,1512610074275639,67108864,4194304,16,3859,17389
1512610074766877,1512610074784303,67108864,4194304,16,3851,17426
1512610075275312,1512610075292662,67108864,4194304,16,3867,17350
1512610075783582,1512610075800958,67108864,4194304,16,3862,17376
1512610076292135,1512610076309535,67108864,4194304,16,3856,17400
1512610076800623,1512610076818044,67108864,4194304,16,3852,17421
1512610077308993,1512610077326409,67108864,4194304,16,3853,17416
1512610077817947,1512610077835241,67108864,4194304,16,3880,17294
1512610078326854,1512610078344198,67108864,4194304,16,3869,17344
1512610078835488,1512610078852900,67108864,4194304,16,3854,17412
1512610079343837,1512610079361156,67108864,4194304,16,3874,17319
1512610079852161,1512610079869616,67108864,4194304,16,3844,17455
1512610080360313,1512610080377604,67108864,4194304,16,3881,17291
1512610080868676,1512610080885724,67108864,4194304,16,3936,17048
1512610081377208,1512610081394626,67108864,4194304,16,3852,17418
1512610081886686,1512610081904114,67108864,4194304,16,3850,17428
1512610082394821,1512610082412247,67108864,4194304,16,3851,17426
1512610082903339,1512610082920719,67108864,4194304,16,3861,17380
1512610083411741,1512610083429085,67108864,4194304,16,3869,17344
1512610083920355,1512610083937732,67108864,4194304,16,3861,17377
1512610084428920,1512610084446294,67108864,4194304,16,3862,17374
1512610084937099,1512610084954466,67108864,4194304,16,3864,17367
1512610085445377,1512610085462779,67108864,4194304,16,3856,17402
1512610085953480,1512610085970436,67108864,4194304,16,3957,16956
1512610086460955,1512610086478331,67108864,4194304,16,3862,17376
1512610086968602,1512610086986014,67108864,4194304,16,3854,17412
1512610087477461,1512610087494856,67108864,4194304,16,3857,17395
1512610087986309,1512610088003613,67108864,4194304,16,3878,17304
1512610088494468,1512610088511907,67108864,4194304,16,3848,17439
1512610089003241,1512610089020632,67108864,4194304,16,3858,17391
1512610089511636,1512610089528967,67108864,4194304,16,3872,17331
1512610090019999,1512610090037335,67108864,4194304,16,3871,17336
1512610090528543,1512610090545928,67108864,4194304,16,3860,17385
1512610091036539,1512610091053905,67108864,4194304,16,3864,17366
1512610091544780,1512610091562179,67108864,4194304,16,3857,17399
1512610092053510,1512610092070861,67108864,4194304,16,3867,17351
1512610092562000,1512610092579339,67108864,4194304,16,3870,17339
1512610093069725,1512610093087118,67108864,4194304,16,3858,17393
1512610093577967,1512610093595342,67108864,4194304,16,3862,17375
1512610094086913,1512610094104290,67108864,4194304,16,3861,17377
1512610094594748,1512610094612094,67108864,4194304,16,3868,17346
1512610095103495,1512610095120860,67108864,4194304,16,3864,17365
1512610095611476,1512610095628864,67108864,4194304,16,3859,17388
1512610096120193,1512610096137552,67108864,4194304,16,3865,17359
1512610096628256,1512610096645691,67108864,4194304,16,3849,17435
1512610097137144,1512610097154533,67108864,4194304,16,3859,17389
1512610097644977,1512610097662378,67108864,4194304,16,3856,17401
1512610098153991,1512610098171355,67108864,4194304,16,3864,17364
1512610098662206,1512610098679436,67108864,4194304,16,3894,17230
1512610099169926,1512610099187326,67108864,4194304,16,3856,17400
1512610099678234,1512610099695215,67108864,4194304,16,3951,16981
1512610100186321,1512610100203658,67108864,4194304,16,3870,17337
1512610100695130,1512610100712442,67108864,4194304,16,3876,17312
1512610101203472,1512610101220851,67108864,4194304,16,3861,17379
1512610101712412,1512610101729760,67108864,4194304,16,3868,17348
1512610102221383,1512610102238314,67108864,4194304,16,3963,16931
1512610102729307,1512610102746607,67108864,4194304,16,3879,17300
1512610103238487,1512610103255807,67108864,4194304,16,3874,17320
1512610103747250,1512610103764680,67108864,4194304,16,3850,17430
1512610104255788,1512610104273124,67108864,4194304,16,3871,17336
1512610104763993,1512610104781382,67108864,4194304,16,3859,17389
1512610105272247,1512610105289665,67108864,4194304,16,3852,17418
1512610105781336,1512610105798674,67108864,4194304,16,3870,17338
1512610106289975,1512610106307313,67108864,4194304,16,3870,17338
1512610106799122,1512610106816503,67108864,4194304,16,3861,17381
1512610107307670,1512610107325051,67108864,4194304,16,3861,17381
1512610107815954,1512610107833285,67108864,4194304,16,3872,17331
1512610108324014,1512610108341355,67108864,4194304,16,3869,17341
1512610108832667,1512610108849967,67108864,4194304,16,3879,17300
1512610109340628,1512610109357956,67108864,4194304,16,3872,17328
1512610109849404,1512610109866414,67108864,4194304,16,3945,17010
1512610110357607,1512610110374936,67108864,4194304,16,3872,17329
1512610110866643,1512610110884020,67108864,4194304,16,3861,17377
1512610111375007,1512610111392412,67108864,4194304,16,3855,17405
1512610111883136,1512610111900544,67108864,4194304,16,3855,17408
1512610112391321,1512610112408607,67108864,4194304,16,3882,17286
1512610112899000,1512610112916451,67108864,4194304,16,3845,17451
1512610113406690,1512610113424120,67108864,4194304,16,3850,17430
1512610113915419,1512610113932709,67108864,4194304,16,3881,17290
1512610114423650,1512610114441046,67108864,4194304,16,3857,17396
1512610114932405,1512610114949753,67108864,4194304,16,3868,17348
1512610115440498,1512610115457783,67108864,4194304,16,3882,17285
1512610115949837,1512610115967211,67108864,4194304,16,3862,17374
1512610116458050,1512610116475404,67108864,4194304,16,3867,17354
1512610116966708,1512610116983801,67108864,4194304,16,3926,17093
1512610117474574,1512610117491592,67108864,4194304,16,3943,17018
1512610117983319,1512610118000758,67108864,4194304,16,3848,17439
1512610118491283,1512610118507956,67108864,4194304,16,4025,16673
1512610118999351,1512610119016741,67108864,4194304,16,3859,17390
1512610119507035,1512610119524344,67108864,4194304,16,3877,17309
1512610120015395,1512610120032678,67108864,4194304,16,3882,17283
1512610120523351,1512610120540527,67108864,4194304,16,3907,17176
1512610121031520,1512610121048880,67108864,4194304,16,3865,17360
1512610121539318,1512610121556676,67108864,4194304,16,3866,17358
1512610122048230,1512610122065668,67108864,4194304,16,3848,17438
1512610122556562,1512610122573984,67108864,4194304,16,3851,17422
1512610123065798,1512610123083205,67108864,4194304,16,3855,17407
1512610123573841,1512610123591179,67108864,4194304,16,3870,17338
1512610124081845,1512610124099159,67108864,4194304,16,3875,17314
1512610124589868,1512610124607152,67108864,4194304,16,3882,17284
1512610125098634,1512610125115988,67108864,4194304,16,3867,17354
1512610125606422,1512610125623800,67108864,4194304,16,3861,17378
1512610126115328,1512610126132674,67108864,4194304,16,3868,17346
1512610126623140,1512610126640421,67108864,4194304,16,3883,17281
1512610127131246,1512610127148514,67108864,4194304,16,3886,17268
1512610127638939,1512610127656321,67108864,4194304,16,3860,17382
1512610128147924,1512610128165357,67108864,4194304,16,3849,17433
1512610128656488,1512610128673874,67108864,4194304,16,3859,17386
1512610129164935,1512610129181969,67108864,4194304,16,3939,17034
1512610129672931,1512610129690254,67108864,4194304,16,3873,17323
1512610130181622,1512610130198970,67108864,4194304,16,3868,17348
1512610130691064,1512610130708430,67108864,4194304,16,3864,17366
1512610131199979,1512610131217341,67108864,4194304,16,3865,17362
1512610131708921,1512610131726274,67108864,4194304,16,3867,17353
1512610132217775,1512610132235086,67108864,4194304,16,3876,17311
1512610132727028,1512610132744422,67108864,4194304,16,3858,17394
1512610133235259,1512610133252616,67108864,4194304,16,3866,17357
1512610133744418,1512610133761774,67108864,4194304,16,3866,17356
1512610134253225,1512610134270508,67108864,4194304,16,3882,17283
1512610134761157,1512610134778516,67108864,4194304,16,3865,17359
1512610135270322,1512610135287662,67108864,4194304,16,3870,17340
1512610135779074,1512610135796443,67108864,4194304,16,3863,17369
1512610136287597,1512610136304985,67108864,4194304,16,3859,17388
1512610136797533,1512610136814982,67108864,4194304,16,3846,17449
1512610137305999,1512610137323382,67108864,4194304,16,3860,17383
1512610137814358,1512610137831710,67108864,4194304,16,3867,17352
1512610138322724,1512610138340072,67108864,4194304,16,3868,17348
1512610138832395,1512610138849727,67108864,4194304,16,3871,17332
1512610139340836,1512610139358127,67108864,4194304,16,3881,17291
1512610139849594,1512610139867007,67108864,4194304,16,3853,17413
1512610140357786,1512610140375022,67108864,4194304,16,3893,17236
1512610140866214,1512610140883577,67108864,4194304,16,3865,17363
1512610141374589,1512610141391980,67108864,4194304,16,3858,17391
1512610141883722,1512610141901106,67108864,4194304,16,3860,17384
1512610142392340,1512610142409692,67108864,4194304,16,3867,17352
1512610142900307,1512610142917635,67108864,4194304,16,3872,17328
1512610143409171,1512610143426456,67108864,4194304,16,3882,17285
1512610143918305,1512610143935691,67108864,4194304,16,3859,17386
1512610144426048,1512610144443409,67108864,4194304,16,3865,17361
1512610144934827,1512610144952283,67108864,4194304,16,3844,17456
1512610145443042,1512610145460365,67108864,4194304,16,3873,17323
1512610145951978,1512610145969317,67108864,4194304,16,3870,17339
1512610146460293,1512610146477215,67108864,4194304,16,3965,16922
1512610146968349,1512610146985749,67108864,4194304,16,3856,17400
1512610147476547,1512610147493976,67108864,4194304,16,3850,17429
1512610147985523,1512610148002527,67108864,4194304,16,3946,17004
1512610148493128,1512610148510495,67108864,4194304,16,3864,17367
1512610149001840,1512610149019186,67108864,4194304,16,3868,17346
1512610149509910,1512610149527222,67108864,4194304,16,3876,17312
1512610150018375,1512610150035697,67108864,4194304,16,3874,17322
1512610150526365,1512610150543734,67108864,4194304,16,3863,17369
1512610151035993,1512610151053262,67108864,4194304,16,3886,17269
1512610151544109,1512610151561506,67108864,4194304,16,3857,17397
1512610152052809,1512610152070244,67108864,4194304,16,3849,17435
1512610152561368,1512610152578378,67108864,4194304,16,3945,17010
1512610153069558,1512610153086926,67108864,4194304,16,3863,17368
1512610153577680,1512610153595044,67108864,4194304,16,3864,17364
1512610154086763,1512610154104136,67108864,4194304,16,3862,17373
1512610154594629,1512610154612043,67108864,4194304,16,3853,17414
1512610155104602,1512610155121982,67108864,4194304,16,3861,17380
1512610155612118,1512610155629500,67108864,4194304,16,3860,17382
1512610156120857,1512610156138247,67108864,4194304,16,3859,17390
1512610156628818,1512610156645839,67108864,4194304,16,3942,17021
1512610157137129,1512610157154437,67108864,4194304,16,3877,17308
1512610157646285,1512610157663701,67108864,4194304,16,3853,17416
1512610158154980,1512610158172261,67108864,4194304,16,3883,17281
1512610158663882,1512610158681267,67108864,4194304,16,3860,17385
1512610159172652,1512610159189971,67108864,4194304,16,3874,17319
1512610159681032,1512610159698342,67108864,4194304,16,3876,17310
1512610160189905,1512610160207220,67108864,4194304,16,3875,17315
1512610160698634,1512610160715998,67108864,4194304,16,3864,17364
1512610161207561,1512610161224898,67108864,4194304,16,3870,17337
1512610161715951,1512610161732914,67108864,4194304,16,3956,16963
1512610162224679,1512610162242022,67108864,4194304,16,3869,17343
1512610162732944,1512610162749988,67108864,4194304,16,3937,17044
1512610163241315,1512610163258665,67108864,4194304,16,3867,17350
1512610163749424,1512610163766791,67108864,4194304,16,3864,17367
1512610164258151,1512610164275172,67108864,4194304,16,3942,17021
1512610164766404,1512610164783809,67108864,4194304,16,3855,17405
1512610165274908,1512610165292312,67108864,4194304,16,3855,17404
1512610165783962,1512610165801361,67108864,4194304,16,3857,17399
1512610166292428,1512610166309685,67108864,4194304,16,3888,17257
1512610166801014,1512610166818378,67108864,4194304,16,3864,17364
1512610167309736,1512610167327028,67108864,4194304,16,3880,17292
1512610167818883,1512610167836169,67108864,4194304,16,3882,17286
1512610168326701,1512610168344047,67108864,4194304,16,3868,17346
1512610168835263,1512610168852643,67108864,4194304,16,3861,17380
1512610169343345,1512610169360722,67108864,4194304,16,3861,17377
1512610169852355,1512610169869728,67108864,4194304,16,3862,17373
1512610170360711,1512610170378134,67108864,4194304,16,3851,17423
1512610170869281,1512610170886557,67108864,4194304,16,3884,17276
1512610171377559,1512610171394814,67108864,4194304,16,3889,17255
1512610171886199,1512610171903606,67108864,4194304,16,3855,17407
1512610172395388,1512610172412754,67108864,4194304,16,3864,17366
1512610172903661,1512610172920941,67108864,4194304,16,3883,17280
1512610173411782,1512610173429155,67108864,4194304,16,3862,17373
1512610173920972,1512610173938407,67108864,4194304,16,3849,17435
1512610174429410,1512610174446812,67108864,4194304,16,3856,17402
1512610174937938,1512610174955189,67108864,4194304,16,3890,17251
1512610175445881,1512610175463304,67108864,4194304,16,3851,17423
1512610175954976,1512610175972343,67108864,4194304,16,3864,17367
1512610176462887,1512610176480179,67108864,4194304,16,3880,17292
1512610176970570,1512610176988001,67108864,4194304,16,3849,17431
1512610177479223,1512610177496586,67108864,4194304,16,3865,17363
1512610177987788,1512610178005293,67108864,4194304,16,3833,17505
1512610178496310,1512610178513713,67108864,4194304,16,3856,17403
1512610179005397,1512610179022706,67108864,4194304,16,3877,17309
1512610179513416,1512610179530734,67108864,4194304,16,3875,17318
1512610180022490,1512610180039897,67108864,4194304,16,3855,17407
1512610180530978,1512610180548358,67108864,4194304,16,3861,17380
1512610181040229,1512610181057619,67108864,4194304,16,3859,17390
1512610181548504,1512610181565912,67108864,4194304,16,3855,17408
1512610182057344,1512610182074699,67108864,4194304,16,3866,17355
1512610182565201,1512610182582619,67108864,4194304,16,3852,17418
1512610183073385,1512610183090775,67108864,4194304,16,3859,17390
1512610183581328,1512610183598722,67108864,4194304,16,3858,17394
1512610184089875,1512610184107245,67108864,4194304,16,3863,17370
1512610184598495,1512610184615883,67108864,4194304,16,3859,17388
1512610185107546,1512610185124546,67108864,4194304,16,3947,17000
1512610185615086,1512610185632487,67108864,4194304,16,3856,17401
1512610186123466,1512610186140739,67108864,4194304,16,3885,17273
1512610186631471,1512610186648886,67108864,4194304,16,3853,17415
1512610187139822,1512610187157201,67108864,4194304,16,3861,17379
1512610187648810,1512610187666163,67108864,4194304,16,3867,17353
1512610188156639,1512610188174055,67108864,4194304,16,3853,17416
1512610188665745,1512610188683080,67108864,4194304,16,3871,17335
1512610189174535,1512610189191827,67108864,4194304,16,3880,17292
1512610189682730,1512610189700120,67108864,4194304,16,3859,17390
1512610190191306,1512610190208729,67108864,4194304,16,3851,17423
1512610190700588,1512610190717999,67108864,4194304,16,3854,17411
1512610191209273,1512610191226672,67108864,4194304,16,3857,17399
1512610191718085,1512610191735431,67108864,4194304,16,3868,17346
1512610192226633,1512610192243996,67108864,4194304,16,3865,17363
1512610192734630,1512610192751741,67108864,4194304,16,3921,17111
1512610193243105,1512610193260540,67108864,4194304,16,3849,17435
1512610193751460,1512610193768812,67108864,4194304,16,3867,17352
1512610194259954,1512610194277290,67108864,4194304,16,3871,17336
1512610194768445,1512610194785861,67108864,4194304,16,3853,17416
1512610195277113,1512610195294532,67108864,4194304,16,3852,17419
1512610195786445,1512610195803453,67108864,4194304,16,3945,17008
1512610196294822,1512610196312204,67108864,4194304,16,3860,17382
1512610196803140,1512610196820573,67108864,4194304,16,3849,17433
1512610197311558,1512610197328996,67108864,4194304,16,3848,17438
1512610197820470,1512610197837797,67108864,4194304,16,3873,17327
1512610198328860,1512610198346283,67108864,4194304,16,3851,17423
1512610198837888,1512610198855283,67108864,4194304,16,3857,17395
1512610199345811,1512610199363201,67108864,4194304,16,3859,17390
1512610199854775,1512610199872059,67108864,4194304,16,3882,17284
1512610200363406,1512610200380558,67108864,4194304,16,3912,17152
1512610200872355,1512610200889715,67108864,4194304,16,3865,17360
1512610201381149,1512610201398078,67108864,4194304,16,3964,16929
1512610201888457,1512610201905786,67108864,4194304,16,3872,17329
1512610202396328,1512610202413572,67108864,4194304,16,3891,17244
1512610202904820,1512610202922212,67108864,4194304,16,3858,17392
1512610203413173,1512610203430146,67108864,4194304,16,3953,16973
1512610203920664,1512610203938030,67108864,4194304,16,3864,17366
1512610204429418,1512610204446791,67108864,4194304,16,3862,17373
1512610204938355,1512610204955781,67108864,4194304,16,3851,17426
1512610205446979,1512610205464309,67108864,4194304,16,3872,17330
1512610205955478,1512610205972855,67108864,4194304,16,3861,17377
1512610206463165,1512610206480532,67108864,4194304,16,3864,17367
1512610206972108,1512610206989531,67108864,4194304,16,3851,17423
1512610207480287,1512610207497671,67108864,4194304,16,3860,17384
1512610207989222,1512610208006561,67108864,4194304,16,3870,17339
1512610208497535,1512610208514926,67108864,4194304,16,3858,17391
1512610209006915,1512610209024204,67108864,4194304,16,3881,17289
1512610209515049,1512610209532447,67108864,4194304,16,3857,17398
1512610210023354,1512610210040730,67108864,4194304,16,3862,17376
1512610210531452,1512610210548894,67108864,4194304,16,3847,17442
1512610211039864,1512610211057248,67108864,4194304,16,3860,17384
1512610211548136,1512610211565367,67108864,4194304,16,3894,17231
1512610212056729,1512610212074102,67108864,4194304,16,3862,17373
1512610212564839,1512610212582254,67108864,4194304,16,3853,17415
1512610213073974,1512610213091288,67108864,4194304,16,3875,17314
1512610213581846,1512610213599181,67108864,4194304,16,3871,17335
1512610214089765,1512610214107151,67108864,4194304,16,3859,17386
1512610214598170,1512610214615512,67108864,4194304,16,3869,17342
1512610215106940,1512610215123935,67108864,4194304,16,3948,16995
1512610215614588,1512610215631949,67108864,4194304,16,3865,17361
1512610216123483,1512610216140907,67108864,4194304,16,3851,17424
1512610216632273,1512610216649627,67108864,4194304,16,3867,17354
1512610217141308,1512610217158727,67108864,4194304,16,3852,17419
1512610217650216,1512610217667555,67108864,4194304,16,3870,17339
1512610218159099,1512610218176463,67108864,4194304,16,3864,17364
1512610218667043,1512610218684398,67108864,4194304,16,3866,17355
1512610219176019,1512610219193395,67108864,4194304,16,3862,17376
1512610219685723,1512610219703088,67108864,4194304,16,3864,17365
1512610220194634,1512610220211955,67108864,4194304,16,3874,17321
1512610220703013,1512610220720289,67108864,4194304,16,3884,17276
1512610221212333,1512610221229701,67108864,4194304,16,3863,17368
1512610221721460,1512610221738862,67108864,4194304,16,3856,17402
1512610222229771,1512610222247100,67108864,4194304,16,3872,17329
1512610222737919,1512610222755305,67108864,4194304,16,3859,17386
1512610223246438,1512610223263798,67108864,4194304,16,3865,17360
1512610223755121,1512610223772524,67108864,4194304,16,3856,17403
1512610224263420,1512610224280770,67108864,4194304,16,3867,17350
1512610224772158,1512610224789492,67108864,4194304,16,3871,17334
1512610225280211,1512610225297468,67108864,4194304,16,3888,17257
1512610225788901,1512610225806272,67108864,4194304,16,3863,17371
1512610226297520,1512610226314860,67108864,4194304,16,3870,17340
1512610226805807,1512610226823108,67108864,4194304,16,3878,17301
1512610227314146,1512610227331499,67108864,4194304,16,3867,17353
1512610227822766,1512610227840120,67108864,4194304,16,3867,17354
1512610228331117,1512610228348387,67108864,4194304,16,3885,17270
1512610228840002,1512610228857364,67108864,4194304,16,3865,17362
1512610229348651,1512610229366052,67108864,4194304,16,3856,17401
1512610229857565,1512610229874958,67108864,4194304,16,3858,17393
1512610230366120,1512610230383488,67108864,4194304,16,3863,17368
1512610230874894,1512610230892249,67108864,4194304,16,3866,17355
1512610231383493,1512610231400839,67108864,4194304,16,3868,17346
1512610231890951,1512610231908332,67108864,4194304,16,3861,17381
1512610232399345,1512610232416661,67108864,4194304,16,3875,17316
1512610232907841,1512610232925166,67108864,4194304,16,3873,17325
1512610233416247,1512610233433536,67108864,4194304,16,3881,17289
1512610233924825,1512610233942100,67108864,4194304,16,3884,17275
1512610234433238,1512610234450629,67108864,4194304,16,3858,17391
1512610234942973,1512610234960263,67108864,4194304,16,3881,17290
1512610235450828,1512610235468202,67108864,4194304,16,3862,17374
1512610235959763,1512610235977124,67108864,4194304,16,3865,17361
1512610236468002,1512610236485404,67108864,4194304,16,3856,17402
1512610236976897,1512610236994238,67108864,4194304,16,3869,17341
1512610237484518,1512610237501535,67108864,4194304,16,3943,17017
1512610237993298,1512610238010692,67108864,4194304,16,3858,17394
1512610238501369,1512610238518733,67108864,4194304,16,3864,17364
1512610239010558,1512610239027905,67108864,4194304,16,3868,17347
1512610239519030,1512610239536339,67108864,4194304,16,3877,17309
1512610240026903,1512610240044213,67108864,4194304,16,3876,17310
1512610240534884,1512610240552260,67108864,4194304,16,3862,17376
1512610241043075,1512610241060087,67108864,4194304,16,3944,17012
1512610241550646,1512610241568031,67108864,4194304,16,3860,17385
1512610242059185,1512610242076559,67108864,4194304,16,3862,17374
1512610242567934,1512610242585328,67108864,4194304,16,3858,17394
1512610243076406,1512610243093815,67108864,4194304,16,3854,17409
1512610243584641,1512610243601934,67108864,4194304,16,3880,17293
1512610244093492,1512610244110902,67108864,4194304,16,3854,17410
1512610244601999,1512610244619410,67108864,4194304,16,3854,17411
1512610245110484,1512610245127772,67108864,4194304,16,3881,17288
1512610245619292,1512610245636668,67108864,4194304,16,3862,17376
1512610246128814,1512610246146157,67108864,4194304,16,3869,17343
1512610246636604,1512610246653942,67108864,4194304,16,3870,17338
1512610247144449,1512610247161833,67108864,4194304,16,3860,17384
1512610247652204,1512610247669587,67108864,4194304,16,3860,17383
1512610248160527,1512610248177842,67108864,4194304,16,3875,17315
1512610248669083,1512610248686462,67108864,4194304,16,3861,17379
1512610249177435,1512610249194785,67108864,4194304,16,3867,17350
1512610249686633,1512610249703946,67108864,4194304,16,3876,17313
1512610250195618,1512610250213051,67108864,4194304,16,3849,17433
1512610250703574,1512610250720996,67108864,4194304,16,3851,17422
1512610251212684,1512610251230031,67108864,4194304,16,3868,17347
1512610251721744,1512610251739134,67108864,4194304,16,3859,17390
1512610252230449,1512610252247791,67108864,4194304,16,3869,17342
1512610252738425,1512610252755770,67108864,4194304,16,3869,17345
1512610253246890,1512610253264257,67108864,4194304,16,3864,17367
1512610253755835,1512610253773176,67108864,4194304,16,3869,17341
1512610254264416,1512610254281737,67108864,4194304,16,3874,17321
1512610254772646,1512610254789684,67108864,4194304,16,3938,17038
1512610255280632,1512610255298043,67108864,4194304,16,3854,17411
1512610255789935,1512610255807318,67108864,4194304,16,3860,17383
1512610256298252,1512610256315611,67108864,4194304,16,3865,17359
1512610256806284,1512610256823689,67108864,4194304,16,3855,17405
1512610257314804,1512610257332129,67108864,4194304,16,3873,17325
1512610257823763,1512610257841070,67108864,4194304,16,3877,17307
1512610258331898,1512610258349230,67108864,4194304,16,3871,17332
1512610258840423,1512610258857842,67108864,4194304,16,3852,17419
1512610259349211,1512610259366506,67108864,4194304,16,3880,17295
1512610259858031,1512610259875373,67108864,4194304,16,3869,17342
1512610260366513,1512610260383853,67108864,4194304,16,3870,17340
1512610260875378,1512610260892739,67108864,4194304,16,3865,17361
1512610261383556,1512610261400831,67108864,4194304,16,3884,17275
1512610261892317,1512610261909704,67108864,4194304,16,3859,17387
1512610262400789,1512610262418151,67108864,4194304,16,3865,17362
1512610262909738,1512610262927131,67108864,4194304,16,3858,17393
1512610263418094,1512610263435439,67108864,4194304,16,3869,17345
1512610263926912,1512610263944307,67108864,4194304,16,3857,17395
1512610264434901,1512610264452226,67108864,4194304,16,3873,17325
1512610264943525,1512610264960850,67108864,4194304,16,3873,17325
1512610265451752,1512610265469131,67108864,4194304,16,3861,17379
1512610265960011,1512610265977422,67108864,4194304,16,3854,17411
1512610266468988,1512610266485923,67108864,4194304,16,3962,16935
1512610266976920,1512610266994302,67108864,4194304,16,3860,17382
1512610267485247,1512610267502374,67108864,4194304,16,3918,17127
1512610267993803,1512610268011102,67108864,4194304,16,3879,17299
1512610268501681,1512610268518964,67108864,4194304,16,3882,17283
1512610269010100,1512610269027186,67108864,4194304,16,3927,17086
1512610269518742,1512610269536085,67108864,4194304,16,3869,17343
1512610270027080,1512610270044429,67108864,4194304,16,3868,17349
1512610270535186,1512610270552573,67108864,4194304,16,3859,17387
1512610271043150,1512610271060509,67108864,4194304,16,3865,17359
1512610271551462,1512610271568862,67108864,4194304,16,3856,17400
1512610272060132,1512610272077445,67108864,4194304,16,3876,17313
1512610272568222,1512610272585640,67108864,4194304,16,3852,17418
1512610273076701,1512610273094099,67108864,4194304,16,3857,17398
1512610273585151,1512610273602530,67108864,4194304,16,3861,17379
1512610274093784,1512610274111205,67108864,4194304,16,3852,17421
1512610274602597,1512610274619918,67108864,4194304,16,3874,17321
1512610275111069,1512610275128452,67108864,4194304,16,3860,17383
1512610275619110,1512610275636434,67108864,4194304,16,3873,17324
1512610276128056,1512610276145061,67108864,4194304,16,3946,17005
1512610276635584,1512610276652869,67108864,4194304,16,3882,17285
1512610277143842,1512610277161139,67108864,4194304,16,3879,17297
1512610277652881,1512610277670243,67108864,4194304,16,3865,17362
1512610278161711,1512610278179043,67108864,4194304,16,3871,17332
1512610278670384,1512610278687715,67108864,4194304,16,3872,17331
1512610279178353,1512610279195708,67108864,4194304,16,3866,17355
1512610279686645,1512610279704004,67108864,4194304,16,3865,17359
1512610280195830,1512610280213125,67108864,4194304,16,3880,17295
1512610280704613,1512610280721968,67108864,4194304,16,3866,17355
1512610281212951,1512610281230387,67108864,4194304,16,3848,17436
1512610281721637,1512610281739070,67108864,4194304,16,3849,17433
1512610282229945,1512610282247279,67108864,4194304,16,3871,17334
1512610282738600,1512610282755584,67108864,4194304,16,3951,16984
1512610283246441,1512610283263783,67108864,4194304,16,3869,17342
1512610283755550,1512610283772946,67108864,4194304,16,3857,17396
1512610284265560,1512610284282847,67108864,4194304,16,3882,17287
1512610284774089,1512610284791388,67108864,4194304,16,3879,17299
1512610285282483,1512610285299837,67108864,4194304,16,3867,17354
1512610285791109,1512610285808509,67108864,4194304,16,3856,17400
1512610286299902,1512610286317231,67108864,4194304,16,3872,17329
1512610286808856,1512610286826246,67108864,4194304,16,3859,17390
1512610287317496,1512610287334898,67108864,4194304,16,3856,17402
1512610287825514,1512610287842875,67108864,4194304,16,3865,17361
1512610288333801,1512610288351165,67108864,4194304,16,3864,17364
1512610288842545,1512610288859923,67108864,4194304,16,3861,17378
1512610289351413,1512610289368324,67108864,4194304,16,3968,16911
1512610289859780,1512610289877187,67108864,4194304,16,3855,17407
1512610290368085,1512610290385478,67108864,4194304,16,3858,17393
1512610290875965,1512610290893259,67108864,4194304,16,3880,17294
1512610291384546,1512610291401817,67108864,4194304,16,3885,17271
1512610291893188,1512610291910567,67108864,4194304,16,3861,17379
1512610292402390,1512610292419744,67108864,4194304,16,3867,17354
1512610292910598,1512610292927956,67108864,4194304,16,3866,17358
1512610293419061,1512610293436342,67108864,4194304,16,3883,17281
1512610293928080,1512610293945484,67108864,4194304,16,3855,17404
1512610294436418,1512610294453756,67108864,4194304,16,3870,17338
1512610294945425,1512610294962761,67108864,4194304,16,3871,17336
1512610295453994,1512610295471293,67108864,4194304,16,3879,17299
1512610295965454,1512610295982863,67108864,4194304,16,3854,17409
1512610296473633,1512610296491015,67108864,4194304,16,3860,17382
1512610296982158,1512610296999537,67108864,4194304,16,3861,17379
1512610297490476,1512610297507818,67108864,4194304,16,3869,17342
1512610297998973,1512610298016285,67108864,4194304,16,3876,17312
1512610298506874,1512610298524160,67108864,4194304,16,3882,17286
1512610299015902,1512610299033269,67108864,4194304,16,3864,17367
1512610299523547,1512610299540893,67108864,4194304,16,3868,17346
1512610300031979,1512610300049370,67108864,4194304,16,3858,17391
1512610300540847,1512610300558210,67108864,4194304,16,3865,17363
1512610301048863,1512610301066273,67108864,4194304,16,3854,17410
1512610301557525,1512610301574880,67108864,4194304,16,3866,17355
1512610302065837,1512610302083216,67108864,4194304,16,3861,17379
1512610302573877,1512610302591115,67108864,4194304,16,3893,17238
1512610303082224,1512610303099599,67108864,4194304,16,3862,17375
1512610303590172,1512610303607230,67108864,4194304,16,3934,17058
1512610304098574,1512610304115917,67108864,4194304,16,3869,17343
1512610304606838,1512610304624194,67108864,4194304,16,3866,17356
1512610305115809,1512610305133115,67108864,4194304,16,3877,17306
1512610305623669,1512610305640957,67108864,4194304,16,3881,17288
1512610306131678,1512610306149069,67108864,4194304,16,3858,17391
1512610306640306,1512610306657637,67108864,4194304,16,3872,17331
1512610307149324,1512610307166685,67108864,4194304,16,3865,17361
1512610307658364,1512610307675719,67108864,4194304,16,3866,17355
1512610308166565,1512610308183910,67108864,4194304,16,3869,17345
1512610308676071,1512610308693455,67108864,4194304,16,3860,17384
1512610309184898,1512610309202276,67108864,4194304,16,3861,17378
1512610309693717,1512610309711008,67108864,4194304,16,3881,17291
1512610310202638,1512610310220000,67108864,4194304,16,3865,17362
1512610310711181,1512610310728546,67108864,4194304,16,3864,17365
1512610311219792,1512610311237127,67108864,4194304,16,3871,17335
1512610311728738,1512610311746110,67108864,4194304,16,3863,17372
1512610312237549,1512610312254859,67108864,4194304,16,3876,17310
1512610312745642,1512610312763033,67108864,4194304,16,3858,17391
1512610313253836,1512610313271126,67108864,4194304,16,3881,17290
1512610313762005,1512610313779372,67108864,4194304,16,3864,17367
1512610314269903,1512610314287172,67108864,4194304,16,3886,17269
1512610314778462,1512610314795885,67108864,4194304,16,3851,17423
1512610315286777,1512610315304146,67108864,4194304,16,3863,17369
1512610315795298,1512610315812673,67108864,4194304,16,3862,17375
1512610316304162,1512610316321497,67108864,4194304,16,3871,17335
1512610316812957,1512610316830274,67108864,4194304,16,3875,17317
1512610317321081,1512610317338380,67108864,4194304,16,3879,17299
1512610317829284,1512610317846609,67108864,4194304,16,3873,17325
1512610318338640,1512610318355986,67108864,4194304,16,3868,17346
1512610318847215,1512610318864609,67108864,4194304,16,3858,17394
1512610319355534,1512610319372871,67108864,4194304,16,3870,17337
1512610319863858,1512610319881292,67108864,4194304,16,3849,17434
1512610320372335,1512610320389529,67108864,4194304,16,3903,17194
1512610320880829,1512610320898211,67108864,4194304,16,3860,17382
1512610321389807,1512610321407189,67108864,4194304,16,3860,17382
1512610321898317,1512610321915689,67108864,4194304,16,3863,17372
1512610322406506,1512610322423869,67108864,4194304,16,3865,17363
1512610322915261,1512610322932677,67108864,4194304,16,3853,17416
1512610323423356,1512610323440659,67108864,4194304,16,3878,17303
1512610323932123,1512610323949529,67108864,4194304,16,3855,17406
1512610324440613,1512610324457985,67108864,4194304,16,3863,17372
1512610324949151,1512610324966532,67108864,4194304,16,3861,17381
1512610325457148,1512610325474475,67108864,4194304,16,3873,17327
1512610325965989,1512610325983350,67108864,4194304,16,3865,17361
1512610326474244,1512610326491570,67108864,4194304,16,3873,17326
1512610326984626,1512610327002015,67108864,4194304,16,3859,17389
1512610327493635,1512610327510973,67108864,4194304,16,3870,17338
1512610328002344,1512610328019675,67108864,4194304,16,3872,17331
1512610328510152,1512610328527465,67108864,4194304,16,3876,17313
1512610329019025,1512610329036441,67108864,4194304,16,3853,17416
1512610329527895,1512610329545255,67108864,4194304,16,3865,17360
1512610330036326,1512610330053644,67108864,4194304,16,3875,17318
1512610330544359,1512610330561670,67108864,4194304,16,3876,17311
1512610331052305,1512610331069698,67108864,4194304,16,3858,17393
1512610331560097,1512610331577425,67108864,4194304,16,3872,17328
1512610332069194,1512610332086565,67108864,4194304,16,3863,17371
1512610332577260,1512610332594629,67108864,4194304,16,3863,17369
1512610333086111,1512610333103525,67108864,4194304,16,3853,17414
1512610333594213,1512610333611459,67108864,4194304,16,3891,17246
1512610334102620,1512610334119981,67108864,4194304,16,3865,17361
1512610334610396,1512610334627715,67108864,4194304,16,3874,17319
1512610335119336,1512610335136703,67108864,4194304,16,3864,17367
1512610335627485,1512610335644751,67108864,4194304,16,3886,17266
1512610336135227,1512610336152571,67108864,4194304,16,3869,17344
1512610336643151,1512610336660525,67108864,4194304,16,3862,17374
1512610337151554,1512610337168872,67108864,4194304,16,3875,17318
