1512542834881463,1512542834961716,268435456,16777216,16,3344,80253
1512542836916641,1512542836996929,268435456,16777216,16,3343,80288
1512542838952925,1512542839033260,268435456,16777216,16,3341,80335
1512542840987509,1512542841067823,268435456,16777216,16,3342,80314
1512542843023285,1512542843103548,268435456,16777216,16,3344,80263
1512542845059142,1512542845137488,268435456,16777216,16,3426,78346
1512542847093110,1512542847173493,268435456,16777216,16,3339,80383
1512542849128815,1512542849209263,268435456,16777216,16,3336,80448
1512542851164625,1512542851245035,268435456,16777216,16,3338,80410
1512542853200165,1512542853280360,268435456,16777216,16,3347,80195
1512542855234336,1512542855314477,268435456,16777216,16,3349,80141
1512542857267626,1512542857347658,268435456,16777216,16,3354,80032
1512542859301398,1512542859381485,268435456,16777216,16,3351,80087
1512542861335359,1512542861415545,268435456,16777216,16,3347,80186
1512542863369553,1512542863449723,268435456,16777216,16,3348,80170
1512542865403537,1512542865483745,268435456,16777216,16,3346,80208
1512542867437228,1512542867517546,268435456,16777216,16,3342,80318
1512542869470760,1512542869551003,268435456,16777216,16,3345,80243
1512542871505156,1512542871585293,268435456,16777216,16,3349,80137
1512542873539129,1512542873619479,268435456,16777216,16,3340,80350
1512542875573764,1512542875653952,268435456,16777216,16,3347,80188
1512542877607534,1512542877687648,268435456,16777216,16,3350,80114
1512542879641577,1512542879721788,268435456,16777216,16,3346,80211
1512542881675567,1512542881755684,268435456,16777216,16,3350,80117
1512542883709006,1512542883789268,268435456,16777216,16,3344,80262
1512542885743255,1512542885823516,268435456,16777216,16,3344,80261
1512542887777174,1512542887857588,268435456,16777216,16,3338,80414
1512542889811323,1512542889891498,268435456,16777216,16,3348,80175
1512542891845517,1512542891925682,268435456,16777216,16,3348,80165
1512542893880131,1512542893960274,268435456,16777216,16,3349,80143
1512542895914049,1512542895994221,268435456,16777216,16,3348,80172
1512542897948106,1512542898028297,268435456,16777216,16,3347,80191
1512542899982527,1512542900062724,268435456,16777216,16,3347,80197
1512542902017091,1512542902097205,268435456,16777216,16,3350,80114
1512542904050925,1512542904130992,268435456,16777216,16,3352,80067
1512542906084410,1512542906164771,268435456,16777216,16,3340,80361
1512542908118194,1512542908198454,268435456,16777216,16,3344,80260
1512542910151741,1512542910231869,268435456,16777216,16,3350,80128
1512542912185313,1512542912265383,268435456,16777216,16,3352,80070
1512542914219726,1512542914299908,268435456,16777216,16,3347,80182
1512542916253439,1512542916333459,268435456,16777216,16,3354,80020
1512542918287790,1512542918365907,268435456,16777216,16,3436,78117
1512542920319768,1512542920399973,268435456,16777216,16,3346,80205
1512542922354420,1512542922434601,268435456,16777216,16,3347,80181
1512542924388554,1512542924468698,268435456,16777216,16,3349,80144
1512542926422513,1512542926502707,268435456,16777216,16,3347,80194
1512542928456232,1512542928536351,268435456,16777216,16,3350,80119
1512542930489921,1512542930570001,268435456,16777216,16,3352,80080
1512542932523756,1512542932603920,268435456,16777216,16,3348,80164
1512542934557600,1512542934637770,268435456,16777216,16,3348,80170
1512542936591164,1512542936671457,268435456,16777216,16,3343,80293
1512542938625735,1512542938705823,268435456,16777216,16,3351,80088
1512542940659979,1512542940739997,268435456,16777216,16,3354,80018
1512542942693877,1512542942774014,268435456,16777216,16,3349,80137
1512542944727915,1512542944808141,268435456,16777216,16,3345,80226
1512542946762560,1512542946842743,268435456,16777216,16,3347,80183
1512542948797031,1512542948877405,268435456,16777216,16,3339,80374
1512542950831354,1512542950911583,268435456,16777216,16,3345,80229
1512542952865895,1512542952946100,268435456,16777216,16,3346,80205
1512542954900071,1512542954980215,268435456,16777216,16,3349,80144
1512542956934078,1512542957014253,268435456,16777216,16,3348,80175
1512542958969565,1512542959049802,268435456,16777216,16,3345,80237
1512542961005221,1512542961085404,268435456,16777216,16,3347,80183
1512542963040436,1512542963120619,268435456,16777216,16,3347,80183
1512542965076044,1512542965156155,268435456,16777216,16,3350,80111
1512542967111189,1512542967191245,268435456,16777216,16,3353,80056
1512542969148107,1512542969228322,268435456,16777216,16,3346,80215
1512542971182908,1512542971263059,268435456,16777216,16,3349,80151
1512542973216842,1512542973296921,268435456,16777216,16,3352,80079
1512542975251238,1512542975331415,268435456,16777216,16,3348,80177
1512542977285205,1512542977365254,268435456,16777216,16,3353,80049
1512542979319011,1512542979399042,268435456,16777216,16,3354,80031
1512542981353180,1512542981433348,268435456,16777216,16,3348,80168
1512542983388528,1512542983468612,268435456,16777216,16,3351,80084
1512542985423959,1512542985503906,268435456,16777216,16,3357,79947
1512542987458308,1512542987538565,268435456,16777216,16,3344,80257
1512542989493324,1512542989573499,268435456,16777216,16,3348,80175
1512542991526485,1512542991606700,268435456,16777216,16,3346,80215
1512542993560341,1512542993638484,268435456,16777216,16,3435,78143
1512542995593090,1512542995673147,268435456,16777216,16,3353,80057
1512542997627082,1512542997707026,268435456,16777216,16,3357,79944
1512542999660219,1512542999740369,268435456,16777216,16,3349,80150
1512543001693909,1512543001774018,268435456,16777216,16,3350,80109
1512543003727821,1512543003808064,268435456,16777216,16,3345,80243
1512543005761854,1512543005841927,268435456,16777216,16,3352,80073
1512543007795815,1512543007875997,268435456,16777216,16,3347,80182
1512543009830421,1512543009910484,268435456,16777216,16,3352,80063
1512543011868131,1512543011948200,268435456,16777216,16,3352,80069
1512543013902534,1512543013982566,268435456,16777216,16,3354,80032
1512543015937428,1512543016017648,268435456,16777216,16,3346,80220
1512543017972765,1512543018052915,268435456,16777216,16,3349,80150
1512543020007905,1512543020087965,268435456,16777216,16,3352,80060
1512543022041962,1512543022120230,268435456,16777216,16,3429,78268
1512543024074984,1512543024155088,268435456,16777216,16,3351,80104
1512543026110060,1512543026190246,268435456,16777216,16,3347,80186
1512543028144471,1512543028224698,268435456,16777216,16,3345,80227
1512543030179312,1512543030259598,268435456,16777216,16,3343,80286
1512543032214853,1512543032295269,268435456,16777216,16,3338,80416
1512543034249607,1512543034329875,268435456,16777216,16,3344,80268
1512543036285192,1512543036365575,268435456,16777216,16,3339,80383
1512543038320472,1512543038400735,268435456,16777216,16,3344,80263
1512543040355793,1512543040436073,268435456,16777216,16,3343,80280
1512543042391024,1512543042471236,268435456,16777216,16,3346,80212
1512543044425758,1512543044506080,268435456,16777216,16,3341,80322
1512543046461101,1512543046541411,268435456,16777216,16,3342,80310
1512543048496464,1512543048576748,268435456,16777216,16,3343,80284
1512543050531411,1512543050611510,268435456,16777216,16,3351,80099
1512543052566572,1512543052646842,268435456,16777216,16,3344,80270
1512543054601562,1512543054681720,268435456,16777216,16,3348,80158
1512543056636428,1512543056716779,268435456,16777216,16,3340,80351
1512543058671418,1512543058751744,268435456,16777216,16,3341,80326
1512543060706286,1512543060786393,268435456,16777216,16,3350,80107
1512543062742319,1512543062820565,268435456,16777216,16,3430,78246
1512543064775577,1512543064855870,268435456,16777216,16,3343,80293
1512543066810705,1512543066891041,268435456,16777216,16,3341,80336
1512543068845663,1512543068925961,268435456,16777216,16,3342,80298
1512543070880301,1512543070960555,268435456,16777216,16,3344,80254
1512543072915962,1512543072996063,268435456,16777216,16,3351,80101
1512543074950718,1512543075030981,268435456,16777216,16,3344,80263
1512543076986697,1512543077066978,268435456,16777216,16,3343,80281
1512543079031992,1512543079112454,268435456,16777216,16,3336,80462
1512543081079922,1512543081158484,268435456,16777216,16,3416,78562
1512543083114728,1512543083195313,268435456,16777216,16,3331,80585
1512543085151674,1512543085232062,268435456,16777216,16,3339,80388
1512543087188205,1512543087268706,268435456,16777216,16,3334,80501
1512543089237451,1512543089317946,268435456,16777216,16,3334,80495
1512543091290582,1512543091371171,268435456,16777216,16,3330,80589
1512543093327546,1512543093407919,268435456,16777216,16,3339,80373
1512543095364694,1512543095445208,268435456,16777216,16,3334,80514
1512543097401149,1512543097481316,268435456,16777216,16,3348,80167
1512543099437149,1512543099517429,268435456,16777216,16,3343,80280
1512543101473053,1512543101551324,268435456,16777216,16,3429,78271
1512543103507690,1512543103588075,268435456,16777216,16,3339,80385
1512543105544121,1512543105624228,268435456,16777216,16,3350,80107
1512543107580631,1512543107661039,268435456,16777216,16,3338,80408
1512543109617245,1512543109697543,268435456,16777216,16,3342,80298
1512543111652949,1512543111733240,268435456,16777216,16,3343,80291
1512543113688997,1512543113769203,268435456,16777216,16,3346,80206
1512543115725327,1512543115805638,268435456,16777216,16,3342,80311
1512543117761818,1512543117842180,268435456,16777216,16,3340,80362
1512543119798114,1512543119878494,268435456,16777216,16,3339,80380
1512543121835007,1512543121915130,268435456,16777216,16,3350,80123
1512543123869751,1512543123949825,268435456,16777216,16,3352,80074
1512543125904169,1512543125984210,268435456,16777216,16,3353,80041
1512543127939048,1512543128019158,268435456,16777216,16,3350,80110
1512543129973515,1512543130053578,268435456,16777216,16,3352,80063
1512543132008261,1512543132088288,268435456,16777216,16,3354,80027
1512543134042230,1512543134122192,268435456,16777216,16,3357,79962
1512543136076640,1512543136156616,268435456,16777216,16,3356,79976
1512543138111051,1512543138191124,268435456,16777216,16,3352,80073
1512543140145341,1512543140225382,268435456,16777216,16,3353,80041
1512543142180380,1512543142260330,268435456,16777216,16,3357,79950
1512543144214444,1512543144294446,268435456,16777216,16,3355,80002
1512543146248537,1512543146328744,268435456,16777216,16,3346,80207
1512543148283100,1512543148363246,268435456,16777216,16,3349,80146
1512543150318163,1512543150398312,268435456,16777216,16,3349,80149
1512543152352749,1512543152432808,268435456,16777216,16,3352,80059
1512543154387071,1512543154467009,268435456,16777216,16,3358,79938
1512543156421791,1512543156501897,268435456,16777216,16,3351,80106
1512543158457188,1512543158537351,268435456,16777216,16,3348,80163
1512543160492609,1512543160572581,268435456,16777216,16,3356,79972
1512543162527881,1512543162608016,268435456,16777216,16,3349,80135
1512543164563427,1512543164643634,268435456,16777216,16,3346,80207
1512543166599212,1512543166679325,268435456,16777216,16,3350,80113
1512543168635088,1512543168715178,268435456,16777216,16,3351,80090
1512543170671068,1512543170751158,268435456,16777216,16,3351,80090
1512543172706383,1512543172786396,268435456,16777216,16,3354,80013
1512543174740451,1512543174820530,268435456,16777216,16,3352,80079
1512543176774844,1512543176854892,268435456,16777216,16,3353,80048
1512543178809215,1512543178889256,268435456,16777216,16,3353,80041
1512543180843148,1512543180923136,268435456,16777216,16,3355,79988
1512543182878022,1512543182958189,268435456,16777216,16,3348,80167
1512543184912889,1512543184992798,268435456,16777216,16,3359,79909
1512543186947269,1512543187027257,268435456,16777216,16,3355,79988
1512543188981434,1512543189061494,268435456,16777216,16,3352,80060
1512543191016364,1512543191096379,268435456,16777216,16,3354,80015
1512543193050754,1512543193130844,268435456,16777216,16,3351,80090
1512543195086213,1512543195166294,268435456,16777216,16,3352,80081
1512543197120953,1512543197201006,268435456,16777216,16,3353,80053
1512543199154713,1512543199234860,268435456,16777216,16,3349,80147
1512543201189077,1512543201269109,268435456,16777216,16,3354,80032
1512543203223042,1512543203303119,268435456,16777216,16,3352,80077
1512543205257198,1512543205335198,268435456,16777216,16,3441,78000
1512543207289915,1512543207370011,268435456,16777216,16,3351,80096
1512543209324324,1512543209404387,268435456,16777216,16,3352,80063
1512543211358170,1512543211438350,268435456,16777216,16,3347,80180
1512543213392651,1512543213472713,268435456,16777216,16,3352,80062
1512543215427373,1512543215507493,268435456,16777216,16,3350,80120
1512543217461975,1512543217542114,268435456,16777216,16,3349,80139
1512543219496684,1512543219576723,268435456,16777216,16,3353,80039
1512543221530609,1512543221610654,268435456,16777216,16,3353,80045
1512543223566225,1512543223646124,268435456,16777216,16,3359,79899
1512543225601707,1512543225681801,268435456,16777216,16,3351,80094
1512543227638154,1512543227718262,268435456,16777216,16,3350,80108
1512543229674233,1512543229754288,268435456,16777216,16,3353,80055
1512543231710181,1512543231790304,268435456,16777216,16,3350,80123
1512543233746341,1512543233826534,268435456,16777216,16,3347,80193
1512543235781517,1512543235861604,268435456,16777216,16,3351,80087
1512543237816740,1512543237896773,268435456,16777216,16,3354,80033
1512543239852141,1512543239932051,268435456,16777216,16,3359,79910
1512543241887726,1512543241967826,268435456,16777216,16,3351,80100
1512543243922008,1512543244002083,268435456,16777216,16,3352,80075
1512543245956375,1512543246036433,268435456,16777216,16,3353,80058
1512543247990581,1512543248070704,268435456,16777216,16,3350,80123
1512543250025160,1512543250105220,268435456,16777216,16,3352,80060
1512543252060669,1512543252140737,268435456,16777216,16,3352,80068
1512543254095550,1512543254175603,268435456,16777216,16,3353,80053
1512543256130860,1512543256210891,268435456,16777216,16,3354,80031
1512543258165262,1512543258245365,268435456,16777216,16,3351,80103
1512543260200049,1512543260280179,268435456,16777216,16,3349,80130
1512543262234512,1512543262314668,268435456,16777216,16,3348,80156
1512543264270288,1512543264350452,268435456,16777216,16,3348,80164
1512543266305411,1512543266385627,268435456,16777216,16,3346,80216
1512543268355438,1512543268435634,268435456,16777216,16,3347,80196
1512543270419728,1512543270499876,268435456,16777216,16,3349,80148
1512543272455634,1512543272535794,268435456,16777216,16,3348,80160
1512543274501298,1512543274581561,268435456,16777216,16,3344,80263
1512543276538146,1512543276618311,268435456,16777216,16,3348,80165
1512543278575204,1512543278655429,268435456,16777216,16,3346,80225
1512543280611929,1512543280692097,268435456,16777216,16,3348,80168
1512543282647154,1512543282727356,268435456,16777216,16,3346,80202
1512543284683093,1512543284763251,268435456,16777216,16,3348,80158
1512543286719476,1512543286799577,268435456,16777216,16,3351,80101
1512543288756053,1512543288836192,268435456,16777216,16,3349,80139
1512543290792106,1512543290872179,268435456,16777216,16,3352,80073
1512543292828690,1512543292908892,268435456,16777216,16,3346,80202
1512543294865212,1512543294945315,268435456,16777216,16,3351,80103
1512543296901261,1512543296981305,268435456,16777216,16,3353,80044
1512543298938265,1512543299018467,268435456,16777216,16,3346,80202
1512543300975390,1512543301055192,268435456,16777216,16,3363,79802
1512543303009484,1512543303089430,268435456,16777216,16,3357,79946
1512543305044000,1512543305123909,268435456,16777216,16,3359,79909
1512543307078786,1512543307158648,268435456,16777216,16,3361,79862
1512543309112983,1512543309193007,268435456,16777216,16,3354,80024
1512543311147204,1512543311227222,268435456,16777216,16,3354,80018
1512543313180902,1512543313260963,268435456,16777216,16,3352,80061
1512543315214704,1512543315294878,268435456,16777216,16,3348,80174
1512543317249160,1512543317329327,268435456,16777216,16,3348,80167
1512543319283422,1512543319363541,268435456,16777216,16,3350,80119
1512543321317344,1512543321397352,268435456,16777216,16,3355,80008
1512543323351233,1512543323431363,268435456,16777216,16,3349,80130
1512543325384866,1512543325464978,268435456,16777216,16,3350,80112
1512543327419338,1512543327499411,268435456,16777216,16,3352,80073
1512543329453466,1512543329533535,268435456,16777216,16,3352,80069
1512543331487937,1512543331567945,268435456,16777216,16,3355,80008
1512543333522703,1512543333602664,268435456,16777216,16,3357,79961
1512543335557135,1512543335637021,268435456,16777216,16,3360,79886
1512543337591433,1512543337671272,268435456,16777216,16,3362,79839
1512543339644858,1512543339725040,268435456,16777216,16,3347,80182
1512543341683165,1512543341763278,268435456,16777216,16,3350,80113
1512543343719067,1512543343799300,268435456,16777216,16,3345,80233
1512543345755430,1512543345835597,268435456,16777216,16,3348,80167
1512543347791750,1512543347872009,268435456,16777216,16,3344,80259
1512543349828047,1512543349908206,268435456,16777216,16,3348,80159
1512543351864200,1512543351944333,268435456,16777216,16,3349,80133
1512543353901023,1512543353979162,268435456,16777216,16,3435,78139
1512543355936028,1512543356016310,268435456,16777216,16,3343,80282
1512543357973098,1512543358053504,268435456,16777216,16,3338,80406
1512543360010957,1512543360090934,268435456,16777216,16,3356,79977
1512543362044890,1512543362125053,268435456,16777216,16,3348,80163
1512543364079302,1512543364159446,268435456,16777216,16,3349,80144
1512543366113470,1512543366193649,268435456,16777216,16,3347,80179
1512543368147169,1512543368227305,268435456,16777216,16,3349,80136
1512543370180953,1512543370260982,268435456,16777216,16,3354,80029
1512543372215585,1512543372295507,268435456,16777216,16,3358,79922
1512543374249170,1512543374329332,268435456,16777216,16,3348,80162
1512543376284116,1512543376362307,268435456,16777216,16,3433,78191
1512543378316049,1512543378396172,268435456,16777216,16,3350,80123
1512543380350009,1512543380430167,268435456,16777216,16,3348,80158
1512543382383632,1512543382464058,268435456,16777216,16,3337,80426
1512543384418020,1512543384498233,268435456,16777216,16,3346,80213
1512543386452760,1512543386532936,268435456,16777216,16,3348,80176
1512543388487503,1512543388567748,268435456,16777216,16,3345,80245
1512543390522670,1512543390602877,268435456,16777216,16,3346,80207
1512543392556608,1512543392636722,268435456,16777216,16,3350,80114
1512543394591035,1512543394671163,268435456,16777216,16,3350,80128
1512543396625096,1512543396705237,268435456,16777216,16,3349,80141
1512543398660219,1512543398740361,268435456,16777216,16,3349,80142
1512543400694406,1512543400774468,268435456,16777216,16,3352,80062
1512543402729503,1512543402809649,268435456,16777216,16,3349,80146
1512543404764822,1512543404845030,268435456,16777216,16,3346,80208
1512543406800782,1512543406881024,268435456,16777216,16,3345,80242
1512543408836712,1512543408917046,268435456,16777216,16,3341,80334
1512543410872490,1512543410950949,268435456,16777216,16,3421,78459
1512543412906155,1512543412986347,268435456,16777216,16,3347,80192
1512543414940619,1512543415020983,268435456,16777216,16,3340,80364
1512543416975571,1512543417055865,268435456,16777216,16,3343,80294
1512543419010369,1512543419090632,268435456,16777216,16,3344,80263
1512543421045472,1512543421125582,268435456,16777216,16,3350,80110
1512543423080656,1512543423160874,268435456,16777216,16,3346,80218
1512543425115215,1512543425195493,268435456,16777216,16,3343,80278
1512543427149364,1512543427229569,268435456,16777216,16,3346,80205
1512543429184175,1512543429264455,268435456,16777216,16,3343,80280
1512543431218900,1512543431299152,268435456,16777216,16,3344,80252
1512543433252868,1512543433333057,268435456,16777216,16,3347,80189
1512543435286937,1512543435367070,268435456,16777216,16,3349,80133
1512543437320937,1512543437401259,268435456,16777216,16,3341,80322
1512543439355264,1512543439435442,268435456,16777216,16,3347,80178
1512543441389080,1512543441469182,268435456,16777216,16,3351,80102
1512543443423923,1512543443504153,268435456,16777216,16,3345,80230
1512543445458722,1512543445538913,268435456,16777216,16,3347,80191
1512543447492958,1512543447573074,268435456,16777216,16,3350,80116
1512543449527688,1512543449607880,268435456,16777216,16,3347,80192
1512543451561997,1512543451642079,268435456,16777216,16,3352,80082
1512543453595628,1512543453675735,268435456,16777216,16,3350,80107
1512543455629578,1512543455709706,268435456,16777216,16,3350,80128
1512543457665321,1512543457745511,268435456,16777216,16,3347,80190
1512543459701290,1512543459781559,268435456,16777216,16,3344,80269
1512543461736752,1512543461816846,268435456,16777216,16,3351,80094
1512543463772810,1512543463853001,268435456,16777216,16,3347,80191
1512543465808899,1512543465889130,268435456,16777216,16,3345,80231
1512543467844922,1512543467925281,268435456,16777216,16,3340,80359
1512543469881330,1512543469961646,268435456,16777216,16,3342,80316
1512543471917035,1512543471997256,268435456,16777216,16,3346,80221
1512543473952895,1512543474033113,268435456,16777216,16,3346,80218
1512543475988517,1512543476068864,268435456,16777216,16,3340,80347
1512543478024215,1512543478104497,268435456,16777216,16,3343,80282
1512543480060366,1512543480140744,268435456,16777216,16,3339,80378
1512543482096558,1512543482176842,268435456,16777216,16,3343,80284
1512543484132808,1512543484213019,268435456,16777216,16,3346,80211
1512543486167909,1512543486248241,268435456,16777216,16,3341,80332
1512543488203751,1512543488284154,268435456,16777216,16,3338,80403
1512543490239999,1512543490320193,268435456,16777216,16,3347,80194
1512543492275268,1512543492355581,268435456,16777216,16,3342,80313
1512543494311000,1512543494391336,268435456,16777216,16,3341,80336
1512543496347311,1512543496427583,268435456,16777216,16,3344,80272
1512543498382994,1512543498463334,268435456,16777216,16,3341,80340
1512543500419002,1512543500499281,268435456,16777216,16,3343,80279
1512543502454404,1512543502532693,268435456,16777216,16,3428,78289
1512543504488128,1512543504568393,268435456,16777216,16,3344,80265
1512543506524285,1512543506604407,268435456,16777216,16,3350,80122
1512543508560148,1512543508640559,268435456,16777216,16,3338,80411
1512543510595738,1512543510675942,268435456,16777216,16,3346,80204
1512543512630885,1512543512711066,268435456,16777216,16,3347,80181
1512543514666691,1512543514746852,268435456,16777216,16,3348,80161
1512543516702422,1512543516782823,268435456,16777216,16,3338,80401
1512543518738662,1512543518818879,268435456,16777216,16,3346,80217
1512543520774237,1512543520852467,268435456,16777216,16,3431,78230
1512543522807845,1512543522888053,268435456,16777216,16,3346,80208
1512543524843619,1512543524923851,268435456,16777216,16,3345,80232
1512543526879700,1512543526959944,268435456,16777216,16,3345,80244
1512543528915625,1512543528995816,268435456,16777216,16,3347,80191
1512543530951181,1512543531031503,268435456,16777216,16,3341,80322
1512543532987388,1512543533067606,268435456,16777216,16,3346,80218
1512543535022888,1512543535103112,268435456,16777216,16,3346,80224
1512543537058481,1512543537138632,268435456,16777216,16,3349,80151
1512543539094051,1512543539172369,268435456,16777216,16,3427,78318
1512543541127594,1512543541207881,268435456,16777216,16,3343,80287
1512543543162776,1512543543242918,268435456,16777216,16,3349,80142
1512543545198055,1512543545278449,268435456,16777216,16,3338,80394
1512543547233125,1512543547313522,268435456,16777216,16,3338,80397
1512543549269206,1512543549349431,268435456,16777216,16,3346,80225
1512543551304864,1512543551385215,268435456,16777216,16,3340,80351
1512543553340733,1512543553421184,268435456,16777216,16,3336,80451
1512543555377483,1512543555457721,268435456,16777216,16,3345,80238
1512543557414151,1512543557494480,268435456,16777216,16,3341,80329
1512543559449976,1512543559530287,268435456,16777216,16,3342,80311
1512543561486010,1512543561566260,268435456,16777216,16,3344,80250
1512543563521823,1512543563602189,268435456,16777216,16,3340,80366
1512543565557677,1512543565638118,268435456,16777216,16,3337,80441
1512543567593423,1512543567673818,268435456,16777216,16,3338,80395
1512543569629131,1512543569709496,268435456,16777216,16,3340,80365
1512543571664921,1512543571745167,268435456,16777216,16,3345,80246
1512543573701190,1512543573781473,268435456,16777216,16,3343,80283
1512543575736784,1512543575816993,268435456,16777216,16,3346,80209
1512543577773298,1512543577853534,268435456,16777216,16,3345,80236
1512543579809029,1512543579887370,268435456,16777216,16,3426,78341
1512543581842901,1512543581923173,268435456,16777216,16,3344,80272
1512543583878746,1512543583959009,268435456,16777216,16,3344,80263
1512543585914392,1512543585992769,268435456,16777216,16,3424,78377
1512543587949432,1512543588027668,268435456,16777216,16,3431,78236
1512543589982526,1512543590062894,268435456,16777216,16,3340,80368
1512543592018530,1512543592098877,268435456,16777216,16,3340,80347
1512543594054488,1512543594134795,268435456,16777216,16,3342,80307
1512543596090415,1512543596170637,268435456,16777216,16,3346,80222
1512543598125793,1512543598206047,268435456,16777216,16,3344,80254
1512543600164382,1512543600244988,268435456,16777216,16,3330,80606
1512543602201237,1512543602281763,268435456,16777216,16,3333,80526
1512543604237934,1512543604318453,268435456,16777216,16,3333,80519
1512543606275489,1512543606355841,268435456,16777216,16,3340,80352
1512543608312162,1512543608392641,268435456,16777216,16,3335,80479
1512543610363542,1512543610444054,268435456,16777216,16,3334,80512
1512543612400482,1512543612481048,268435456,16777216,16,3331,80566
1512543614437164,1512543614515602,268435456,16777216,16,3422,78438
1512543616472010,1512543616552437,268435456,16777216,16,3337,80427
1512543618509020,1512543618589411,268435456,16777216,16,3339,80391
1512543620545722,1512543620626291,268435456,16777216,16,3331,80569
1512543622582523,1512543622663043,268435456,16777216,16,3333,80520
1512543624619331,1512543624699901,268435456,16777216,16,3331,80570
1512543626656199,1512543626736680,268435456,16777216,16,3335,80481
1512543628693168,1512543628773820,268435456,16777216,16,3328,80652
1512543630729850,1512543630810366,268435456,16777216,16,3333,80516
1512543632766250,1512543632846771,268435456,16777216,16,3333,80521
1512543634803187,1512543634883749,268435456,16777216,16,3332,80562
1512543636839790,1512543636920414,268435456,16777216,16,3329,80624
1512543638877040,1512543638957418,268435456,16777216,16,3339,80378
1512543640914117,1512543640994520,268435456,16777216,16,3338,80403
1512543642949929,1512543643030345,268435456,16777216,16,3338,80416
1512543644986198,1512543645066723,268435456,16777216,16,3333,80525
1512543647022355,1512543647102764,268435456,16777216,16,3338,80409
1512543649058428,1512543649138683,268435456,16777216,16,3344,80255
1512543651094845,1512543651175279,268435456,16777216,16,3337,80434
1512543653131623,1512543653212009,268435456,16777216,16,3339,80386
1512543655168450,1512543655248869,268435456,16777216,16,3337,80419
1512543657205222,1512543657285618,268435456,16777216,16,3338,80396
1512543659242057,1512543659322481,268435456,16777216,16,3337,80424
1512543661279247,1512543661359411,268435456,16777216,16,3348,80164
1512543663314291,1512543663394556,268435456,16777216,16,3344,80265
1512543665350665,1512543665430892,268435456,16777216,16,3345,80227
1512543667386567,1512543667466917,268435456,16777216,16,3340,80350
1512543669422063,1512543669502418,268435456,16777216,16,3340,80355
1512543671457975,1512543671538290,268435456,16777216,16,3342,80315
1512543673494080,1512543673574346,268435456,16777216,16,3344,80266
1512543675529903,1512543675610184,268435456,16777216,16,3343,80281
1512543677566508,1512543677646948,268435456,16777216,16,3337,80440
1512543679602367,1512543679682694,268435456,16777216,16,3341,80327
1512543681637922,1512543681718243,268435456,16777216,16,3342,80321
1512543683673906,1512543683754336,268435456,16777216,16,3337,80430
1512543685709740,1512543685790199,268435456,16777216,16,3336,80459
1512543687745658,1512543687825984,268435456,16777216,16,3341,80326
1512543689781450,1512543689861745,268435456,16777216,16,3343,80295
1512543691817393,1512543691897760,268435456,16777216,16,3340,80367
1512543693853477,1512543693933795,268435456,16777216,16,3342,80318
1512543695889511,1512543695969748,268435456,16777216,16,3345,80237
1512543697925392,1512543698005735,268435456,16777216,16,3341,80343
1512543699960924,1512543700041273,268435456,16777216,16,3340,80349
1512543701996974,1512543702077258,268435456,16777216,16,3343,80284
1512543704033549,1512543704113977,268435456,16777216,16,3337,80428
1512543706070714,1512543706149032,268435456,16777216,16,3427,78318
1512543708104706,1512543708185038,268435456,16777216,16,3341,80332
1512543710140276,1512543710220731,268435456,16777216,16,3336,80455
1512543712176580,1512543712256909,268435456,16777216,16,3341,80329
1512543714213230,1512543714293500,268435456,16777216,16,3344,80270
1512543716249749,1512543716330010,268435456,16777216,16,3344,80261
1512543718286281,1512543718366640,268435456,16777216,16,3340,80359
1512543720322200,1512543720402399,268435456,16777216,16,3347,80199
1512543722358097,1512543722438507,268435456,16777216,16,3338,80410
1512543724394083,1512543724474381,268435456,16777216,16,3342,80298
1512543726429459,1512543726509818,268435456,16777216,16,3340,80359
1512543728464759,1512543728545000,268435456,16777216,16,3345,80241
1512543730500552,1512543730580894,268435456,16777216,16,3341,80342
1512543732536832,1512543732617108,268435456,16777216,16,3343,80276
1512543734570862,1512543734649306,268435456,16777216,16,3422,78444
1512543736604721,1512543736684985,268435456,16777216,16,3344,80264
1512543738639580,1512543738719865,268435456,16777216,16,3343,80285
1512543740675090,1512543740755361,268435456,16777216,16,3344,80271
1512543742710325,1512543742790542,268435456,16777216,16,3346,80217
1512543744745689,1512543744825886,268435456,16777216,16,3347,80197
1512543746781563,1512543746861838,268435456,16777216,16,3343,80275
1512543748818739,1512543748899046,268435456,16777216,16,3342,80307
1512543750854359,1512543750934780,268435456,16777216,16,3337,80421
1512543752890272,1512543752970538,268435456,16777216,16,3344,80266
1512543754926846,1512543755007201,268435456,16777216,16,3340,80355
1512543756962577,1512543757042894,268435456,16777216,16,3342,80317
1512543758998697,1512543759079033,268435456,16777216,16,3341,80336
1512543761034624,1512543761114858,268435456,16777216,16,3345,80234
1512543763070603,1512543763150948,268435456,16777216,16,3341,80345
1512543765106747,1512543765186954,268435456,16777216,16,3346,80207
1512543767143479,1512543767223886,268435456,16777216,16,3338,80407
1512543769179551,1512543769259847,268435456,16777216,16,3343,80296
1512543771215206,1512543771295500,268435456,16777216,16,3343,80294
1512543773251061,1512543773331384,268435456,16777216,16,3341,80323
1512543775286969,1512543775367380,268435456,16777216,16,3338,80411
1512543777322764,1512543777403114,268435456,16777216,16,3340,80350
1512543779358153,1512543779438551,268435456,16777216,16,3338,80398
1512543781395074,1512543781475398,268435456,16777216,16,3341,80324
1512543783430752,1512543783509226,268435456,16777216,16,3420,78474
1512543785465357,1512543785545582,268435456,16777216,16,3346,80225
1512543787500636,1512543787580844,268435456,16777216,16,3346,80208
1512543789536316,1512543789616533,268435456,16777216,16,3346,80217
1512543791579077,1512543791659680,268435456,16777216,16,3330,80603
1512543793616469,1512543793697076,268435456,16777216,16,3330,80607
1512543795653635,1512543795734165,268435456,16777216,16,3333,80530
1512543797691010,1512543797771562,268435456,16777216,16,3332,80552
1512543799728366,1512543799808905,268435456,16777216,16,3332,80539
1512543801765105,1512543801845755,268435456,16777216,16,3328,80650
1512543803802282,1512543803880813,268435456,16777216,16,3418,78531
1512543805837280,1512543805915675,268435456,16777216,16,3424,78395
1512543807871845,1512543807952078,268435456,16777216,16,3345,80233
1512543809909211,1512543809989720,268435456,16777216,16,3334,80509
1512543811946104,1512543812026431,268435456,16777216,16,3341,80327
1512543813984608,1512543814064960,268435456,16777216,16,3340,80352
1512543816021739,1512543816102364,268435456,16777216,16,3329,80625
1512543818058741,1512543818139274,268435456,16777216,16,3333,80533
1512543820097567,1512543820178151,268435456,16777216,16,3331,80584
1512543822133786,1512543822214266,268435456,16777216,16,3335,80480
1512543824170124,1512543824250518,268435456,16777216,16,3338,80394
1512543826206093,1512543826286566,268435456,16777216,16,3335,80473
1512543828242195,1512543828322609,268435456,16777216,16,3338,80414
1512543830280418,1512543830360874,268435456,16777216,16,3336,80456
1512543832317321,1512543832397845,268435456,16777216,16,3333,80524
1512543834354488,1512543834434992,268435456,16777216,16,3334,80504
1512543836391083,1512543836469621,268435456,16777216,16,3417,78538
1512543838425935,1512543838506466,268435456,16777216,16,3333,80531
1512543840463164,1512543840543315,268435456,16777216,16,3349,80151
1512543842496997,1512543842577200,268435456,16777216,16,3346,80203
1512543844531555,1512543844611711,268435456,16777216,16,3348,80156
1512543846565584,1512543846645774,268435456,16777216,16,3347,80190
1512543848599621,1512543848679948,268435456,16777216,16,3341,80327
1512543850634295,1512543850714687,268435456,16777216,16,3339,80392
1512543852669663,1512543852749908,268435456,16777216,16,3345,80245
1512543854704417,1512543854784615,268435456,16777216,16,3347,80198
1512543856738848,1512543856819036,268435456,16777216,16,3347,80188
1512543858793634,1512543858874156,268435456,16777216,16,3333,80522
1512543860830868,1512543860911335,268435456,16777216,16,3335,80467
1512543862867993,1512543862948498,268435456,16777216,16,3334,80505
1512543864904922,1512543864985452,268435456,16777216,16,3333,80530
1512543866941991,1512543867022385,268435456,16777216,16,3338,80394
1512543868978312,1512543869058720,268435456,16777216,16,3338,80408
1512543871015361,1512543871093878,268435456,16777216,16,3418,78517
1512543873050806,1512543873131457,268435456,16777216,16,3328,80651
1512543875087590,1512543875167991,268435456,16777216,16,3338,80401
1512543877124999,1512543877205499,268435456,16777216,16,3334,80500
1512543879162196,1512543879242657,268435456,16777216,16,3336,80461
1512543881199754,1512543881280121,268435456,16777216,16,3340,80367
1512543883236217,1512543883316720,268435456,16777216,16,3334,80503
1512543885273247,1512543885353735,268435456,16777216,16,3335,80488
1512543887310178,1512543887390650,268435456,16777216,16,3335,80472
1512543889346532,1512543889426916,268435456,16777216,16,3339,80384
1512543891382896,1512543891463415,268435456,16777216,16,3333,80519
1512543893419303,1512543893499739,268435456,16777216,16,3337,80436
1512543895455827,1512543895536144,268435456,16777216,16,3342,80317
1512543897491795,1512543897572132,268435456,16777216,16,3341,80337
1512543899527632,1512543899608143,268435456,16777216,16,3334,80511
1512543901564216,1512543901644230,268435456,16777216,16,3354,80014
1512543903599308,1512543903679568,268435456,16777216,16,3344,80260
1512543905635285,1512543905715467,268435456,16777216,16,3347,80182
1512543907670938,1512543907751151,268435456,16777216,16,3346,80213
1512543909705868,1512543909785985,268435456,16777216,16,3350,80117
1512543911740586,1512543911820870,268435456,16777216,16,3343,80284
1512543913776155,1512543913856421,268435456,16777216,16,3344,80266
1512543915811424,1512543915889756,268435456,16777216,16,3426,78332
1512543917843694,1512543917923953,268435456,16777216,16,3344,80259
1512543919878156,1512543919958373,268435456,16777216,16,3346,80217
1512543921912734,1512543921992815,268435456,16777216,16,3352,80081
1512543923946702,1512543924026846,268435456,16777216,16,3349,80144
1512543925980840,1512543926060987,268435456,16777216,16,3349,80147
1512543928016026,1512543928096268,268435456,16777216,16,3345,80242
1512543930051050,1512543930129369,268435456,16777216,16,3427,78319
1512543932083075,1512543932163325,268435456,16777216,16,3344,80250
1512543934117238,1512543934197463,268435456,16777216,16,3346,80225
1512543936151654,1512543936231897,268435456,16777216,16,3345,80243
1512543938186134,1512543938266245,268435456,16777216,16,3350,80111
1512543940219960,1512543940300216,268435456,16777216,16,3344,80256
1512543942254770,1512543942334984,268435456,16777216,16,3346,80214
1512543944289407,1512543944369539,268435456,16777216,16,3349,80132
1512543946324289,1512543946404525,268435456,16777216,16,3345,80236
1512543948359563,1512543948439723,268435456,16777216,16,3348,80160
1512543950393980,1512543950474209,268435456,16777216,16,3345,80229
1512543952428767,1512543952507069,268435456,16777216,16,3428,78302
1512543954461670,1512543954541834,268435456,16777216,16,3348,80164
1512543956496858,1512543956577154,268435456,16777216,16,3343,80296
1512543958532093,1512543958612324,268435456,16777216,16,3345,80231
1512543960567516,1512543960647685,268435456,16777216,16,3348,80169
1512543962602668,1512543962682690,268435456,16777216,16,3354,80022
1512543964637217,1512543964715395,268435456,16777216,16,3433,78178
1512543966671237,1512543966751449,268435456,16777216,16,3346,80212
1512543968707333,1512543968787672,268435456,16777216,16,3341,80339
1512543970742524,1512543970822930,268435456,16777216,16,3338,80406
1512543972778854,1512543972859059,268435456,16777216,16,3346,80205
1512543974814304,1512543974894536,268435456,16777216,16,3345,80232
1512543976850106,1512543976930322,268435456,16777216,16,3346,80216
1512543978886210,1512543978966423,268435456,16777216,16,3346,80213
1512543980921118,1512543980999536,268435456,16777216,16,3423,78418
1512543982955150,1512543983035324,268435456,16777216,16,3348,80174
1512543984990727,1512543985070802,268435456,16777216,16,3352,80075
1512543987025826,1512543987106044,268435456,16777216,16,3346,80218
1512543989061195,1512543989141485,268435456,16777216,16,3343,80290
1512543991096212,1512543991176377,268435456,16777216,16,3348,80165
1512543993131109,1512543993211410,268435456,16777216,16,3342,80301
1512543995165473,1512543995245766,268435456,16777216,16,3343,80293
1512543997199097,1512543997279391,268435456,16777216,16,3343,80294
1512543999233554,1512543999313844,268435456,16777216,16,3343,80290
1512544001268519,1512544001348765,268435456,16777216,16,3345,80246
1512544003304595,1512544003384808,268435456,16777216,16,3346,80213
1512544005340121,1512544005420355,268435456,16777216,16,3345,80234
1512544007375079,1512544007455260,268435456,16777216,16,3347,80181
1512544009409570,1512544009489766,268435456,16777216,16,3347,80196
1512544011444104,1512544011524349,268435456,16777216,16,3345,80245
1512544013479007,1512544013559229,268435456,16777216,16,3346,80222
1512544015512457,1512544015592899,268435456,16777216,16,3337,80442
1512544017547020,1512544017627309,268435456,16777216,16,3343,80289
1512544019581624,1512544019661897,268435456,16777216,16,3344,80273
1512544021617761,1512544021697852,268435456,16777216,16,3351,80091
1512544023651639,1512544023731983,268435456,16777216,16,3341,80344
1512544025685924,1512544025766199,268435456,16777216,16,3343,80275
1512544027720190,1512544027800443,268435456,16777216,16,3344,80253
1512544029754176,1512544029834392,268435456,16777216,16,3346,80216
1512544031788151,1512544031866354,268435456,16777216,16,3432,78203
1512544033820500,1512544033900762,268435456,16777216,16,3344,80262
1512544035854937,1512544035935104,268435456,16777216,16,3348,80167
1512544037889541,1512544037969764,268435456,16777216,16,3346,80223
1512544039924177,1512544040004501,268435456,16777216,16,3341,80324
1512544041958735,1512544042038939,268435456,16777216,16,3346,80204
1512544043992923,1512544044073222,268435456,16777216,16,3342,80299
1512544046026998,1512544046107182,268435456,16777216,16,3347,80184
1512544048061284,1512544048141585,268435456,16777216,16,3342,80301
1512544050095733,1512544050176009,268435456,16777216,16,3343,80276
1512544052130212,1512544052210381,268435456,16777216,16,3348,80169
1512544054164261,1512544054244500,268435456,16777216,16,3345,80239
1512544056198290,1512544056278454,268435456,16777216,16,3348,80164
1512544058232392,1512544058312671,268435456,16777216,16,3343,80279
1512544060266488,1512544060346752,268435456,16777216,16,3344,80264
1512544062300845,1512544062379113,268435456,16777216,16,3429,78268
1512544064333236,1512544064413399,268435456,16777216,16,3348,80163
1512544066367091,1512544066447339,268435456,16777216,16,3345,80248
1512544068401453,1512544068481704,268435456,16777216,16,3344,80251
1512544070436134,1512544070516383,268435456,16777216,16,3345,80249
1512544072470231,1512544072550540,268435456,16777216,16,3342,80309
1512544074505185,1512544074585482,268435456,16777216,16,3343,80297
1512544076540278,1512544076620478,268435456,16777216,16,3347,80200
1512544078575160,1512544078655495,268435456,16777216,16,3341,80335
1512544080609751,1512544080689971,268435456,16777216,16,3346,80220
1512544082644095,1512544082724522,268435456,16777216,16,3337,80427
1512544084678644,1512544084758998,268435456,16777216,16,3340,80354
1512544086713651,1512544086793879,268435456,16777216,16,3345,80228
1512544088748091,1512544088828449,268435456,16777216,16,3340,80358
1512544090783288,1512544090863644,268435456,16777216,16,3340,80356
1512544092817584,1512544092897865,268435456,16777216,16,3343,80281
1512544094852143,1512544094932407,268435456,16777216,16,3344,80264
1512544096885882,1512544096966042,268435456,16777216,16,3348,80160
1512544098919751,1512544099000015,268435456,16777216,16,3344,80264
1512544100954146,1512544101034304,268435456,16777216,16,3348,80158
1512544102989807,1512544103070006,268435456,16777216,16,3347,80199
1512544105024194,1512544105104349,268435456,16777216,16,3348,80155
1512544107058776,1512544107138956,268435456,16777216,16,3347,80180
1512544109093021,1512544109173394,268435456,16777216,16,3339,80373
1512544111127172,1512544111207442,268435456,16777216,16,3344,80270
1512544113161524,1512544113241706,268435456,16777216,16,3347,80182
1512544115195851,1512544115275937,268435456,16777216,16,3351,80086
1512544117235518,1512544117316096,268435456,16777216,16,3331,80578
1512544119291107,1512544119371504,268435456,16777216,16,3338,80397
1512544121328117,1512544121408432,268435456,16777216,16,3342,80315
1512544123363041,1512544123443415,268435456,16777216,16,3339,80374
1512544125397394,1512544125475726,268435456,16777216,16,3426,78332
1512544127429669,1512544127507949,268435456,16777216,16,3429,78280
1512544129461555,1512544129541881,268435456,16777216,16,3341,80326
1512544131496986,1512544131577244,268435456,16777216,16,3344,80258
1512544133531739,1512544133611966,268435456,16777216,16,3345,80227
1512544135566144,1512544135646387,268435456,16777216,16,3345,80243
1512544137600511,1512544137678704,268435456,16777216,16,3432,78193
1512544139632949,1512544139713253,268435456,16777216,16,3342,80304
1512544141669104,1512544141749347,268435456,16777216,16,3345,80243
1512544143703761,1512544143784154,268435456,16777216,16,3339,80393
1512544145738120,1512544145818542,268435456,16777216,16,3337,80422
1512544147771762,1512544147850167,268435456,16777216,16,3423,78405
1512544149804009,1512544149884345,268435456,16777216,16,3341,80336
1512544151838716,1512544151918927,268435456,16777216,16,3346,80211
1512544153872601,1512544153952914,268435456,16777216,16,3342,80313
1512544155906903,1512544155987132,268435456,16777216,16,3345,80229
1512544157941909,1512544158022211,268435456,16777216,16,3342,80302
1512544159977012,1512544160055306,268435456,16777216,16,3428,78294
1512544162009804,1512544162089975,268435456,16777216,16,3348,80171
1512544164043616,1512544164123789,268435456,16777216,16,3348,80173
1512544166077872,1512544166157906,268435456,16777216,16,3354,80034
1512544168111789,1512544168191898,268435456,16777216,16,3350,80109
1512544170146084,1512544170226192,268435456,16777216,16,3350,80108
1512544172179783,1512544172259945,268435456,16777216,16,3348,80162
1512544174214851,1512544174295016,268435456,16777216,16,3348,80165
1512544176249541,1512544176329672,268435456,16777216,16,3349,80131
1512544178283886,1512544178364031,268435456,16777216,16,3349,80145
1512544180318338,1512544180398634,268435456,16777216,16,3343,80296
1512544182352274,1512544182430489,268435456,16777216,16,3432,78215
1512544184384577,1512544184464677,268435456,16777216,16,3351,80100
1512544186418913,1512544186499040,268435456,16777216,16,3350,80127
1512544188453239,1512544188533407,268435456,16777216,16,3348,80168
1512544190487366,1512544190567597,268435456,16777216,16,3345,80231
1512544192521775,1512544192601861,268435456,16777216,16,3351,80086
1512544194557089,1512544194637212,268435456,16777216,16,3350,80123
1512544196591996,1512544196672152,268435456,16777216,16,3348,80156
1512544198625952,1512544198706326,268435456,16777216,16,3339,80374
1512544200661446,1512544200741576,268435456,16777216,16,3349,80130
1512544202698432,1512544202778887,268435456,16777216,16,3336,80455
1512544204734746,1512544204814955,268435456,16777216,16,3346,80209
1512544206771006,1512544206851302,268435456,16777216,16,3343,80296
1512544208807393,1512544208887620,268435456,16777216,16,3345,80227
1512544210843626,1512544210921946,268435456,16777216,16,3427,78320
1512544212878910,1512544212959056,268435456,16777216,16,3349,80146
1512544214913841,1512544214994143,268435456,16777216,16,3342,80302
1512544216962548,1512544217044876,268435456,16777216,16,3260,82328
1512544219004264,1512544219086703,268435456,16777216,16,3256,82439
1512544221045546,1512544221129274,268435456,16777216,16,3206,83728
1512544223093692,1512544223175998,268435456,16777216,16,3261,82306
1512544225135734,1512544225218167,268435456,16777216,16,3256,82433
1512544227177775,1512544227259459,268435456,16777216,16,3286,81684
1512544229223579,1512544229305915,268435456,16777216,16,3260,82336
1512544231265193,1512544231345438,268435456,16777216,16,3345,80245
1512544233301694,1512544233382227,268435456,16777216,16,3333,80533
1512544235340566,1512544235421036,268435456,16777216,16,3335,80470
1512544237376933,1512544237457575,268435456,16777216,16,3328,80642
1512544239419564,1512544239503404,268435456,16777216,16,3201,83840
1512544241467003,1512544241549330,268435456,16777216,16,3260,82327
1512544243508588,1512544243590923,268435456,16777216,16,3260,82335
1512544245554480,1512544245638188,268435456,16777216,16,3206,83708
1512544247609654,1512544247695347,268435456,16777216,16,3132,85693
1512544249655651,1512544249737862,268435456,16777216,16,3265,82211
1512544251698959,1512544251782846,268435456,16777216,16,3199,83887
1512544253745849,1512544253826125,268435456,16777216,16,3343,80276
1512544255784069,1512544255864263,268435456,16777216,16,3347,80194
1512544257821739,1512544257902058,268435456,16777216,16,3342,80319
1512544259858866,1512544259939105,268435456,16777216,16,3345,80239
1512544261896155,1512544261976397,268435456,16777216,16,3345,80242
1512544263932727,1512544264011150,268435456,16777216,16,3422,78423
1512544265967941,1512544266048407,268435456,16777216,16,3336,80466
1512544268005169,1512544268085407,268435456,16777216,16,3345,80238
1512544270040657,1512544270120701,268435456,16777216,16,3353,80044
1512544272076331,1512544272156390,268435456,16777216,16,3352,80059
1512544274112321,1512544274192429,268435456,16777216,16,3350,80108
1512544276148288,1512544276228476,268435456,16777216,16,3347,80188
1512544278184890,1512544278265122,268435456,16777216,16,3345,80232
1512544280221838,1512544280302199,268435456,16777216,16,3340,80361
1512544282257579,1512544282337918,268435456,16777216,16,3341,80339
1512544284293227,1512544284373495,268435456,16777216,16,3344,80268
1512544286329484,1512544286409914,268435456,16777216,16,3337,80430
1512544288364996,1512544288445283,268435456,16777216,16,3343,80287
1512544290400811,1512544290481098,268435456,16777216,16,3343,80287
1512544292436405,1512544292516616,268435456,16777216,16,3346,80211
1512544294476810,1512544294557193,268435456,16777216,16,3339,80383
1512544296517094,1512544296597644,268435456,16777216,16,3332,80550
1512544298554790,1512544298635368,268435456,16777216,16,3331,80578
1512544300592118,1512544300672694,268435456,16777216,16,3331,80576
1512544302629197,1512544302707792,268435456,16777216,16,3415,78595
1512544304664397,1512544304744804,268435456,16777216,16,3338,80407
1512544306701239,1512544306781791,268435456,16777216,16,3332,80552
1512544308756476,1512544308835022,268435456,16777216,16,3417,78546
1512544310791656,1512544310872173,268435456,16777216,16,3333,80517
1512544312828498,1512544312908915,268435456,16777216,16,3338,80417
1512544314866226,1512544314946765,268435456,16777216,16,3332,80539
1512544316903499,1512544316984114,268435456,16777216,16,3329,80615
1512544318940451,1512544319020799,268435456,16777216,16,3340,80348
1512544320977405,1512544321057682,268435456,16777216,16,3343,80277
1512544323018908,1512544323102584,268435456,16777216,16,3208,83676
1512544325062280,1512544325144593,268435456,16777216,16,3261,82313
1512544327103955,1512544327186478,268435456,16777216,16,3252,82523
1512544329149139,1512544329229522,268435456,16777216,16,3339,80383
1512544331188676,1512544331270954,268435456,16777216,16,3262,82278
1512544333229860,1512544333312213,268435456,16777216,16,3259,82353
1512544335274257,1512544335356672,268435456,16777216,16,3257,82415
1512544337317032,1512544337399271,268435456,16777216,16,3264,82239
1512544339355433,1512544339435853,268435456,16777216,16,3337,80420
1512544341393937,1512544341474300,268435456,16777216,16,3340,80363
1512544343430324,1512544343510643,268435456,16777216,16,3342,80319
1512544345465972,1512544345546196,268435456,16777216,16,3346,80224
1512544347502817,1512544347583208,268435456,16777216,16,3339,80391
1512544349540160,1512544349620682,268435456,16777216,16,3333,80522
1512544351576878,1512544351657075,268435456,16777216,16,3347,80197
1512544353614224,1512544353694680,268435456,16777216,16,3336,80456
1512544355650908,1512544355731298,268435456,16777216,16,3339,80390
1512544357687041,1512544357767511,268435456,16777216,16,3335,80470
1512544359723284,1512544359803669,268435456,16777216,16,3339,80385
1512544361765235,1512544361848283,268435456,16777216,16,3232,83048
1512544363806887,1512544363889261,268435456,16777216,16,3258,82374
1512544365848711,1512544365931135,268435456,16777216,16,3256,82424
1512544367893773,1512544367976131,268435456,16777216,16,3259,82358
1512544369935813,1512544370018140,268435456,16777216,16,3260,82327
1512544371977272,1512544372059599,268435456,16777216,16,3260,82327
1512544374022057,1512544374104526,268435456,16777216,16,3254,82469
1512544376075678,1512544376155990,268435456,16777216,16,3342,80312
1512544378111482,1512544378191764,268435456,16777216,16,3343,80282
1512544380148645,1512544380229100,268435456,16777216,16,3336,80455
1512544382185215,1512544382265758,268435456,16777216,16,3332,80543
1512544384221146,1512544384301470,268435456,16777216,16,3341,80324
1512544386258017,1512544386338554,268435456,16777216,16,3333,80537
1512544388295294,1512544388375634,268435456,16777216,16,3341,80340
1512544390331668,1512544390411940,268435456,16777216,16,3344,80272
1512544392368080,1512544392448243,268435456,16777216,16,3348,80163
1512544394404272,1512544394484683,268435456,16777216,16,3338,80411
1512544396440340,1512544396520608,268435456,16777216,16,3344,80268
1512544398476853,1512544398557068,268435456,16777216,16,3346,80215
1512544400513169,1512544400593504,268435456,16777216,16,3341,80335
1512544402550369,1512544402630657,268435456,16777216,16,3343,80288
1512544404586872,1512544404667225,268435456,16777216,16,3340,80353
1512544406622936,1512544406703281,268435456,16777216,16,3341,80345
1512544408659948,1512544408740319,268435456,16777216,16,3339,80371
1512544410696324,1512544410776677,268435456,16777216,16,3340,80353
1512544412732503,1512544412812866,268435456,16777216,16,3340,80363
1512544414768927,1512544414849332,268435456,16777216,16,3338,80405
1512544416805385,1512544416885748,268435456,16777216,16,3340,80363
1512544418841881,1512544418922243,268435456,16777216,16,3340,80362
1512544420878383,1512544420958863,268435456,16777216,16,3335,80480
1512544422914732,1512544422995111,268435456,16777216,16,3339,80379
1512544424951621,1512544425031933,268435456,16777216,16,3342,80312
1512544426987684,1512544427067876,268435456,16777216,16,3347,80192
1512544429022922,1512544429103258,268435456,16777216,16,3341,80336
1512544431058991,1512544431139279,268435456,16777216,16,3343,80288
1512544433095316,1512544433175541,268435456,16777216,16,3346,80225
1512544435130811,1512544435210998,268435456,16777216,16,3347,80187
1512544437166685,1512544437246933,268435456,16777216,16,3345,80248
1512544439202675,1512544439282890,268435456,16777216,16,3346,80215
1512544441238240,1512544441318457,268435456,16777216,16,3346,80217
1512544443274001,1512544443354292,268435456,16777216,16,3343,80291
1512544445309230,1512544445389485,268435456,16777216,16,3344,80255
1512544447345692,1512544447426050,268435456,16777216,16,3340,80358
1512544449381469,1512544449461841,268435456,16777216,16,3339,80372
1512544451417535,1512544451497891,268435456,16777216,16,3340,80356
1512544453453405,1512544453533709,268435456,16777216,16,3342,80304
1512544455488526,1512544455569024,268435456,16777216,16,3334,80498
1512544457525495,1512544457605820,268435456,16777216,16,3341,80325
1512544459560716,1512544459640977,268435456,16777216,16,3344,80261
1512544461595547,1512544461675864,268435456,16777216,16,3342,80317
1512544463631613,1512544463711877,268435456,16777216,16,3344,80264
1512544465666153,1512544465746521,268435456,16777216,16,3340,80368
1512544467701684,1512544467781976,268435456,16777216,16,3343,80292
1512544469737391,1512544469817598,268435456,16777216,16,3346,80207
1512544471772584,1512544471852959,268435456,16777216,16,3339,80375
1512544473808683,1512544473888970,268435456,16777216,16,3343,80287
1512544475844003,1512544475924313,268435456,16777216,16,3342,80310
1512544477879911,1512544477960266,268435456,16777216,16,3340,80355
1512544479916398,1512544479996779,268435456,16777216,16,3339,80381
1512544481951968,1512544482032284,268435456,16777216,16,3342,80316
1512544483987795,1512544484068132,268435456,16777216,16,3341,80337
1512544486023183,1512544486103541,268435456,16777216,16,3340,80358
1512544488059593,1512544488139878,268435456,16777216,16,3343,80285
1512544490095768,1512544490176127,268435456,16777216,16,3340,80359
1512544492132155,1512544492212455,268435456,16777216,16,3342,80300
1512544494167618,1512544494247978,268435456,16777216,16,3340,80360
1512544496203132,1512544496283357,268435456,16777216,16,3346,80225
1512544498238876,1512544498318948,268435456,16777216,16,3352,80072
1512544500274830,1512544500355033,268435456,16777216,16,3346,80203
1512544502310830,1512544502391208,268435456,16777216,16,3339,80378
1512544504347451,1512544504427679,268435456,16777216,16,3345,80228
1512544506383313,1512544506463648,268435456,16777216,16,3341,80335
1512544508419500,1512544508499915,268435456,16777216,16,3338,80415
1512544510454844,1512544510535105,268435456,16777216,16,3344,80261
1512544512490333,1512544512570652,268435456,16777216,16,3342,80319
1512544514526071,1512544514606354,268435456,16777216,16,3343,80283
1512544516562189,1512544516642461,268435456,16777216,16,3344,80272
1512544518598455,1512544518676828,268435456,16777216,16,3425,78373
1512544520632143,1512544520712378,268435456,16777216,16,3345,80235
1512544522667771,1512544522747931,268435456,16777216,16,3348,80160
1512544524703876,1512544524784189,268435456,16777216,16,3342,80313
1512544526740049,1512544526820368,268435456,16777216,16,3342,80319
1512544528776779,1512544528857202,268435456,16777216,16,3337,80423
1512544530814334,1512544530894658,268435456,16777216,16,3341,80324
1512544532850339,1512544532930617,268435456,16777216,16,3343,80278
1512544534886268,1512544534966399,268435456,16777216,16,3349,80131
1512544536922184,1512544537002534,268435456,16777216,16,3340,80350
1512544538958280,1512544539038630,268435456,16777216,16,3340,80350
1512544540994231,1512544541074571,268435456,16777216,16,3341,80340
1512544543029733,1512544543109996,268435456,16777216,16,3344,80263
1512544545066214,1512544545146441,268435456,16777216,16,3345,80227
1512544547101859,1512544547182145,268435456,16777216,16,3343,80286
1512544549137461,1512544549217749,268435456,16777216,16,3343,80288
1512544551178929,1512544551261326,268435456,16777216,16,3257,82397
1512544553219941,1512544553302339,268435456,16777216,16,3257,82398
1512544555261605,1512544555343784,268435456,16777216,16,3266,82179
1512544557305991,1512544557388142,268435456,16777216,16,3267,82151
1512544559347648,1512544559429934,268435456,16777216,16,3262,82286
1512544561389380,1512544561471483,268435456,16777216,16,3269,82103
1512544563434466,1512544563516786,268435456,16777216,16,3260,82320
1512544565475725,1512544565555965,268435456,16777216,16,3345,80240
1512544567511649,1512544567591850,268435456,16777216,16,3347,80201
1512544569549584,1512544569630022,268435456,16777216,16,3337,80438
1512544571586311,1512544571666600,268435456,16777216,16,3343,80289
1512544573622311,1512544573703101,268435456,16777216,16,3322,80790
1512544575661835,1512544575742266,268435456,16777216,16,3337,80431
1512544577698512,1512544577778911,268435456,16777216,16,3338,80399
1512544579734950,1512544579815512,268435456,16777216,16,3332,80562
1512544581773649,1512544581853918,268435456,16777216,16,3344,80269
1512544583809737,1512544583890210,268435456,16777216,16,3335,80473
1512544585846148,1512544585926451,268435456,16777216,16,3342,80303
1512544587882084,1512544587962370,268435456,16777216,16,3343,80286
1512544589918482,1512544589998737,268435456,16777216,16,3344,80255
1512544591954813,1512544592035112,268435456,16777216,16,3342,80299
1512544593991585,1512544594071835,268435456,16777216,16,3344,80250
1512544596028066,1512544596108281,268435456,16777216,16,3346,80215
1512544598063821,1512544598144102,268435456,16777216,16,3343,80281
1512544600099652,1512544600179844,268435456,16777216,16,3347,80192
1512544602136114,1512544602216431,268435456,16777216,16,3342,80317
1512544604172670,1512544604252952,268435456,16777216,16,3343,80282
1512544606208750,1512544606288897,268435456,16777216,16,3349,80147
1512544608245147,1512544608325502,268435456,16777216,16,3340,80355
1512544610281103,1512544610361313,268435456,16777216,16,3346,80210
1512544612317400,1512544612397792,268435456,16777216,16,3339,80392
1512544614353785,1512544614434099,268435456,16777216,16,3342,80314
1512544616390145,1512544616470379,268435456,16777216,16,3345,80234
1512544618425893,1512544618506210,268435456,16777216,16,3342,80317
1512544620461286,1512544620541540,268435456,16777216,16,3344,80254
1512544622497020,1512544622577309,268435456,16777216,16,3343,80289
1512544624532765,1512544624613040,268435456,16777216,16,3343,80275
1512544626567541,1512544626645762,268435456,16777216,16,3431,78221
1512544628601216,1512544628681336,268435456,16777216,16,3350,80120
1512544630636749,1512544630717195,268435456,16777216,16,3336,80446
1512544632672425,1512544632752668,268435456,16777216,16,3345,80243
1512544634716955,1512544634797448,268435456,16777216,16,3334,80493
1512544636773329,1512544636853796,268435456,16777216,16,3335,80467
1512544638832319,1512544638912863,268435456,16777216,16,3332,80544
1512544640873736,1512544640954241,268435456,16777216,16,3334,80505
1512544642911073,1512544642991599,268435456,16777216,16,3333,80526
1512544644948032,1512544645028484,268435456,16777216,16,3336,80452
1512544646985422,1512544647065875,268435456,16777216,16,3336,80453
1512544649022252,1512544649100812,268435456,16777216,16,3416,78560
1512544651056661,1512544651137126,268435456,16777216,16,3336,80465
1512544653093294,1512544653173686,268435456,16777216,16,3339,80392
1512544655130541,1512544655210998,268435456,16777216,16,3336,80457
1512544657167370,1512544657247868,268435456,16777216,16,3334,80498
1512544659204477,1512544659284914,268435456,16777216,16,3337,80437
1512544661241146,1512544661321580,268435456,16777216,16,3337,80434
1512544663277367,1512544663357767,268435456,16777216,16,3338,80400
1512544665313032,1512544665393478,268435456,16777216,16,3336,80446
1512544667349272,1512544667429776,268435456,16777216,16,3334,80504
1512544669386141,1512544669466698,268435456,16777216,16,3332,80557
1512544671422502,1512544671503019,268435456,16777216,16,3333,80517
1512544673459051,1512544673539432,268435456,16777216,16,3339,80381
1512544675495760,1512544675576177,268435456,16777216,16,3338,80417
1512544677532560,1512544677613000,268435456,16777216,16,3337,80440
1512544679569247,1512544679647862,268435456,16777216,16,3414,78615
1512544681603899,1512544681683907,268435456,16777216,16,3355,80008
1512544683638212,1512544683718475,268435456,16777216,16,3344,80263
1512544685672673,1512544685753085,268435456,16777216,16,3338,80412
1512544687707337,1512544687787731,268435456,16777216,16,3338,80394
1512544689741898,1512544689822155,268435456,16777216,16,3344,80257
1512544691776190,1512544691856445,268435456,16777216,16,3344,80255
1512544693810149,1512544693888482,268435456,16777216,16,3426,78333
1512544695842367,1512544695922661,268435456,16777216,16,3343,80294
1512544697877384,1512544697957811,268435456,16777216,16,3337,80427
1512544699911086,1512544699991256,268435456,16777216,16,3348,80170
1512544701945116,1512544702025559,268435456,16777216,16,3336,80443
1512544703979482,1512544704059788,268435456,16777216,16,3342,80306
1512544706014523,1512544706094970,268435456,16777216,16,3336,80447
1512544708048923,1512544708129388,268435456,16777216,16,3336,80465
1512544710083101,1512544710163572,268435456,16777216,16,3335,80471
1512544712118228,1512544712196763,268435456,16777216,16,3418,78535
1512544714151102,1512544714231476,268435456,16777216,16,3339,80374
1512544716185493,1512544716265867,268435456,16777216,16,3339,80374
1512544718220082,1512544718300338,268435456,16777216,16,3344,80256
1512544720254004,1512544720334286,268435456,16777216,16,3343,80282
1512544722288276,1512544722368702,268435456,16777216,16,3337,80426
1512544724322907,1512544724403315,268435456,16777216,16,3338,80408
1512544726357443,1512544726437932,268435456,16777216,16,3335,80489
1512544728392589,1512544728472827,268435456,16777216,16,3345,80238
1512544730427233,1512544730505418,268435456,16777216,16,3433,78185
1512544732458965,1512544732539219,268435456,16777216,16,3344,80254
1512544734493356,1512544734573681,268435456,16777216,16,3341,80325
1512544736527716,1512544736607949,268435456,16777216,16,3345,80233
1512544738562871,1512544738643076,268435456,16777216,16,3346,80205
1512544740597871,1512544740678000,268435456,16777216,16,3350,80129
1512544742631278,1512544742711465,268435456,16777216,16,3347,80187
1512544744666053,1512544744746262,268435456,16777216,16,3346,80209
1512544746700396,1512544746780718,268435456,16777216,16,3341,80322
1512544748735009,1512544748815145,268435456,16777216,16,3349,80136
1512544750769210,1512544750849378,268435456,16777216,16,3348,80168
1512544752803577,1512544752883827,268435456,16777216,16,3344,80250
1512544754837875,1512544754918037,268435456,16777216,16,3348,80162
1512544756871953,1512544756952139,268435456,16777216,16,3347,80186
1512544758906076,1512544758986256,268435456,16777216,16,3347,80180
1512544760940005,1512544761020163,268435456,16777216,16,3348,80158
1512544762974201,1512544763054499,268435456,16777216,16,3342,80298
1512544765009381,1512544765089547,268435456,16777216,16,3348,80166
1512544767043568,1512544767123941,268435456,16777216,16,3339,80373
1512544769078693,1512544769158959,268435456,16777216,16,3344,80266
1512544771113253,1512544771193596,268435456,16777216,16,3341,80343
1512544773147290,1512544773227518,268435456,16777216,16,3345,80228
1512544775181678,1512544775261959,268435456,16777216,16,3343,80281
1512544777216671,1512544777296771,268435456,16777216,16,3351,80100
1512544779251069,1512544779331406,268435456,16777216,16,3341,80337
1512544781285849,1512544781366131,268435456,16777216,16,3343,80282
1512544783320873,1512544783401179,268435456,16777216,16,3342,80306
1512544785355483,1512544785435661,268435456,16777216,16,3347,80178
1512544787390601,1512544787471012,268435456,16777216,16,3338,80411
1512544789425474,1512544789505746,268435456,16777216,16,3344,80272
1512544791459840,1512544791539991,268435456,16777216,16,3349,80151
1512544793494714,1512544793575042,268435456,16777216,16,3341,80328
1512544795529485,1512544795609724,268435456,16777216,16,3345,80239
1512544797563619,1512544797643741,268435456,16777216,16,3350,80122
1512544799598069,1512544799678227,268435456,16777216,16,3348,80158
1512544801632418,1512544801712586,268435456,16777216,16,3348,80168
1512544803666279,1512544803746710,268435456,16777216,16,3337,80431
1512544805701229,1512544805781508,268435456,16777216,16,3343,80279
1512544807735983,1512544807814393,268435456,16777216,16,3423,78410
1512544809768615,1512544809848795,268435456,16777216,16,3347,80180
1512544811803016,1512544811883246,268435456,16777216,16,3345,80230
1512544813837711,1512544813917967,268435456,16777216,16,3344,80256
1512544815872585,1512544815952772,268435456,16777216,16,3347,80187
1512544817907238,1512544817987526,268435456,16777216,16,3343,80288
1512544819941408,1512544820021607,268435456,16777216,16,3347,80199
1512544821975840,1512544822056048,268435456,16777216,16,3346,80208
1512544824010213,1512544824090431,268435456,16777216,16,3346,80218
1512544826064705,1512544826143392,268435456,16777216,16,3411,78687
1512544828113392,1512544828193879,268435456,16777216,16,3335,80487
1512544830150336,1512544830230779,268435456,16777216,16,3336,80443
1512544832188248,1512544832268870,268435456,16777216,16,3329,80622
1512544834225422,1512544834305903,268435456,16777216,16,3335,80481
1512544836262679,1512544836343197,268435456,16777216,16,3333,80518
1512544838299663,1512544838380222,268435456,16777216,16,3332,80559
1512544840336416,1512544840416577,268435456,16777216,16,3348,80161
1512544842370651,1512544842450716,268435456,16777216,16,3352,80065
1512544844405519,1512544844485756,268435456,16777216,16,3345,80237
1512544846440870,1512544846520902,268435456,16777216,16,3354,80032
1512544848474541,1512544848554615,268435456,16777216,16,3352,80074
1512544850507939,1512544850588041,268435456,16777216,16,3351,80102
1512544852543810,1512544852624113,268435456,16777216,16,3342,80303
1512544854580345,1512544854660498,268435456,16777216,16,3349,80153
1512544856615963,1512544856696157,268435456,16777216,16,3347,80194
1512544858651927,1512544858732105,268435456,16777216,16,3347,80178
1512544860688395,1512544860768678,268435456,16777216,16,3343,80283
1512544862724878,1512544862805092,268435456,16777216,16,3346,80214
1512544864760729,1512544864840898,268435456,16777216,16,3348,80169
1512544866797373,1512544866877586,268435456,16777216,16,3346,80213
1512544868833741,1512544868914121,268435456,16777216,16,3339,80380
