1512619458206805,1512619458210378,10485760,327680,32,2934,3573
1512619458290342,1512619458293712,10485760,327680,32,3111,3370
1512619458371177,1512619458374574,10485760,327680,32,3086,3397
1512619458451951,1512619458455319,10485760,327680,32,3113,3368
1512619458532890,1512619458536182,10485760,327680,32,3185,3292
1512619458613588,1512619458616935,10485760,327680,32,3132,3347
1512619458694463,1512619458697853,10485760,327680,32,3093,3390
1512619458775639,1512619458779016,10485760,327680,32,3105,3377
1512619458856661,1512619458860010,10485760,327680,32,3131,3349
1512619458937560,1512619458940874,10485760,327680,32,3164,3314
1512619459018352,1512619459021709,10485760,327680,32,3123,3357
1512619459098843,1512619459102173,10485760,327680,32,3148,3330
1512619459179099,1512619459182440,10485760,327680,32,3138,3341
1512619459259374,1512619459262690,10485760,327680,32,3162,3316
1512619459339700,1512619459343075,10485760,327680,32,3106,3375
1512619459420006,1512619459423387,10485760,327680,32,3101,3381
1512619459500270,1512619459503628,10485760,327680,32,3122,3358
1512619459580589,1512619459583905,10485760,327680,32,3162,3316
1512619459660896,1512619459664227,10485760,327680,32,3147,3331
1512619459741214,1512619459744530,10485760,327680,32,3162,3316
1512619459821742,1512619459825080,10485760,327680,32,3141,3338
1512619459902069,1512619459905432,10485760,327680,32,3117,3363
1512619459982575,1512619459985945,10485760,327680,32,3111,3370
1512619460062865,1512619460066175,10485760,327680,32,3167,3310
1512619460143090,1512619460146422,10485760,327680,32,3146,3332
1512619460223456,1512619460226844,10485760,327680,32,3094,3388
1512619460303852,1512619460307204,10485760,327680,32,3128,3352
1512619460384289,1512619460387638,10485760,327680,32,3131,3349
1512619460464619,1512619460468000,10485760,327680,32,3101,3381
1512619460544919,1512619460548274,10485760,327680,32,3125,3355
1512619460625286,1512619460628619,10485760,327680,32,3146,3333
1512619460705541,1512619460708930,10485760,327680,32,3094,3389
1512619460785963,1512619460789312,10485760,327680,32,3131,3349
1512619460866409,1512619460869755,10485760,327680,32,3133,3346
1512619460946704,1512619460950011,10485760,327680,32,3170,3307
1512619461027016,1512619461030388,10485760,327680,32,3109,3372
1512619461107376,1512619461110735,10485760,327680,32,3121,3359
1512619461187666,1512619461191016,10485760,327680,32,3130,3350
1512619461267929,1512619461271294,10485760,327680,32,3116,3365
1512619461348193,1512619461351621,10485760,327680,32,3058,3428
1512619461428535,1512619461431897,10485760,327680,32,3118,3362
1512619461508854,1512619461512135,10485760,327680,32,3195,3281
1512619461589079,1512619461592426,10485760,327680,32,3132,3347
1512619461669401,1512619461672691,10485760,327680,32,3187,3290
1512619461749643,1512619461753004,10485760,327680,32,3119,3361
1512619461829910,1512619461833251,10485760,327680,32,3138,3341
1512619461910154,1512619461913448,10485760,327680,32,3183,3294
1512619461990363,1512619461993709,10485760,327680,32,3133,3346
1512619462070650,1512619462073975,10485760,327680,32,3153,3325
1512619462150952,1512619462154314,10485760,327680,32,3118,3362
1512619462231260,1512619462234617,10485760,327680,32,3123,3357
1512619462311635,1512619462315016,10485760,327680,32,3101,3381
1512619462392121,1512619462395475,10485760,327680,32,3126,3354
1512619462472619,1512619462476021,10485760,327680,32,3082,3402
1512619462552991,1512619462556321,10485760,327680,32,3148,3330
1512619462633278,1512619462636614,10485760,327680,32,3143,3336
1512619462713588,1512619462716936,10485760,327680,32,3131,3348
1512619462793925,1512619462797235,10485760,327680,32,3167,3310
1512619462874361,1512619462877754,10485760,327680,32,3090,3393
1512619462954645,1512619462958048,10485760,327680,32,3081,3403
1512619463034993,1512619463038379,10485760,327680,32,3096,3386
1512619463115325,1512619463118659,10485760,327680,32,3145,3334
1512619463195613,1512619463198962,10485760,327680,32,3131,3349
1512619463276118,1512619463279453,10485760,327680,32,3144,3335
1512619463356386,1512619463359714,10485760,327680,32,3150,3328
1512619463436625,1512619463440036,10485760,327680,32,3074,3411
1512619463516978,1512619463520313,10485760,327680,32,3144,3335
1512619463597236,1512619463600559,10485760,327680,32,3155,3323
1512619463677560,1512619463680939,10485760,327680,32,3103,3379
1512619463757886,1512619463761262,10485760,327680,32,3105,3376
1512619463838213,1512619463841572,10485760,327680,32,3121,3359
1512619463918701,1512619463922094,10485760,327680,32,3090,3393
1512619463999038,1512619464002389,10485760,327680,32,3129,3351
1512619464079371,1512619464082713,10485760,327680,32,3137,3342
1512619464159667,1512619464163018,10485760,327680,32,3129,3351
1512619464240183,1512619464243546,10485760,327680,32,3117,3363
1512619464320497,1512619464323853,10485760,327680,32,3124,3356
1512619464400812,1512619464404080,10485760,327680,32,3208,3268
1512619464481083,1512619464484405,10485760,327680,32,3156,3322
1512619464561408,1512619464564742,10485760,327680,32,3145,3334
1512619464641751,1512619464645078,10485760,327680,32,3151,3327
1512619464722020,1512619464725363,10485760,327680,32,3136,3343
1512619464802377,1512619464805715,10485760,327680,32,3141,3338
1512619464882612,1512619464885969,10485760,327680,32,3123,3357
1512619464962917,1512619464966273,10485760,327680,32,3124,3356
1512619465043223,1512619465046576,10485760,327680,32,3127,3353
1512619465123519,1512619465126863,10485760,327680,32,3135,3344
1512619465203804,1512619465207181,10485760,327680,32,3105,3377
1512619465284160,1512619465287414,10485760,327680,32,3222,3254
1512619465364406,1512619465367724,10485760,327680,32,3160,3318
1512619465444688,1512619465448085,10485760,327680,32,3086,3397
1512619465525027,1512619465528337,10485760,327680,32,3167,3310
1512619465605357,1512619465608755,10485760,327680,32,3085,3398
1512619465685686,1512619465689073,10485760,327680,32,3095,3387
1512619465766090,1512619465769472,10485760,327680,32,3100,3382
1512619465846437,1512619465849784,10485760,327680,32,3132,3347
1512619465926797,1512619465930175,10485760,327680,32,3104,3378
1512619466007099,1512619466010484,10485760,327680,32,3097,3385
1512619466087407,1512619466090790,10485760,327680,32,3099,3383
1512619466167689,1512619466171012,10485760,327680,32,3155,3323
1512619466248081,1512619466251435,10485760,327680,32,3126,3354
1512619466328370,1512619466331763,10485760,327680,32,3090,3393
1512619466408863,1512619466412240,10485760,327680,32,3105,3377
1512619466489253,1512619466492604,10485760,327680,32,3129,3351
1512619466569483,1512619466572870,10485760,327680,32,3095,3387
1512619466649791,1512619466653184,10485760,327680,32,3090,3393
1512619466730174,1512619466733524,10485760,327680,32,3130,3350
1512619466810506,1512619466813907,10485760,327680,32,3083,3401
1512619466890909,1512619466894243,10485760,327680,32,3145,3334
1512619466971184,1512619466974583,10485760,327680,32,3084,3399
1512619467051554,1512619467054912,10485760,327680,32,3122,3358
1512619467131861,1512619467135173,10485760,327680,32,3165,3312
1512619467212119,1512619467215462,10485760,327680,32,3136,3343
1512619467292473,1512619467295845,10485760,327680,32,3109,3372
1512619467372773,1512619467376158,10485760,327680,32,3097,3385
1512619467453057,1512619467456407,10485760,327680,32,3130,3350
1512619467533304,1512619467536677,10485760,327680,32,3108,3373
1512619467613631,1512619467616947,10485760,327680,32,3162,3316
1512619467693922,1512619467697347,10485760,327680,32,3061,3425
1512619467774284,1512619467777633,10485760,327680,32,3131,3349
1512619467854560,1512619467857945,10485760,327680,32,3097,3385
1512619467934888,1512619467938189,10485760,327680,32,3176,3301
1512619468015196,1512619468018574,10485760,327680,32,3104,3378
1512619468095465,1512619468098846,10485760,327680,32,3101,3381
1512619468175783,1512619468179135,10485760,327680,32,3128,3352
1512619468256175,1512619468259518,10485760,327680,32,3136,3343
1512619468336572,1512619468339895,10485760,327680,32,3155,3323
1512619468416846,1512619468420172,10485760,327680,32,3152,3326
1512619468497185,1512619468500547,10485760,327680,32,3118,3362
1512619468577422,1512619468580744,10485760,327680,32,3156,3322
1512619468657629,1512619468660948,10485760,327680,32,3159,3319
1512619468737912,1512619468741228,10485760,327680,32,3162,3316
1512619468818140,1512619468821463,10485760,327680,32,3155,3323
1512619468898413,1512619468901729,10485760,327680,32,3162,3316
1512619468978750,1512619468982104,10485760,327680,32,3126,3354
1512619469058989,1512619469062315,10485760,327680,32,3152,3326
1512619469139284,1512619469142619,10485760,327680,32,3144,3335
1512619469219549,1512619469222905,10485760,327680,32,3124,3356
1512619469299920,1512619469303250,10485760,327680,32,3148,3330
1512619469380124,1512619469383440,10485760,327680,32,3162,3316
1512619469460363,1512619469463740,10485760,327680,32,3105,3377
1512619469540751,1512619469544046,10485760,327680,32,3182,3295
1512619469621043,1512619469624340,10485760,327680,32,3180,3297
1512619469701253,1512619469704555,10485760,327680,32,3175,3302
1512619469781519,1512619469784872,10485760,327680,32,3127,3353
1512619469861780,1512619469865137,10485760,327680,32,3123,3357
1512619469942047,1512619469945400,10485760,327680,32,3127,3353
1512619470022344,1512619470025727,10485760,327680,32,3099,3383
1512619470102625,1512619470105989,10485760,327680,32,3117,3364
1512619470182943,1512619470186360,10485760,327680,32,3068,3417
1512619470263310,1512619470266637,10485760,327680,32,3151,3327
1512619470343663,1512619470346957,10485760,327680,32,3183,3294
1512619470423853,1512619470427194,10485760,327680,32,3138,3341
1512619470504249,1512619470507510,10485760,327680,32,3215,3261
1512619470584412,1512619470587703,10485760,327680,32,3186,3291
1512619470664596,1512619470667887,10485760,327680,32,3186,3291
1512619470744793,1512619470748090,10485760,327680,32,3180,3297
1512619470824998,1512619470828339,10485760,327680,32,3138,3341
1512619470905309,1512619470908672,10485760,327680,32,3117,3363
1512619470985708,1512619470989036,10485760,327680,32,3150,3328
1512619471065959,1512619471069273,10485760,327680,32,3164,3314
1512619471146264,1512619471149612,10485760,327680,32,3131,3348
1512619471226488,1512619471229771,10485760,327680,32,3193,3283
1512619471306694,1512619471309989,10485760,327680,32,3182,3295
1512619471386854,1512619471390197,10485760,327680,32,3136,3343
1512619471467095,1512619471470392,10485760,327680,32,3180,3297
1512619471547397,1512619471550722,10485760,327680,32,3153,3325
1512619471627741,1512619471631070,10485760,327680,32,3149,3329
1512619471708037,1512619471711371,10485760,327680,32,3145,3334
1512619471788343,1512619471791663,10485760,327680,32,3158,3320
1512619471868590,1512619471871971,10485760,327680,32,3101,3381
1512619471948887,1512619471952211,10485760,327680,32,3154,3324
1512619472029121,1512619472032426,10485760,327680,32,3172,3305
1512619472109302,1512619472112637,10485760,327680,32,3144,3335
1512619472189519,1512619472192842,10485760,327680,32,3155,3323
1512619472269778,1512619472273085,10485760,327680,32,3170,3307
1512619472350157,1512619472353478,10485760,327680,32,3157,3321
1512619472430527,1512619472433829,10485760,327680,32,3175,3302
1512619472510809,1512619472514155,10485760,327680,32,3133,3346
1512619472591188,1512619472594559,10485760,327680,32,3110,3371
1512619472671536,1512619472674831,10485760,327680,32,3182,3295
1512619472751766,1512619472755094,10485760,327680,32,3150,3328
1512619472832071,1512619472835424,10485760,327680,32,3127,3353
1512619472912355,1512619472915662,10485760,327680,32,3170,3307
1512619472992582,1512619472995880,10485760,327680,32,3179,3298
1512619473072798,1512619473076148,10485760,327680,32,3130,3350
1512619473153097,1512619473156381,10485760,327680,32,3192,3284
1512619473233290,1512619473236631,10485760,327680,32,3138,3341
1512619473313539,1512619473316872,10485760,327680,32,3146,3333
1512619473393802,1512619473397061,10485760,327680,32,3217,3259
1512619473473980,1512619473477306,10485760,327680,32,3152,3326
1512619473554136,1512619473557445,10485760,327680,32,3168,3309
1512619473634368,1512619473637704,10485760,327680,32,3143,3336
1512619473714752,1512619473718094,10485760,327680,32,3137,3342
1512619473795012,1512619473798338,10485760,327680,32,3152,3326
1512619473875197,1512619473878502,10485760,327680,32,3172,3305
1512619473955378,1512619473958749,10485760,327680,32,3110,3371
1512619474035820,1512619474039149,10485760,327680,32,3149,3329
1512619474116080,1512619474119394,10485760,327680,32,3164,3314
1512619474196342,1512619474199689,10485760,327680,32,3132,3347
1512619474276716,1512619474280087,10485760,327680,32,3110,3371
1512619474356999,1512619474360327,10485760,327680,32,3150,3328
1512619474437322,1512619474440608,10485760,327680,32,3191,3286
1512619474517590,1512619474520836,10485760,327680,32,3230,3246
1512619474597767,1512619474601098,10485760,327680,32,3147,3331
1512619474678138,1512619474681464,10485760,327680,32,3152,3326
1512619474758385,1512619474761698,10485760,327680,32,3165,3313
1512619474838575,1512619474841930,10485760,327680,32,3125,3355
1512619474918927,1512619474922270,10485760,327680,32,3136,3343
1512619474999137,1512619475002458,10485760,327680,32,3157,3321
1512619475079340,1512619475082592,10485760,327680,32,3224,3252
1512619475159711,1512619475163041,10485760,327680,32,3148,3330
1512619475240100,1512619475243384,10485760,327680,32,3192,3284
1512619475320260,1512619475323573,10485760,327680,32,3165,3313
1512619475400527,1512619475403830,10485760,327680,32,3174,3303
1512619475480711,1512619475484096,10485760,327680,32,3097,3385
1512619475561105,1512619475564431,10485760,327680,32,3152,3326
1512619475641386,1512619475644692,10485760,327680,32,3171,3306
1512619475721616,1512619475724856,10485760,327680,32,3236,3240
1512619475801756,1512619475805140,10485760,327680,32,3098,3384
1512619475882067,1512619475885389,10485760,327680,32,3156,3322
1512619475962261,1512619475965588,10485760,327680,32,3151,3327
1512619476042476,1512619476045766,10485760,327680,32,3187,3290
1512619476122736,1512619476126038,10485760,327680,32,3175,3302
1512619476202923,1512619476206201,10485760,327680,32,3198,3278
1512619476283183,1512619476286491,10485760,327680,32,3169,3308
1512619476363362,1512619476366701,10485760,327680,32,3140,3339
1512619476443733,1512619476447093,10485760,327680,32,3120,3360
1512619476524253,1512619476527572,10485760,327680,32,3159,3319
1512619476604497,1512619476607863,10485760,327680,32,3115,3366
1512619476684869,1512619476688200,10485760,327680,32,3147,3331
1512619476765187,1512619476768480,10485760,327680,32,3184,3293
1512619476845495,1512619476848797,10485760,327680,32,3175,3302
1512619476925816,1512619476929123,10485760,327680,32,3170,3307
1512619477005988,1512619477009318,10485760,327680,32,3148,3330
1512619477086183,1512619477089469,10485760,327680,32,3191,3286
1512619477166473,1512619477169779,10485760,327680,32,3171,3306
1512619477246669,1512619477249996,10485760,327680,32,3151,3327
1512619477326905,1512619477330269,10485760,327680,32,3117,3364
1512619477407160,1512619477410419,10485760,327680,32,3217,3259
1512619477487431,1512619477490709,10485760,327680,32,3198,3278
1512619477567692,1512619477571001,10485760,327680,32,3168,3309
1512619477647951,1512619477651223,10485760,327680,32,3204,3272
1512619477728098,1512619477731430,10485760,327680,32,3146,3332
1512619477808301,1512619477811630,10485760,327680,32,3149,3329
1512619477888530,1512619477891863,10485760,327680,32,3146,3333
1512619477968933,1512619477972212,10485760,327680,32,3197,3279
1512619478049090,1512619478052425,10485760,327680,32,3144,3335
1512619478129303,1512619478132622,10485760,327680,32,3159,3319
1512619478209506,1512619478212850,10485760,327680,32,3135,3344
1512619478289754,1512619478293030,10485760,327680,32,3200,3276
1512619478370167,1512619478373524,10485760,327680,32,3123,3357
1512619478450534,1512619478453834,10485760,327680,32,3177,3300
1512619478530757,1512619478534103,10485760,327680,32,3133,3346
1512619478611013,1512619478614286,10485760,327680,32,3203,3273
1512619478691168,1512619478694545,10485760,327680,32,3105,3377
1512619478771479,1512619478774762,10485760,327680,32,3193,3283
1512619478851775,1512619478855080,10485760,327680,32,3172,3305
1512619478931962,1512619478935296,10485760,327680,32,3145,3334
1512619479012239,1512619479015591,10485760,327680,32,3128,3352
1512619479092507,1512619479095805,10485760,327680,32,3179,3298
1512619479172791,1512619479176155,10485760,327680,32,3117,3364
1512619479253145,1512619479256501,10485760,327680,32,3124,3356
1512619479333405,1512619479336719,10485760,327680,32,3164,3314
1512619479413577,1512619479416931,10485760,327680,32,3126,3354
1512619479493948,1512619479497292,10485760,327680,32,3135,3344
1512619479574227,1512619479577512,10485760,327680,32,3192,3285
1512619479654518,1512619479657929,10485760,327680,32,3074,3411
1512619479735051,1512619479738383,10485760,327680,32,3146,3332
1512619479815404,1512619479818728,10485760,327680,32,3154,3324
1512619479895821,1512619479899167,10485760,327680,32,3133,3346
1512619479976210,1512619479979547,10485760,327680,32,3142,3337
1512619480056529,1512619480059851,10485760,327680,32,3156,3322
1512619480136773,1512619480140141,10485760,327680,32,3113,3368
1512619480217090,1512619480220503,10485760,327680,32,3072,3413
1512619480297434,1512619480300806,10485760,327680,32,3109,3372
1512619480377741,1512619480381085,10485760,327680,32,3135,3344
1512619480458019,1512619480461384,10485760,327680,32,3116,3365
1512619480538341,1512619480541713,10485760,327680,32,3109,3372
1512619480618770,1512619480622122,10485760,327680,32,3128,3352
1512619480699038,1512619480702357,10485760,327680,32,3159,3319
1512619480779413,1512619480782718,10485760,327680,32,3172,3305
1512619480859785,1512619480863147,10485760,327680,32,3118,3362
1512619480940103,1512619480943431,10485760,327680,32,3150,3328
1512619481020342,1512619481023723,10485760,327680,32,3101,3381
1512619481100713,1512619481104056,10485760,327680,32,3136,3343
1512619481181041,1512619481184444,10485760,327680,32,3081,3403
1512619481261380,1512619481264759,10485760,327680,32,3103,3379
1512619481341664,1512619481344953,10485760,327680,32,3188,3289
1512619481421924,1512619481425262,10485760,327680,32,3141,3338
1512619481502197,1512619481505497,10485760,327680,32,3177,3300
1512619481582435,1512619481585833,10485760,327680,32,3085,3398
1512619481662821,1512619481666194,10485760,327680,32,3108,3373
1512619481743280,1512619481746630,10485760,327680,32,3130,3350
1512619481823564,1512619481826945,10485760,327680,32,3101,3381
1512619481903905,1512619481907239,10485760,327680,32,3145,3334
1512619481984134,1512619481987483,10485760,327680,32,3131,3349
1512619482064528,1512619482067924,10485760,327680,32,3087,3396
1512619482144905,1512619482148255,10485760,327680,32,3130,3350
1512619482225154,1512619482228505,10485760,327680,32,3129,3351
1512619482305438,1512619482308767,10485760,327680,32,3149,3329
1512619482385906,1512619482389192,10485760,327680,32,3191,3286
1512619482466091,1512619482469434,10485760,327680,32,3136,3343
1512619482546459,1512619482549735,10485760,327680,32,3200,3276
1512619482626762,1512619482630062,10485760,327680,32,3177,3300
1512619482707169,1512619482710525,10485760,327680,32,3124,3356
1512619482787475,1512619482790821,10485760,327680,32,3133,3346
1512619482867743,1512619482871076,10485760,327680,32,3146,3333
1512619482948003,1512619482951354,10485760,327680,32,3129,3351
1512619483028286,1512619483031548,10485760,327680,32,3214,3262
1512619483108594,1512619483111920,10485760,327680,32,3152,3326
1512619483188882,1512619483192239,10485760,327680,32,3123,3357
1512619483269344,1512619483272678,10485760,327680,32,3145,3334
1512619483349639,1512619483352985,10485760,327680,32,3133,3346
1512619483430017,1512619483433313,10485760,327680,32,3181,3296
1512619483510345,1512619483513644,10485760,327680,32,3178,3299
1512619483590672,1512619483594003,10485760,327680,32,3147,3331
1512619483671035,1512619483674388,10485760,327680,32,3127,3353
1512619483751412,1512619483754720,10485760,327680,32,3169,3308
1512619483831659,1512619483835017,10485760,327680,32,3122,3358
1512619483911936,1512619483915295,10485760,327680,32,3121,3359
1512619483992272,1512619483995501,10485760,327680,32,3247,3229
1512619484072443,1512619484075784,10485760,327680,32,3138,3341
1512619484152694,1512619484156021,10485760,327680,32,3151,3327
1512619484232947,1512619484236300,10485760,327680,32,3127,3353
1512619484313278,1512619484316674,10485760,327680,32,3087,3396
1512619484393706,1512619484397054,10485760,327680,32,3131,3348
1512619484473968,1512619484477274,10485760,327680,32,3171,3306
1512619484554236,1512619484557595,10485760,327680,32,3121,3359
1512619484634539,1512619484637882,10485760,327680,32,3136,3343
1512619484714924,1512619484718292,10485760,327680,32,3113,3368
1512619484795336,1512619484798669,10485760,327680,32,3146,3333
1512619484875620,1512619484878959,10485760,327680,32,3140,3339
1512619484955898,1512619484959239,10485760,327680,32,3138,3341
1512619485036213,1512619485039592,10485760,327680,32,3103,3379
1512619485116514,1512619485119840,10485760,327680,32,3152,3326
1512619485196778,1512619485200137,10485760,327680,32,3121,3359
1512619485277097,1512619485280488,10485760,327680,32,3092,3391
1512619485357432,1512619485360779,10485760,327680,32,3132,3347
1512619485437694,1512619485441076,10485760,327680,32,3100,3382
1512619485518033,1512619485521408,10485760,327680,32,3106,3375
1512619485598363,1512619485601731,10485760,327680,32,3113,3368
1512619485678791,1512619485682160,10485760,327680,32,3112,3369
1512619485759100,1512619485762382,10485760,327680,32,3194,3282
1512619485839380,1512619485842740,10485760,327680,32,3120,3360
1512619485919674,1512619485922989,10485760,327680,32,3163,3315
1512619486000071,1512619486003439,10485760,327680,32,3113,3368
1512619486080549,1512619486083870,10485760,327680,32,3157,3321
1512619486160768,1512619486164152,10485760,327680,32,3098,3384
1512619486241163,1512619486244510,10485760,327680,32,3132,3347
1512619486321539,1512619486324926,10485760,327680,32,3095,3387
1512619486401897,1512619486405229,10485760,327680,32,3146,3332
1512619486482156,1512619486485560,10485760,327680,32,3080,3404
1512619486562490,1512619486565854,10485760,327680,32,3117,3364
1512619486642761,1512619486646135,10485760,327680,32,3107,3374
1512619486723271,1512619486726587,10485760,327680,32,3162,3316
1512619486803595,1512619486806934,10485760,327680,32,3140,3339
1512619486883976,1512619486887237,10485760,327680,32,3215,3261
1512619486964207,1512619486967627,10485760,327680,32,3066,3420
1512619487044552,1512619487047893,10485760,327680,32,3138,3341
1512619487124979,1512619487128343,10485760,327680,32,3117,3364
1512619487205250,1512619487208661,10485760,327680,32,3074,3411
1512619487285658,1512619487289031,10485760,327680,32,3108,3373
1512619487366006,1512619487369356,10485760,327680,32,3130,3350
1512619487446302,1512619487449660,10485760,327680,32,3122,3358
1512619487526562,1512619487529944,10485760,327680,32,3100,3382
1512619487606944,1512619487610273,10485760,327680,32,3149,3329
1512619487687215,1512619487690548,10485760,327680,32,3146,3333
1512619487767635,1512619487770953,10485760,327680,32,3160,3318
1512619487848101,1512619487851450,10485760,327680,32,3131,3349
1512619487928346,1512619487931684,10485760,327680,32,3141,3338
1512619488008696,1512619488012076,10485760,327680,32,3102,3380
1512619488089037,1512619488092380,10485760,327680,32,3136,3343
1512619488169385,1512619488172757,10485760,327680,32,3109,3372
1512619488249729,1512619488253112,10485760,327680,32,3099,3383
1512619488330063,1512619488333377,10485760,327680,32,3164,3314
1512619488410294,1512619488413679,10485760,327680,32,3097,3385
1512619488490653,1512619488494010,10485760,327680,32,3123,3357
1512619488570993,1512619488574351,10485760,327680,32,3122,3358
1512619488651243,1512619488654618,10485760,327680,32,3106,3375
1512619488731640,1512619488735074,10485760,327680,32,3053,3434
1512619488812053,1512619488815441,10485760,327680,32,3094,3388
1512619488892400,1512619488895707,10485760,327680,32,3170,3307
1512619488972772,1512619488976115,10485760,327680,32,3136,3343
1512619489053047,1512619489056466,10485760,327680,32,3066,3419
1512619489133404,1512619489136730,10485760,327680,32,3152,3326
1512619489213682,1512619489216998,10485760,327680,32,3162,3316
1512619489294017,1512619489297426,10485760,327680,32,3075,3409
1512619489374463,1512619489377770,10485760,327680,32,3170,3307
1512619489454716,1512619489458055,10485760,327680,32,3140,3339
1512619489534987,1512619489538284,10485760,327680,32,3180,3297
1512619489615306,1512619489618673,10485760,327680,32,3114,3367
1512619489695606,1512619489698940,10485760,327680,32,3145,3334
1512619489775895,1512619489779190,10485760,327680,32,3182,3295
1512619489856176,1512619489859550,10485760,327680,32,3107,3374
1512619489936472,1512619489939861,10485760,327680,32,3094,3389
1512619490016775,1512619490020127,10485760,327680,32,3128,3352
1512619490097082,1512619490100450,10485760,327680,32,3113,3368
1512619490177377,1512619490180750,10485760,327680,32,3108,3373
1512619490257684,1512619490261004,10485760,327680,32,3158,3320
1512619490337948,1512619490341271,10485760,327680,32,3155,3323
1512619490418169,1512619490421492,10485760,327680,32,3155,3323
1512619490498494,1512619490501840,10485760,327680,32,3133,3346
1512619490578783,1512619490582161,10485760,327680,32,3104,3378
1512619490659149,1512619490662520,10485760,327680,32,3110,3371
1512619490739460,1512619490742818,10485760,327680,32,3122,3358
1512619490819817,1512619490823126,10485760,327680,32,3168,3309
1512619490900051,1512619490903363,10485760,327680,32,3165,3312
1512619490980331,1512619490983693,10485760,327680,32,3118,3362
1512619491060612,1512619491063941,10485760,327680,32,3149,3329
1512619491140957,1512619491144288,10485760,327680,32,3147,3331
1512619491221325,1512619491224694,10485760,327680,32,3112,3369
1512619491301712,1512619491305071,10485760,327680,32,3121,3359
1512619491381996,1512619491385350,10485760,327680,32,3126,3354
1512619491462422,1512619491465726,10485760,327680,32,3173,3304
1512619491542810,1512619491546213,10485760,327680,32,3081,3403
1512619491623314,1512619491626678,10485760,327680,32,3117,3364
1512619491703605,1512619491706990,10485760,327680,32,3097,3385
1512619491783988,1512619491787335,10485760,327680,32,3132,3347
1512619491864347,1512619491867718,10485760,327680,32,3110,3371
1512619491944660,1512619491948011,10485760,327680,32,3129,3351
1512619492024966,1512619492028225,10485760,327680,32,3217,3259
1512619492105284,1512619492108586,10485760,327680,32,3175,3302
1512619492185500,1512619492188888,10485760,327680,32,3094,3388
1512619492265833,1512619492269200,10485760,327680,32,3114,3367
1512619492346185,1512619492349509,10485760,327680,32,3154,3324
1512619492426519,1512619492429838,10485760,327680,32,3159,3319
1512619492506749,1512619492510126,10485760,327680,32,3105,3377
1512619492587043,1512619492590411,10485760,327680,32,3113,3368
1512619492667407,1512619492670746,10485760,327680,32,3140,3339
1512619492747780,1512619492751152,10485760,327680,32,3109,3372
1512619492828105,1512619492831484,10485760,327680,32,3103,3379
1512619492908417,1512619492911710,10485760,327680,32,3184,3293
1512619492988668,1512619492992035,10485760,327680,32,3114,3367
1512619493068975,1512619493072368,10485760,327680,32,3090,3393
1512619493149427,1512619493152731,10485760,327680,32,3173,3304
1512619493229684,1512619493233035,10485760,327680,32,3129,3351
1512619493309978,1512619493313298,10485760,327680,32,3158,3320
1512619493390190,1512619493393487,10485760,327680,32,3180,3297
1512619493470503,1512619493473875,10485760,327680,32,3109,3372
1512619493550898,1512619493554259,10485760,327680,32,3119,3361
1512619493631168,1512619493634453,10485760,327680,32,3192,3285
1512619493711487,1512619493714804,10485760,327680,32,3161,3317
1512619493791864,1512619493795185,10485760,327680,32,3157,3321
1512619493872166,1512619493875536,10485760,327680,32,3111,3370
1512619493952457,1512619493955833,10485760,327680,32,3105,3376
1512619494032732,1512619494036050,10485760,327680,32,3160,3318
1512619494112980,1512619494116324,10485760,327680,32,3135,3344
1512619494193254,1512619494196603,10485760,327680,32,3131,3349
1512619494273602,1512619494277001,10485760,327680,32,3084,3399
1512619494353998,1512619494357367,10485760,327680,32,3112,3369
1512619494434303,1512619494437677,10485760,327680,32,3107,3374
1512619494514712,1512619494518027,10485760,327680,32,3163,3315
1512619494594979,1512619494598343,10485760,327680,32,3117,3364
1512619494675314,1512619494678634,10485760,327680,32,3158,3320
1512619494755698,1512619494758984,10485760,327680,32,3191,3286
1512619494835999,1512619494839344,10485760,327680,32,3134,3345
1512619494916269,1512619494919587,10485760,327680,32,3160,3318
1512619494996559,1512619494999874,10485760,327680,32,3163,3315
1512619495076804,1512619495080129,10485760,327680,32,3153,3325
1512619495157045,1512619495160423,10485760,327680,32,3104,3378
1512619495237346,1512619495240710,10485760,327680,32,3117,3364
1512619495317759,1512619495321105,10485760,327680,32,3133,3346
1512619495397991,1512619495401382,10485760,327680,32,3092,3391
1512619495478359,1512619495481736,10485760,327680,32,3105,3377
1512619495558668,1512619495562024,10485760,327680,32,3124,3356
1512619495639005,1512619495642383,10485760,327680,32,3104,3378
1512619495719286,1512619495722632,10485760,327680,32,3133,3346
1512619495799591,1512619495802945,10485760,327680,32,3126,3354
1512619495880045,1512619495883386,10485760,327680,32,3138,3341
1512619495960316,1512619495963695,10485760,327680,32,3103,3379
1512619496040648,1512619496043991,10485760,327680,32,3136,3343
1512619496121136,1512619496124518,10485760,327680,32,3100,3382
1512619496201486,1512619496204853,10485760,327680,32,3114,3367
1512619496281905,1512619496285259,10485760,327680,32,3126,3354
1512619496362259,1512619496365592,10485760,327680,32,3146,3333
1512619496442502,1512619496445846,10485760,327680,32,3135,3344
1512619496522762,1512619496526077,10485760,327680,32,3163,3315
1512619496603028,1512619496606311,10485760,327680,32,3193,3283
1512619496683249,1512619496686629,10485760,327680,32,3102,3380
1512619496763665,1512619496766943,10485760,327680,32,3198,3278
1512619496843837,1512619496847248,10485760,327680,32,3074,3411
1512619496924257,1512619496927557,10485760,327680,32,3177,3300
1512619497004492,1512619497007799,10485760,327680,32,3170,3307
1512619497084739,1512619497088073,10485760,327680,32,3145,3334
1512619497164992,1512619497168341,10485760,327680,32,3131,3349
1512619497245259,1512619497248500,10485760,327680,32,3235,3241
1512619497325493,1512619497328813,10485760,327680,32,3158,3320
1512619497405758,1512619497409088,10485760,327680,32,3148,3330
1512619497486060,1512619497489387,10485760,327680,32,3151,3327
1512619497566515,1512619497569907,10485760,327680,32,3091,3392
1512619497646928,1512619497650210,10485760,327680,32,3194,3282
1512619497727255,1512619497730605,10485760,327680,32,3130,3350
1512619497807547,1512619497810885,10485760,327680,32,3141,3338
1512619497887782,1512619497891132,10485760,327680,32,3130,3350
1512619497968092,1512619497971443,10485760,327680,32,3129,3351
1512619498048388,1512619498051720,10485760,327680,32,3146,3332
1512619498128657,1512619498131992,10485760,327680,32,3144,3335
1512619498209013,1512619498212447,10485760,327680,32,3053,3434
1512619498289483,1512619498292846,10485760,327680,32,3117,3363
1512619498369779,1512619498373125,10485760,327680,32,3133,3346
1512619498450054,1512619498453397,10485760,327680,32,3136,3343
1512619498530291,1512619498533653,10485760,327680,32,3118,3362
1512619498610542,1512619498613911,10485760,327680,32,3112,3369
1512619498690890,1512619498694265,10485760,327680,32,3106,3375
1512619498771215,1512619498774576,10485760,327680,32,3119,3361
1512619498851507,1512619498854896,10485760,327680,32,3094,3389
1512619498931826,1512619498935162,10485760,327680,32,3143,3336
1512619499012108,1512619499015464,10485760,327680,32,3124,3356
1512619499092375,1512619499095728,10485760,327680,32,3127,3353
1512619499172715,1512619499176044,10485760,327680,32,3149,3329
1512619499252960,1512619499256342,10485760,327680,32,3100,3382
1512619499333277,1512619499336618,10485760,327680,32,3138,3341
1512619499413535,1512619499416789,10485760,327680,32,3222,3254
1512619499493740,1512619499497069,10485760,327680,32,3149,3329
1512619499574036,1512619499577402,10485760,327680,32,3115,3366
1512619499654325,1512619499657638,10485760,327680,32,3165,3313
1512619499734886,1512619499738258,10485760,327680,32,3109,3372
1512619499815259,1512619499818609,10485760,327680,32,3130,3350
1512619499895669,1512619499898961,10485760,327680,32,3185,3292
1512619499975930,1512619499979274,10485760,327680,32,3135,3344
1512619500056443,1512619500059765,10485760,327680,32,3156,3322
1512619500136706,1512619500140105,10485760,327680,32,3084,3399
1512619500217025,1512619500220400,10485760,327680,32,3106,3375
1512619500297303,1512619500300578,10485760,327680,32,3201,3275
1512619500377533,1512619500380910,10485760,327680,32,3105,3377
1512619500457876,1512619500461211,10485760,327680,32,3144,3335
1512619500538129,1512619500541428,10485760,327680,32,3178,3299
1512619500618401,1512619500621756,10485760,327680,32,3125,3355
1512619500698865,1512619500702229,10485760,327680,32,3117,3364
1512619500779166,1512619500782530,10485760,327680,32,3117,3364
1512619500859600,1512619500862995,10485760,327680,32,3088,3395
1512619500939952,1512619500943276,10485760,327680,32,3154,3324
1512619501020369,1512619501023704,10485760,327680,32,3144,3335
1512619501100633,1512619501103939,10485760,327680,32,3171,3306
1512619501181229,1512619501184539,10485760,327680,32,3167,3310
1512619501261546,1512619501264948,10485760,327680,32,3082,3402
1512619501341898,1512619501345228,10485760,327680,32,3148,3330
1512619501422154,1512619501425525,10485760,327680,32,3110,3371
1512619501502509,1512619501505864,10485760,327680,32,3125,3355
1512619501582904,1512619501586290,10485760,327680,32,3096,3386
1512619501663234,1512619501666577,10485760,327680,32,3136,3343
1512619501743485,1512619501746798,10485760,327680,32,3165,3313
1512619501823798,1512619501827110,10485760,327680,32,3165,3312
1512619501904010,1512619501907329,10485760,327680,32,3159,3319
1512619501984247,1512619501987618,10485760,327680,32,3110,3371
1512619502064511,1512619502067838,10485760,327680,32,3151,3327
1512619502144799,1512619502148087,10485760,327680,32,3189,3288
1512619502225093,1512619502228437,10485760,327680,32,3135,3344
1512619502305389,1512619502308721,10485760,327680,32,3146,3332
1512619502385770,1512619502389131,10485760,327680,32,3119,3361
1512619502466087,1512619502469370,10485760,327680,32,3193,3283
1512619502546284,1512619502549602,10485760,327680,32,3160,3318
1512619502626530,1512619502629843,10485760,327680,32,3165,3313
1512619502706745,1512619502710074,10485760,327680,32,3149,3329
1512619502787014,1512619502790391,10485760,327680,32,3105,3377
1512619502867369,1512619502870693,10485760,327680,32,3154,3324
1512619502947624,1512619502950971,10485760,327680,32,3132,3347
1512619503027988,1512619503031282,10485760,327680,32,3183,3294
1512619503108303,1512619503111632,10485760,327680,32,3149,3329
1512619503188574,1512619503191957,10485760,327680,32,3099,3383
1512619503268898,1512619503272257,10485760,327680,32,3121,3359
1512619503349285,1512619503352586,10485760,327680,32,3176,3301
1512619503429565,1512619503432915,10485760,327680,32,3130,3350
1512619503509878,1512619503513216,10485760,327680,32,3141,3338
1512619503590133,1512619503593523,10485760,327680,32,3093,3390
1512619503670443,1512619503673734,10485760,327680,32,3186,3291
1512619503750741,1512619503754083,10485760,327680,32,3137,3342
1512619503830996,1512619503834384,10485760,327680,32,3094,3388
1512619503911307,1512619503914669,10485760,327680,32,3118,3362
1512619503991711,1512619503995077,10485760,327680,32,3115,3366
1512619504071995,1512619504075363,10485760,327680,32,3113,3368
1512619504152311,1512619504155644,10485760,327680,32,3146,3333
1512619504232696,1512619504236007,10485760,327680,32,3166,3311
1512619504312910,1512619504316211,10485760,327680,32,3176,3301
1512619504393174,1512619504396541,10485760,327680,32,3114,3367
1512619504473451,1512619504476803,10485760,327680,32,3128,3352
1512619504553889,1512619504557295,10485760,327680,32,3078,3406
1512619504634425,1512619504637750,10485760,327680,32,3153,3325
1512619504714657,1512619504717993,10485760,327680,32,3143,3336
1512619504794950,1512619504798287,10485760,327680,32,3142,3337
1512619504875256,1512619504878592,10485760,327680,32,3143,3336
1512619504955690,1512619504959007,10485760,327680,32,3161,3317
1512619505036207,1512619505039538,10485760,327680,32,3147,3331
1512619505116473,1512619505119786,10485760,327680,32,3165,3313
1512619505196719,1512619505200046,10485760,327680,32,3151,3327
1512619505277002,1512619505280366,10485760,327680,32,3117,3364
1512619505357301,1512619505360633,10485760,327680,32,3146,3332
1512619505437554,1512619505440857,10485760,327680,32,3174,3303
1512619505517776,1512619505521081,10485760,327680,32,3172,3305
1512619505598111,1512619505601483,10485760,327680,32,3109,3372
1512619505678407,1512619505681768,10485760,327680,32,3119,3361
1512619505758686,1512619505761993,10485760,327680,32,3170,3307
1512619505839082,1512619505842474,10485760,327680,32,3091,3392
1512619505919385,1512619505922790,10485760,327680,32,3079,3405
1512619505999713,1512619506003084,10485760,327680,32,3110,3371
1512619506079996,1512619506083276,10485760,327680,32,3196,3280
1512619506160204,1512619506163536,10485760,327680,32,3146,3332
1512619506240525,1512619506243813,10485760,327680,32,3189,3288
1512619506320780,1512619506324107,10485760,327680,32,3151,3327
1512619506401198,1512619506404569,10485760,327680,32,3110,3371
1512619506481496,1512619506484866,10485760,327680,32,3111,3370
1512619506561805,1512619506565161,10485760,327680,32,3124,3356
1512619506642075,1512619506645448,10485760,327680,32,3108,3373
1512619506722466,1512619506725758,10485760,327680,32,3185,3292
1512619506802760,1512619506806108,10485760,327680,32,3131,3348
1512619506883022,1512619506886303,10485760,327680,32,3195,3281
1512619506963228,1512619506966560,10485760,327680,32,3146,3332
1512619507043684,1512619507047068,10485760,327680,32,3098,3384
1512619507124037,1512619507127395,10485760,327680,32,3122,3358
1512619507204338,1512619507207704,10485760,327680,32,3115,3366
1512619507284591,1512619507287982,10485760,327680,32,3092,3391
1512619507364926,1512619507368323,10485760,327680,32,3086,3397
1512619507445356,1512619507448667,10485760,327680,32,3166,3311
1512619507525657,1512619507528967,10485760,327680,32,3167,3310
1512619507605905,1512619507609185,10485760,327680,32,3196,3280
1512619507686113,1512619507689422,10485760,327680,32,3168,3309
1512619507766326,1512619507769748,10485760,327680,32,3064,3422
1512619507846718,1512619507850127,10485760,327680,32,3075,3409
1512619507927109,1512619507930524,10485760,327680,32,3070,3415
1512619508007439,1512619508010850,10485760,327680,32,3074,3411
1512619508087775,1512619508091157,10485760,327680,32,3100,3382
1512619508168060,1512619508171442,10485760,327680,32,3100,3382
1512619508248381,1512619508251777,10485760,327680,32,3087,3396
1512619508328723,1512619508332097,10485760,327680,32,3107,3374
1512619508409083,1512619508412428,10485760,327680,32,3134,3345
1512619508489344,1512619508492697,10485760,327680,32,3127,3353
1512619508569668,1512619508573028,10485760,327680,32,3120,3360
1512619508649996,1512619508653326,10485760,327680,32,3148,3330
1512619508730284,1512619508733608,10485760,327680,32,3154,3324
1512619508810719,1512619508814080,10485760,327680,32,3119,3361
1512619508891155,1512619508894446,10485760,327680,32,3186,3291
1512619508971454,1512619508974795,10485760,327680,32,3138,3341
1512619509051745,1512619509055085,10485760,327680,32,3139,3340
1512619509132028,1512619509135432,10485760,327680,32,3080,3404
1512619509212416,1512619509215777,10485760,327680,32,3119,3361
1512619509292724,1512619509296071,10485760,327680,32,3132,3347
1512619509373076,1512619509376434,10485760,327680,32,3122,3358
1512619509453453,1512619509456826,10485760,327680,32,3108,3373
1512619509533787,1512619509537102,10485760,327680,32,3163,3315
1512619509614129,1512619509617529,10485760,327680,32,3084,3400
1512619509694547,1512619509697907,10485760,327680,32,3120,3360
1512619509774906,1512619509778287,10485760,327680,32,3101,3381
1512619509855266,1512619509858509,10485760,327680,32,3233,3243
1512619509935435,1512619509938765,10485760,327680,32,3148,3330
1512619510015693,1512619510019045,10485760,327680,32,3128,3352
1512619510095984,1512619510099304,10485760,327680,32,3158,3320
1512619510176317,1512619510179690,10485760,327680,32,3108,3373
1512619510256683,1512619510259980,10485760,327680,32,3180,3297
1512619510337004,1512619510340340,10485760,327680,32,3143,3336
1512619510417282,1512619510420668,10485760,327680,32,3096,3386
1512619510497581,1512619510500953,10485760,327680,32,3109,3372
1512619510577872,1512619510581166,10485760,327680,32,3183,3294
1512619510658133,1512619510661500,10485760,327680,32,3114,3367
1512619510738570,1512619510741906,10485760,327680,32,3143,3336
1512619510818928,1512619510822291,10485760,327680,32,3117,3363
1512619510899226,1512619510902597,10485760,327680,32,3110,3371
1512619510979555,1512619510982861,10485760,327680,32,3171,3306
1512619511059789,1512619511063133,10485760,327680,32,3135,3344
1512619511140174,1512619511143570,10485760,327680,32,3087,3396
1512619511220531,1512619511223841,10485760,327680,32,3167,3310
1512619511300816,1512619511304135,10485760,327680,32,3159,3319
1512619511381174,1512619511384565,10485760,327680,32,3092,3391
1512619511461514,1512619511464844,10485760,327680,32,3148,3330
1512619511541882,1512619511545248,10485760,327680,32,3115,3366
1512619511622181,1512619511625555,10485760,327680,32,3107,3374
1512619511702538,1512619511705963,10485760,327680,32,3061,3425
1512619511783023,1512619511786364,10485760,327680,32,3138,3341
1512619511863380,1512619511866715,10485760,327680,32,3144,3335
1512619511943629,1512619511946925,10485760,327680,32,3181,3296
1512619512023823,1512619512027135,10485760,327680,32,3165,3312
1512619512104233,1512619512107594,10485760,327680,32,3119,3361
1512619512184736,1512619512188034,10485760,327680,32,3179,3298
1512619512265145,1512619512268548,10485760,327680,32,3081,3403
1512619512345610,1512619512348954,10485760,327680,32,3135,3344
1512619512426062,1512619512429398,10485760,327680,32,3143,3336
1512619512506335,1512619512509671,10485760,327680,32,3143,3336
1512619512586595,1512619512589976,10485760,327680,32,3101,3381
1512619512666937,1512619512670326,10485760,327680,32,3094,3389
1512619512747358,1512619512750710,10485760,327680,32,3128,3352
1512619512827650,1512619512831001,10485760,327680,32,3129,3351
1512619512907927,1512619512911275,10485760,327680,32,3131,3348
1512619512988188,1512619512991539,10485760,327680,32,3129,3351
1512619513068538,1512619513071899,10485760,327680,32,3119,3361
1512619513148963,1512619513152302,10485760,327680,32,3140,3339
1512619513229236,1512619513232606,10485760,327680,32,3111,3370
1512619513309728,1512619513313072,10485760,327680,32,3135,3344
1512619513390000,1512619513393363,10485760,327680,32,3117,3363
1512619513470292,1512619513473637,10485760,327680,32,3134,3345
1512619513550678,1512619513553996,10485760,327680,32,3160,3318
1512619513630937,1512619513634226,10485760,327680,32,3188,3289
1512619513711207,1512619513714560,10485760,327680,32,3127,3353
1512619513791605,1512619513794945,10485760,327680,32,3139,3340
1512619513871843,1512619513875198,10485760,327680,32,3125,3355
1512619513952131,1512619513955458,10485760,327680,32,3151,3327
1512619514032420,1512619514035765,10485760,327680,32,3134,3345
1512619514112656,1512619514115978,10485760,327680,32,3156,3322
1512619514193023,1512619514196352,10485760,327680,32,3149,3329
1512619514273360,1512619514276700,10485760,327680,32,3139,3340
1512619514353722,1512619514357010,10485760,327680,32,3189,3288
1512619514433962,1512619514437317,10485760,327680,32,3125,3355
1512619514514249,1512619514517604,10485760,327680,32,3125,3355
1512619514594499,1512619514597879,10485760,327680,32,3102,3380
1512619514674930,1512619514678280,10485760,327680,32,3130,3350
1512619514755290,1512619514758680,10485760,327680,32,3093,3390
1512619514835722,1512619514839069,10485760,327680,32,3132,3347
1512619514916060,1512619514919435,10485760,327680,32,3106,3375
1512619514996368,1512619514999688,10485760,327680,32,3158,3320
1512619515076672,1512619515080006,10485760,327680,32,3145,3334
1512619515157024,1512619515160397,10485760,327680,32,3108,3373
1512619515237468,1512619515240803,10485760,327680,32,3144,3335
1512619515317723,1512619515321114,10485760,327680,32,3092,3391
1512619515398181,1512619515401518,10485760,327680,32,3142,3337
1512619515478440,1512619515481757,10485760,327680,32,3161,3317
1512619515558778,1512619515562095,10485760,327680,32,3161,3317
1512619515639125,1512619515642446,10485760,327680,32,3157,3321
1512619515719461,1512619515722828,10485760,327680,32,3114,3367
1512619515799811,1512619515803102,10485760,327680,32,3186,3291
1512619515880053,1512619515883417,10485760,327680,32,3117,3364
1512619515960334,1512619515963654,10485760,327680,32,3158,3320
1512619516040585,1512619516043942,10485760,327680,32,3123,3357
1512619516120974,1512619516124319,10485760,327680,32,3134,3345
1512619516201236,1512619516204530,10485760,327680,32,3183,3294
1512619516281504,1512619516284887,10485760,327680,32,3099,3383
1512619516361813,1512619516365165,10485760,327680,32,3128,3352
1512619516442098,1512619516445445,10485760,327680,32,3132,3347
1512619516522359,1512619516525714,10485760,327680,32,3125,3355
1512619516602705,1512619516606065,10485760,327680,32,3120,3360
1512619516682990,1512619516686312,10485760,327680,32,3156,3322
1512619516763318,1512619516766722,10485760,327680,32,3080,3404
1512619516843753,1512619516847118,10485760,327680,32,3116,3365
1512619516924028,1512619516927331,10485760,327680,32,3174,3303
1512619517004351,1512619517007736,10485760,327680,32,3097,3385
1512619517084706,1512619517088056,10485760,327680,32,3130,3350
1512619517165007,1512619517168359,10485760,327680,32,3128,3352
1512619517245397,1512619517248768,10485760,327680,32,3110,3371
1512619517325693,1512619517329064,10485760,327680,32,3110,3371
1512619517406023,1512619517409376,10485760,327680,32,3127,3353
1512619517486275,1512619517489586,10485760,327680,32,3166,3311
1512619517566626,1512619517570004,10485760,327680,32,3104,3378
1512619517647105,1512619517650418,10485760,327680,32,3165,3313
1512619517727369,1512619517730702,10485760,327680,32,3146,3333
1512619517807634,1512619517810986,10485760,327680,32,3128,3352
1512619517888131,1512619517891518,10485760,327680,32,3095,3387
1512619517968446,1512619517971832,10485760,327680,32,3096,3386
1512619518048819,1512619518052229,10485760,327680,32,3075,3410
1512619518129169,1512619518132487,10485760,327680,32,3160,3318
1512619518209426,1512619518212739,10485760,327680,32,3165,3313
1512619518289714,1512619518293114,10485760,327680,32,3084,3400
1512619518370089,1512619518373410,10485760,327680,32,3157,3321
1512619518450306,1512619518453681,10485760,327680,32,3106,3375
1512619518530592,1512619518533852,10485760,327680,32,3216,3260
1512619518610806,1512619518614163,10485760,327680,32,3123,3357
1512619518691112,1512619518694437,10485760,327680,32,3153,3325
1512619518771371,1512619518774681,10485760,327680,32,3167,3310
1512619518851657,1512619518855062,10485760,327680,32,3079,3405
1512619518931994,1512619518935339,10485760,327680,32,3134,3345
1512619519012283,1512619519015688,10485760,327680,32,3079,3405
1512619519092644,1512619519095928,10485760,327680,32,3192,3284
1512619519172869,1512619519176193,10485760,327680,32,3154,3324
1512619519253109,1512619519256427,10485760,327680,32,3160,3318
1512619519333468,1512619519336827,10485760,327680,32,3121,3359
1512619519413803,1512619519417210,10485760,327680,32,3077,3407
1512619519494147,1512619519497457,10485760,327680,32,3167,3310
1512619519574371,1512619519577751,10485760,327680,32,3102,3380
1512619519654660,1512619519657994,10485760,327680,32,3145,3334
1512619519734966,1512619519738344,10485760,327680,32,3104,3378
1512619519815299,1512619519818639,10485760,327680,32,3139,3340
1512619519895735,1512619519899120,10485760,327680,32,3097,3385
1512619519976207,1512619519979513,10485760,327680,32,3171,3306
1512619520056600,1512619520059976,10485760,327680,32,3105,3376
1512619520136975,1512619520140279,10485760,327680,32,3173,3304
1512619520217229,1512619520220608,10485760,327680,32,3103,3379
1512619520297537,1512619520300855,10485760,327680,32,3160,3318
1512619520377810,1512619520381162,10485760,327680,32,3128,3352
1512619520458215,1512619520461557,10485760,327680,32,3137,3342
1512619520538573,1512619520541967,10485760,327680,32,3089,3394
1512619520618919,1512619520622174,10485760,327680,32,3221,3255
1512619520699266,1512619520702630,10485760,327680,32,3117,3364
1512619520779732,1512619520783090,10485760,327680,32,3122,3358
1512619520860045,1512619520863349,10485760,327680,32,3173,3304
1512619520940371,1512619520943750,10485760,327680,32,3103,3379
1512619521020664,1512619521024007,10485760,327680,32,3136,3343
1512619521101057,1512619521104391,10485760,327680,32,3145,3334
1512619521181496,1512619521184838,10485760,327680,32,3137,3342
1512619521261963,1512619521265311,10485760,327680,32,3131,3348
1512619521342363,1512619521345690,10485760,327680,32,3151,3327
1512619521422787,1512619521426105,10485760,327680,32,3160,3318
1512619521503125,1512619521506477,10485760,327680,32,3128,3352
1512619521583438,1512619521586796,10485760,327680,32,3122,3358
1512619521663908,1512619521667315,10485760,327680,32,3077,3407
1512619521744392,1512619521747713,10485760,327680,32,3157,3321
1512619521824758,1512619521828117,10485760,327680,32,3121,3359
1512619521905044,1512619521908425,10485760,327680,32,3101,3381
1512619521985472,1512619521988777,10485760,327680,32,3172,3305
1512619522065722,1512619522069101,10485760,327680,32,3103,3379
1512619522146071,1512619522149434,10485760,327680,32,3117,3363
1512619522226361,1512619522229704,10485760,327680,32,3136,3343
1512619522306662,1512619522310026,10485760,327680,32,3117,3364
1512619522387097,1512619522390387,10485760,327680,32,3187,3290
1512619522467432,1512619522470751,10485760,327680,32,3159,3319
1512619522547777,1512619522551080,10485760,327680,32,3174,3303
1512619522628044,1512619522631402,10485760,327680,32,3122,3358
1512619522708442,1512619522711833,10485760,327680,32,3092,3391
1512619522788811,1512619522792201,10485760,327680,32,3093,3390
1512619522869308,1512619522872668,10485760,327680,32,3120,3360
1512619522949677,1512619522953046,10485760,327680,32,3112,3369
1512619523029966,1512619523033245,10485760,327680,32,3197,3279
1512619523110176,1512619523113533,10485760,327680,32,3123,3357
1512619523190457,1512619523193826,10485760,327680,32,3112,3369
1512619523270747,1512619523274064,10485760,327680,32,3161,3317
1512619523350984,1512619523354383,10485760,327680,32,3084,3399
1512619523431288,1512619523434644,10485760,327680,32,3124,3356
1512619523511660,1512619523515023,10485760,327680,32,3117,3363
1512619523591991,1512619523595295,10485760,327680,32,3173,3304
1512619523672316,1512619523675638,10485760,327680,32,3156,3322
1512619523752539,1512619523755858,10485760,327680,32,3159,3319
1512619523832793,1512619523836084,10485760,327680,32,3186,3291
1512619523913034,1512619523916389,10485760,327680,32,3125,3355
1512619523993326,1512619523996647,10485760,327680,32,3157,3321
1512619524073533,1512619524076839,10485760,327680,32,3171,3306
1512619524153813,1512619524157190,10485760,327680,32,3105,3377
1512619524234115,1512619524237494,10485760,327680,32,3103,3379
1512619524314528,1512619524317923,10485760,327680,32,3088,3395
1512619524394887,1512619524398296,10485760,327680,32,3075,3409
1512619524475230,1512619524478593,10485760,327680,32,3117,3363
1512619524555558,1512619524558946,10485760,327680,32,3094,3388
1512619524635999,1512619524639379,10485760,327680,32,3102,3380
1512619524716303,1512619524719706,10485760,327680,32,3081,3403
1512619524796741,1512619524800064,10485760,327680,32,3155,3323
1512619524877046,1512619524880393,10485760,327680,32,3132,3347
1512619524957409,1512619524960759,10485760,327680,32,3130,3350
1512619525037686,1512619525041061,10485760,327680,32,3106,3375
1512619525118104,1512619525121447,10485760,327680,32,3136,3343
1512619525198375,1512619525201707,10485760,327680,32,3146,3332
1512619525278632,1512619525281958,10485760,327680,32,3152,3326
1512619525358882,1512619525362252,10485760,327680,32,3111,3370
1512619525439330,1512619525442672,10485760,327680,32,3137,3342
1512619525519785,1512619525523130,10485760,327680,32,3134,3345
1512619525600078,1512619525603375,10485760,327680,32,3180,3297
1512619525680340,1512619525683683,10485760,327680,32,3136,3343
1512619525760754,1512619525764028,10485760,327680,32,3202,3274
1512619525841089,1512619525844445,10485760,327680,32,3124,3356
1512619525921362,1512619525924728,10485760,327680,32,3115,3366
1512619526001650,1512619526005043,10485760,327680,32,3090,3393
1512619526082071,1512619526085352,10485760,327680,32,3195,3281
1512619526162265,1512619526165597,10485760,327680,32,3146,3332
1512619526242504,1512619526245856,10485760,327680,32,3128,3352
1512619526322964,1512619526326252,10485760,327680,32,3189,3288
1512619526403253,1512619526406606,10485760,327680,32,3127,3353
1512619526483555,1512619526486949,10485760,327680,32,3089,3394
1512619526563946,1512619526567346,10485760,327680,32,3084,3400
1512619526644323,1512619526647732,10485760,327680,32,3075,3409
1512619526724713,1512619526728037,10485760,327680,32,3154,3324
1512619526805062,1512619526808430,10485760,327680,32,3113,3368
1512619526885418,1512619526888773,10485760,327680,32,3125,3355
1512619526965901,1512619526969228,10485760,327680,32,3151,3327
1512619527046205,1512619527049590,10485760,327680,32,3097,3385
1512619527126570,1512619527129927,10485760,327680,32,3123,3357
1512619527206888,1512619527210249,10485760,327680,32,3119,3361
1512619527287398,1512619527290708,10485760,327680,32,3167,3310
1512619527367737,1512619527371078,10485760,327680,32,3138,3341
1512619527448034,1512619527451333,10485760,327680,32,3178,3299
1512619527528256,1512619527531629,10485760,327680,32,3108,3373
1512619527608603,1512619527611926,10485760,327680,32,3155,3323
1512619527688875,1512619527692116,10485760,327680,32,3235,3241
1512619527769037,1512619527772384,10485760,327680,32,3132,3347
1512619527849436,1512619527852695,10485760,327680,32,3217,3259
1512619527929650,1512619527932945,10485760,327680,32,3182,3295
1512619528009965,1512619528013301,10485760,327680,32,3143,3336
1512619528090230,1512619528093616,10485760,327680,32,3096,3386
1512619528170596,1512619528174005,10485760,327680,32,3075,3409
1512619528250983,1512619528254330,10485760,327680,32,3132,3347
1512619528331260,1512619528334607,10485760,327680,32,3132,3347
1512619528411512,1512619528414839,10485760,327680,32,3151,3327
1512619528491767,1512619528495063,10485760,327680,32,3181,3296
1512619528572041,1512619528575377,10485760,327680,32,3143,3336
1512619528652315,1512619528655676,10485760,327680,32,3119,3361
1512619528732622,1512619528736004,10485760,327680,32,3100,3382
1512619528812929,1512619528816319,10485760,327680,32,3093,3390
1512619528893269,1512619528896536,10485760,327680,32,3209,3267
1512619528973505,1512619528976839,10485760,327680,32,3145,3334
1512619529053833,1512619529057123,10485760,327680,32,3187,3290
1512619529134154,1512619529137498,10485760,327680,32,3135,3344
1512619529214460,1512619529217876,10485760,327680,32,3069,3416
1512619529294844,1512619529298154,10485760,327680,32,3167,3310
1512619529375127,1512619529378543,10485760,327680,32,3069,3416
1512619529455555,1512619529458904,10485760,327680,32,3131,3349
1512619529535928,1512619529539286,10485760,327680,32,3122,3358
1512619529616225,1512619529619506,10485760,327680,32,3195,3281
1512619529696487,1512619529699869,10485760,327680,32,3100,3382
1512619529776914,1512619529780262,10485760,327680,32,3131,3348
1512619529857368,1512619529860756,10485760,327680,32,3094,3388
1512619529937743,1512619529941074,10485760,327680,32,3147,3331
1512619530018032,1512619530021409,10485760,327680,32,3105,3377
1512619530098395,1512619530101750,10485760,327680,32,3125,3355
1512619530178703,1512619530182084,10485760,327680,32,3101,3381
1512619530259061,1512619530262391,10485760,327680,32,3148,3330
1512619530339374,1512619530342715,10485760,327680,32,3138,3341
1512619530419692,1512619530423040,10485760,327680,32,3131,3348
1512619530500133,1512619530503502,10485760,327680,32,3112,3369
1512619530580481,1512619530583789,10485760,327680,32,3169,3308
1512619530660869,1512619530664246,10485760,327680,32,3105,3377
1512619530741231,1512619530744578,10485760,327680,32,3132,3347
1512619530821639,1512619530824963,10485760,327680,32,3154,3324
1512619530901954,1512619530905244,10485760,327680,32,3187,3290
1512619530982279,1512619530985680,10485760,327680,32,3083,3401
1512619531062706,1512619531066118,10485760,327680,32,3073,3412
1512619531143039,1512619531146409,10485760,327680,32,3111,3370
1512619531223373,1512619531226681,10485760,327680,32,3169,3308
1512619531303597,1512619531306973,10485760,327680,32,3105,3376
1512619531384016,1512619531387389,10485760,327680,32,3108,3373
1512619531464332,1512619531467670,10485760,327680,32,3141,3338
1512619531544591,1512619531547972,10485760,327680,32,3101,3381
1512619531624963,1512619531628293,10485760,327680,32,3148,3330
1512619531705273,1512619531708645,10485760,327680,32,3109,3372
1512619531785621,1512619531788959,10485760,327680,32,3141,3338
1512619531866092,1512619531869436,10485760,327680,32,3135,3344
1512619531946342,1512619531949685,10485760,327680,32,3136,3343
1512619532026675,1512619532030012,10485760,327680,32,3142,3337
1512619532107053,1512619532110436,10485760,327680,32,3099,3383
1512619532187376,1512619532190670,10485760,327680,32,3183,3294
1512619532267662,1512619532271014,10485760,327680,32,3128,3352
1512619532348061,1512619532351450,10485760,327680,32,3094,3389
1512619532428346,1512619532431757,10485760,327680,32,3074,3411
1512619532508755,1512619532512122,10485760,327680,32,3114,3367
1512619532589014,1512619532592335,10485760,327680,32,3157,3321
1512619532669291,1512619532672669,10485760,327680,32,3104,3378
1512619532749678,1512619532753042,10485760,327680,32,3117,3364
1512619532830062,1512619532833468,10485760,327680,32,3078,3406
1512619532910459,1512619532913824,10485760,327680,32,3116,3365
1512619532990740,1512619532994106,10485760,327680,32,3115,3366
1512619533071004,1512619533074353,10485760,327680,32,3131,3349
1512619533151231,1512619533154558,10485760,327680,32,3151,3327
1512619533231457,1512619533234818,10485760,327680,32,3119,3361
1512619533311756,1512619533315090,10485760,327680,32,3145,3334
1512619533392022,1512619533395355,10485760,327680,32,3146,3333
1512619533472308,1512619533475682,10485760,327680,32,3107,3374
1512619533552684,1512619533556023,10485760,327680,32,3140,3339
1512619533632929,1512619533636255,10485760,327680,32,3152,3326
1512619533713172,1512619533716577,10485760,327680,32,3079,3405
1512619533793620,1512619533796989,10485760,327680,32,3112,3369
1512619533873926,1512619533877277,10485760,327680,32,3129,3351
1512619533954210,1512619533957505,10485760,327680,32,3182,3295
1512619534034443,1512619534037777,10485760,327680,32,3145,3334
1512619534114836,1512619534118190,10485760,327680,32,3126,3354
1512619534195160,1512619534198550,10485760,327680,32,3093,3390
1512619534275547,1512619534278907,10485760,327680,32,3120,3360
1512619534355860,1512619534359195,10485760,327680,32,3144,3335
1512619534436200,1512619534439540,10485760,327680,32,3139,3340
1512619534516612,1512619534519938,10485760,327680,32,3152,3326
1512619534596917,1512619534600195,10485760,327680,32,3198,3278
1512619534677128,1512619534680427,10485760,327680,32,3178,3299
1512619534757395,1512619534760760,10485760,327680,32,3116,3365
1512619534837698,1512619534840983,10485760,327680,32,3192,3285
1512619534917894,1512619534921256,10485760,327680,32,3118,3362
1512619534998291,1512619535001668,10485760,327680,32,3105,3377
1512619535078609,1512619535082004,10485760,327680,32,3088,3395
1512619535158929,1512619535162255,10485760,327680,32,3152,3326
1512619535239289,1512619535242686,10485760,327680,32,3086,3397
1512619535319710,1512619535323050,10485760,327680,32,3139,3340
1512619535400064,1512619535403296,10485760,327680,32,3244,3232
1512619535480354,1512619535483712,10485760,327680,32,3122,3358
1512619535560653,1512619535563988,10485760,327680,32,3144,3335
1512619535641025,1512619535644289,10485760,327680,32,3212,3264
1512619535721223,1512619535724581,10485760,327680,32,3122,3358
1512619535801724,1512619535805105,10485760,327680,32,3101,3381
1512619535882075,1512619535885443,10485760,327680,32,3113,3368
1512619535962394,1512619535965672,10485760,327680,32,3198,3278
1512619536042573,1512619536045907,10485760,327680,32,3145,3334
1512619536122874,1512619536126189,10485760,327680,32,3163,3315
1512619536203167,1512619536206508,10485760,327680,32,3138,3341
1512619536283602,1512619536286959,10485760,327680,32,3123,3357
1512619536363904,1512619536367241,10485760,327680,32,3142,3337
1512619536444391,1512619536447801,10485760,327680,32,3075,3410
1512619536524740,1512619536528071,10485760,327680,32,3147,3331
1512619536604998,1512619536608321,10485760,327680,32,3155,3323
1512619536685463,1512619536688791,10485760,327680,32,3150,3328
1512619536765744,1512619536769079,10485760,327680,32,3144,3335
1512619536846028,1512619536849382,10485760,327680,32,3126,3354
1512619536926356,1512619536929730,10485760,327680,32,3107,3374
1512619537006701,1512619537010057,10485760,327680,32,3124,3356
1512619537086978,1512619537090310,10485760,327680,32,3146,3332
1512619537167203,1512619537170564,10485760,327680,32,3119,3361
1512619537247498,1512619537250870,10485760,327680,32,3109,3372
1512619537327817,1512619537331192,10485760,327680,32,3106,3375
1512619537408144,1512619537411502,10485760,327680,32,3122,3358
1512619537488562,1512619537491935,10485760,327680,32,3108,3373
1512619537568870,1512619537572232,10485760,327680,32,3118,3362
1512619537649262,1512619537652622,10485760,327680,32,3120,3360
1512619537729552,1512619537732942,10485760,327680,32,3093,3390
1512619537809895,1512619537813291,10485760,327680,32,3087,3396
1512619537890194,1512619537893495,10485760,327680,32,3176,3301
1512619537970424,1512619537973847,10485760,327680,32,3063,3423
1512619538050883,1512619538054296,10485760,327680,32,3072,3413
1512619538131303,1512619538134669,10485760,327680,32,3115,3366
1512619538211578,1512619538214914,10485760,327680,32,3143,3336
1512619538291919,1512619538295278,10485760,327680,32,3121,3359
1512619538372252,1512619538375632,10485760,327680,32,3102,3380
1512619538452585,1512619538455896,10485760,327680,32,3166,3311
