1512779900779753,1512779900792116,33554432,1048576,32,2714,12363
1512779901029529,1512779901041569,33554432,1048576,32,2786,12040
1512779901278631,1512779901290454,33554432,1048576,32,2838,11823
1512779901527013,1512779901538903,33554432,1048576,32,2822,11890
1512779901774698,1512779901786539,33554432,1048576,32,2833,11841
1512779902022965,1512779902034686,33554432,1048576,32,2862,11721
1512779902271916,1512779902283721,33554432,1048576,32,2842,11805
1512779902519941,1512779902531704,33554432,1048576,32,2852,11763
1512779902767417,1512779902779223,33554432,1048576,32,2842,11806
1512779903014108,1512779903025945,33554432,1048576,32,2834,11837
1512779903261760,1512779903273696,33554432,1048576,32,2811,11936
1512779903508850,1512779903520615,33554432,1048576,32,2852,11765
1512779903755458,1512779903767388,33554432,1048576,32,2812,11930
1512779904003022,1512779904014746,33554432,1048576,32,2862,11724
1512779904251151,1512779904263099,33554432,1048576,32,2808,11948
1512779904500444,1512779904512239,33554432,1048576,32,2844,11795
1512779904748333,1512779904760041,33554432,1048576,32,2865,11708
1512779904995575,1512779905007441,33554432,1048576,32,2827,11866
1512779905243921,1512779905255867,33554432,1048576,32,2808,11946
1512779905491577,1512779905503365,33554432,1048576,32,2846,11788
1512779905740276,1512779905752064,33554432,1048576,32,2846,11788
1512779905987792,1512779905999670,33554432,1048576,32,2824,11878
1512779906236569,1512779906248337,33554432,1048576,32,2851,11768
1512779906484346,1512779906496258,33554432,1048576,32,2816,11912
1512779906731876,1512779906743658,33554432,1048576,32,2847,11782
1512779906979321,1512779906991130,33554432,1048576,32,2841,11809
1512779907226971,1512779907238812,33554432,1048576,32,2833,11841
1512779907474475,1512779907486294,33554432,1048576,32,2839,11819
1512779907722490,1512779907734398,33554432,1048576,32,2817,11908
1512779907969806,1512779907981783,33554432,1048576,32,2801,11977
1512779908217530,1512779908229418,33554432,1048576,32,2822,11888
1512779908465021,1512779908476994,33554432,1048576,32,2802,11973
1512779908712122,1512779908723983,33554432,1048576,32,2828,11861
1512779908959320,1512779908971273,33554432,1048576,32,2807,11953
1512779909207441,1512779909219321,33554432,1048576,32,2824,11880
1512779909455546,1512779909467402,33554432,1048576,32,2830,11856
1512779909703890,1512779909715601,33554432,1048576,32,2865,11711
1512779909952029,1512779909963948,33554432,1048576,32,2815,11919
1512779910199191,1512779910211054,33554432,1048576,32,2828,11863
1512779910447197,1512779910458987,33554432,1048576,32,2846,11790
1512779910695166,1512779910707002,33554432,1048576,32,2834,11836
1512779910943216,1512779910954965,33554432,1048576,32,2855,11749
1512779911190169,1512779911202055,33554432,1048576,32,2823,11886
1512779911437042,1512779911448761,33554432,1048576,32,2863,11719
1512779911684437,1512779911696279,33554432,1048576,32,2833,11842
1512779911932201,1512779911944127,33554432,1048576,32,2813,11926
1512779912179775,1512779912191650,33554432,1048576,32,2825,11875
1512779912427501,1512779912439091,33554432,1048576,32,2895,11590
1512779912675126,1512779912687043,33554432,1048576,32,2815,11917
1512779912922441,1512779912934312,33554432,1048576,32,2826,11871
1512779913169870,1512779913181574,33554432,1048576,32,2866,11704
1512779913417018,1512779913428839,33554432,1048576,32,2838,11821
1512779913665142,1512779913677031,33554432,1048576,32,2822,11889
1512779913913831,1512779913925725,33554432,1048576,32,2821,11894
1512779914161994,1512779914173932,33554432,1048576,32,2810,11938
1512779914410011,1512779914421771,33554432,1048576,32,2853,11760
1512779914657339,1512779914669223,33554432,1048576,32,2823,11884
1512779914905163,1512779914917073,33554432,1048576,32,2817,11910
1512779915153306,1512779915165163,33554432,1048576,32,2829,11857
1512779915401610,1512779915413554,33554432,1048576,32,2809,11944
1512779915649759,1512779915661654,33554432,1048576,32,2820,11895
1512779915897727,1512779915909467,33554432,1048576,32,2858,11740
1512779916146235,1512779916158166,33554432,1048576,32,2812,11931
1512779916394477,1512779916406379,33554432,1048576,32,2819,11902
1512779916642475,1512779916654340,33554432,1048576,32,2828,11865
1512779916890292,1512779916902145,33554432,1048576,32,2830,11853
1512779917136910,1512779917148716,33554432,1048576,32,2842,11806
1512779917384609,1512779917396444,33554432,1048576,32,2835,11835
1512779917632595,1512779917644374,33554432,1048576,32,2848,11779
1512779917879958,1512779917891800,33554432,1048576,32,2833,11842
1512779918128359,1512779918140151,33554432,1048576,32,2845,11792
1512779918376240,1512779918387999,33554432,1048576,32,2853,11759
1512779918623909,1512779918635651,33554432,1048576,32,2857,11742
1512779918870379,1512779918882269,33554432,1048576,32,2822,11890
1512779919118540,1512779919130430,33554432,1048576,32,2822,11890
1512779919366589,1512779919378443,33554432,1048576,32,2830,11854
1512779919614520,1512779919626386,33554432,1048576,32,2827,11866
1512779919862024,1512779919873810,33554432,1048576,32,2846,11786
1512779920110200,1512779920122101,33554432,1048576,32,2819,11901
1512779920358192,1512779920370021,33554432,1048576,32,2836,11829
1512779920607002,1512779920618835,33554432,1048576,32,2835,11833
1512779920855969,1512779920867743,33554432,1048576,32,2849,11774
1512779921104347,1512779921116299,33554432,1048576,32,2807,11952
1512779921352676,1512779921364549,33554432,1048576,32,2826,11873
1512779921600378,1512779921612305,33554432,1048576,32,2813,11927
1512779921848532,1512779921860449,33554432,1048576,32,2815,11917
1512779922096747,1512779922108531,33554432,1048576,32,2847,11784
1512779922344687,1512779922356520,33554432,1048576,32,2835,11833
1512779922592369,1512779922604279,33554432,1048576,32,2817,11910
1512779922840707,1512779922852472,33554432,1048576,32,2852,11765
1512779923089166,1512779923101018,33554432,1048576,32,2831,11852
1512779923336768,1512779923348542,33554432,1048576,32,2849,11774
1512779923584844,1512779923596607,33554432,1048576,32,2852,11763
1512779923832658,1512779923844511,33554432,1048576,32,2830,11853
1512779924081004,1512779924092933,33554432,1048576,32,2812,11929
1512779924329249,1512779924341193,33554432,1048576,32,2809,11944
1512779924576564,1512779924588481,33554432,1048576,32,2815,11917
1512779924824771,1512779924836660,33554432,1048576,32,2822,11889
1512779925072231,1512779925084103,33554432,1048576,32,2826,11872
1512779925320171,1512779925331979,33554432,1048576,32,2841,11808
1512779925567976,1512779925579847,33554432,1048576,32,2826,11871
1512779925816320,1512779925828088,33554432,1048576,32,2851,11768
1512779926065154,1512779926077002,33554432,1048576,32,2832,11848
1512779926313405,1512779926325191,33554432,1048576,32,2846,11786
1512779926561234,1512779926573164,33554432,1048576,32,2812,11930
1512779926809551,1512779926821369,33554432,1048576,32,2839,11818
1512779927057839,1512779927069545,33554432,1048576,32,2866,11706
1512779927306193,1512779927318042,33554432,1048576,32,2831,11849
1512779927554426,1512779927566152,33554432,1048576,32,2861,11726
1512779927803545,1512779927815345,33554432,1048576,32,2843,11800
1512779928051670,1512779928063605,33554432,1048576,32,2811,11935
1512779928299697,1512779928311570,33554432,1048576,32,2826,11873
1512779928547306,1512779928559263,33554432,1048576,32,2806,11957
1512779928794825,1512779928806622,33554432,1048576,32,2844,11797
1512779929043144,1512779929054930,33554432,1048576,32,2846,11786
1512779929291335,1512779929303145,33554432,1048576,32,2841,11810
1512779929539141,1512779929550898,33554432,1048576,32,2853,11757
1512779929787641,1512779929799538,33554432,1048576,32,2820,11897
1512779930036399,1512779930048247,33554432,1048576,32,2832,11848
1512779930283214,1512779930295170,33554432,1048576,32,2806,11956
1512779930529999,1512779930541892,33554432,1048576,32,2821,11893
1512779930778391,1512779930790263,33554432,1048576,32,2826,11872
1512779931025336,1512779931037187,33554432,1048576,32,2831,11851
1512779931271924,1512779931283873,33554432,1048576,32,2808,11949
1512779931519324,1512779931531238,33554432,1048576,32,2816,11914
1512779931767211,1512779931779044,33554432,1048576,32,2835,11833
1512779932015291,1512779932027090,33554432,1048576,32,2843,11799
1512779932263625,1512779932275552,33554432,1048576,32,2813,11927
1512779932511027,1512779932522865,33554432,1048576,32,2834,11838
1512779932757848,1512779932769680,33554432,1048576,32,2835,11832
1512779933006042,1512779933017956,33554432,1048576,32,2816,11914
1512779933254448,1512779933266247,33554432,1048576,32,2843,11799
1512779933501948,1512779933513885,33554432,1048576,32,2810,11937
1512779933749843,1512779933761677,33554432,1048576,32,2835,11834
1512779933996727,1512779934008518,33554432,1048576,32,2845,11791
1512779934243702,1512779934255496,33554432,1048576,32,2845,11794
1512779934490541,1512779934502334,33554432,1048576,32,2845,11793
1512779934737841,1512779934749726,33554432,1048576,32,2823,11885
1512779934986016,1512779934997969,33554432,1048576,32,2807,11953
1512779935233934,1512779935245596,33554432,1048576,32,2877,11662
1512779935480588,1512779935492275,33554432,1048576,32,2871,11687
1512779935728179,1512779935740104,33554432,1048576,32,2813,11925
1512779935976202,1512779935987961,33554432,1048576,32,2853,11759
1512779936224430,1512779936236261,33554432,1048576,32,2836,11831
1512779936472447,1512779936484253,33554432,1048576,32,2842,11806
1512779936719908,1512779936731794,33554432,1048576,32,2823,11886
1512779936967498,1512779936979104,33554432,1048576,32,2891,11606
1512779937214510,1512779937226300,33554432,1048576,32,2846,11790
1512779937462966,1512779937474850,33554432,1048576,32,2823,11884
1512779937710979,1512779937722941,33554432,1048576,32,2805,11962
1512779937958620,1512779937970446,33554432,1048576,32,2837,11826
1512779938205860,1512779938217785,33554432,1048576,32,2813,11925
1512779938454339,1512779938466153,33554432,1048576,32,2840,11814
1512779938702322,1512779938714116,33554432,1048576,32,2845,11794
1512779938950441,1512779938962262,33554432,1048576,32,2838,11821
1512779939198228,1512779939210160,33554432,1048576,32,2812,11932
1512779939446553,1512779939458400,33554432,1048576,32,2832,11847
1512779939694359,1512779939706234,33554432,1048576,32,2825,11875
1512779939942173,1512779939954067,33554432,1048576,32,2821,11894
1512779940190007,1512779940201869,33554432,1048576,32,2828,11862
1512779940438519,1512779940450322,33554432,1048576,32,2842,11803
1512779940686459,1512779940698220,33554432,1048576,32,2853,11761
1512779940934803,1512779940946627,33554432,1048576,32,2837,11824
1512779941182056,1512779941194003,33554432,1048576,32,2808,11947
1512779941430191,1512779941442145,33554432,1048576,32,2806,11954
1512779941678173,1512779941690038,33554432,1048576,32,2828,11865
1512779941925467,1512779941937249,33554432,1048576,32,2847,11782
1512779942172714,1512779942184534,33554432,1048576,32,2838,11820
1512779942421148,1512779942432963,33554432,1048576,32,2839,11815
1512779942669371,1512779942681263,33554432,1048576,32,2821,11892
1512779942917231,1512779942929096,33554432,1048576,32,2828,11865
1512779943165157,1512779943176821,33554432,1048576,32,2876,11664
1512779943413051,1512779943424807,33554432,1048576,32,2854,11756
1512779943661159,1512779943672996,33554432,1048576,32,2834,11837
1512779943908312,1512779943920207,33554432,1048576,32,2820,11895
1512779944156839,1512779944168734,33554432,1048576,32,2820,11895
1512779944405128,1512779944417020,33554432,1048576,32,2821,11892
1512779944652397,1512779944664255,33554432,1048576,32,2829,11858
1512779944900445,1512779944912228,33554432,1048576,32,2847,11783
1512779945149094,1512779945161080,33554432,1048576,32,2799,11986
1512779945397836,1512779945409601,33554432,1048576,32,2852,11765
1512779945646118,1512779945657937,33554432,1048576,32,2839,11819
1512779945893176,1512779945905003,33554432,1048576,32,2837,11827
1512779946141132,1512779946153094,33554432,1048576,32,2805,11962
1512779946389755,1512779946401625,33554432,1048576,32,2826,11870
1512779946638356,1512779946650241,33554432,1048576,32,2823,11885
1512779946886010,1512779946897735,33554432,1048576,32,2861,11725
1512779947134308,1512779947146192,33554432,1048576,32,2823,11884
1512779947382781,1512779947394692,33554432,1048576,32,2817,11911
1512779947631060,1512779947642898,33554432,1048576,32,2834,11838
1512779947878517,1512779947890346,33554432,1048576,32,2836,11829
1512779948126887,1512779948138787,33554432,1048576,32,2819,11900
1512779948374759,1512779948386556,33554432,1048576,32,2844,11797
1512779948621984,1512779948633738,33554432,1048576,32,2854,11754
1512779948869738,1512779948881622,33554432,1048576,32,2823,11884
1512779949117881,1512779949129706,33554432,1048576,32,2837,11825
1512779949365831,1512779949377750,33554432,1048576,32,2815,11919
1512779949613644,1512779949625449,33554432,1048576,32,2842,11805
1512779949862357,1512779949874224,33554432,1048576,32,2827,11867
1512779950110868,1512779950122719,33554432,1048576,32,2831,11851
1512779950358727,1512779950370603,33554432,1048576,32,2825,11876
1512779950607645,1512779950619519,33554432,1048576,32,2825,11874
1512779950856199,1512779950868071,33554432,1048576,32,2826,11872
1512779951104526,1512779951116321,33554432,1048576,32,2844,11795
1512779951351978,1512779951363836,33554432,1048576,32,2829,11858
1512779951600048,1512779951611823,33554432,1048576,32,2849,11775
1512779951848469,1512779951860305,33554432,1048576,32,2834,11836
1512779952096165,1512779952107986,33554432,1048576,32,2838,11821
1512779952344943,1512779952356636,33554432,1048576,32,2869,11693
1512779952593406,1512779952605287,33554432,1048576,32,2824,11881
1512779952841350,1512779952853233,33554432,1048576,32,2823,11883
1512779953089189,1512779953101086,33554432,1048576,32,2820,11897
1512779953338036,1512779953349915,33554432,1048576,32,2824,11879
1512779953585452,1512779953597178,33554432,1048576,32,2861,11726
1512779953833419,1512779953845168,33554432,1048576,32,2855,11749
1512779954081119,1512779954092819,33554432,1048576,32,2867,11700
1512779954329540,1512779954341354,33554432,1048576,32,2840,11814
1512779954578074,1512779954589960,33554432,1048576,32,2823,11886
1512779954824467,1512779954836292,33554432,1048576,32,2837,11825
1512779955072770,1512779955084579,33554432,1048576,32,2841,11809
1512779955320626,1512779955332465,33554432,1048576,32,2834,11839
1512779955570056,1512779955581934,33554432,1048576,32,2824,11878
1512779955818400,1512779955830221,33554432,1048576,32,2838,11821
1512779956066386,1512779956078246,33554432,1048576,32,2829,11860
1512779956315480,1512779956327478,33554432,1048576,32,2796,11998
1512779956564651,1512779956576411,33554432,1048576,32,2853,11760
1512779956812336,1512779956824114,33554432,1048576,32,2848,11778
1512779957061027,1512779957072912,33554432,1048576,32,2823,11885
1512779957309159,1512779957321116,33554432,1048576,32,2806,11957
1512779957557856,1512779957569673,33554432,1048576,32,2839,11817
1512779957806498,1512779957818232,33554432,1048576,32,2859,11734
1512779958054528,1512779958066234,33554432,1048576,32,2866,11706
1512779958303014,1512779958315013,33554432,1048576,32,2796,11999
1512779958552241,1512779958564085,33554432,1048576,32,2833,11844
1512779958801528,1512779958813304,33554432,1048576,32,2849,11776
1512779959050207,1512779959062042,33554432,1048576,32,2835,11835
1512779959298242,1512779959310052,33554432,1048576,32,2841,11810
1512779959547176,1512779959558993,33554432,1048576,32,2839,11817
1512779959794115,1512779959806061,33554432,1048576,32,2808,11946
1512779960041619,1512779960053391,33554432,1048576,32,2850,11772
1512779960289220,1512779960301093,33554432,1048576,32,2826,11873
1512779960537838,1512779960549733,33554432,1048576,32,2820,11895
1512779960785557,1512779960797383,33554432,1048576,32,2837,11826
1512779961033359,1512779961045157,33554432,1048576,32,2844,11798
1512779961281291,1512779961293226,33554432,1048576,32,2811,11935
1512779961529082,1512779961541003,33554432,1048576,32,2814,11921
1512779961776771,1512779961788513,33554432,1048576,32,2857,11742
1512779962023385,1512779962035249,33554432,1048576,32,2828,11864
1512779962271106,1512779962282913,33554432,1048576,32,2841,11807
1512779962517407,1512779962529232,33554432,1048576,32,2837,11825
1512779962765101,1512779962777008,33554432,1048576,32,2818,11907
1512779963013437,1512779963025264,33554432,1048576,32,2837,11827
1512779963260530,1512779963272277,33554432,1048576,32,2856,11747
1512779963509339,1512779963521189,33554432,1048576,32,2831,11850
1512779963757412,1512779963769259,33554432,1048576,32,2832,11847
1512779964005168,1512779964017059,33554432,1048576,32,2821,11891
1512779964253300,1512779964265036,33554432,1048576,32,2859,11736
1512779964500905,1512779964512780,33554432,1048576,32,2825,11875
1512779964748836,1512779964760753,33554432,1048576,32,2815,11917
1512779965003379,1512779965015279,33554432,1048576,32,2819,11900
1512779965257353,1512779965269356,33554432,1048576,32,2795,12003
1512779965507245,1512779965518931,33554432,1048576,32,2871,11686
1512779965755190,1512779965767001,33554432,1048576,32,2840,11811
1512779966003388,1512779966015294,33554432,1048576,32,2818,11906
1512779966251974,1512779966263873,33554432,1048576,32,2819,11899
1512779966500463,1512779966512208,33554432,1048576,32,2856,11745
1512779966749093,1512779966760897,33554432,1048576,32,2842,11804
1512779966996840,1512779967008625,33554432,1048576,32,2847,11785
1512779967245363,1512779967257096,33554432,1048576,32,2859,11733
1512779967493588,1512779967505543,33554432,1048576,32,2806,11955
1512779967741032,1512779967752861,33554432,1048576,32,2836,11829
1512779967990499,1512779968002442,33554432,1048576,32,2809,11943
1512779968238426,1512779968250380,33554432,1048576,32,2806,11954
1512779968487126,1512779968498902,33554432,1048576,32,2849,11776
1512779968734666,1512779968746519,33554432,1048576,32,2830,11853
1512779968983115,1512779968995018,33554432,1048576,32,2818,11903
1512779969231743,1512779969243589,33554432,1048576,32,2832,11846
1512779969479851,1512779969491734,33554432,1048576,32,2823,11883
1512779969727529,1512779969739453,33554432,1048576,32,2814,11924
1512779969976072,1512779969987827,33554432,1048576,32,2854,11755
1512779970224471,1512779970236221,33554432,1048576,32,2855,11750
1512779970472973,1512779970484753,33554432,1048576,32,2848,11780
1512779970722035,1512779970734001,33554432,1048576,32,2804,11966
1512779970970773,1512779970982610,33554432,1048576,32,2834,11837
1512779971218803,1512779971230604,33554432,1048576,32,2843,11801
1512779971466643,1512779971478390,33554432,1048576,32,2856,11747
1512779971714502,1512779971726371,33554432,1048576,32,2827,11869
1512779971962697,1512779971974545,33554432,1048576,32,2832,11848
1512779972210276,1512779972222128,33554432,1048576,32,2831,11852
1512779972458673,1512779972470433,33554432,1048576,32,2853,11760
1512779972707536,1512779972719252,33554432,1048576,32,2863,11716
1512779972956408,1512779972968280,33554432,1048576,32,2826,11872
1512779973204404,1512779973216217,33554432,1048576,32,2840,11813
1512779973453269,1512779973465009,33554432,1048576,32,2858,11740
1512779973701462,1512779973713356,33554432,1048576,32,2821,11894
1512779973949602,1512779973961448,33554432,1048576,32,2832,11846
1512779974196997,1512779974208752,33554432,1048576,32,2854,11755
1512779974446027,1512779974457847,33554432,1048576,32,2838,11820
1512779974694423,1512779974706224,33554432,1048576,32,2843,11801
1512779974942529,1512779974954395,33554432,1048576,32,2827,11866
1512779975190163,1512779975202037,33554432,1048576,32,2825,11874
1512779975437965,1512779975449829,33554432,1048576,32,2828,11864
1512779975685482,1512779975697294,33554432,1048576,32,2840,11812
1512779975933560,1512779975945422,33554432,1048576,32,2828,11862
1512779976182176,1512779976194011,33554432,1048576,32,2835,11835
1512779976430158,1512779976442007,33554432,1048576,32,2831,11849
1512779976678822,1512779976690808,33554432,1048576,32,2799,11986
1512779976927490,1512779976939346,33554432,1048576,32,2830,11856
1512779977175977,1512779977187822,33554432,1048576,32,2832,11845
1512779977424899,1512779977436821,33554432,1048576,32,2814,11922
1512779977672660,1512779977684620,33554432,1048576,32,2805,11960
1512779977920933,1512779977932843,33554432,1048576,32,2817,11910
1512779978168555,1512779978180448,33554432,1048576,32,2821,11893
1512779978416979,1512779978428758,33554432,1048576,32,2848,11779
1512779978665046,1512779978676977,33554432,1048576,32,2812,11931
1512779978913089,1512779978924976,33554432,1048576,32,2822,11887
1512779979161465,1512779979173360,33554432,1048576,32,2820,11895
1512779979409101,1512779979420879,33554432,1048576,32,2848,11778
1512779979656862,1512779979668632,33554432,1048576,32,2850,11770
1512779979905093,1512779979916860,33554432,1048576,32,2851,11767
1512779980152603,1512779980164399,33554432,1048576,32,2844,11796
1512779980401508,1512779980413358,33554432,1048576,32,2831,11850
1512779980649912,1512779980661696,33554432,1048576,32,2847,11784
1512779980897269,1512779980909190,33554432,1048576,32,2814,11921
1512779981145946,1512779981157719,33554432,1048576,32,2850,11773
1512779981394113,1512779981405876,33554432,1048576,32,2852,11763
1512779981642277,1512779981654197,33554432,1048576,32,2814,11920
1512779981890695,1512779981902687,33554432,1048576,32,2798,11992
1512779982139168,1512779982150980,33554432,1048576,32,2840,11812
1512779982387501,1512779982399276,33554432,1048576,32,2849,11775
1512779982635718,1512779982647639,33554432,1048576,32,2814,11921
1512779982884000,1512779982895930,33554432,1048576,32,2812,11930
1512779983132055,1512779983143951,33554432,1048576,32,2820,11896
1512779983380905,1512779983392750,33554432,1048576,32,2832,11845
1512779983630078,1512779983641944,33554432,1048576,32,2827,11866
1512779983878541,1512779983890410,33554432,1048576,32,2827,11869
1512779984127119,1512779984139000,33554432,1048576,32,2824,11881
1512779984375190,1512779984387099,33554432,1048576,32,2817,11909
1512779984623142,1512779984634864,33554432,1048576,32,2862,11722
1512779984871418,1512779984883213,33554432,1048576,32,2844,11795
1512779985119994,1512779985131898,33554432,1048576,32,2818,11904
1512779985367444,1512779985379230,33554432,1048576,32,2846,11786
1512779985615980,1512779985627877,33554432,1048576,32,2820,11897
1512779985864948,1512779985876736,33554432,1048576,32,2846,11788
1512779986113325,1512779986125209,33554432,1048576,32,2823,11884
1512779986362331,1512779986374252,33554432,1048576,32,2814,11921
1512779986611171,1512779986622993,33554432,1048576,32,2838,11822
1512779986860263,1512779986872128,33554432,1048576,32,2828,11865
1512779987108318,1512779987120170,33554432,1048576,32,2831,11852
1512779987356779,1512779987368765,33554432,1048576,32,2799,11986
1512779987606117,1512779987617824,33554432,1048576,32,2866,11707
1512779987854498,1512779987866357,33554432,1048576,32,2829,11859
1512779988103366,1512779988115308,33554432,1048576,32,2809,11942
1512779988351678,1512779988363563,33554432,1048576,32,2823,11885
1512779988600383,1512779988612197,33554432,1048576,32,2840,11814
1512779988848791,1512779988860626,33554432,1048576,32,2835,11835
1512779989096333,1512779989108275,33554432,1048576,32,2809,11942
1512779989344394,1512779989356220,33554432,1048576,32,2837,11826
1512779989593356,1512779989605128,33554432,1048576,32,2850,11772
1512779989841385,1512779989853246,33554432,1048576,32,2828,11861
1512779990089344,1512779990101302,33554432,1048576,32,2806,11958
1512779990337971,1512779990349858,33554432,1048576,32,2822,11887
1512779990585884,1512779990597749,33554432,1048576,32,2828,11865
1512779990834381,1512779990846183,33554432,1048576,32,2843,11802
1512779991082735,1512779991094503,33554432,1048576,32,2851,11768
1512779991330451,1512779991342369,33554432,1048576,32,2815,11918
1512779991579169,1512779991590937,33554432,1048576,32,2851,11768
1512779991827293,1512779991839052,33554432,1048576,32,2853,11759
1512779992076183,1512779992088078,33554432,1048576,32,2820,11895
1512779992324681,1512779992336456,33554432,1048576,32,2849,11775
1512779992572770,1512779992584488,33554432,1048576,32,2863,11718
1512779992821654,1512779992833548,33554432,1048576,32,2821,11894
1512779993071227,1512779993083125,33554432,1048576,32,2820,11898
1512779993319579,1512779993331312,33554432,1048576,32,2859,11733
1512779993566743,1512779993578590,33554432,1048576,32,2832,11847
1512779993815611,1512779993827418,33554432,1048576,32,2841,11807
1512779994064426,1512779994076248,33554432,1048576,32,2838,11822
1512779994312457,1512779994324286,33554432,1048576,32,2836,11829
1512779994560936,1512779994572684,33554432,1048576,32,2856,11748
1512779994809238,1512779994820994,33554432,1048576,32,2854,11756
1512779995057946,1512779995069910,33554432,1048576,32,2804,11964
1512779995305956,1512779995317812,33554432,1048576,32,2830,11856
1512779995553922,1512779995565871,33554432,1048576,32,2808,11949
1512779995802525,1512779995814337,33554432,1048576,32,2840,11812
1512779996050430,1512779996062312,33554432,1048576,32,2823,11882
1512779996298677,1512779996310477,33554432,1048576,32,2843,11800
1512779996547191,1512779996558992,33554432,1048576,32,2843,11801
1512779996794595,1512779996806460,33554432,1048576,32,2828,11865
1512779997043059,1512779997054903,33554432,1048576,32,2833,11844
1512779997291629,1512779997303380,33554432,1048576,32,2855,11751
1512779997539912,1512779997551796,33554432,1048576,32,2823,11884
1512779997787484,1512779997799322,33554432,1048576,32,2834,11838
1512779998035496,1512779998047495,33554432,1048576,32,2796,11999
1512779998283470,1512779998295296,33554432,1048576,32,2837,11826
1512779998531465,1512779998543256,33554432,1048576,32,2845,11791
1512779998779324,1512779998791189,33554432,1048576,32,2828,11865
1512779999028502,1512779999040390,33554432,1048576,32,2822,11888
1512779999276412,1512779999288327,33554432,1048576,32,2816,11915
1512779999524956,1512779999536792,33554432,1048576,32,2834,11836
1512779999773629,1512779999785552,33554432,1048576,32,2814,11923
1512780000021491,1512780000033222,33554432,1048576,32,2860,11731
1512780000269607,1512780000281390,33554432,1048576,32,2847,11783
1512780000517281,1512780000529172,33554432,1048576,32,2821,11891
1512780000765091,1512780000776968,33554432,1048576,32,2825,11877
1512780001013765,1512780001025570,33554432,1048576,32,2842,11805
1512780001261267,1512780001272998,33554432,1048576,32,2860,11731
1512780001509420,1512780001521226,33554432,1048576,32,2842,11806
1512780001757995,1512780001769927,33554432,1048576,32,2812,11932
1512780002006232,1512780002017979,33554432,1048576,32,2856,11747
1512780002254564,1512780002266508,33554432,1048576,32,2809,11944
1512780002502327,1512780002514216,33554432,1048576,32,2822,11889
1512780002750922,1512780002762701,33554432,1048576,32,2848,11779
1512780002998986,1512780003010796,33554432,1048576,32,2841,11810
1512780003247243,1512780003258931,33554432,1048576,32,2870,11688
1512780003495799,1512780003507627,33554432,1048576,32,2836,11828
1512780003742758,1512780003754575,33554432,1048576,32,2839,11817
1512780003990167,1512780004001893,33554432,1048576,32,2861,11726
1512780004238644,1512780004250390,33554432,1048576,32,2856,11746
1512780004485643,1512780004497396,33554432,1048576,32,2854,11753
1512780004732936,1512780004744741,33554432,1048576,32,2842,11805
1512780004980497,1512780004992377,33554432,1048576,32,2824,11880
1512780005228309,1512780005240161,33554432,1048576,32,2831,11852
1512780005476852,1512780005488796,33554432,1048576,32,2809,11944
1512780005725081,1512780005736920,33554432,1048576,32,2834,11839
1512780005973212,1512780005985033,33554432,1048576,32,2838,11821
1512780006221127,1512780006232992,33554432,1048576,32,2828,11865
1512780006470153,1512780006482091,33554432,1048576,32,2810,11938
1512780006718366,1512780006730279,33554432,1048576,32,2816,11913
1512780006966945,1512780006978851,33554432,1048576,32,2818,11906
1512780007215900,1512780007227809,33554432,1048576,32,2817,11909
1512780007464767,1512780007476490,33554432,1048576,32,2862,11723
1512780007713450,1512780007725218,33554432,1048576,32,2851,11768
1512780007962172,1512780007974027,33554432,1048576,32,2830,11855
1512780008209971,1512780008221891,33554432,1048576,32,2814,11920
1512780008457758,1512780008469511,33554432,1048576,32,2854,11753
1512780008705575,1512780008717555,33554432,1048576,32,2800,11980
1512780008953395,1512780008965226,33554432,1048576,32,2836,11831
1512780009202657,1512780009214471,33554432,1048576,32,2840,11814
1512780009450470,1512780009462396,33554432,1048576,32,2813,11926
1512780009697659,1512780009709392,33554432,1048576,32,2859,11733
1512780009945151,1512780009956948,33554432,1048576,32,2844,11797
1512780010192883,1512780010204771,33554432,1048576,32,2822,11888
1512780010441380,1512780010453306,33554432,1048576,32,2813,11926
1512780010689167,1512780010701046,33554432,1048576,32,2824,11879
1512780010937115,1512780010948994,33554432,1048576,32,2824,11879
1512780011185952,1512780011197949,33554432,1048576,32,2796,11997
1512780011434126,1512780011446011,33554432,1048576,32,2823,11885
1512780011683026,1512780011694831,33554432,1048576,32,2842,11805
1512780011930713,1512780011942566,33554432,1048576,32,2830,11853
1512780012178737,1512780012190417,33554432,1048576,32,2872,11680
1512780012426369,1512780012438205,33554432,1048576,32,2834,11836
1512780012673473,1512780012685414,33554432,1048576,32,2810,11941
1512780012921766,1512780012933566,33554432,1048576,32,2843,11800
1512780013171135,1512780013182932,33554432,1048576,32,2844,11797
1512780013419887,1512780013431704,33554432,1048576,32,2839,11817
1512780013668946,1512780013680952,33554432,1048576,32,2794,12006
1512780013917030,1512780013928889,33554432,1048576,32,2829,11859
1512780014164846,1512780014176662,33554432,1048576,32,2839,11816
1512780014412692,1512780014424497,33554432,1048576,32,2842,11805
1512780014661886,1512780014673805,33554432,1048576,32,2815,11919
1512780014909833,1512780014921389,33554432,1048576,32,2903,11556
1512780015158763,1512780015170643,33554432,1048576,32,2824,11880
1512780015408023,1512780015419791,33554432,1048576,32,2851,11768
1512780015656699,1512780015668594,33554432,1048576,32,2820,11895
1512780015905384,1512780015917212,33554432,1048576,32,2836,11828
1512780016153700,1512780016165567,33554432,1048576,32,2827,11867
1512780016400945,1512780016412700,33554432,1048576,32,2854,11755
1512780016649099,1512780016660914,33554432,1048576,32,2839,11815
1512780016896653,1512780016908518,33554432,1048576,32,2828,11865
1512780017144726,1512780017156588,33554432,1048576,32,2828,11862
1512780017392100,1512780017403956,33554432,1048576,32,2830,11856
1512780017640647,1512780017652521,33554432,1048576,32,2825,11874
1512780017888106,1512780017900036,33554432,1048576,32,2812,11930
1512780018136520,1512780018148368,33554432,1048576,32,2832,11848
1512780018385197,1512780018396933,33554432,1048576,32,2859,11736
1512780018633537,1512780018645253,33554432,1048576,32,2863,11716
1512780018881425,1512780018893255,33554432,1048576,32,2836,11830
1512780019130281,1512780019141993,33554432,1048576,32,2864,11712
1512780019378777,1512780019390761,33554432,1048576,32,2799,11984
1512780019626222,1512780019638120,33554432,1048576,32,2820,11898
1512780019873561,1512780019885466,33554432,1048576,32,2818,11905
1512780020122505,1512780020134463,33554432,1048576,32,2806,11958
1512780020369998,1512780020381972,33554432,1048576,32,2802,11974
1512780020618955,1512780020630897,33554432,1048576,32,2809,11942
1512780020867139,1512780020879090,33554432,1048576,32,2807,11951
1512780021115479,1512780021127189,33554432,1048576,32,2865,11710
1512780021363820,1512780021375688,33554432,1048576,32,2827,11868
1512780021610804,1512780021622726,33554432,1048576,32,2814,11922
1512780021857910,1512780021869712,33554432,1048576,32,2843,11802
1512780022105743,1512780022117567,33554432,1048576,32,2837,11824
1512780022352798,1512780022364628,33554432,1048576,32,2836,11830
1512780022601178,1512780022612901,33554432,1048576,32,2862,11723
1512780022849533,1512780022861372,33554432,1048576,32,2834,11839
1512780023097904,1512780023109779,33554432,1048576,32,2825,11875
1512780023347603,1512780023359573,33554432,1048576,32,2803,11970
1512780023596023,1512780023607927,33554432,1048576,32,2818,11904
1512780023844386,1512780023856213,33554432,1048576,32,2837,11827
1512780024094071,1512780024105919,33554432,1048576,32,2832,11848
1512780024342320,1512780024354208,33554432,1048576,32,2822,11888
1512780024590901,1512780024602838,33554432,1048576,32,2810,11937
1512780024838560,1512780024850272,33554432,1048576,32,2864,11712
1512780025086713,1512780025098771,33554432,1048576,32,2782,12058
1512780025335181,1512780025347205,33554432,1048576,32,2790,12024
1512780025583062,1512780025594940,33554432,1048576,32,2824,11878
1512780025831395,1512780025843352,33554432,1048576,32,2806,11957
1512780026079335,1512780026091083,33554432,1048576,32,2856,11748
1512780026327819,1512780026339570,33554432,1048576,32,2855,11751
1512780026575616,1512780026587613,33554432,1048576,32,2796,11997
1512780026824592,1512780026836597,33554432,1048576,32,2795,12005
1512780027073408,1512780027085272,33554432,1048576,32,2828,11864
1512780027321740,1512780027333754,33554432,1048576,32,2792,12014
1512780027569596,1512780027581533,33554432,1048576,32,2810,11937
1512780027818217,1512780027830220,33554432,1048576,32,2795,12003
1512780028066066,1512780028077898,33554432,1048576,32,2835,11832
1512780028313996,1512780028325965,33554432,1048576,32,2803,11969
1512780028561990,1512780028573779,33554432,1048576,32,2846,11789
1512780028810214,1512780028821957,33554432,1048576,32,2857,11743
1512780029059024,1512780029071043,33554432,1048576,32,2791,12019
1512780029308289,1512780029320188,33554432,1048576,32,2819,11899
1512780029556090,1512780029568067,33554432,1048576,32,2801,11977
1512780029804650,1512780029816457,33554432,1048576,32,2841,11807
1512780030053297,1512780030065187,33554432,1048576,32,2822,11890
1512780030301090,1512780030313120,33554432,1048576,32,2789,12030
1512780030549336,1512780030561286,33554432,1048576,32,2807,11950
1512780030797628,1512780030809435,33554432,1048576,32,2841,11807
1512780031044984,1512780031056678,33554432,1048576,32,2869,11694
1512780031293496,1512780031305369,33554432,1048576,32,2826,11873
1512780031541267,1512780031553115,33554432,1048576,32,2832,11848
1512780031789691,1512780031801508,33554432,1048576,32,2839,11817
1512780032038352,1512780032050161,33554432,1048576,32,2841,11809
1512780032286487,1512780032298480,33554432,1048576,32,2797,11993
1512780032534716,1512780032546477,33554432,1048576,32,2853,11761
1512780032782840,1512780032794669,33554432,1048576,32,2836,11829
1512780033030393,1512780033042211,33554432,1048576,32,2839,11818
1512780033279084,1512780033291164,33554432,1048576,32,2777,12080
1512780033527837,1512780033539666,33554432,1048576,32,2836,11829
1512780033776223,1512780033788084,33554432,1048576,32,2828,11861
1512780034023555,1512780034035505,33554432,1048576,32,2807,11950
1512780034272608,1512780034284564,33554432,1048576,32,2806,11956
1512780034522643,1512780034534442,33554432,1048576,32,2843,11799
1512780034770605,1512780034782497,33554432,1048576,32,2821,11892
1512780035019227,1512780035031145,33554432,1048576,32,2815,11918
1512780035268102,1512780035279975,33554432,1048576,32,2826,11873
1512780035515234,1512780035527002,33554432,1048576,32,2851,11768
1512780035764411,1512780035776211,33554432,1048576,32,2843,11800
1512780036011732,1512780036023505,33554432,1048576,32,2850,11773
1512780036259648,1512780036271504,33554432,1048576,32,2830,11856
1512780036507625,1512780036519526,33554432,1048576,32,2819,11901
1512780036755729,1512780036767606,33554432,1048576,32,2825,11877
1512780037003699,1512780037015639,33554432,1048576,32,2810,11940
1512780037252251,1512780037264063,33554432,1048576,32,2840,11812
1512780037500513,1512780037512181,33554432,1048576,32,2875,11668
1512780037748274,1512780037760251,33554432,1048576,32,2801,11977
1512780037996313,1512780038008137,33554432,1048576,32,2837,11824
1512780038244891,1512780038256772,33554432,1048576,32,2824,11881
1512780038493413,1512780038505286,33554432,1048576,32,2826,11873
1512780038741502,1512780038753441,33554432,1048576,32,2810,11939
1512780038989342,1512780039001335,33554432,1048576,32,2797,11993
1512780039238116,1512780039250014,33554432,1048576,32,2820,11898
1512780039486992,1512780039498798,33554432,1048576,32,2842,11806
1512780039735303,1512780039747039,33554432,1048576,32,2859,11736
1512780039983574,1512780039995250,33554432,1048576,32,2873,11676
1512780040231774,1512780040243724,33554432,1048576,32,2807,11950
1512780040480446,1512780040492254,33554432,1048576,32,2841,11808
1512780040727506,1512780040739210,33554432,1048576,32,2866,11704
1512780040975557,1512780040987437,33554432,1048576,32,2824,11880
1512780041223466,1512780041235251,33554432,1048576,32,2847,11785
1512780041471736,1512780041483666,33554432,1048576,32,2812,11930
1512780041720057,1512780041731819,33554432,1048576,32,2852,11762
1512780041967829,1512780041979634,33554432,1048576,32,2842,11805
1512780042215270,1512780042227185,33554432,1048576,32,2816,11915
1512780042463855,1512780042475522,33554432,1048576,32,2876,11667
1512780042711428,1512780042723231,33554432,1048576,32,2842,11803
1512780042959946,1512780042971926,33554432,1048576,32,2800,11980
1512780043207761,1512780043219658,33554432,1048576,32,2820,11897
1512780043456035,1512780043467886,33554432,1048576,32,2831,11851
1512780043703684,1512780043715586,33554432,1048576,32,2819,11902
1512780043951184,1512780043963075,33554432,1048576,32,2821,11891
1512780044198987,1512780044210946,33554432,1048576,32,2805,11959
1512780044447226,1512780044459141,33554432,1048576,32,2816,11915
1512780044694853,1512780044706769,33554432,1048576,32,2815,11916
1512780044943053,1512780044954671,33554432,1048576,32,2888,11618
1512780045191341,1512780045203144,33554432,1048576,32,2842,11803
1512780045439758,1512780045451720,33554432,1048576,32,2805,11962
1512780045688903,1512780045700749,33554432,1048576,32,2832,11846
1512780045937795,1512780045949692,33554432,1048576,32,2820,11897
1512780046186130,1512780046198021,33554432,1048576,32,2821,11891
1512780046434811,1512780046446754,33554432,1048576,32,2809,11943
1512780046683317,1512780046695103,33554432,1048576,32,2846,11786
1512780046931696,1512780046943471,33554432,1048576,32,2849,11775
1512780047179912,1512780047191637,33554432,1048576,32,2861,11725
1512780047428517,1512780047440458,33554432,1048576,32,2810,11941
1512780047677078,1512780047688966,33554432,1048576,32,2822,11888
1512780047924992,1512780047936836,33554432,1048576,32,2833,11844
1512780048173330,1512780048185039,33554432,1048576,32,2865,11709
1512780048422086,1512780048433833,33554432,1048576,32,2856,11747
1512780048669313,1512780048681115,33554432,1048576,32,2843,11802
1512780048918861,1512780048930684,33554432,1048576,32,2838,11823
1512780049167722,1512780049179676,33554432,1048576,32,2806,11954
1512780049415759,1512780049427572,33554432,1048576,32,2840,11813
1512780049664188,1512780049675979,33554432,1048576,32,2845,11791
1512780049911506,1512780049923514,33554432,1048576,32,2794,12008
1512780050161137,1512780050172805,33554432,1048576,32,2875,11668
1512780050409351,1512780050421205,33554432,1048576,32,2830,11854
1512780050657850,1512780050669580,33554432,1048576,32,2860,11730
1512780050905904,1512780050917799,33554432,1048576,32,2820,11895
1512780051154089,1512780051165949,33554432,1048576,32,2829,11860
1512780051401212,1512780051412906,33554432,1048576,32,2869,11694
1512780051649943,1512780051661793,33554432,1048576,32,2831,11850
1512780051897787,1512780051909696,33554432,1048576,32,2817,11909
1512780052145637,1512780052157477,33554432,1048576,32,2833,11840
1512780052393571,1512780052405499,33554432,1048576,32,2813,11928
1512780052640896,1512780052652770,33554432,1048576,32,2825,11874
1512780052888924,1512780052900815,33554432,1048576,32,2821,11891
1512780053136716,1512780053148574,33554432,1048576,32,2829,11858
1512780053384317,1512780053396189,33554432,1048576,32,2826,11872
1512780053631099,1512780053642920,33554432,1048576,32,2838,11821
1512780053878550,1512780053890550,33554432,1048576,32,2796,12000
1512780054126721,1512780054138563,33554432,1048576,32,2833,11842
1512780054374391,1512780054386159,33554432,1048576,32,2851,11768
1512780054621549,1512780054633381,33554432,1048576,32,2835,11832
1512780054868975,1512780054880788,33554432,1048576,32,2840,11813
1512780055116482,1512780055128179,33554432,1048576,32,2868,11697
1512780055365242,1512780055377117,33554432,1048576,32,2825,11875
1512780055612528,1512780055624410,33554432,1048576,32,2823,11882
1512780055861608,1512780055873483,33554432,1048576,32,2825,11875
1512780056109636,1512780056121424,33554432,1048576,32,2846,11788
1512780056357583,1512780056369342,33554432,1048576,32,2853,11759
1512780056605710,1512780056617652,33554432,1048576,32,2809,11942
1512780056853896,1512780056865529,33554432,1048576,32,2884,11633
1512780057102160,1512780057113997,33554432,1048576,32,2834,11837
1512780057350690,1512780057362544,33554432,1048576,32,2830,11854
1512780057598826,1512780057610690,33554432,1048576,32,2828,11864
1512780057846320,1512780057858258,33554432,1048576,32,2810,11938
1512780058094270,1512780058106083,33554432,1048576,32,2840,11813
1512780058341922,1512780058353745,33554432,1048576,32,2838,11823
1512780058590229,1512780058602202,33554432,1048576,32,2802,11973
1512780058838842,1512780058850687,33554432,1048576,32,2832,11845
1512780059088013,1512780059099730,33554432,1048576,32,2863,11717
1512780059336228,1512780059348158,33554432,1048576,32,2812,11930
1512780059584485,1512780059596309,33554432,1048576,32,2837,11824
1512780059832231,1512780059844158,33554432,1048576,32,2813,11927
1512780060080976,1512780060092760,33554432,1048576,32,2847,11784
1512780060329316,1512780060341100,33554432,1048576,32,2847,11784
1512780060577644,1512780060589562,33554432,1048576,32,2815,11918
1512780060826073,1512780060837980,33554432,1048576,32,2818,11907
1512780061074270,1512780061086106,33554432,1048576,32,2834,11836
1512780061322267,1512780061334259,33554432,1048576,32,2798,11992
1512780061570847,1512780061582804,33554432,1048576,32,2806,11957
1512780061819771,1512780061831730,33554432,1048576,32,2805,11959
1512780062068496,1512780062080555,33554432,1048576,32,2782,12059
1512780062316729,1512780062328474,33554432,1048576,32,2856,11745
1512780062565484,1512780062577344,33554432,1048576,32,2829,11860
1512780062813400,1512780062825282,33554432,1048576,32,2823,11882
1512780063061728,1512780063073617,33554432,1048576,32,2822,11889
1512780063310300,1512780063322209,33554432,1048576,32,2817,11909
1512780063557777,1512780063569592,33554432,1048576,32,2839,11815
1512780063806121,1512780063818059,33554432,1048576,32,2810,11938
1512780064053248,1512780064065125,33554432,1048576,32,2825,11877
1512780064300558,1512780064312535,33554432,1048576,32,2801,11977
1512780064548429,1512780064560269,33554432,1048576,32,2833,11840
1512780064796581,1512780064808478,33554432,1048576,32,2820,11897
1512780065044627,1512780065056501,33554432,1048576,32,2825,11874
1512780065291801,1512780065303761,33554432,1048576,32,2805,11960
1512780065539152,1512780065550916,33554432,1048576,32,2852,11764
1512780065787681,1512780065799525,33554432,1048576,32,2833,11844
1512780066035611,1512780066047550,33554432,1048576,32,2810,11939
1512780066283511,1512780066295427,33554432,1048576,32,2815,11916
1512780066532533,1512780066544422,33554432,1048576,32,2822,11889
1512780066780705,1512780066792597,33554432,1048576,32,2821,11892
1512780067029353,1512780067041288,33554432,1048576,32,2811,11935
1512780067278432,1512780067290428,33554432,1048576,32,2797,11996
1512780067526525,1512780067538377,33554432,1048576,32,2831,11852
1512780067774325,1512780067786273,33554432,1048576,32,2808,11948
1512780068022597,1512780068034631,33554432,1048576,32,2788,12034
1512780068270222,1512780068282219,33554432,1048576,32,2796,11997
1512780068518847,1512780068530631,33554432,1048576,32,2847,11784
1512780068766432,1512780068778367,33554432,1048576,32,2811,11935
1512780069014387,1512780069026195,33554432,1048576,32,2841,11808
1512780069262563,1512780069274623,33554432,1048576,32,2782,12060
1512780069509947,1512780069521921,33554432,1048576,32,2802,11974
1512780069758656,1512780069770538,33554432,1048576,32,2823,11882
1512780070006454,1512780070018421,33554432,1048576,32,2803,11967
1512780070254541,1512780070266489,33554432,1048576,32,2808,11948
1512780070503149,1512780070515097,33554432,1048576,32,2808,11948
1512780070752682,1512780070764738,33554432,1048576,32,2783,12056
1512780071000695,1512780071012632,33554432,1048576,32,2810,11937
1512780071247627,1512780071259543,33554432,1048576,32,2815,11916
1512780071495195,1512780071507175,33554432,1048576,32,2800,11980
1512780071742377,1512780071754190,33554432,1048576,32,2840,11813
1512780071990751,1512780072002618,33554432,1048576,32,2827,11867
1512780072238955,1512780072250859,33554432,1048576,32,2818,11904
1512780072486038,1512780072497881,33554432,1048576,32,2833,11843
1512780072734169,1512780072746033,33554432,1048576,32,2828,11864
1512780072982206,1512780072994019,33554432,1048576,32,2840,11813
1512780073230726,1512780073242406,33554432,1048576,32,2872,11680
1512780073478364,1512780073490474,33554432,1048576,32,2770,12110
1512780073727567,1512780073739649,33554432,1048576,32,2777,12082
1512780073975806,1512780073987677,33554432,1048576,32,2826,11871
1512780074224591,1512780074236482,33554432,1048576,32,2821,11891
1512780074472892,1512780074484895,33554432,1048576,32,2795,12003
1512780074721231,1512780074733221,33554432,1048576,32,2798,11990
1512780074969971,1512780074981768,33554432,1048576,32,2844,11797
1512780075218200,1512780075230219,33554432,1048576,32,2791,12019
1512780075466916,1512780075478800,33554432,1048576,32,2823,11884
1512780075714396,1512780075726392,33554432,1048576,32,2797,11996
1512780075962965,1512780075975040,33554432,1048576,32,2778,12075
1512780076211572,1512780076223518,33554432,1048576,32,2808,11946
1512780076460284,1512780076472106,33554432,1048576,32,2838,11822
1512780076708796,1512780076720819,33554432,1048576,32,2790,12023
1512780076956984,1512780076968970,33554432,1048576,32,2799,11986
1512780077205437,1512780077217262,33554432,1048576,32,2837,11825
1512780077452978,1512780077464880,33554432,1048576,32,2819,11902
1512780077701269,1512780077713218,33554432,1048576,32,2808,11949
1512780077949574,1512780077961541,33554432,1048576,32,2803,11967
1512780078197935,1512780078209863,33554432,1048576,32,2813,11928
1512780078445046,1512780078456855,33554432,1048576,32,2841,11809
1512780078692516,1512780078704219,33554432,1048576,32,2867,11703
1512780078940523,1512780078952508,33554432,1048576,32,2799,11985
1512780079189015,1512780079200944,33554432,1048576,32,2812,11929
1512780079436716,1512780079448595,33554432,1048576,32,2824,11879
1512780079686127,1512780079698088,33554432,1048576,32,2805,11961
1512780079935409,1512780079947360,33554432,1048576,32,2807,11951
1512780080183064,1512780080195002,33554432,1048576,32,2810,11938
1512780080432151,1512780080444023,33554432,1048576,32,2826,11872
1512780080680388,1512780080692341,33554432,1048576,32,2807,11953
1512780080928645,1512780080940709,33554432,1048576,32,2781,12064
1512780081176804,1512780081188698,33554432,1048576,32,2821,11894
1512780081425424,1512780081437279,33554432,1048576,32,2830,11855
1512780081672712,1512780081684755,33554432,1048576,32,2786,12043
1512780081920460,1512780081932366,33554432,1048576,32,2818,11906
1512780082169051,1512780082181003,33554432,1048576,32,2807,11952
1512780082417287,1512780082429406,33554432,1048576,32,2768,12119
1512780082666324,1512780082678319,33554432,1048576,32,2797,11995
1512780082915402,1512780082927347,33554432,1048576,32,2809,11945
1512780083163184,1512780083175071,33554432,1048576,32,2822,11887
1512780083411859,1512780083423944,33554432,1048576,32,2776,12085
1512780083660457,1512780083672353,33554432,1048576,32,2820,11896
1512780083908325,1512780083920182,33554432,1048576,32,2829,11857
1512780084156638,1512780084168479,33554432,1048576,32,2833,11841
1512780084404740,1512780084416767,33554432,1048576,32,2789,12027
1512780084653319,1512780084665298,33554432,1048576,32,2801,11979
1512780084901635,1512780084913630,33554432,1048576,32,2797,11995
1512780085150408,1512780085162329,33554432,1048576,32,2814,11921
1512780085398274,1512780085410233,33554432,1048576,32,2805,11959
1512780085646511,1512780085658276,33554432,1048576,32,2852,11765
1512780085894531,1512780085906564,33554432,1048576,32,2788,12033
1512780086143081,1512780086154917,33554432,1048576,32,2834,11836
1512780086391543,1512780086403514,33554432,1048576,32,2802,11971
1512780086640072,1512780086651922,33554432,1048576,32,2831,11850
1512780086887795,1512780086899750,33554432,1048576,32,2806,11955
1512780087136109,1512780087148097,33554432,1048576,32,2799,11988
1512780087384943,1512780087396891,33554432,1048576,32,2808,11948
1512780087632311,1512780087644239,33554432,1048576,32,2813,11928
1512780087879620,1512780087891517,33554432,1048576,32,2820,11897
1512780088126534,1512780088138478,33554432,1048576,32,2809,11944
1512780088374590,1512780088386554,33554432,1048576,32,2804,11964
1512780088622403,1512780088634357,33554432,1048576,32,2806,11954
1512780088870212,1512780088882117,33554432,1048576,32,2818,11905
1512780089118639,1512780089130447,33554432,1048576,32,2841,11808
1512780089366494,1512780089378415,33554432,1048576,32,2814,11921
1512780089614975,1512780089626935,33554432,1048576,32,2805,11960
1512780089862583,1512780089874346,33554432,1048576,32,2852,11763
1512780090110265,1512780090122165,33554432,1048576,32,2819,11900
1512780090358956,1512780090370809,33554432,1048576,32,2830,11853
1512780090607751,1512780090619631,33554432,1048576,32,2824,11880
1512780090856560,1512780090868468,33554432,1048576,32,2817,11908
1512780091104921,1512780091116847,33554432,1048576,32,2813,11926
1512780091352975,1512780091364908,33554432,1048576,32,2811,11933
1512780091600752,1512780091612793,33554432,1048576,32,2786,12041
1512780091849439,1512780091861375,33554432,1048576,32,2811,11936
1512780092096720,1512780092108552,33554432,1048576,32,2835,11832
1512780092345429,1512780092357424,33554432,1048576,32,2797,11995
1512780092593661,1512780092605602,33554432,1048576,32,2810,11941
1512780092842364,1512780092854269,33554432,1048576,32,2818,11905
1512780093091477,1512780093103461,33554432,1048576,32,2799,11984
1512780093339845,1512780093351822,33554432,1048576,32,2801,11977
1512780093588828,1512780093600625,33554432,1048576,32,2844,11797
1512780093836786,1512780093848793,33554432,1048576,32,2794,12007
1512780094085202,1512780094097199,33554432,1048576,32,2796,11997
1512780094333653,1512780094345544,33554432,1048576,32,2821,11891
1512780094582324,1512780094594346,33554432,1048576,32,2791,12022
1512780094831157,1512780094843104,33554432,1048576,32,2808,11947
1512780095079594,1512780095091661,33554432,1048576,32,2780,12067
1512780095327790,1512780095339586,33554432,1048576,32,2844,11796
1512780095575967,1512780095587916,33554432,1048576,32,2808,11949
1512780095824496,1512780095836363,33554432,1048576,32,2827,11867
1512780096072219,1512780096084186,33554432,1048576,32,2803,11967
1512780096321206,1512780096332919,33554432,1048576,32,2864,11713
1512780096567973,1512780096579836,33554432,1048576,32,2828,11863
1512780096816219,1512780096828139,33554432,1048576,32,2814,11920
1512780097063934,1512780097075794,33554432,1048576,32,2829,11860
1512780097311685,1512780097323689,33554432,1048576,32,2795,12004
1512780097559509,1512780097571494,33554432,1048576,32,2799,11985
1512780097808338,1512780097820372,33554432,1048576,32,2788,12034
1512780098056464,1512780098068331,33554432,1048576,32,2827,11867
1512780098304960,1512780098316872,33554432,1048576,32,2816,11912
1512780098553366,1512780098565263,33554432,1048576,32,2820,11897
1512780098801908,1512780098813705,33554432,1048576,32,2844,11797
1512780099049427,1512780099061466,33554432,1048576,32,2787,12039
1512780099298033,1512780099309911,33554432,1048576,32,2824,11878
1512780099547041,1512780099559011,33554432,1048576,32,2803,11970
1512780099796526,1512780099808331,33554432,1048576,32,2842,11805
1512780100045446,1512780100057360,33554432,1048576,32,2816,11914
1512780100293614,1512780100305496,33554432,1048576,32,2823,11882
1512780100541291,1512780100553294,33554432,1048576,32,2795,12003
1512780100788905,1512780100800800,33554432,1048576,32,2820,11895
1512780101037872,1512780101049831,33554432,1048576,32,2805,11959
1512780101285887,1512780101297883,33554432,1048576,32,2797,11996
1512780101534279,1512780101546233,33554432,1048576,32,2806,11954
1512780101782020,1512780101794052,33554432,1048576,32,2788,12032
1512780102030389,1512780102042334,33554432,1048576,32,2809,11945
1512780102279206,1512780102291240,33554432,1048576,32,2788,12034
1512780102527602,1512780102539577,33554432,1048576,32,2802,11975
1512780102775943,1512780102787790,33554432,1048576,32,2832,11847
1512780103024127,1512780103036047,33554432,1048576,32,2814,11920
1512780103272632,1512780103284580,33554432,1048576,32,2808,11948
1512780103520797,1512780103532613,33554432,1048576,32,2839,11816
1512780103769037,1512780103780963,33554432,1048576,32,2813,11926
1512780104017407,1512780104029366,33554432,1048576,32,2805,11959
1512780104265980,1512780104277704,33554432,1048576,32,2862,11724
1512780104514226,1512780104526267,33554432,1048576,32,2786,12041
1512780104762576,1512780104774384,33554432,1048576,32,2841,11808
1512780105010559,1512780105022395,33554432,1048576,32,2834,11836
1512780105259144,1512780105271109,33554432,1048576,32,2804,11965
1512780105506903,1512780105518784,33554432,1048576,32,2824,11881
1512780105756000,1512780105767934,33554432,1048576,32,2811,11934
1512780106004464,1512780106016362,33554432,1048576,32,2820,11898
1512780106252702,1512780106264597,33554432,1048576,32,2820,11895
1512780106500978,1512780106512773,33554432,1048576,32,2844,11795
1512780106749025,1512780106760945,33554432,1048576,32,2814,11920
1512780106997508,1512780107009535,33554432,1048576,32,2789,12027
1512780107245541,1512780107257430,33554432,1048576,32,2822,11889
1512780107493522,1512780107505559,33554432,1048576,32,2787,12037
1512780107741796,1512780107753652,33554432,1048576,32,2830,11856
1512780107991105,1512780108003053,33554432,1048576,32,2808,11948
1512780108238986,1512780108250761,33554432,1048576,32,2849,11775
1512780108487302,1512780108499227,33554432,1048576,32,2813,11925
1512780108735051,1512780108746784,33554432,1048576,32,2859,11733
1512780108983473,1512780108995250,33554432,1048576,32,2849,11777
1512780109232893,1512780109244916,33554432,1048576,32,2790,12023
1512780109486802,1512780109498859,33554432,1048576,32,2782,12057
1512780109740699,1512780109752557,33554432,1048576,32,2829,11858
1512780109995743,1512780110007733,33554432,1048576,32,2798,11990
1512780110249802,1512780110261947,33554432,1048576,32,2762,12145
1512780110504347,1512780110516342,33554432,1048576,32,2797,11995
1512780110752578,1512780110764504,33554432,1048576,32,2813,11926
1512780111000651,1512780111012664,33554432,1048576,32,2793,12013
1512780111249174,1512780111261140,33554432,1048576,32,2804,11966
1512780111497533,1512780111509529,33554432,1048576,32,2797,11996
1512780111746714,1512780111758576,33554432,1048576,32,2828,11862
1512780111995028,1512780112006995,33554432,1048576,32,2803,11967
1512780112243355,1512780112255346,33554432,1048576,32,2798,11991
1512780112490716,1512780112502603,33554432,1048576,32,2822,11887
1512780112738733,1512780112750664,33554432,1048576,32,2812,11931
1512780112987931,1512780112999910,33554432,1048576,32,2801,11979
1512780113235177,1512780113247144,33554432,1048576,32,2803,11967
1512780113483670,1512780113495628,33554432,1048576,32,2806,11958
1512780113731071,1512780113742836,33554432,1048576,32,2852,11765
1512780113978585,1512780113990622,33554432,1048576,32,2787,12037
1512780114226505,1512780114238432,33554432,1048576,32,2813,11927
1512780114473280,1512780114485171,33554432,1048576,32,2821,11891
1512780114721339,1512780114733398,33554432,1048576,32,2782,12059
1512780114969518,1512780114981421,33554432,1048576,32,2818,11903
1512780115216912,1512780115228814,33554432,1048576,32,2819,11902
1512780115464315,1512780115476221,33554432,1048576,32,2818,11906
1512780115711543,1512780115723534,33554432,1048576,32,2798,11991
1512780115958455,1512780115970404,33554432,1048576,32,2808,11949
1512780116206616,1512780116218573,33554432,1048576,32,2806,11957
1512780116454406,1512780116466411,33554432,1048576,32,2795,12005
1512780116702433,1512780116714384,33554432,1048576,32,2807,11951
1512780116949564,1512780116961514,33554432,1048576,32,2807,11950
1512780117198149,1512780117210056,33554432,1048576,32,2818,11907
1512780117445550,1512780117457381,33554432,1048576,32,2836,11831
1512780117694556,1512780117706486,33554432,1048576,32,2812,11930
1512780117943051,1512780117955106,33554432,1048576,32,2783,12055
1512780118191252,1512780118203217,33554432,1048576,32,2804,11965
1512780118440386,1512780118452239,33554432,1048576,32,2830,11853
1512780118688915,1512780118700935,33554432,1048576,32,2791,12020
1512780118936968,1512780118948841,33554432,1048576,32,2826,11873
1512780119184975,1512780119196996,33554432,1048576,32,2791,12021
1512780119433313,1512780119445175,33554432,1048576,32,2828,11862
1512780119681172,1512780119693097,33554432,1048576,32,2813,11925
1512780119929334,1512780119941334,33554432,1048576,32,2796,12000
1512780120177632,1512780120189263,33554432,1048576,32,2884,11631
1512780120425869,1512780120437786,33554432,1048576,32,2815,11917
1512780120674501,1512780120686383,33554432,1048576,32,2823,11882
1512780120922314,1512780120934263,33554432,1048576,32,2808,11949
1512780121170752,1512780121182587,33554432,1048576,32,2835,11835
1512780121419650,1512780121431377,33554432,1048576,32,2861,11727
1512780121667870,1512780121679817,33554432,1048576,32,2808,11947
1512780121915818,1512780121927594,33554432,1048576,32,2849,11776
1512780122162850,1512780122174444,33554432,1048576,32,2894,11594
1512780122409882,1512780122421823,33554432,1048576,32,2810,11941
1512780122658445,1512780122670229,33554432,1048576,32,2847,11784
1512780122905274,1512780122917182,33554432,1048576,32,2817,11908
1512780123153544,1512780123165424,33554432,1048576,32,2824,11880
1512780123402240,1512780123414102,33554432,1048576,32,2828,11862
1512780123649905,1512780123661793,33554432,1048576,32,2822,11888
1512780123897864,1512780123909833,33554432,1048576,32,2803,11969
1512780124146518,1512780124158117,33554432,1048576,32,2892,11599
1512780124394010,1512780124405881,33554432,1048576,32,2826,11871
1512780124642008,1512780124653877,33554432,1048576,32,2827,11869
1512780124889984,1512780124901877,33554432,1048576,32,2821,11893
1512780125136924,1512780125148876,33554432,1048576,32,2807,11952
1512780125384586,1512780125396477,33554432,1048576,32,2821,11891
1512780125632427,1512780125644203,33554432,1048576,32,2849,11776
1512780125880219,1512780125892046,33554432,1048576,32,2837,11827
1512780126128226,1512780126139938,33554432,1048576,32,2864,11712
1512780126376727,1512780126388592,33554432,1048576,32,2828,11865
1512780126625099,1512780126636846,33554432,1048576,32,2856,11747
1512780126873702,1512780126885717,33554432,1048576,32,2792,12015
1512780127121511,1512780127133321,33554432,1048576,32,2841,11810
1512780127369263,1512780127380840,33554432,1048576,32,2898,11577
1512780127616726,1512780127628480,33554432,1048576,32,2854,11754
1512780127863556,1512780127875427,33554432,1048576,32,2826,11871
1512780128111047,1512780128123019,33554432,1048576,32,2802,11972
1512780128360066,1512780128372029,33554432,1048576,32,2804,11963
1512780128608669,1512780128620612,33554432,1048576,32,2809,11943
1512780128857425,1512780128869408,33554432,1048576,32,2800,11983
1512780129105923,1512780129117865,33554432,1048576,32,2809,11942
1512780129354017,1512780129365837,33554432,1048576,32,2838,11820
1512780129602539,1512780129614407,33554432,1048576,32,2827,11868
1512780129850561,1512780129862490,33554432,1048576,32,2812,11929
1512780130098895,1512780130110743,33554432,1048576,32,2832,11848
1512780130347524,1512780130359428,33554432,1048576,32,2818,11904
1512780130595860,1512780130607636,33554432,1048576,32,2849,11776
1512780130844985,1512780130856905,33554432,1048576,32,2814,11920
1512780131092490,1512780131104375,33554432,1048576,32,2823,11885
1512780131339752,1512780131351724,33554432,1048576,32,2802,11972
1512780131588095,1512780131600176,33554432,1048576,32,2777,12081
1512780131837147,1512780131849067,33554432,1048576,32,2814,11920
1512780132085708,1512780132097684,33554432,1048576,32,2801,11976
1512780132333806,1512780132345748,33554432,1048576,32,2809,11942
1512780132581709,1512780132593535,33554432,1048576,32,2837,11826
1512780132830047,1512780132841920,33554432,1048576,32,2826,11873
1512780133078534,1512780133090468,33554432,1048576,32,2811,11934
1512780133326708,1512780133338674,33554432,1048576,32,2804,11966
1512780133574959,1512780133586930,33554432,1048576,32,2802,11971
1512780133822663,1512780133834658,33554432,1048576,32,2797,11995
1512780134070656,1512780134082433,33554432,1048576,32,2849,11777
1512780134318926,1512780134330707,33554432,1048576,32,2848,11781
1512780134566914,1512780134578882,33554432,1048576,32,2803,11968
1512780134815658,1512780134827750,33554432,1048576,32,2774,12092
1512780135063254,1512780135075232,33554432,1048576,32,2801,11978
1512780135311047,1512780135322892,33554432,1048576,32,2832,11845
1512780135558256,1512780135570256,33554432,1048576,32,2796,12000
1512780135805464,1512780135817337,33554432,1048576,32,2826,11873
1512780136053170,1512780136065033,33554432,1048576,32,2828,11863
1512780136301510,1512780136313519,33554432,1048576,32,2794,12009
1512780136549414,1512780136561348,33554432,1048576,32,2811,11934
1512780136796914,1512780136808739,33554432,1048576,32,2837,11825
1512780137046155,1512780137058041,33554432,1048576,32,2823,11886
1512780137293951,1512780137305804,33554432,1048576,32,2830,11853
1512780137541411,1512780137553268,33554432,1048576,32,2829,11857
1512780137788638,1512780137800445,33554432,1048576,32,2841,11807
1512780138036770,1512780138048777,33554432,1048576,32,2794,12007
1512780138285416,1512780138297392,33554432,1048576,32,2801,11976
1512780138533464,1512780138545255,33554432,1048576,32,2845,11791
1512780138782036,1512780138793982,33554432,1048576,32,2808,11946
1512780139029632,1512780139041487,33554432,1048576,32,2830,11855
1512780139277683,1512780139289671,33554432,1048576,32,2799,11988
1512780139525248,1512780139537185,33554432,1048576,32,2810,11937
1512780139773981,1512780139785780,33554432,1048576,32,2843,11799
1512780140022416,1512780140034248,33554432,1048576,32,2835,11832
1512780140270573,1512780140282488,33554432,1048576,32,2816,11915
1512780140519412,1512780140531307,33554432,1048576,32,2820,11895
1512780140767843,1512780140779671,33554432,1048576,32,2836,11828
1512780141015425,1512780141027399,33554432,1048576,32,2802,11974
1512780141264136,1512780141276159,33554432,1048576,32,2790,12023
1512780141511684,1512780141523718,33554432,1048576,32,2788,12034
1512780141759920,1512780141771875,33554432,1048576,32,2806,11955
1512780142008044,1512780142020040,33554432,1048576,32,2797,11996
1512780142257306,1512780142269230,33554432,1048576,32,2814,11924
1512780142504850,1512780142516788,33554432,1048576,32,2810,11938
1512780142752853,1512780142764827,33554432,1048576,32,2802,11974
1512780143001228,1512780143012980,33554432,1048576,32,2855,11752
1512780143248503,1512780143260356,33554432,1048576,32,2830,11853
1512780143496537,1512780143508449,33554432,1048576,32,2816,11912
1512780143744772,1512780143756681,33554432,1048576,32,2817,11909
1512780143993330,1512780144005251,33554432,1048576,32,2814,11921
1512780144241530,1512780144253320,33554432,1048576,32,2846,11790
1512780144489730,1512780144501690,33554432,1048576,32,2805,11960
1512780144737622,1512780144749601,33554432,1048576,32,2801,11979
1512780144986791,1512780144998610,33554432,1048576,32,2839,11819
1512780145234109,1512780145246113,33554432,1048576,32,2795,12004
1512780145481753,1512780145493636,33554432,1048576,32,2823,11883
1512780145729586,1512780145741404,33554432,1048576,32,2839,11818
1512780145977246,1512780145989271,33554432,1048576,32,2790,12025
1512780146224871,1512780146236781,33554432,1048576,32,2817,11910
1512780146473461,1512780146485335,33554432,1048576,32,2825,11874
1512780146722340,1512780146734298,33554432,1048576,32,2806,11958
1512780146970133,1512780146981956,33554432,1048576,32,2838,11823
1512780147218255,1512780147230302,33554432,1048576,32,2785,12047
1512780147466690,1512780147478595,33554432,1048576,32,2818,11905
1512780147714136,1512780147725958,33554432,1048576,32,2838,11822
1512780147961786,1512780147973739,33554432,1048576,32,2807,11953
1512780148210067,1512780148221933,33554432,1048576,32,2827,11866
1512780148458259,1512780148470068,33554432,1048576,32,2841,11809
1512780148707165,1512780148719221,33554432,1048576,32,2783,12056
