1512550010037133,1512550010037440,1048576,32768,32,3415,307
1512550010050766,1512550010051016,1048576,32768,32,4194,250
1512550010062524,1512550010062770,1048576,32768,32,4262,246
1512550010074116,1512550010074361,1048576,32768,32,4279,245
1512550010085699,1512550010085941,1048576,32768,32,4332,242
1512550010097387,1512550010097599,1048576,32768,32,4946,212
1512550010108748,1512550010108966,1048576,32768,32,4809,218
1512550010120027,1512550010120243,1048576,32768,32,4854,216
1512550010131336,1512550010131551,1048576,32768,32,4877,215
1512550010142601,1512550010142819,1048576,32768,32,4809,218
1512550010153893,1512550010154108,1048576,32768,32,4877,215
1512550010165134,1512550010165349,1048576,32768,32,4877,215
1512550010176406,1512550010176623,1048576,32768,32,4832,217
1512550010187670,1512550010187884,1048576,32768,32,4899,214
1512550010198930,1512550010199146,1048576,32768,32,4854,216
1512550010210200,1512550010210416,1048576,32768,32,4854,216
1512550010221451,1512550010221668,1048576,32768,32,4832,217
1512550010232717,1512550010232933,1048576,32768,32,4854,216
1512550010243966,1512550010244179,1048576,32768,32,4922,213
1512550010255235,1512550010255451,1048576,32768,32,4854,216
1512550010266489,1512550010266705,1048576,32768,32,4854,216
1512550010277745,1512550010277960,1048576,32768,32,4877,215
1512550010289027,1512550010289244,1048576,32768,32,4832,217
1512550010300307,1512550010300522,1048576,32768,32,4877,215
1512550010311571,1512550010311789,1048576,32768,32,4809,218
1512550010322841,1512550010323056,1048576,32768,32,4877,215
1512550010334108,1512550010334321,1048576,32768,32,4922,213
1512550010345404,1512550010345620,1048576,32768,32,4854,216
1512550010356695,1512550010356911,1048576,32768,32,4854,216
1512550010367969,1512550010368185,1048576,32768,32,4854,216
1512550010379244,1512550010379459,1048576,32768,32,4877,215
1512550010390509,1512550010390725,1048576,32768,32,4854,216
1512550010401767,1512550010401983,1048576,32768,32,4854,216
1512550010413027,1512550010413242,1048576,32768,32,4877,215
1512550010424279,1512550010424493,1048576,32768,32,4899,214
1512550010435527,1512550010435744,1048576,32768,32,4832,217
1512550010446806,1512550010447021,1048576,32768,32,4877,215
1512550010458087,1512550010458301,1048576,32768,32,4899,214
1512550010469369,1512550010469586,1048576,32768,32,4832,217
1512550010480622,1512550010480831,1048576,32768,32,5017,209
1512550010491872,1512550010492088,1048576,32768,32,4854,216
1512550010503144,1512550010503360,1048576,32768,32,4854,216
1512550010514397,1512550010514613,1048576,32768,32,4854,216
1512550010525672,1512550010525887,1048576,32768,32,4877,215
1512550010536922,1512550010537138,1048576,32768,32,4854,216
1512550010548177,1512550010548392,1048576,32768,32,4877,215
1512550010559435,1512550010559649,1048576,32768,32,4899,214
1512550010570717,1512550010570933,1048576,32768,32,4854,216
1512550010581977,1512550010582193,1048576,32768,32,4854,216
1512550010593251,1512550010593467,1048576,32768,32,4854,216
1512550010604526,1512550010604744,1048576,32768,32,4809,218
1512550010615783,1512550010615998,1048576,32768,32,4877,215
1512550010627049,1512550010627263,1048576,32768,32,4899,214
1512550010638322,1512550010638538,1048576,32768,32,4854,216
1512550010649605,1512550010649822,1048576,32768,32,4832,217
1512550010660902,1512550010661120,1048576,32768,32,4809,218
1512550010672186,1512550010672401,1048576,32768,32,4877,215
1512550010683468,1512550010683684,1048576,32768,32,4854,216
1512550010694734,1512550010694950,1048576,32768,32,4854,216
1512550010705992,1512550010706208,1048576,32768,32,4854,216
1512550010717239,1512550010717452,1048576,32768,32,4922,213
1512550010728508,1512550010728723,1048576,32768,32,4877,215
1512550010739787,1512550010739994,1048576,32768,32,5065,207
1512550010751043,1512550010751257,1048576,32768,32,4899,214
1512550010762306,1512550010762521,1048576,32768,32,4877,215
1512550010773572,1512550010773787,1048576,32768,32,4877,215
1512550010784929,1512550010785145,1048576,32768,32,4854,216
1512550010796207,1512550010796422,1048576,32768,32,4877,215
1512550010807492,1512550010807709,1048576,32768,32,4832,217
1512550010818746,1512550010818962,1048576,32768,32,4854,216
1512550010830006,1512550010830222,1048576,32768,32,4854,216
1512550010841278,1512550010841494,1048576,32768,32,4854,216
1512550010852544,1512550010852761,1048576,32768,32,4832,217
1512550010863837,1512550010864044,1048576,32768,32,5065,207
1512550010875103,1512550010875319,1048576,32768,32,4854,216
1512550010886337,1512550010886552,1048576,32768,32,4877,215
1512550010897612,1512550010897827,1048576,32768,32,4877,215
1512550010908900,1512550010909115,1048576,32768,32,4877,215
1512550010920180,1512550010920395,1048576,32768,32,4877,215
1512550010931435,1512550010931650,1048576,32768,32,4877,215
1512550010942706,1512550010942921,1048576,32768,32,4877,215
1512550010953966,1512550010954182,1048576,32768,32,4854,216
1512550010965237,1512550010965453,1048576,32768,32,4854,216
1512550010976510,1512550010976727,1048576,32768,32,4832,217
1512550010987781,1512550010987997,1048576,32768,32,4854,216
1512550010999066,1512550010999282,1048576,32768,32,4854,216
1512550011010332,1512550011010547,1048576,32768,32,4877,215
1512550011021611,1512550011021828,1048576,32768,32,4832,217
1512550011032899,1512550011033116,1048576,32768,32,4832,217
1512550011044193,1512550011044411,1048576,32768,32,4809,218
1512550011055472,1512550011055690,1048576,32768,32,4809,218
1512550011066758,1512550011066974,1048576,32768,32,4854,216
1512550011078023,1512550011078240,1048576,32768,32,4832,217
1512550011089297,1512550011089512,1048576,32768,32,4877,215
1512550011100551,1512550011100759,1048576,32768,32,5041,208
1512550011111828,1512550011112044,1048576,32768,32,4854,216
1512550011123106,1512550011123312,1048576,32768,32,5090,206
1512550011134375,1512550011134591,1048576,32768,32,4854,216
1512550011145632,1512550011145849,1048576,32768,32,4832,217
1512550011156901,1512550011157117,1048576,32768,32,4854,216
1512550011168148,1512550011168364,1048576,32768,32,4854,216
1512550011179424,1512550011179640,1048576,32768,32,4854,216
1512550011190708,1512550011190923,1048576,32768,32,4877,215
1512550011201982,1512550011202197,1048576,32768,32,4877,215
1512550011213227,1512550011213442,1048576,32768,32,4877,215
1512550011224463,1512550011224677,1048576,32768,32,4899,214
1512550011235738,1512550011235954,1048576,32768,32,4854,216
1512550011247093,1512550011247308,1048576,32768,32,4877,215
1512550011258401,1512550011258614,1048576,32768,32,4922,213
1512550011269646,1512550011269863,1048576,32768,32,4832,217
1512550011280899,1512550011281113,1048576,32768,32,4899,214
1512550011292158,1512550011292373,1048576,32768,32,4877,215
1512550011303537,1512550011303754,1048576,32768,32,4832,217
1512550011314774,1512550011314989,1048576,32768,32,4877,215
1512550011326094,1512550011326311,1048576,32768,32,4832,217
1512550011337354,1512550011337566,1048576,32768,32,4946,212
1512550011348692,1512550011348905,1048576,32768,32,4922,213
1512550011359959,1512550011360176,1048576,32768,32,4832,217
1512550011371233,1512550011371446,1048576,32768,32,4922,213
1512550011382496,1512550011382712,1048576,32768,32,4854,216
1512550011393801,1512550011394016,1048576,32768,32,4877,215
1512550011405080,1512550011405295,1048576,32768,32,4877,215
1512550011416336,1512550011416549,1048576,32768,32,4922,213
1512550011427613,1512550011427828,1048576,32768,32,4877,215
1512550011438881,1512550011439097,1048576,32768,32,4854,216
1512550011450156,1512550011450368,1048576,32768,32,4946,212
1512550011461423,1512550011461638,1048576,32768,32,4877,215
1512550011472699,1512550011472915,1048576,32768,32,4854,216
1512550011483942,1512550011484157,1048576,32768,32,4877,215
1512550011495197,1512550011495408,1048576,32768,32,4969,211
1512550011506467,1512550011506673,1048576,32768,32,5090,206
1512550011517713,1512550011517926,1048576,32768,32,4922,213
1512550011528999,1512550011529212,1048576,32768,32,4922,213
1512550011540267,1512550011540483,1048576,32768,32,4854,216
1512550011551518,1512550011551733,1048576,32768,32,4877,215
1512550011562780,1512550011562993,1048576,32768,32,4922,213
1512550011574041,1512550011574255,1048576,32768,32,4899,214
1512550011585327,1512550011585542,1048576,32768,32,4877,215
1512550011596635,1512550011596842,1048576,32768,32,5065,207
1512550011607899,1512550011608113,1048576,32768,32,4899,214
1512550011619172,1512550011619390,1048576,32768,32,4809,218
1512550011630449,1512550011630665,1048576,32768,32,4854,216
1512550011641716,1512550011641930,1048576,32768,32,4899,214
1512550011652981,1512550011653192,1048576,32768,32,4969,211
1512550011664235,1512550011664450,1048576,32768,32,4877,215
1512550011675519,1512550011675735,1048576,32768,32,4854,216
1512550011686778,1512550011686992,1048576,32768,32,4899,214
1512550011698050,1512550011698267,1048576,32768,32,4832,217
1512550011709327,1512550011709543,1048576,32768,32,4854,216
1512550011720619,1512550011720835,1048576,32768,32,4854,216
1512550011731891,1512550011732106,1048576,32768,32,4877,215
1512550011743154,1512550011743368,1048576,32768,32,4899,214
1512550011754419,1512550011754633,1048576,32768,32,4899,214
1512550011765708,1512550011765913,1048576,32768,32,5115,205
1512550011776960,1512550011777174,1048576,32768,32,4899,214
1512550011788221,1512550011788434,1048576,32768,32,4922,213
1512550011799456,1512550011799670,1048576,32768,32,4899,214
1512550011810705,1512550011810920,1048576,32768,32,4877,215
1512550011821954,1512550011822168,1048576,32768,32,4899,214
1512550011833199,1512550011833413,1048576,32768,32,4899,214
1512550011844454,1512550011844671,1048576,32768,32,4832,217
1512550011855819,1512550011856033,1048576,32768,32,4899,214
1512550011867070,1512550011867285,1048576,32768,32,4877,215
1512550011878411,1512550011878625,1048576,32768,32,4899,214
1512550011889677,1512550011889883,1048576,32768,32,5090,206
1512550011900924,1512550011901138,1048576,32768,32,4899,214
1512550011912172,1512550011912387,1048576,32768,32,4877,215
1512550011923423,1512550011923639,1048576,32768,32,4854,216
1512550011934670,1512550011934883,1048576,32768,32,4922,213
1512550011945935,1512550011946149,1048576,32768,32,4899,214
1512550011957192,1512550011957407,1048576,32768,32,4877,215
1512550011968442,1512550011968658,1048576,32768,32,4854,216
1512550011979678,1512550011979893,1048576,32768,32,4877,215
1512550011990904,1512550011991117,1048576,32768,32,4922,213
1512550012002174,1512550012002387,1048576,32768,32,4922,213
1512550012013421,1512550012013636,1048576,32768,32,4877,215
1512550012024670,1512550012024883,1048576,32768,32,4922,213
1512550012035932,1512550012036147,1048576,32768,32,4877,215
1512550012047175,1512550012047389,1048576,32768,32,4899,214
1512550012058436,1512550012058652,1048576,32768,32,4854,216
1512550012069704,1512550012069920,1048576,32768,32,4854,216
1512550012080958,1512550012081173,1048576,32768,32,4877,215
1512550012092216,1512550012092429,1048576,32768,32,4922,213
1512550012103448,1512550012103663,1048576,32768,32,4877,215
1512550012114700,1512550012114916,1048576,32768,32,4854,216
1512550012125959,1512550012126173,1048576,32768,32,4899,214
1512550012137312,1512550012137528,1048576,32768,32,4854,216
1512550012148569,1512550012148776,1048576,32768,32,5065,207
1512550012159829,1512550012160041,1048576,32768,32,4946,212
1512550012171063,1512550012171280,1048576,32768,32,4832,217
1512550012182330,1512550012182547,1048576,32768,32,4832,217
1512550012193603,1512550012193818,1048576,32768,32,4877,215
1512550012204872,1512550012205085,1048576,32768,32,4922,213
1512550012216154,1512550012216368,1048576,32768,32,4899,214
1512550012227419,1512550012227633,1048576,32768,32,4899,214
1512550012238704,1512550012238919,1048576,32768,32,4877,215
1512550012249977,1512550012250190,1048576,32768,32,4922,213
1512550012261240,1512550012261455,1048576,32768,32,4877,215
1512550012272518,1512550012272725,1048576,32768,32,5065,207
1512550012283778,1512550012283992,1048576,32768,32,4899,214
1512550012295045,1512550012295257,1048576,32768,32,4946,212
1512550012306339,1512550012306551,1048576,32768,32,4946,212
1512550012317630,1512550012317847,1048576,32768,32,4832,217
1512550012328875,1512550012329088,1048576,32768,32,4922,213
1512550012340133,1512550012340348,1048576,32768,32,4877,215
1512550012351399,1512550012351614,1048576,32768,32,4877,215
1512550012362694,1512550012362909,1048576,32768,32,4877,215
1512550012373968,1512550012374182,1048576,32768,32,4899,214
1512550012385236,1512550012385450,1048576,32768,32,4899,214
1512550012396499,1512550012396715,1048576,32768,32,4854,216
1512550012407792,1512550012408008,1048576,32768,32,4854,216
1512550012419067,1512550012419273,1048576,32768,32,5090,206
1512550012430315,1512550012430529,1048576,32768,32,4899,214
1512550012441579,1512550012441795,1048576,32768,32,4854,216
1512550012452837,1512550012453051,1048576,32768,32,4899,214
1512550012464102,1512550012464320,1048576,32768,32,4809,218
1512550012475363,1512550012475577,1048576,32768,32,4899,214
1512550012486621,1512550012486837,1048576,32768,32,4854,216
1512550012497905,1512550012498120,1048576,32768,32,4877,215
1512550012509178,1512550012509392,1048576,32768,32,4899,214
1512550012520454,1512550012520669,1048576,32768,32,4877,215
1512550012531723,1512550012531928,1048576,32768,32,5115,205
1512550012542985,1512550012543199,1048576,32768,32,4899,214
1512550012554238,1512550012554453,1048576,32768,32,4877,215
1512550012565524,1512550012565740,1048576,32768,32,4854,216
1512550012576790,1512550012577004,1048576,32768,32,4899,214
1512550012588042,1512550012588258,1048576,32768,32,4854,216
1512550012599299,1512550012599505,1048576,32768,32,5090,206
1512550012610550,1512550012610765,1048576,32768,32,4877,215
1512550012621822,1512550012622037,1048576,32768,32,4877,215
1512550012633073,1512550012633288,1048576,32768,32,4877,215
1512550012644357,1512550012644570,1048576,32768,32,4922,213
1512550012655613,1512550012655833,1048576,32768,32,4766,220
1512550012666906,1512550012667120,1048576,32768,32,4899,214
1512550012678182,1512550012678397,1048576,32768,32,4877,215
1512550012689457,1512550012689673,1048576,32768,32,4854,216
1512550012700710,1512550012700924,1048576,32768,32,4899,214
1512550012711960,1512550012712176,1048576,32768,32,4854,216
1512550012723280,1512550012723493,1048576,32768,32,4922,213
1512550012734536,1512550012734752,1048576,32768,32,4854,216
1512550012745821,1512550012746036,1048576,32768,32,4877,215
1512550012757081,1512550012757294,1048576,32768,32,4922,213
1512550012768358,1512550012768573,1048576,32768,32,4877,215
1512550012779631,1512550012779847,1048576,32768,32,4854,216
1512550012790909,1512550012791122,1048576,32768,32,4922,213
1512550012802170,1512550012802385,1048576,32768,32,4877,215
1512550012813433,1512550012813647,1048576,32768,32,4899,214
1512550012824704,1512550012824919,1048576,32768,32,4877,215
1512550012835999,1512550012836214,1048576,32768,32,4877,215
1512550012847277,1512550012847490,1048576,32768,32,4922,213
1512550012858549,1512550012858765,1048576,32768,32,4854,216
1512550012869817,1512550012870031,1048576,32768,32,4899,214
1512550012881079,1512550012881294,1048576,32768,32,4877,215
1512550012892324,1512550012892539,1048576,32768,32,4877,215
1512550012903565,1512550012903778,1048576,32768,32,4922,213
1512550012914844,1512550012915051,1048576,32768,32,5065,207
1512550012926095,1512550012926308,1048576,32768,32,4922,213
1512550012937352,1512550012937569,1048576,32768,32,4832,217
1512550012948592,1512550012948809,1048576,32768,32,4832,217
1512550012959860,1512550012960075,1048576,32768,32,4877,215
1512550012971172,1512550012971389,1048576,32768,32,4832,217
1512550012982474,1512550012982693,1048576,32768,32,4788,219
1512550012993767,1512550012993984,1048576,32768,32,4832,217
1512550013005032,1512550013005247,1048576,32768,32,4877,215
1512550013016307,1512550013016525,1048576,32768,32,4809,218
1512550013027577,1512550013027791,1048576,32768,32,4899,214
1512550013038843,1512550013039059,1048576,32768,32,4854,216
1512550013050111,1512550013050327,1048576,32768,32,4854,216
1512550013061361,1512550013061573,1048576,32768,32,4946,212
1512550013072665,1512550013072881,1048576,32768,32,4854,216
1512550013083985,1512550013084199,1048576,32768,32,4899,214
1512550013095260,1512550013095478,1048576,32768,32,4809,218
1512550013106528,1512550013106745,1048576,32768,32,4832,217
1512550013117815,1512550013118032,1048576,32768,32,4832,217
1512550013129110,1512550013129326,1048576,32768,32,4854,216
1512550013140377,1512550013140593,1048576,32768,32,4854,216
1512550013151631,1512550013151846,1048576,32768,32,4877,215
1512550013162871,1512550013163087,1048576,32768,32,4854,216
1512550013174125,1512550013174332,1048576,32768,32,5065,207
1512550013185366,1512550013185581,1048576,32768,32,4877,215
1512550013196594,1512550013196810,1048576,32768,32,4854,216
1512550013207942,1512550013208156,1048576,32768,32,4899,214
1512550013219186,1512550013219402,1048576,32768,32,4854,216
1512550013230446,1512550013230663,1048576,32768,32,4832,217
1512550013241697,1512550013241911,1048576,32768,32,4899,214
1512550013252929,1512550013253145,1048576,32768,32,4854,216
1512550013264197,1512550013264412,1048576,32768,32,4877,215
1512550013275442,1512550013275660,1048576,32768,32,4809,218
1512550013286700,1512550013286915,1048576,32768,32,4877,215
1512550013297996,1512550013298204,1048576,32768,32,5041,208
1512550013309265,1512550013309482,1048576,32768,32,4832,217
1512550013320531,1512550013320749,1048576,32768,32,4809,218
1512550013331798,1512550013332015,1048576,32768,32,4832,217
1512550013343051,1512550013343268,1048576,32768,32,4832,217
1512550013354313,1512550013354527,1048576,32768,32,4899,214
1512550013365570,1512550013365787,1048576,32768,32,4832,217
1512550013376817,1512550013377033,1048576,32768,32,4854,216
1512550013388090,1512550013388304,1048576,32768,32,4899,214
1512550013399343,1512550013399559,1048576,32768,32,4854,216
1512550013410609,1512550013410826,1048576,32768,32,4832,217
1512550013421876,1512550013422088,1048576,32768,32,4946,212
1512550013433152,1512550013433368,1048576,32768,32,4854,216
1512550013444406,1512550013444622,1048576,32768,32,4854,216
1512550013455658,1512550013455872,1048576,32768,32,4899,214
1512550013466919,1512550013467134,1048576,32768,32,4877,215
1512550013478160,1512550013478377,1048576,32768,32,4832,217
1512550013489431,1512550013489646,1048576,32768,32,4877,215
1512550013500697,1512550013500910,1048576,32768,32,4922,213
1512550013511946,1512550013512163,1048576,32768,32,4832,217
1512550013523213,1512550013523430,1048576,32768,32,4832,217
1512550013534453,1512550013534670,1048576,32768,32,4832,217
1512550013545725,1512550013545941,1048576,32768,32,4854,216
1512550013556983,1512550013557191,1048576,32768,32,5041,208
1512550013568238,1512550013568455,1048576,32768,32,4832,217
1512550013579490,1512550013579707,1048576,32768,32,4832,217
1512550013590763,1512550013590980,1048576,32768,32,4832,217
1512550013602030,1512550013602247,1048576,32768,32,4832,217
1512550013613281,1512550013613495,1048576,32768,32,4899,214
1512550013624515,1512550013624734,1048576,32768,32,4788,219
1512550013635792,1512550013636008,1048576,32768,32,4854,216
1512550013647058,1512550013647274,1048576,32768,32,4854,216
1512550013658337,1512550013658553,1048576,32768,32,4854,216
1512550013669605,1512550013669820,1048576,32768,32,4877,215
1512550013680874,1512550013681081,1048576,32768,32,5065,207
1512550013692138,1512550013692354,1048576,32768,32,4854,216
1512550013703408,1512550013703624,1048576,32768,32,4854,216
1512550013714677,1512550013714894,1048576,32768,32,4832,217
1512550013725950,1512550013726166,1048576,32768,32,4854,216
1512550013737222,1512550013737438,1048576,32768,32,4854,216
1512550013748472,1512550013748690,1048576,32768,32,4809,218
1512550013759719,1512550013759935,1048576,32768,32,4854,216
1512550013770966,1512550013771182,1048576,32768,32,4854,216
1512550013782220,1512550013782436,1048576,32768,32,4854,216
1512550013793476,1512550013793694,1048576,32768,32,4809,218
1512550013804725,1512550013804940,1048576,32768,32,4877,215
1512550013815966,1512550013816186,1048576,32768,32,4766,220
1512550013827224,1512550013827440,1048576,32768,32,4854,216
1512550013838515,1512550013838729,1048576,32768,32,4899,214
1512550013849783,1512550013849999,1048576,32768,32,4854,216
1512550013861037,1512550013861252,1048576,32768,32,4877,215
1512550013872296,1512550013872512,1048576,32768,32,4854,216
1512550013883559,1512550013883776,1048576,32768,32,4832,217
1512550013894817,1512550013895032,1048576,32768,32,4877,215
1512550013906062,1512550013906276,1048576,32768,32,4899,214
1512550013917312,1512550013917526,1048576,32768,32,4899,214
1512550013928567,1512550013928784,1048576,32768,32,4832,217
1512550013939834,1512550013940041,1048576,32768,32,5065,207
1512550013951070,1512550013951286,1048576,32768,32,4854,216
1512550013962335,1512550013962551,1048576,32768,32,4854,216
1512550013973593,1512550013973809,1048576,32768,32,4854,216
1512550013984947,1512550013985161,1048576,32768,32,4899,214
1512550013996211,1512550013996429,1048576,32768,32,4809,218
1512550014007475,1512550014007693,1048576,32768,32,4809,218
1512550014018762,1512550014018977,1048576,32768,32,4877,215
1512550014030031,1512550014030247,1048576,32768,32,4854,216
1512550014041283,1512550014041499,1048576,32768,32,4854,216
1512550014052541,1512550014052756,1048576,32768,32,4877,215
1512550014063803,1512550014064011,1048576,32768,32,5041,208
1512550014075046,1512550014075264,1048576,32768,32,4809,218
1512550014086296,1512550014086512,1048576,32768,32,4854,216
1512550014097607,1512550014097825,1048576,32768,32,4809,218
1512550014108861,1512550014109076,1048576,32768,32,4877,215
1512550014120122,1512550014120340,1048576,32768,32,4809,218
1512550014131393,1512550014131609,1048576,32768,32,4854,216
1512550014142661,1512550014142875,1048576,32768,32,4899,214
1512550014153907,1512550014154126,1048576,32768,32,4788,219
1512550014165127,1512550014165344,1048576,32768,32,4832,217
1512550014176381,1512550014176597,1048576,32768,32,4854,216
1512550014187616,1512550014187832,1048576,32768,32,4854,216
1512550014198859,1512550014199065,1048576,32768,32,5090,206
1512550014210106,1512550014210324,1048576,32768,32,4809,218
1512550014221362,1512550014221569,1048576,32768,32,5065,207
1512550014232627,1512550014232846,1048576,32768,32,4788,219
1512550014243912,1512550014244128,1048576,32768,32,4854,216
1512550014255191,1512550014255407,1048576,32768,32,4854,216
1512550014266431,1512550014266635,1048576,32768,32,5140,204
1512550014277673,1512550014277891,1048576,32768,32,4809,218
1512550014288927,1512550014289143,1048576,32768,32,4854,216
1512550014300152,1512550014300365,1048576,32768,32,4922,213
1512550014311381,1512550014311598,1048576,32768,32,4832,217
1512550014322644,1512550014322859,1048576,32768,32,4877,215
1512550014333903,1512550014334118,1048576,32768,32,4877,215
1512550014345154,1512550014345362,1048576,32768,32,5041,208
1512550014356398,1512550014356614,1048576,32768,32,4854,216
1512550014367645,1512550014367861,1048576,32768,32,4854,216
1512550014378887,1512550014379104,1048576,32768,32,4832,217
1512550014390164,1512550014390380,1048576,32768,32,4854,216
1512550014401436,1512550014401651,1048576,32768,32,4877,215
1512550014412769,1512550014412984,1048576,32768,32,4877,215
1512550014424028,1512550014424243,1048576,32768,32,4877,215
1512550014435312,1512550014435526,1048576,32768,32,4899,214
1512550014446630,1512550014446846,1048576,32768,32,4854,216
1512550014457932,1512550014458139,1048576,32768,32,5065,207
1512550014469193,1512550014469400,1048576,32768,32,5065,207
1512550014480440,1512550014480658,1048576,32768,32,4809,218
1512550014491681,1512550014491896,1048576,32768,32,4877,215
1512550014502922,1512550014503138,1048576,32768,32,4854,216
1512550014514169,1512550014514385,1048576,32768,32,4854,216
1512550014525432,1512550014525649,1048576,32768,32,4832,217
1512550014536675,1512550014536890,1048576,32768,32,4877,215
1512550014547933,1512550014548149,1048576,32768,32,4854,216
1512550014559171,1512550014559385,1048576,32768,32,4899,214
1512550014570413,1512550014570628,1048576,32768,32,4877,215
1512550014581667,1512550014581882,1048576,32768,32,4877,215
1512550014592938,1512550014593145,1048576,32768,32,5065,207
1512550014604178,1512550014604395,1048576,32768,32,4832,217
1512550014615428,1512550014615644,1048576,32768,32,4854,216
1512550014626696,1512550014626913,1048576,32768,32,4832,217
1512550014637931,1512550014638148,1048576,32768,32,4832,217
1512550014649184,1512550014649400,1048576,32768,32,4854,216
1512550014660447,1512550014660664,1048576,32768,32,4832,217
1512550014671762,1512550014671970,1048576,32768,32,5041,208
1512550014683057,1512550014683273,1048576,32768,32,4854,216
1512550014694364,1512550014694579,1048576,32768,32,4877,215
1512550014705703,1512550014705919,1048576,32768,32,4854,216
1512550014716975,1512550014717192,1048576,32768,32,4832,217
1512550014728260,1512550014728476,1048576,32768,32,4854,216
1512550014739543,1512550014739760,1048576,32768,32,4832,217
1512550014750809,1512550014751022,1048576,32768,32,4922,213
1512550014762144,1512550014762352,1048576,32768,32,5041,208
1512550014773394,1512550014773610,1048576,32768,32,4854,216
1512550014784633,1512550014784850,1048576,32768,32,4832,217
1512550014795892,1512550014796099,1048576,32768,32,5065,207
1512550014807135,1512550014807350,1048576,32768,32,4877,215
1512550014818365,1512550014818583,1048576,32768,32,4809,218
1512550014829585,1512550014829803,1048576,32768,32,4809,218
1512550014840921,1512550014841138,1048576,32768,32,4832,217
1512550014852191,1512550014852408,1048576,32768,32,4832,217
1512550014863447,1512550014863663,1048576,32768,32,4854,216
1512550014874726,1512550014874940,1048576,32768,32,4899,214
1512550014885982,1512550014886198,1048576,32768,32,4854,216
1512550014897261,1512550014897474,1048576,32768,32,4922,213
1512550014908518,1512550014908735,1048576,32768,32,4832,217
1512550014919782,1512550014919998,1048576,32768,32,4854,216
1512550014931040,1512550014931256,1048576,32768,32,4854,216
1512550014942280,1512550014942495,1048576,32768,32,4877,215
1512550014953537,1512550014953757,1048576,32768,32,4766,220
1512550014964786,1512550014964993,1048576,32768,32,5065,207
1512550014976035,1512550014976250,1048576,32768,32,4877,215
1512550014987277,1512550014987495,1048576,32768,32,4809,218
1512550014998512,1512550014998730,1048576,32768,32,4809,218
1512550015009772,1512550015009988,1048576,32768,32,4854,216
1512550015021014,1512550015021230,1048576,32768,32,4854,216
1512550015032261,1512550015032478,1048576,32768,32,4832,217
1512550015043513,1512550015043722,1048576,32768,32,5017,209
1512550015054749,1512550015054966,1048576,32768,32,4832,217
1512550015065982,1512550015066197,1048576,32768,32,4877,215
1512550015077245,1512550015077453,1048576,32768,32,5041,208
1512550015088485,1512550015088704,1048576,32768,32,4788,219
1512550015099747,1512550015099954,1048576,32768,32,5065,207
1512550015111014,1512550015111231,1048576,32768,32,4832,217
1512550015122261,1512550015122477,1048576,32768,32,4854,216
1512550015133500,1512550015133717,1048576,32768,32,4832,217
1512550015144729,1512550015144944,1048576,32768,32,4877,215
1512550015155974,1512550015156190,1048576,32768,32,4854,216
1512550015167222,1512550015167438,1048576,32768,32,4854,216
1512550015178484,1512550015178700,1048576,32768,32,4854,216
1512550015189744,1512550015189960,1048576,32768,32,4854,216
1512550015200997,1512550015201213,1048576,32768,32,4854,216
1512550015212264,1512550015212480,1048576,32768,32,4854,216
1512550015223517,1512550015223733,1048576,32768,32,4854,216
1512550015234761,1512550015234977,1048576,32768,32,4854,216
1512550015246013,1512550015246230,1048576,32768,32,4832,217
1512550015257263,1512550015257478,1048576,32768,32,4877,215
1512550015268505,1512550015268723,1048576,32768,32,4809,218
1512550015279797,1512550015280014,1048576,32768,32,4832,217
1512550015291075,1512550015291292,1048576,32768,32,4832,217
1512550015302341,1512550015302557,1048576,32768,32,4854,216
1512550015313605,1512550015313814,1048576,32768,32,5017,209
1512550015324836,1512550015325051,1048576,32768,32,4877,215
1512550015336081,1512550015336297,1048576,32768,32,4854,216
1512550015347326,1512550015347543,1048576,32768,32,4832,217
1512550015358599,1512550015358817,1048576,32768,32,4809,218
1512550015369839,1512550015370056,1048576,32768,32,4832,217
1512550015381181,1512550015381396,1048576,32768,32,4877,215
1512550015392456,1512550015392674,1048576,32768,32,4809,218
1512550015403704,1512550015403921,1048576,32768,32,4832,217
1512550015414971,1512550015415188,1048576,32768,32,4832,217
1512550015426239,1512550015426458,1048576,32768,32,4788,219
1512550015437513,1512550015437728,1048576,32768,32,4877,215
1512550015448765,1512550015448982,1048576,32768,32,4832,217
1512550015460019,1512550015460235,1048576,32768,32,4854,216
1512550015471280,1512550015471497,1048576,32768,32,4832,217
1512550015482533,1512550015482751,1048576,32768,32,4809,218
1512550015493808,1512550015494025,1048576,32768,32,4832,217
1512550015505075,1512550015505283,1048576,32768,32,5041,208
1512550015516325,1512550015516539,1048576,32768,32,4899,214
1512550015527597,1512550015527813,1048576,32768,32,4854,216
1512550015538868,1512550015539088,1048576,32768,32,4766,220
1512550015550150,1512550015550367,1048576,32768,32,4832,217
1512550015561438,1512550015561647,1048576,32768,32,5017,209
1512550015572713,1512550015572921,1048576,32768,32,5041,208
1512550015583972,1512550015584190,1048576,32768,32,4809,218
1512550015595239,1512550015595447,1048576,32768,32,5041,208
1512550015606489,1512550015606706,1048576,32768,32,4832,217
1512550015617752,1512550015617969,1048576,32768,32,4832,217
1512550015629055,1512550015629271,1048576,32768,32,4854,216
1512550015640324,1512550015640540,1048576,32768,32,4854,216
1512550015651568,1512550015651783,1048576,32768,32,4877,215
1512550015662824,1512550015663040,1048576,32768,32,4854,216
1512550015674084,1512550015674301,1048576,32768,32,4832,217
1512550015685323,1512550015685539,1048576,32768,32,4854,216
1512550015696577,1512550015696784,1048576,32768,32,5065,207
1512550015707805,1512550015708022,1048576,32768,32,4832,217
1512550015719056,1512550015719272,1048576,32768,32,4854,216
1512550015730301,1512550015730518,1048576,32768,32,4832,217
1512550015741560,1512550015741777,1048576,32768,32,4832,217
1512550015752820,1512550015753037,1048576,32768,32,4832,217
1512550015764078,1512550015764295,1048576,32768,32,4832,217
1512550015775360,1512550015775576,1048576,32768,32,4854,216
1512550015786627,1512550015786846,1048576,32768,32,4788,219
1512550015797894,1512550015798109,1048576,32768,32,4877,215
1512550015809143,1512550015809358,1048576,32768,32,4877,215
1512550015820418,1512550015820633,1048576,32768,32,4877,215
1512550015831694,1512550015831909,1048576,32768,32,4877,215
1512550015842996,1512550015843211,1048576,32768,32,4877,215
1512550015854273,1512550015854489,1048576,32768,32,4854,216
1512550015865534,1512550015865752,1048576,32768,32,4809,218
1512550015876801,1512550015877017,1048576,32768,32,4854,216
1512550015888077,1512550015888294,1048576,32768,32,4832,217
1512550015899344,1512550015899560,1048576,32768,32,4854,216
1512550015910605,1512550015910820,1048576,32768,32,4877,215
1512550015921889,1512550015922103,1048576,32768,32,4899,214
1512550015933167,1512550015933382,1048576,32768,32,4877,215
1512550015944430,1512550015944644,1048576,32768,32,4899,214
1512550015955703,1512550015955910,1048576,32768,32,5065,207
1512550015966961,1512550015967175,1048576,32768,32,4899,214
1512550015978217,1512550015978433,1048576,32768,32,4854,216
1512550015989457,1512550015989672,1048576,32768,32,4877,215
1512550016000696,1512550016000915,1048576,32768,32,4788,219
1512550016011969,1512550016012186,1048576,32768,32,4832,217
1512550016023385,1512550016023602,1048576,32768,32,4832,217
1512550016034657,1512550016034872,1048576,32768,32,4877,215
1512550016045944,1512550016046160,1048576,32768,32,4854,216
1512550016057214,1512550016057429,1048576,32768,32,4877,215
1512550016068495,1512550016068713,1048576,32768,32,4809,218
1512550016079766,1512550016079973,1048576,32768,32,5065,207
1512550016090996,1512550016091210,1048576,32768,32,4899,214
1512550016102256,1512550016102473,1048576,32768,32,4832,217
1512550016113533,1512550016113749,1048576,32768,32,4854,216
1512550016124795,1512550016125012,1048576,32768,32,4832,217
1512550016136036,1512550016136251,1048576,32768,32,4877,215
1512550016147315,1512550016147530,1048576,32768,32,4877,215
1512550016158568,1512550016158784,1048576,32768,32,4854,216
1512550016169822,1512550016170036,1048576,32768,32,4899,214
1512550016181080,1512550016181295,1048576,32768,32,4877,215
1512550016192306,1512550016192523,1048576,32768,32,4832,217
1512550016203540,1512550016203756,1048576,32768,32,4854,216
1512550016214817,1512550016215033,1048576,32768,32,4854,216
1512550016226088,1512550016226304,1048576,32768,32,4854,216
1512550016237334,1512550016237549,1048576,32768,32,4877,215
1512550016248599,1512550016248814,1048576,32768,32,4877,215
1512550016259846,1512550016260061,1048576,32768,32,4877,215
1512550016271105,1512550016271320,1048576,32768,32,4877,215
1512550016282370,1512550016282584,1048576,32768,32,4899,214
1512550016293644,1512550016293859,1048576,32768,32,4877,215
1512550016304897,1512550016305112,1048576,32768,32,4877,215
1512550016316144,1512550016316359,1048576,32768,32,4877,215
1512550016327402,1512550016327618,1048576,32768,32,4854,216
1512550016338683,1512550016338890,1048576,32768,32,5065,207
1512550016349936,1512550016350150,1048576,32768,32,4899,214
1512550016361197,1512550016361411,1048576,32768,32,4899,214
1512550016372533,1512550016372749,1048576,32768,32,4854,216
1512550016383775,1512550016383991,1048576,32768,32,4854,216
1512550016395016,1512550016395232,1048576,32768,32,4854,216
1512550016406257,1512550016406471,1048576,32768,32,4899,214
1512550016417490,1512550016417707,1048576,32768,32,4832,217
1512550016428737,1512550016428952,1048576,32768,32,4877,215
1512550016440012,1512550016440224,1048576,32768,32,4946,212
1512550016451270,1512550016451486,1048576,32768,32,4854,216
1512550016462527,1512550016462741,1048576,32768,32,4899,214
1512550016473798,1512550016474014,1048576,32768,32,4854,216
1512550016485056,1512550016485273,1048576,32768,32,4832,217
1512550016496324,1512550016496538,1048576,32768,32,4899,214
1512550016507603,1512550016507820,1048576,32768,32,4832,217
1512550016518880,1512550016519087,1048576,32768,32,5065,207
1512550016530144,1512550016530359,1048576,32768,32,4877,215
1512550016541415,1512550016541630,1048576,32768,32,4877,215
1512550016552696,1512550016552910,1048576,32768,32,4899,214
1512550016563949,1512550016564165,1048576,32768,32,4854,216
1512550016575207,1512550016575422,1048576,32768,32,4877,215
1512550016586492,1512550016586709,1048576,32768,32,4832,217
1512550016597772,1512550016597977,1048576,32768,32,5115,205
1512550016609047,1512550016609263,1048576,32768,32,4854,216
1512550016620329,1512550016620544,1048576,32768,32,4877,215
1512550016631626,1512550016631843,1048576,32768,32,4832,217
1512550016642920,1512550016643135,1048576,32768,32,4877,215
1512550016654189,1512550016654405,1048576,32768,32,4854,216
1512550016665446,1512550016665663,1048576,32768,32,4832,217
1512550016676710,1512550016676926,1048576,32768,32,4854,216
1512550016687956,1512550016688172,1048576,32768,32,4854,216
1512550016699228,1512550016699443,1048576,32768,32,4877,215
1512550016710498,1512550016710713,1048576,32768,32,4877,215
1512550016721768,1512550016721975,1048576,32768,32,5065,207
1512550016733037,1512550016733253,1048576,32768,32,4854,216
1512550016744307,1512550016744522,1048576,32768,32,4877,215
1512550016755557,1512550016755773,1048576,32768,32,4854,216
1512550016766821,1512550016767037,1048576,32768,32,4854,216
1512550016778072,1512550016778287,1048576,32768,32,4877,215
1512550016789345,1512550016789558,1048576,32768,32,4922,213
1512550016800584,1512550016800801,1048576,32768,32,4832,217
1512550016811833,1512550016812048,1048576,32768,32,4877,215
1512550016823096,1512550016823311,1048576,32768,32,4877,215
1512550016834349,1512550016834564,1048576,32768,32,4877,215
1512550016845608,1512550016845826,1048576,32768,32,4809,218
1512550016856899,1512550016857114,1048576,32768,32,4877,215
1512550016868175,1512550016868389,1048576,32768,32,4899,214
1512550016879435,1512550016879650,1048576,32768,32,4877,215
1512550016890680,1512550016890894,1048576,32768,32,4899,214
1512550016901960,1512550016902174,1048576,32768,32,4899,214
1512550016913250,1512550016913465,1048576,32768,32,4877,215
1512550016924531,1512550016924747,1048576,32768,32,4854,216
1512550016935796,1512550016936014,1048576,32768,32,4809,218
1512550016947075,1512550016947290,1048576,32768,32,4877,215
1512550016958345,1512550016958561,1048576,32768,32,4854,216
1512550016969628,1512550016969842,1048576,32768,32,4899,214
1512550016980874,1512550016981081,1048576,32768,32,5065,207
1512550016992125,1512550016992341,1048576,32768,32,4854,216
1512550017003383,1512550017003598,1048576,32768,32,4877,215
1512550017014639,1512550017014856,1048576,32768,32,4832,217
1512550017025911,1512550017026126,1048576,32768,32,4877,215
1512550017037185,1512550017037400,1048576,32768,32,4877,215
1512550017048453,1512550017048669,1048576,32768,32,4854,216
1512550017059729,1512550017059945,1048576,32768,32,4854,216
1512550017071040,1512550017071256,1048576,32768,32,4854,216
1512550017082333,1512550017082550,1048576,32768,32,4832,217
1512550017093588,1512550017093805,1048576,32768,32,4832,217
1512550017104895,1512550017105102,1048576,32768,32,5065,207
1512550017116174,1512550017116392,1048576,32768,32,4809,218
1512550017127435,1512550017127648,1048576,32768,32,4922,213
1512550017138678,1512550017138894,1048576,32768,32,4854,216
1512550017149938,1512550017150153,1048576,32768,32,4877,215
1512550017161199,1512550017161415,1048576,32768,32,4854,216
1512550017172465,1512550017172682,1048576,32768,32,4832,217
1512550017183730,1512550017183945,1048576,32768,32,4877,215
1512550017194990,1512550017195206,1048576,32768,32,4854,216
1512550017206347,1512550017206563,1048576,32768,32,4854,216
1512550017217593,1512550017217810,1048576,32768,32,4832,217
1512550017228817,1512550017229032,1048576,32768,32,4877,215
1512550017240095,1512550017240311,1048576,32768,32,4854,216
1512550017251336,1512550017251550,1048576,32768,32,4899,214
1512550017262572,1512550017262789,1048576,32768,32,4832,217
1512550017273802,1512550017274019,1048576,32768,32,4832,217
1512550017285076,1512550017285283,1048576,32768,32,5065,207
1512550017296342,1512550017296558,1048576,32768,32,4854,216
1512550017307595,1512550017307811,1048576,32768,32,4854,216
1512550017318874,1512550017319088,1048576,32768,32,4899,214
1512550017330125,1512550017330340,1048576,32768,32,4877,215
1512550017341391,1512550017341605,1048576,32768,32,4899,214
1512550017352634,1512550017352850,1048576,32768,32,4854,216
1512550017363883,1512550017364089,1048576,32768,32,5090,206
1512550017375136,1512550017375352,1048576,32768,32,4854,216
1512550017386404,1512550017386620,1048576,32768,32,4854,216
1512550017397681,1512550017397896,1048576,32768,32,4877,215
1512550017408950,1512550017409166,1048576,32768,32,4854,216
1512550017420214,1512550017420429,1048576,32768,32,4877,215
1512550017431479,1512550017431696,1048576,32768,32,4832,217
1512550017442752,1512550017442966,1048576,32768,32,4899,214
1512550017454031,1512550017454246,1048576,32768,32,4877,215
1512550017465291,1512550017465507,1048576,32768,32,4854,216
1512550017476566,1512550017476782,1048576,32768,32,4854,216
1512550017487838,1512550017488046,1048576,32768,32,5041,208
1512550017499103,1512550017499318,1048576,32768,32,4877,215
1512550017510377,1512550017510593,1048576,32768,32,4854,216
1512550017521696,1512550017521912,1048576,32768,32,4854,216
1512550017532940,1512550017533156,1048576,32768,32,4854,216
1512550017544193,1512550017544409,1048576,32768,32,4854,216
1512550017555437,1512550017555652,1048576,32768,32,4877,215
1512550017566705,1512550017566922,1048576,32768,32,4832,217
1512550017577967,1512550017578183,1048576,32768,32,4854,216
1512550017589228,1512550017589444,1048576,32768,32,4854,216
1512550017600482,1512550017600691,1048576,32768,32,5017,209
1512550017611801,1512550017612017,1048576,32768,32,4854,216
1512550017623063,1512550017623279,1048576,32768,32,4854,216
1512550017634305,1512550017634520,1048576,32768,32,4877,215
1512550017645536,1512550017645751,1048576,32768,32,4877,215
1512550017656787,1512550017657003,1048576,32768,32,4854,216
1512550017668025,1512550017668240,1048576,32768,32,4877,215
1512550017679259,1512550017679475,1048576,32768,32,4854,216
1512550017690535,1512550017690752,1048576,32768,32,4832,217
1512550017701805,1512550017702022,1048576,32768,32,4832,217
1512550017713058,1512550017713273,1048576,32768,32,4877,215
1512550017724293,1512550017724508,1048576,32768,32,4877,215
1512550017735553,1512550017735770,1048576,32768,32,4832,217
1512550017746799,1512550017747005,1048576,32768,32,5090,206
1512550017758036,1512550017758251,1048576,32768,32,4877,215
1512550017769265,1512550017769478,1048576,32768,32,4922,213
1512550017780520,1512550017780737,1048576,32768,32,4832,217
1512550017791759,1512550017791976,1048576,32768,32,4832,217
1512550017803000,1512550017803216,1048576,32768,32,4854,216
1512550017814251,1512550017814467,1048576,32768,32,4854,216
1512550017825498,1512550017825713,1048576,32768,32,4877,215
1512550017836746,1512550017836962,1048576,32768,32,4854,216
1512550017847999,1512550017848214,1048576,32768,32,4877,215
1512550017859269,1512550017859485,1048576,32768,32,4854,216
1512550017870525,1512550017870742,1048576,32768,32,4832,217
1512550017881783,1512550017881998,1048576,32768,32,4877,215
1512550017893048,1512550017893263,1048576,32768,32,4877,215
1512550017904313,1512550017904529,1048576,32768,32,4854,216
1512550017915583,1512550017915800,1048576,32768,32,4832,217
1512550017926872,1512550017927087,1048576,32768,32,4877,215
1512550017938129,1512550017938345,1048576,32768,32,4854,216
1512550017949405,1512550017949619,1048576,32768,32,4899,214
1512550017960679,1512550017960895,1048576,32768,32,4854,216
1512550017971951,1512550017972166,1048576,32768,32,4877,215
1512550017983206,1512550017983421,1048576,32768,32,4877,215
1512550017994449,1512550017994665,1048576,32768,32,4854,216
1512550018005704,1512550018005909,1048576,32768,32,5115,205
1512550018016971,1512550018017185,1048576,32768,32,4899,214
1512550018028229,1512550018028445,1048576,32768,32,4854,216
1512550018039478,1512550018039695,1048576,32768,32,4832,217
1512550018050745,1512550018050961,1048576,32768,32,4854,216
1512550018062019,1512550018062233,1048576,32768,32,4899,214
1512550018073266,1512550018073481,1048576,32768,32,4877,215
1512550018084509,1512550018084724,1048576,32768,32,4877,215
1512550018095848,1512550018096062,1048576,32768,32,4899,214
1512550018107082,1512550018107297,1048576,32768,32,4877,215
1512550018118321,1512550018118536,1048576,32768,32,4877,215
1512550018129573,1512550018129779,1048576,32768,32,5090,206
1512550018140802,1512550018141017,1048576,32768,32,4877,215
1512550018152083,1512550018152298,1048576,32768,32,4877,215
1512550018163339,1512550018163554,1048576,32768,32,4877,215
1512550018174604,1512550018174820,1048576,32768,32,4854,216
1512550018185858,1512550018186072,1048576,32768,32,4899,214
1512550018197114,1512550018197329,1048576,32768,32,4877,215
1512550018208363,1512550018208578,1048576,32768,32,4877,215
1512550018219630,1512550018219845,1048576,32768,32,4877,215
1512550018230896,1512550018231112,1048576,32768,32,4854,216
1512550018242166,1512550018242382,1048576,32768,32,4854,216
1512550018253424,1512550018253638,1048576,32768,32,4899,214
1512550018264675,1512550018264890,1048576,32768,32,4877,215
1512550018275967,1512550018276184,1048576,32768,32,4832,217
1512550018287258,1512550018287474,1048576,32768,32,4854,216
1512550018298533,1512550018298748,1048576,32768,32,4877,215
1512550018309825,1512550018310041,1048576,32768,32,4854,216
1512550018321082,1512550018321297,1048576,32768,32,4877,215
1512550018332443,1512550018332661,1048576,32768,32,4809,218
1512550018343717,1512550018343934,1048576,32768,32,4832,217
1512550018354991,1512550018355206,1048576,32768,32,4877,215
1512550018366304,1512550018366517,1048576,32768,32,4922,213
1512550018377588,1512550018377805,1048576,32768,32,4832,217
1512550018388878,1512550018389085,1048576,32768,32,5065,207
1512550018400155,1512550018400366,1048576,32768,32,4969,211
1512550018411409,1512550018411624,1048576,32768,32,4877,215
1512550018422686,1512550018422901,1048576,32768,32,4877,215
1512550018433948,1512550018434163,1048576,32768,32,4877,215
1512550018445201,1512550018445416,1048576,32768,32,4877,215
1512550018456463,1512550018456678,1048576,32768,32,4877,215
1512550018467723,1512550018467939,1048576,32768,32,4854,216
1512550018478980,1512550018479195,1048576,32768,32,4877,215
1512550018490229,1512550018490443,1048576,32768,32,4899,214
1512550018501488,1512550018501704,1048576,32768,32,4854,216
1512550018512757,1512550018512963,1048576,32768,32,5090,206
1512550018524003,1512550018524215,1048576,32768,32,4946,212
1512550018535253,1512550018535469,1048576,32768,32,4854,216
1512550018546490,1512550018546706,1048576,32768,32,4854,216
1512550018557778,1512550018557994,1048576,32768,32,4854,216
1512550018569066,1512550018569279,1048576,32768,32,4922,213
1512550018580357,1512550018580573,1048576,32768,32,4854,216
1512550018591631,1512550018591847,1048576,32768,32,4854,216
1512550018602912,1512550018603128,1048576,32768,32,4854,216
1512550018614218,1512550018614432,1048576,32768,32,4899,214
1512550018625476,1512550018625693,1048576,32768,32,4832,217
1512550018636722,1512550018636937,1048576,32768,32,4877,215
1512550018648014,1512550018648229,1048576,32768,32,4877,215
1512550018659297,1512550018659512,1048576,32768,32,4877,215
1512550018670575,1512550018670792,1048576,32768,32,4832,217
1512550018681861,1512550018682076,1048576,32768,32,4877,215
1512550018693137,1512550018693352,1048576,32768,32,4877,215
1512550018704529,1512550018704744,1048576,32768,32,4877,215
1512550018715776,1512550018715992,1048576,32768,32,4854,216
1512550018727034,1512550018727250,1048576,32768,32,4854,216
1512550018738288,1512550018738503,1048576,32768,32,4877,215
1512550018749543,1512550018749759,1048576,32768,32,4854,216
1512550018760796,1512550018761013,1048576,32768,32,4832,217
1512550018772065,1512550018772271,1048576,32768,32,5090,206
1512550018783327,1512550018783544,1048576,32768,32,4832,217
1512550018794594,1512550018794808,1048576,32768,32,4899,214
1512550018805840,1512550018806053,1048576,32768,32,4922,213
1512550018817191,1512550018817406,1048576,32768,32,4877,215
1512550018828446,1512550018828663,1048576,32768,32,4832,217
1512550018839706,1512550018839921,1048576,32768,32,4877,215
1512550018850961,1512550018851175,1048576,32768,32,4899,214
1512550018862215,1512550018862428,1048576,32768,32,4922,213
1512550018873466,1512550018873682,1048576,32768,32,4854,216
1512550018884715,1512550018884931,1048576,32768,32,4854,216
1512550018895953,1512550018896160,1048576,32768,32,5065,207
1512550018907200,1512550018907415,1048576,32768,32,4877,215
1512550018918466,1512550018918682,1048576,32768,32,4854,216
1512550018929753,1512550018929970,1048576,32768,32,4832,217
1512550018941030,1512550018941247,1048576,32768,32,4832,217
1512550018952294,1512550018952509,1048576,32768,32,4877,215
1512550018963581,1512550018963797,1048576,32768,32,4854,216
1512550018974859,1512550018975075,1048576,32768,32,4854,216
1512550018986152,1512550018986368,1048576,32768,32,4854,216
1512550018997427,1512550018997643,1048576,32768,32,4854,216
1512550019008717,1512550019008932,1048576,32768,32,4877,215
1512550019020004,1512550019020220,1048576,32768,32,4854,216
1512550019031290,1512550019031506,1048576,32768,32,4854,216
1512550019042569,1512550019042785,1048576,32768,32,4854,216
1512550019053844,1512550019054059,1048576,32768,32,4877,215
1512550019065137,1512550019065352,1048576,32768,32,4877,215
1512550019076451,1512550019076666,1048576,32768,32,4877,215
1512550019087753,1512550019087969,1048576,32768,32,4854,216
1512550019099074,1512550019099280,1048576,32768,32,5090,206
1512550019110408,1512550019110621,1048576,32768,32,4922,213
1512550019121657,1512550019121871,1048576,32768,32,4899,214
1512550019132935,1512550019133150,1048576,32768,32,4877,215
1512550019144199,1512550019144414,1048576,32768,32,4877,215
1512550019155448,1512550019155656,1048576,32768,32,5041,208
1512550019166705,1512550019166920,1048576,32768,32,4877,215
1512550019177943,1512550019178157,1048576,32768,32,4899,214
1512550019189205,1512550019189419,1048576,32768,32,4899,214
1512550019200471,1512550019200688,1048576,32768,32,4832,217
1512550019211746,1512550019211962,1048576,32768,32,4854,216
1512550019223000,1512550019223215,1048576,32768,32,4877,215
1512550019234264,1512550019234481,1048576,32768,32,4832,217
1512550019245505,1512550019245723,1048576,32768,32,4809,218
1512550019256760,1512550019256975,1048576,32768,32,4877,215
1512550019268014,1512550019268229,1048576,32768,32,4877,215
1512550019279256,1512550019279472,1048576,32768,32,4854,216
1512550019290524,1512550019290740,1048576,32768,32,4854,216
1512550019301762,1512550019301976,1048576,32768,32,4899,214
1512550019313023,1512550019313238,1048576,32768,32,4877,215
1512550019324303,1512550019324518,1048576,32768,32,4877,215
1512550019335552,1512550019335769,1048576,32768,32,4832,217
1512550019346806,1512550019347022,1048576,32768,32,4854,216
1512550019358045,1512550019358260,1048576,32768,32,4877,215
1512550019369279,1512550019369493,1048576,32768,32,4899,214
1512550019380530,1512550019380744,1048576,32768,32,4899,214
1512550019391782,1512550019391997,1048576,32768,32,4877,215
1512550019403049,1512550019403264,1048576,32768,32,4877,215
1512550019414322,1512550019414529,1048576,32768,32,5065,207
1512550019425586,1512550019425801,1048576,32768,32,4877,215
1512550019436848,1512550019437064,1048576,32768,32,4854,216
1512550019448124,1512550019448340,1048576,32768,32,4854,216
1512550019459394,1512550019459609,1048576,32768,32,4877,215
1512550019470677,1512550019470892,1048576,32768,32,4877,215
1512550019481956,1512550019482170,1048576,32768,32,4899,214
1512550019493210,1512550019493425,1048576,32768,32,4877,215
1512550019504473,1512550019504689,1048576,32768,32,4854,216
1512550019515730,1512550019515945,1048576,32768,32,4877,215
1512550019527009,1512550019527224,1048576,32768,32,4877,215
1512550019538357,1512550019538564,1048576,32768,32,5065,207
1512550019549621,1512550019549837,1048576,32768,32,4854,216
1512550019560898,1512550019561114,1048576,32768,32,4854,216
1512550019572244,1512550019572459,1048576,32768,32,4877,215
1512550019583502,1512550019583719,1048576,32768,32,4832,217
1512550019594763,1512550019594969,1048576,32768,32,5090,206
1512550019606028,1512550019606244,1048576,32768,32,4854,216
1512550019617297,1512550019617513,1048576,32768,32,4854,216
1512550019628555,1512550019628772,1048576,32768,32,4832,217
1512550019639829,1512550019640043,1048576,32768,32,4899,214
1512550019651080,1512550019651294,1048576,32768,32,4899,214
1512550019662348,1512550019662563,1048576,32768,32,4877,215
1512550019673627,1512550019673843,1048576,32768,32,4854,216
1512550019684917,1512550019685134,1048576,32768,32,4832,217
1512550019696200,1512550019696416,1048576,32768,32,4854,216
1512550019707476,1512550019707691,1048576,32768,32,4877,215
1512550019718747,1512550019718960,1048576,32768,32,4922,213
1512550019730002,1512550019730217,1048576,32768,32,4877,215
1512550019741278,1512550019741494,1048576,32768,32,4854,216
1512550019752550,1512550019752765,1048576,32768,32,4877,215
1512550019763798,1512550019764012,1048576,32768,32,4899,214
1512550019775090,1512550019775305,1048576,32768,32,4877,215
1512550019786362,1512550019786578,1048576,32768,32,4854,216
1512550019797633,1512550019797842,1048576,32768,32,5017,209
1512550019808885,1512550019809100,1048576,32768,32,4877,215
1512550019820171,1512550019820388,1048576,32768,32,4832,217
1512550019831428,1512550019831642,1048576,32768,32,4899,214
1512550019842703,1512550019842919,1048576,32768,32,4854,216
1512550019853961,1512550019854177,1048576,32768,32,4854,216
1512550019865224,1512550019865439,1048576,32768,32,4877,215
1512550019876480,1512550019876696,1048576,32768,32,4854,216
1512550019887724,1512550019887940,1048576,32768,32,4854,216
1512550019898970,1512550019899187,1048576,32768,32,4832,217
1512550019910219,1512550019910433,1048576,32768,32,4899,214
1512550019921475,1512550019921682,1048576,32768,32,5065,207
1512550019932712,1512550019932924,1048576,32768,32,4946,212
1512550019943953,1512550019944167,1048576,32768,32,4899,214
1512550019955206,1512550019955421,1048576,32768,32,4877,215
1512550019966471,1512550019966686,1048576,32768,32,4877,215
1512550019977744,1512550019977957,1048576,32768,32,4922,213
1512550019988988,1512550019989200,1048576,32768,32,4946,212
1512550020000372,1512550020000696,1048576,32768,32,3236,324
1512550020014370,1512550020014583,1048576,32768,32,4922,213
1512550020025673,1512550020025889,1048576,32768,32,4854,216
1512550020036962,1512550020037174,1048576,32768,32,4946,212
1512550020048237,1512550020048444,1048576,32768,32,5065,207
1512550020059484,1512550020059703,1048576,32768,32,4788,219
1512550020070753,1512550020070969,1048576,32768,32,4854,216
1512550020082016,1512550020082231,1048576,32768,32,4877,215
1512550020093278,1512550020093493,1048576,32768,32,4877,215
1512550020104580,1512550020104795,1048576,32768,32,4877,215
1512550020115872,1512550020116078,1048576,32768,32,5090,206
1512550020127149,1512550020127356,1048576,32768,32,5065,207
1512550020138425,1512550020138638,1048576,32768,32,4922,213
1512550020149691,1512550020149907,1048576,32768,32,4854,216
1512550020160964,1512550020161171,1048576,32768,32,5065,207
1512550020172213,1512550020172427,1048576,32768,32,4899,214
1512550020183473,1512550020183690,1048576,32768,32,4832,217
1512550020194730,1512550020194942,1048576,32768,32,4946,212
1512550020205985,1512550020206199,1048576,32768,32,4899,214
1512550020217244,1512550020217459,1048576,32768,32,4877,215
1512550020228498,1512550020228716,1048576,32768,32,4809,218
1512550020239770,1512550020239987,1048576,32768,32,4832,217
1512550020251085,1512550020251301,1048576,32768,32,4854,216
1512550020262343,1512550020262559,1048576,32768,32,4854,216
1512550020273625,1512550020273841,1048576,32768,32,4854,216
1512550020284903,1512550020285118,1048576,32768,32,4877,215
1512550020296181,1512550020296395,1048576,32768,32,4899,214
1512550020307453,1512550020307661,1048576,32768,32,5041,208
1512550020318778,1512550020318994,1048576,32768,32,4854,216
1512550020330025,1512550020330241,1048576,32768,32,4854,216
1512550020341282,1512550020341495,1048576,32768,32,4922,213
1512550020352537,1512550020352755,1048576,32768,32,4809,218
1512550020363797,1512550020364012,1048576,32768,32,4877,215
1512550020375135,1512550020375350,1048576,32768,32,4877,215
1512550020386396,1512550020386613,1048576,32768,32,4832,217
1512550020397655,1512550020397869,1048576,32768,32,4899,214
1512550020408913,1512550020409127,1048576,32768,32,4899,214
1512550020420196,1512550020420409,1048576,32768,32,4922,213
1512550020431441,1512550020431658,1048576,32768,32,4832,217
1512550020442698,1512550020442912,1048576,32768,32,4899,214
1512550020453960,1512550020454174,1048576,32768,32,4899,214
1512550020465257,1512550020465473,1048576,32768,32,4854,216
1512550020476519,1512550020476735,1048576,32768,32,4854,216
1512550020487804,1512550020488019,1048576,32768,32,4877,215
1512550020499089,1512550020499304,1048576,32768,32,4877,215
1512550020510357,1512550020510572,1048576,32768,32,4877,215
1512550020521629,1512550020521844,1048576,32768,32,4877,215
1512550020532896,1512550020533110,1048576,32768,32,4899,214
1512550020544189,1512550020544404,1048576,32768,32,4877,215
1512550020555453,1512550020555670,1048576,32768,32,4832,217
1512550020566743,1512550020566957,1048576,32768,32,4899,214
1512550020578059,1512550020578273,1048576,32768,32,4899,214
1512550020589358,1512550020589573,1048576,32768,32,4877,215
1512550020600659,1512550020600872,1048576,32768,32,4922,213
1512550020611923,1512550020612127,1048576,32768,32,5140,204
1512550020623163,1512550020623378,1048576,32768,32,4877,215
1512550020634443,1512550020634660,1048576,32768,32,4832,217
1512550020645711,1512550020645925,1048576,32768,32,4899,214
1512550020656968,1512550020657179,1048576,32768,32,4969,211
1512550020668280,1512550020668494,1048576,32768,32,4899,214
1512550020679532,1512550020679748,1048576,32768,32,4854,216
1512550020690799,1512550020691005,1048576,32768,32,5090,206
1512550020702061,1512550020702276,1048576,32768,32,4877,215
1512550020713310,1512550020713525,1048576,32768,32,4877,215
1512550020724551,1512550020724767,1048576,32768,32,4854,216
1512550020735848,1512550020736063,1048576,32768,32,4877,215
1512550020747108,1512550020747323,1048576,32768,32,4877,215
1512550020758371,1512550020758586,1048576,32768,32,4877,215
1512550020769620,1512550020769837,1048576,32768,32,4832,217
1512550020780897,1512550020781113,1048576,32768,32,4854,216
1512550020792162,1512550020792376,1048576,32768,32,4899,214
1512550020803432,1512550020803647,1048576,32768,32,4877,215
1512550020814699,1512550020814914,1048576,32768,32,4877,215
1512550020825966,1512550020826181,1048576,32768,32,4877,215
1512550020837248,1512550020837465,1048576,32768,32,4832,217
1512550020848524,1512550020848739,1048576,32768,32,4877,215
1512550020859775,1512550020859990,1048576,32768,32,4877,215
1512550020871023,1512550020871238,1048576,32768,32,4877,215
1512550020882296,1512550020882512,1048576,32768,32,4854,216
1512550020893557,1512550020893773,1048576,32768,32,4854,216
1512550020904836,1512550020905048,1048576,32768,32,4946,212
1512550020916099,1512550020916314,1048576,32768,32,4877,215
1512550020927362,1512550020927578,1048576,32768,32,4854,216
1512550020938630,1512550020938847,1048576,32768,32,4832,217
1512550020949885,1512550020950100,1048576,32768,32,4877,215
1512550020961136,1512550020961353,1048576,32768,32,4832,217
1512550020972404,1512550020972617,1048576,32768,32,4922,213
1512550020983664,1512550020983879,1048576,32768,32,4877,215
1512550020994937,1512550020995152,1048576,32768,32,4877,215
1512550021006186,1512550021006402,1048576,32768,32,4854,216
1512550021017429,1512550021017644,1048576,32768,32,4877,215
1512550021028695,1512550021028909,1048576,32768,32,4899,214
1512550021039974,1512550021040191,1048576,32768,32,4832,217
1512550021051245,1512550021051460,1048576,32768,32,4877,215
1512550021062516,1512550021062733,1048576,32768,32,4832,217
1512550021073793,1512550021073998,1048576,32768,32,5115,205
1512550021085052,1512550021085267,1048576,32768,32,4877,215
1512550021096315,1512550021096530,1048576,32768,32,4877,215
1512550021107558,1512550021107774,1048576,32768,32,4854,216
1512550021118801,1512550021119017,1048576,32768,32,4854,216
1512550021130074,1512550021130288,1048576,32768,32,4899,214
1512550021141358,1512550021141572,1048576,32768,32,4899,214
1512550021152670,1512550021152886,1048576,32768,32,4854,216
1512550021163968,1512550021164183,1048576,32768,32,4877,215
1512550021175233,1512550021175446,1048576,32768,32,4922,213
1512550021186493,1512550021186708,1048576,32768,32,4877,215
1512550021197759,1512550021197974,1048576,32768,32,4877,215
1512550021209005,1512550021209219,1048576,32768,32,4899,214
1512550021220250,1512550021220464,1048576,32768,32,4899,214
1512550021231516,1512550021231733,1048576,32768,32,4832,217
1512550021242760,1512550021242975,1048576,32768,32,4877,215
1512550021254028,1512550021254234,1048576,32768,32,5090,206
1512550021265295,1512550021265510,1048576,32768,32,4877,215
1512550021276553,1512550021276769,1048576,32768,32,4854,216
1512550021287827,1512550021288042,1048576,32768,32,4877,215
1512550021299091,1512550021299306,1048576,32768,32,4877,215
