1512584358680193,1512584358704234,10485760,327680,32,436,24041
1512584358778720,1512584358800358,10485760,327680,32,484,21638
1512584358874469,1512584358896027,10485760,327680,32,486,21558
1512584358970101,1512584358991725,10485760,327680,32,484,21624
1512584359065838,1512584359087485,10485760,327680,32,484,21647
1512584359161613,1512584359183213,10485760,327680,32,485,21600
1512584359256789,1512584359278209,10485760,327680,32,489,21420
1512584359351604,1512584359373028,10485760,327680,32,489,21424
1512584359446615,1512584359467956,10485760,327680,32,491,21341
1512584359541310,1512584359562661,10485760,327680,32,491,21351
1512584359636057,1512584359657519,10485760,327680,32,488,21462
1512584359731039,1512584359752415,10485760,327680,32,490,21376
1512584359825756,1512584359847201,10485760,327680,32,488,21445
1512584359920619,1512584359941978,10485760,327680,32,490,21359
1512584360015405,1512584360036780,10485760,327680,32,490,21375
1512584360110167,1512584360131543,10485760,327680,32,490,21376
1512584360205250,1512584360226529,10485760,327680,32,492,21279
1512584360299827,1512584360321097,10485760,327680,32,492,21270
1512584360394463,1512584360415795,10485760,327680,32,491,21332
1512584360489209,1512584360510595,10485760,327680,32,490,21386
1512584360584100,1512584360605426,10485760,327680,32,491,21326
1512584360679018,1512584360700371,10485760,327680,32,491,21353
1512584360773633,1512584360795079,10485760,327680,32,488,21446
1512584360868524,1512584360889839,10485760,327680,32,491,21315
1512584360963268,1512584360984694,10485760,327680,32,489,21426
1512584361058113,1512584361079539,10485760,327680,32,489,21426
1512584361152859,1512584361174294,10485760,327680,32,489,21435
1512584361247625,1512584361269008,10485760,327680,32,490,21383
1512584361342417,1512584361363851,10485760,327680,32,489,21434
1512584361437251,1512584361458643,10485760,327680,32,490,21392
1512584361531967,1512584361553376,10485760,327680,32,489,21409
1512584361626653,1512584361648183,10485760,327680,32,487,21530
1512584361721525,1512584361742890,10485760,327680,32,490,21365
1512584361816231,1512584361837620,10485760,327680,32,490,21389
1512584361911151,1512584361932373,10485760,327680,32,494,21222
1512584362005685,1512584362026892,10485760,327680,32,494,21207
1512584362100182,1512584362121472,10485760,327680,32,492,21290
1512584362195020,1512584362216222,10485760,327680,32,494,21202
1512584362289523,1512584362310904,10485760,327680,32,490,21381
1512584362384228,1512584362405604,10485760,327680,32,490,21376
1512584362479037,1512584362500410,10485760,327680,32,490,21373
1512584362573799,1512584362595216,10485760,327680,32,489,21417
1512584362668516,1512584362689841,10485760,327680,32,491,21325
1512584362763136,1512584362784579,10485760,327680,32,489,21443
1512584362857903,1512584362879351,10485760,327680,32,488,21448
1512584362952820,1512584362974234,10485760,327680,32,489,21414
1512584363047562,1512584363069043,10485760,327680,32,488,21481
1512584363142440,1512584363163874,10485760,327680,32,489,21434
1512584363237286,1512584363258777,10485760,327680,32,487,21491
1512584363332111,1512584363353540,10485760,327680,32,489,21429
1512584363426845,1512584363448170,10485760,327680,32,491,21325
1512584363521485,1512584363542948,10485760,327680,32,488,21463
1512584363616419,1512584363637843,10485760,327680,32,489,21424
1512584363711202,1512584363732675,10485760,327680,32,488,21473
1512584363805988,1512584363827482,10485760,327680,32,487,21494
1512584363900846,1512584363922354,10485760,327680,32,487,21508
1512584363995858,1512584364017182,10485760,327680,32,491,21324
1512584364090602,1512584364111973,10485760,327680,32,490,21371
1512584364185385,1512584364206716,10485760,327680,32,491,21331
1512584364280000,1512584364301258,10485760,327680,32,493,21258
1512584364374567,1512584364396019,10485760,327680,32,488,21452
1512584364469305,1512584364490660,10485760,327680,32,491,21355
1512584364563979,1512584364585330,10485760,327680,32,491,21351
1512584364658647,1512584364680070,10485760,327680,32,489,21423
1512584364753421,1512584364774751,10485760,327680,32,491,21330
1512584364848024,1512584364869402,10485760,327680,32,490,21378
1512584364942718,1512584364964115,10485760,327680,32,490,21397
1512584365037394,1512584365058865,10485760,327680,32,488,21471
1512584365132157,1512584365153509,10485760,327680,32,491,21352
1512584365226825,1512584365248217,10485760,327680,32,490,21392
1512584365321625,1512584365342984,10485760,327680,32,490,21359
1512584365416391,1512584365437831,10485760,327680,32,489,21440
1512584365511228,1512584365532633,10485760,327680,32,489,21405
1512584365605951,1512584365627362,10485760,327680,32,489,21411
1512584365700827,1512584365722212,10485760,327680,32,490,21385
1512584365795516,1512584365816834,10485760,327680,32,491,21318
1512584365890367,1512584365911485,10485760,327680,32,496,21118
1512584365984814,1512584366006040,10485760,327680,32,494,21226
1512584366079434,1512584366100605,10485760,327680,32,495,21171
1512584366173915,1512584366195263,10485760,327680,32,491,21348
1512584366268533,1512584366289781,10485760,327680,32,493,21248
1512584366363067,1512584366384433,10485760,327680,32,490,21366
1512584366457871,1512584366479259,10485760,327680,32,490,21388
1512584366552566,1512584366574015,10485760,327680,32,488,21449
1512584366647454,1512584366668903,10485760,327680,32,488,21449
1512584366742203,1512584366763642,10485760,327680,32,489,21439
1512584366837074,1512584366858480,10485760,327680,32,489,21406
1512584366931890,1512584366953335,10485760,327680,32,488,21445
1512584367026567,1512584367048044,10485760,327680,32,488,21477
1512584367121323,1512584367142599,10485760,327680,32,492,21276
1512584367215974,1512584367237423,10485760,327680,32,488,21449
1512584367310717,1512584367332146,10485760,327680,32,489,21429
1512584367405452,1512584367426856,10485760,327680,32,489,21404
1512584367500093,1512584367521520,10485760,327680,32,489,21427
1512584367594944,1512584367616361,10485760,327680,32,489,21417
1512584367689663,1512584367711083,10485760,327680,32,489,21420
1512584367784403,1512584367805792,10485760,327680,32,490,21389
1512584367879191,1512584367900650,10485760,327680,32,488,21459
1512584367973982,1512584367995447,10485760,327680,32,488,21465
1512584368068787,1512584368090270,10485760,327680,32,488,21483
1512584368163575,1512584368184943,10485760,327680,32,490,21368
1512584368258436,1512584368279843,10485760,327680,32,489,21407
1512584368353094,1512584368374484,10485760,327680,32,490,21390
1512584368447809,1512584368469309,10485760,327680,32,487,21500
1512584368542614,1512584368563992,10485760,327680,32,490,21378
1512584368637292,1512584368658683,10485760,327680,32,490,21391
1512584368732075,1512584368753481,10485760,327680,32,489,21406
1512584368826773,1512584368848254,10485760,327680,32,488,21481
1512584368921689,1512584368943119,10485760,327680,32,489,21430
1512584369016451,1512584369037900,10485760,327680,32,488,21449
1512584369111210,1512584369132540,10485760,327680,32,491,21330
1512584369205934,1512584369227456,10485760,327680,32,487,21522
1512584369300826,1512584369322300,10485760,327680,32,488,21474
1512584369395622,1512584369416962,10485760,327680,32,491,21340
1512584369490335,1512584369511764,10485760,327680,32,489,21429
1512584369585156,1512584369606630,10485760,327680,32,488,21474
1512584369680047,1512584369701507,10485760,327680,32,488,21460
1512584369774749,1512584369796109,10485760,327680,32,490,21360
1512584369869392,1512584369890880,10485760,327680,32,487,21488
1512584369964193,1512584369985616,10485760,327680,32,489,21423
1512584370059000,1512584370080365,10485760,327680,32,490,21365
1512584370153799,1512584370175229,10485760,327680,32,489,21430
1512584370248592,1512584370270054,10485760,327680,32,488,21462
1512584370343339,1512584370364878,10485760,327680,32,486,21539
1512584370438176,1512584370459586,10485760,327680,32,489,21410
1512584370532905,1512584370554325,10485760,327680,32,489,21420
1512584370627632,1512584370649019,10485760,327680,32,490,21387
1512584370722275,1512584370743651,10485760,327680,32,490,21376
1512584370817029,1512584370838418,10485760,327680,32,490,21389
1512584370911728,1512584370933391,10485760,327680,32,484,21663
1512584371006678,1512584371028289,10485760,327680,32,485,21611
1512584371101735,1512584371123303,10485760,327680,32,486,21568
1512584371196790,1512584371218497,10485760,327680,32,483,21707
1512584371291889,1512584371313559,10485760,327680,32,483,21670
1512584371386846,1512584371408413,10485760,327680,32,486,21567
1512584371481710,1512584371503443,10485760,327680,32,482,21733
1512584371576744,1512584371598406,10485760,327680,32,484,21662
1512584371671811,1512584371693535,10485760,327680,32,482,21724
1512584371766900,1512584371788419,10485760,327680,32,487,21519
1512584371861709,1512584371883229,10485760,327680,32,487,21520
1512584371956557,1512584371978035,10485760,327680,32,488,21478
1512584372051342,1512584372072854,10485760,327680,32,487,21512
1512584372146361,1512584372167843,10485760,327680,32,488,21482
1512584372241167,1512584372262665,10485760,327680,32,487,21498
1512584372335990,1512584372357480,10485760,327680,32,487,21490
1512584372430752,1512584372452303,10485760,327680,32,486,21551
1512584372525760,1512584372547217,10485760,327680,32,488,21457
1512584372620602,1512584372642091,10485760,327680,32,487,21489
1512584372715378,1512584372736867,10485760,327680,32,487,21489
1512584372810215,1512584372831709,10485760,327680,32,487,21494
1512584372905161,1512584372926632,10485760,327680,32,488,21471
1512584372999897,1512584373021385,10485760,327680,32,487,21488
1512584373094831,1512584373116310,10485760,327680,32,488,21479
1512584373189738,1512584373211308,10485760,327680,32,486,21570
1512584373284620,1512584373306151,10485760,327680,32,487,21531
1512584373379679,1512584373401201,10485760,327680,32,487,21522
1512584373474891,1512584373496441,10485760,327680,32,486,21550
1512584373569778,1512584373591256,10485760,327680,32,488,21478
1512584373664843,1512584373686336,10485760,327680,32,487,21493
1512584373759825,1512584373781500,10485760,327680,32,483,21675
1512584373855077,1512584373876718,10485760,327680,32,484,21641
1512584373950058,1512584373971754,10485760,327680,32,483,21696
1512584374045271,1512584374066863,10485760,327680,32,485,21592
1512584374140221,1512584374161865,10485760,327680,32,484,21644
1512584374235254,1512584374256836,10485760,327680,32,485,21582
1512584374330527,1512584374352172,10485760,327680,32,484,21645
1512584374425601,1512584374447241,10485760,327680,32,484,21640
1512584374520686,1512584374542176,10485760,327680,32,487,21490
1512584374615745,1512584374637494,10485760,327680,32,482,21749
1512584374710780,1512584374732370,10485760,327680,32,485,21590
1512584374805677,1512584374827364,10485760,327680,32,483,21687
1512584374900685,1512584374922239,10485760,327680,32,486,21554
1512584374995678,1512584375017345,10485760,327680,32,483,21667
1512584375090921,1512584375112534,10485760,327680,32,485,21613
1512584375185945,1512584375207555,10485760,327680,32,485,21610
1512584375280894,1512584375302538,10485760,327680,32,484,21644
1512584375375861,1512584375397470,10485760,327680,32,485,21609
1512584375470814,1512584375492453,10485760,327680,32,484,21639
1512584375565866,1512584375587509,10485760,327680,32,484,21643
1512584375660797,1512584375682453,10485760,327680,32,484,21656
1512584375755765,1512584375777236,10485760,327680,32,488,21471
1512584375850578,1512584375872156,10485760,327680,32,485,21578
1512584375945491,1512584375967155,10485760,327680,32,484,21664
1512584376040490,1512584376062189,10485760,327680,32,483,21699
1512584376135637,1512584376157364,10485760,327680,32,482,21727
1512584376230708,1512584376252414,10485760,327680,32,483,21706
1512584376325750,1512584376347386,10485760,327680,32,484,21636
1512584376420662,1512584376442209,10485760,327680,32,486,21547
1512584376515646,1512584376537269,10485760,327680,32,484,21623
1512584376610763,1512584376632406,10485760,327680,32,484,21643
1512584376705671,1512584376727269,10485760,327680,32,485,21598
1512584376800673,1512584376822270,10485760,327680,32,485,21597
1512584376895828,1512584376917479,10485760,327680,32,484,21651
1512584376990802,1512584377012409,10485760,327680,32,485,21607
1512584377085735,1512584377107362,10485760,327680,32,484,21627
1512584377180629,1512584377202311,10485760,327680,32,483,21682
1512584377275725,1512584377297274,10485760,327680,32,486,21549
1512584377370606,1512584377392204,10485760,327680,32,485,21598
1512584377465524,1512584377487119,10485760,327680,32,485,21595
1512584377560448,1512584377582036,10485760,327680,32,485,21588
1512584377655370,1512584377677074,10485760,327680,32,483,21704
1512584377750429,1512584377772042,10485760,327680,32,485,21613
1512584377845351,1512584377866926,10485760,327680,32,486,21575
1512584377940227,1512584377961938,10485760,327680,32,482,21711
1512584378035317,1512584378056940,10485760,327680,32,484,21623
1512584378130269,1512584378151891,10485760,327680,32,484,21622
1512584378225369,1512584378247025,10485760,327680,32,484,21656
1512584378320532,1512584378342065,10485760,327680,32,486,21533
1512584378415662,1512584378437296,10485760,327680,32,484,21634
1512584378510593,1512584378532203,10485760,327680,32,485,21610
1512584378605545,1512584378627226,10485760,327680,32,483,21681
1512584378700696,1512584378722292,10485760,327680,32,485,21596
1512584378795571,1512584378817274,10485760,327680,32,483,21703
1512584378890568,1512584378912262,10485760,327680,32,483,21694
1512584378985713,1512584379007360,10485760,327680,32,484,21647
1512584379080786,1512584379102413,10485760,327680,32,484,21627
1512584379175751,1512584379197257,10485760,327680,32,487,21506
1512584379270803,1512584379292532,10485760,327680,32,482,21729
1512584379366068,1512584379387697,10485760,327680,32,484,21629
1512584379461412,1512584379483037,10485760,327680,32,484,21625
1512584379556364,1512584379578007,10485760,327680,32,484,21643
1512584379651484,1512584379673110,10485760,327680,32,484,21626
1512584379746422,1512584379768036,10485760,327680,32,485,21614
1512584379841471,1512584379863119,10485760,327680,32,484,21648
1512584379936479,1512584379958093,10485760,327680,32,485,21614
1512584380031397,1512584380053011,10485760,327680,32,485,21614
1512584380126344,1512584380147882,10485760,327680,32,486,21538
1512584380221275,1512584380242885,10485760,327680,32,485,21610
1512584380316304,1512584380337913,10485760,327680,32,485,21609
1512584380411235,1512584380432844,10485760,327680,32,485,21609
1512584380506255,1512584380527917,10485760,327680,32,484,21662
1512584380601191,1512584380622808,10485760,327680,32,485,21617
1512584380696192,1512584380717752,10485760,327680,32,486,21560
1512584380791045,1512584380812713,10485760,327680,32,483,21668
1512584380885987,1512584380907662,10485760,327680,32,483,21675
1512584380980969,1512584381002679,10485760,327680,32,482,21710
1512584381076001,1512584381097553,10485760,327680,32,486,21552
1512584381171004,1512584381192587,10485760,327680,32,485,21583
1512584381265971,1512584381287598,10485760,327680,32,484,21627
1512584381360873,1512584381382355,10485760,327680,32,488,21482
1512584381455752,1512584381477460,10485760,327680,32,483,21708
1512584381550832,1512584381572535,10485760,327680,32,483,21703
1512584381645866,1512584381667513,10485760,327680,32,484,21647
1512584381740801,1512584381762521,10485760,327680,32,482,21720
1512584381835909,1512584381857580,10485760,327680,32,483,21671
1512584381931009,1512584381952525,10485760,327680,32,487,21516
1512584382025914,1512584382047445,10485760,327680,32,487,21531
1512584382120922,1512584382142661,10485760,327680,32,482,21739
1512584382216039,1512584382237706,10485760,327680,32,483,21667
1512584382311013,1512584382332617,10485760,327680,32,485,21604
1512584382406059,1512584382427711,10485760,327680,32,484,21652
1512584382501109,1512584382522719,10485760,327680,32,485,21610
1512584382596234,1512584382617956,10485760,327680,32,482,21722
1512584382691260,1512584382712855,10485760,327680,32,485,21595
1512584382786175,1512584382807763,10485760,327680,32,485,21588
1512584382881087,1512584382902630,10485760,327680,32,486,21543
1512584382975921,1512584382997651,10485760,327680,32,482,21730
1512584383070978,1512584383092375,10485760,327680,32,490,21397
1512584383165679,1512584383187089,10485760,327680,32,489,21410
1512584383260441,1512584383281850,10485760,327680,32,489,21409
1512584383355116,1512584383376513,10485760,327680,32,490,21397
1512584383449816,1512584383471237,10485760,327680,32,489,21421
1512584383544650,1512584383566108,10485760,327680,32,488,21458
1512584383639397,1512584383660807,10485760,327680,32,489,21410
1512584383734339,1512584383755650,10485760,327680,32,492,21311
1512584383828934,1512584383850319,10485760,327680,32,490,21385
1512584383923618,1512584383944953,10485760,327680,32,491,21335
1512584384018261,1512584384039672,10485760,327680,32,489,21411
1512584384113097,1512584384134542,10485760,327680,32,488,21445
1512584384208008,1512584384229437,10485760,327680,32,489,21429
1512584384302747,1512584384324113,10485760,327680,32,490,21366
1512584384397416,1512584384418816,10485760,327680,32,489,21400
1512584384492415,1512584384513831,10485760,327680,32,489,21416
1512584384587098,1512584384608487,10485760,327680,32,490,21389
1512584384681867,1512584384703276,10485760,327680,32,489,21409
1512584384776717,1512584384798093,10485760,327680,32,490,21376
1512584384871444,1512584384892854,10485760,327680,32,489,21410
1512584384966155,1512584384987527,10485760,327680,32,490,21372
1512584385060868,1512584385082242,10485760,327680,32,490,21374
1512584385155524,1512584385176926,10485760,327680,32,489,21402
1512584385250460,1512584385271863,10485760,327680,32,489,21403
1512584385345141,1512584385366606,10485760,327680,32,488,21465
1512584385440028,1512584385461471,10485760,327680,32,489,21443
1512584385534774,1512584385556148,10485760,327680,32,490,21374
1512584385629554,1512584385651008,10485760,327680,32,488,21454
1512584385724334,1512584385745759,10485760,327680,32,489,21425
1512584385819187,1512584385840649,10485760,327680,32,488,21462
1512584385913977,1512584385935369,10485760,327680,32,490,21392
1512584386008883,1512584386030347,10485760,327680,32,488,21464
1512584386103636,1512584386125060,10485760,327680,32,489,21424
1512584386198369,1512584386219787,10485760,327680,32,489,21418
1512584386293200,1512584386314475,10485760,327680,32,492,21275
1512584386387751,1512584386409189,10485760,327680,32,489,21438
1512584386482457,1512584386503901,10485760,327680,32,488,21444
1512584386577246,1512584386598697,10485760,327680,32,488,21451
1512584386671949,1512584386693389,10485760,327680,32,489,21440
1512584386766677,1512584386788053,10485760,327680,32,490,21376
1512584386861365,1512584386882778,10485760,327680,32,489,21413
1512584386956066,1512584386977433,10485760,327680,32,490,21367
1512584387051009,1512584387072462,10485760,327680,32,488,21453
1512584387145864,1512584387167210,10485760,327680,32,491,21346
1512584387240497,1512584387261939,10485760,327680,32,489,21442
1512584387335342,1512584387356802,10485760,327680,32,488,21460
1512584387430085,1512584387451539,10485760,327680,32,488,21454
1512584387524858,1512584387546304,10485760,327680,32,488,21446
1512584387619664,1512584387641134,10485760,327680,32,488,21470
1512584387714374,1512584387735799,10485760,327680,32,489,21425
1512584387809099,1512584387830456,10485760,327680,32,490,21357
1512584387903730,1512584387925152,10485760,327680,32,489,21422
1512584387998579,1512584388020007,10485760,327680,32,489,21428
1512584388093313,1512584388114761,10485760,327680,32,488,21448
1512584388188261,1512584388209614,10485760,327680,32,491,21353
1512584388283170,1512584388304601,10485760,327680,32,489,21431
1512584388378003,1512584388399409,10485760,327680,32,489,21406
1512584388473013,1512584388494416,10485760,327680,32,489,21403
1512584388567850,1512584388589214,10485760,327680,32,490,21364
1512584388662608,1512584388683999,10485760,327680,32,490,21391
1512584388757405,1512584388778693,10485760,327680,32,492,21288
1512584388852087,1512584388873347,10485760,327680,32,493,21260
1512584388946697,1512584388968041,10485760,327680,32,491,21344
1512584389041320,1512584389062781,10485760,327680,32,488,21461
1512584389136276,1512584389157690,10485760,327680,32,489,21414
1512584389230933,1512584389252327,10485760,327680,32,490,21394
1512584389325709,1512584389347152,10485760,327680,32,489,21443
1512584389420408,1512584389441845,10485760,327680,32,489,21437
1512584389515131,1512584389536542,10485760,327680,32,489,21411
1512584389609929,1512584389631334,10485760,327680,32,489,21405
1512584389704748,1512584389726205,10485760,327680,32,488,21457
1512584389799579,1512584389821038,10485760,327680,32,488,21459
1512584389894284,1512584389915703,10485760,327680,32,489,21419
1512584389988960,1512584390010352,10485760,327680,32,490,21392
1512584390083694,1512584390105084,10485760,327680,32,490,21390
1512584390178373,1512584390199750,10485760,327680,32,490,21377
1512584390273099,1512584390294557,10485760,327680,32,488,21458
1512584390368007,1512584390389378,10485760,327680,32,490,21371
1512584390462654,1512584390484017,10485760,327680,32,490,21363
1512584390557255,1512584390578669,10485760,327680,32,489,21414
1512584390651944,1512584390673265,10485760,327680,32,491,21321
1512584390746636,1512584390768041,10485760,327680,32,489,21405
1512584390841421,1512584390862821,10485760,327680,32,489,21400
1512584390936203,1512584390957611,10485760,327680,32,489,21408
1512584391031005,1512584391052446,10485760,327680,32,489,21441
1512584391125765,1512584391147133,10485760,327680,32,490,21368
1512584391220548,1512584391241993,10485760,327680,32,488,21445
1512584391315330,1512584391336665,10485760,327680,32,491,21335
1512584391410071,1512584391431460,10485760,327680,32,490,21389
1512584391504927,1512584391526252,10485760,327680,32,491,21325
1512584391599584,1512584391620905,10485760,327680,32,491,21321
1512584391694223,1512584391715617,10485760,327680,32,490,21394
1512584391788970,1512584391810372,10485760,327680,32,489,21402
1512584391883796,1512584391905162,10485760,327680,32,490,21366
1512584391978596,1512584392000048,10485760,327680,32,488,21452
1512584392073330,1512584392094747,10485760,327680,32,489,21417
1512584392168326,1512584392189791,10485760,327680,32,488,21465
1512584392263211,1512584392284514,10485760,327680,32,492,21303
1512584392357827,1512584392379318,10485760,327680,32,487,21491
1512584392452590,1512584392473998,10485760,327680,32,489,21408
1512584392547298,1512584392568776,10485760,327680,32,488,21478
1512584392642037,1512584392663377,10485760,327680,32,491,21340
1512584392736715,1512584392758208,10485760,327680,32,487,21493
1512584392831505,1512584392852842,10485760,327680,32,491,21337
1512584392926264,1512584392947659,10485760,327680,32,490,21395
1512584393020950,1512584393042288,10485760,327680,32,491,21338
1512584393115637,1512584393137048,10485760,327680,32,489,21411
1512584393210472,1512584393231921,10485760,327680,32,488,21449
1512584393305245,1512584393326652,10485760,327680,32,489,21407
1512584393399944,1512584393421285,10485760,327680,32,491,21341
1512584393494653,1512584393516097,10485760,327680,32,488,21444
1512584393589431,1512584393610827,10485760,327680,32,490,21396
1512584393684321,1512584393705743,10485760,327680,32,489,21422
1512584393779191,1512584393800650,10485760,327680,32,488,21459
1512584393873943,1512584393895394,10485760,327680,32,488,21451
1512584393968658,1512584393990074,10485760,327680,32,489,21416
1512584394063381,1512584394084674,10485760,327680,32,492,21293
1512584394158038,1512584394179479,10485760,327680,32,489,21441
1512584394252783,1512584394274240,10485760,327680,32,488,21457
1512584394347713,1512584394368908,10485760,327680,32,494,21195
1512584394442197,1512584394463387,10485760,327680,32,494,21190
1512584394537028,1512584394558208,10485760,327680,32,495,21180
1512584394631722,1512584394653003,10485760,327680,32,492,21281
1512584394726331,1512584394747544,10485760,327680,32,494,21213
1512584394820986,1512584394842301,10485760,327680,32,491,21315
1512584394915726,1512584394937183,10485760,327680,32,488,21457
1512584395010472,1512584395031871,10485760,327680,32,490,21399
1512584395105182,1512584395126665,10485760,327680,32,488,21483
1512584395200038,1512584395221456,10485760,327680,32,489,21418
1512584395294849,1512584395316228,10485760,327680,32,490,21379
1512584395389704,1512584395411097,10485760,327680,32,490,21393
1512584395484345,1512584395505798,10485760,327680,32,488,21453
1512584395579042,1512584395600545,10485760,327680,32,487,21503
1512584395673927,1512584395695373,10485760,327680,32,488,21446
1512584395768797,1512584395790202,10485760,327680,32,489,21405
1512584395863528,1512584395884942,10485760,327680,32,489,21414
1512584395958207,1512584395979690,10485760,327680,32,488,21483
1512584396053078,1512584396074484,10485760,327680,32,489,21406
1512584396147738,1512584396169080,10485760,327680,32,491,21342
1512584396242359,1512584396263801,10485760,327680,32,489,21442
1512584396337267,1512584396358696,10485760,327680,32,489,21429
1512584396432144,1512584396453563,10485760,327680,32,489,21419
1512584396527034,1512584396548488,10485760,327680,32,488,21454
1512584396621795,1512584396643238,10485760,327680,32,489,21443
1512584396716537,1512584396737976,10485760,327680,32,489,21439
1512584396811406,1512584396832735,10485760,327680,32,491,21329
1512584396906077,1512584396927570,10485760,327680,32,487,21493
1512584397000914,1512584397022299,10485760,327680,32,490,21385
1512584397095562,1512584397116964,10485760,327680,32,489,21402
1512584397190269,1512584397211664,10485760,327680,32,490,21395
1512584397284948,1512584397306322,10485760,327680,32,490,21374
1512584397379883,1512584397401136,10485760,327680,32,493,21253
1512584397474441,1512584397495765,10485760,327680,32,491,21324
1512584397569155,1512584397590573,10485760,327680,32,489,21418
1512584397663877,1512584397685189,10485760,327680,32,492,21312
1512584397758483,1512584397779820,10485760,327680,32,491,21337
1512584397853232,1512584397874670,10485760,327680,32,489,21438
1512584397948132,1512584397969487,10485760,327680,32,491,21355
1512584398042875,1512584398064307,10485760,327680,32,489,21432
1512584398137705,1512584398159206,10485760,327680,32,487,21501
1512584398232525,1512584398253889,10485760,327680,32,490,21364
1512584398327207,1512584398348701,10485760,327680,32,487,21494
1512584398422360,1512584398443697,10485760,327680,32,491,21337
1512584398516985,1512584398538394,10485760,327680,32,489,21409
1512584398611796,1512584398633213,10485760,327680,32,489,21417
1512584398706628,1512584398728081,10485760,327680,32,488,21453
1512584398801353,1512584398822758,10485760,327680,32,489,21405
1512584398896079,1512584398917489,10485760,327680,32,489,21410
1512584398990722,1512584399012147,10485760,327680,32,489,21425
1512584399085402,1512584399106707,10485760,327680,32,492,21305
1512584399180129,1512584399201497,10485760,327680,32,490,21368
1512584399274911,1512584399296331,10485760,327680,32,489,21420
1512584399369625,1512584399390907,10485760,327680,32,492,21282
1512584399464177,1512584399485540,10485760,327680,32,490,21363
1512584399558845,1512584399580227,10485760,327680,32,490,21382
1512584399653546,1512584399674967,10485760,327680,32,489,21421
1512584399748257,1512584399769721,10485760,327680,32,488,21464
1512584399843025,1512584399864412,10485760,327680,32,490,21387
1512584399937752,1512584399959186,10485760,327680,32,489,21434
1512584400032751,1512584400054226,10485760,327680,32,488,21475
1512584400127501,1512584400148922,10485760,327680,32,489,21421
1512584400222325,1512584400243824,10485760,327680,32,487,21499
1512584400317262,1512584400338712,10485760,327680,32,488,21450
1512584400412169,1512584400433561,10485760,327680,32,490,21392
1512584400507259,1512584400528668,10485760,327680,32,489,21409
1512584400601982,1512584400623366,10485760,327680,32,490,21384
1512584400696730,1512584400718137,10485760,327680,32,489,21407
1512584400791434,1512584400812882,10485760,327680,32,488,21448
1512584400886278,1512584400907766,10485760,327680,32,487,21488
1512584400981029,1512584401002444,10485760,327680,32,489,21415
1512584401075843,1512584401097235,10485760,327680,32,490,21392
1512584401170652,1512584401192033,10485760,327680,32,490,21381
1512584401265582,1512584401287012,10485760,327680,32,489,21430
1512584401360309,1512584401381793,10485760,327680,32,488,21484
1512584401455281,1512584401476801,10485760,327680,32,487,21520
1512584401550226,1512584401571624,10485760,327680,32,490,21398
1512584401645041,1512584401666520,10485760,327680,32,488,21479
1512584401739814,1512584401761193,10485760,327680,32,490,21379
1512584401834552,1512584401855924,10485760,327680,32,490,21372
1512584401929345,1512584401950774,10485760,327680,32,489,21429
1512584402024301,1512584402045668,10485760,327680,32,490,21367
1512584402119024,1512584402140451,10485760,327680,32,489,21427
1512584402213912,1512584402235285,10485760,327680,32,490,21373
1512584402308570,1512584402329821,10485760,327680,32,493,21251
1512584402403334,1512584402424570,10485760,327680,32,493,21236
1512584402497997,1512584402519436,10485760,327680,32,489,21439
1512584402592859,1512584402614354,10485760,327680,32,487,21495
1512584402687768,1512584402709160,10485760,327680,32,490,21392
1512584402782692,1512584402804142,10485760,327680,32,488,21450
1512584402877472,1512584402898829,10485760,327680,32,490,21357
1512584402972234,1512584402993762,10485760,327680,32,487,21528
1512584403067064,1512584403088468,10485760,327680,32,489,21404
1512584403161725,1512584403183163,10485760,327680,32,489,21438
1512584403256577,1512584403277933,10485760,327680,32,490,21356
1512584403351473,1512584403372875,10485760,327680,32,489,21402
1512584403446187,1512584403467606,10485760,327680,32,489,21419
1512584403540986,1512584403562452,10485760,327680,32,488,21466
1512584403635784,1512584403657176,10485760,327680,32,490,21392
1512584403730460,1512584403751937,10485760,327680,32,488,21477
1512584403825245,1512584403846687,10485760,327680,32,489,21442
1512584403920136,1512584403941609,10485760,327680,32,488,21473
1512584404014926,1512584404036330,10485760,327680,32,489,21404
1512584404109669,1512584404131061,10485760,327680,32,490,21392
1512584404204511,1512584404225920,10485760,327680,32,489,21409
1512584404299351,1512584404320723,10485760,327680,32,490,21372
1512584404394079,1512584404415547,10485760,327680,32,488,21468
1512584404489141,1512584404510558,10485760,327680,32,489,21417
1512584404583927,1512584404605360,10485760,327680,32,489,21433
1512584404678714,1512584404700162,10485760,327680,32,488,21448
1512584404773505,1512584404794901,10485760,327680,32,490,21396
1512584404868234,1512584404889636,10485760,327680,32,489,21402
1512584404962933,1512584404984285,10485760,327680,32,491,21352
1512584405057723,1512584405079045,10485760,327680,32,491,21322
1512584405152449,1512584405173816,10485760,327680,32,490,21367
1512584405247206,1512584405268578,10485760,327680,32,490,21372
1512584405341909,1512584405363255,10485760,327680,32,491,21346
1512584405436681,1512584405458111,10485760,327680,32,489,21430
1512584405531474,1512584405552926,10485760,327680,32,488,21452
1512584405626215,1512584405647561,10485760,327680,32,491,21346
1512584405720887,1512584405742324,10485760,327680,32,489,21437
1512584405815624,1512584405836955,10485760,327680,32,491,21331
1512584405910327,1512584405931719,10485760,327680,32,490,21392
1512584406005084,1512584406026455,10485760,327680,32,490,21371
1512584406099883,1512584406121263,10485760,327680,32,490,21380
1512584406194780,1512584406216199,10485760,327680,32,489,21419
1512584406289598,1512584406310964,10485760,327680,32,490,21366
1512584406384447,1512584406405824,10485760,327680,32,490,21377
1512584406479324,1512584406500790,10485760,327680,32,488,21466
1512584406574117,1512584406595537,10485760,327680,32,489,21420
1512584406669187,1512584406690605,10485760,327680,32,489,21418
1512584406764127,1512584406785564,10485760,327680,32,489,21437
1512584406858948,1512584406880370,10485760,327680,32,489,21422
1512584406953691,1512584406975012,10485760,327680,32,491,21321
1512584407048561,1512584407069990,10485760,327680,32,489,21429
1512584407143343,1512584407164723,10485760,327680,32,490,21380
1512584407238076,1512584407259547,10485760,327680,32,488,21471
1512584407333260,1512584407354735,10485760,327680,32,488,21475
1512584407428322,1512584407449689,10485760,327680,32,490,21367
1512584407522956,1512584407544444,10485760,327680,32,487,21488
1512584407617750,1512584407639239,10485760,327680,32,487,21489
1512584407712590,1512584407733863,10485760,327680,32,492,21273
1512584407807205,1512584407828592,10485760,327680,32,490,21387
1512584407902053,1512584407923432,10485760,327680,32,490,21379
1512584407996692,1512584408018117,10485760,327680,32,489,21425
1512584408091389,1512584408112753,10485760,327680,32,490,21364
1512584408185997,1512584408207420,10485760,327680,32,489,21423
1512584408280892,1512584408302406,10485760,327680,32,487,21514
1512584408375844,1512584408397241,10485760,327680,32,490,21397
1512584408470656,1512584408492064,10485760,327680,32,489,21408
1512584408565461,1512584408586908,10485760,327680,32,488,21447
1512584408660430,1512584408681806,10485760,327680,32,490,21376
1512584408755107,1512584408776544,10485760,327680,32,489,21437
1512584408849946,1512584408871332,10485760,327680,32,490,21386
1512584408944690,1512584408966017,10485760,327680,32,491,21327
1512584409039326,1512584409060577,10485760,327680,32,493,21251
1512584409133883,1512584409155285,10485760,327680,32,489,21402
1512584409228668,1512584409250060,10485760,327680,32,490,21392
1512584409323347,1512584409344758,10485760,327680,32,489,21411
1512584409418091,1512584409439556,10485760,327680,32,488,21465
1512584409513113,1512584409534477,10485760,327680,32,490,21364
1512584409607777,1512584409629144,10485760,327680,32,490,21367
1512584409702497,1512584409723954,10485760,327680,32,488,21457
1512584409797282,1512584409818718,10485760,327680,32,489,21436
1512584409892028,1512584409913315,10485760,327680,32,492,21287
1512584409986695,1512584410008065,10485760,327680,32,490,21370
1512584410081399,1512584410102772,10485760,327680,32,490,21373
1512584410176087,1512584410197535,10485760,327680,32,488,21448
1512584410270873,1512584410292273,10485760,327680,32,489,21400
1512584410365585,1512584410387052,10485760,327680,32,488,21467
1512584410460621,1512584410482094,10485760,327680,32,488,21473
1512584410555543,1512584410576939,10485760,327680,32,490,21396
1512584410650408,1512584410671718,10485760,327680,32,492,21310
1512584410745178,1512584410766632,10485760,327680,32,488,21454
1512584410840015,1512584410861459,10485760,327680,32,488,21444
1512584410935281,1512584410956757,10485760,327680,32,488,21476
1512584411030109,1512584411051429,10485760,327680,32,491,21320
1512584411124830,1512584411146197,10485760,327680,32,490,21367
1512584411219465,1512584411240838,10485760,327680,32,490,21373
1512584411314118,1512584411335497,10485760,327680,32,490,21379
1512584411408875,1512584411430363,10485760,327680,32,487,21488
1512584411503718,1512584411525068,10485760,327680,32,491,21350
1512584411598665,1512584411620104,10485760,327680,32,489,21439
1512584411693399,1512584411714621,10485760,327680,32,494,21222
1512584411787950,1512584411809306,10485760,327680,32,490,21356
1512584411882868,1512584411904253,10485760,327680,32,490,21385
1512584411977747,1512584411999173,10485760,327680,32,489,21426
1512584412072483,1512584412093916,10485760,327680,32,489,21433
1512584412167211,1512584412188571,10485760,327680,32,490,21360
1512584412262212,1512584412283540,10485760,327680,32,491,21328
1512584412357032,1512584412378437,10485760,327680,32,489,21405
1512584412451932,1512584412473303,10485760,327680,32,490,21371
1512584412546670,1512584412568117,10485760,327680,32,488,21447
1512584412641378,1512584412662791,10485760,327680,32,489,21413
1512584412736206,1512584412757568,10485760,327680,32,490,21362
1512584412830970,1512584412852392,10485760,327680,32,489,21422
1512584412925678,1512584412947031,10485760,327680,32,491,21353
1512584413020490,1512584413041808,10485760,327680,32,491,21318
1512584413115292,1512584413136759,10485760,327680,32,488,21467
1512584413210097,1512584413231586,10485760,327680,32,487,21489
1512584413305131,1512584413326581,10485760,327680,32,488,21450
1512584413400018,1512584413421461,10485760,327680,32,489,21443
1512584413494793,1512584413516190,10485760,327680,32,490,21397
1512584413589682,1512584413611098,10485760,327680,32,489,21416
1512584413684475,1512584413705887,10485760,327680,32,489,21412
1512584413779240,1512584413800688,10485760,327680,32,488,21448
1512584413874044,1512584413895364,10485760,327680,32,491,21320
1512584413968685,1512584413990064,10485760,327680,32,490,21379
1512584414063364,1512584414084814,10485760,327680,32,488,21450
1512584414158227,1512584414179578,10485760,327680,32,491,21351
1512584414252868,1512584414274282,10485760,327680,32,489,21414
1512584414347722,1512584414369179,10485760,327680,32,488,21457
1512584414442471,1512584414463948,10485760,327680,32,488,21477
1512584414537435,1512584414558861,10485760,327680,32,489,21426
1512584414632257,1512584414653651,10485760,327680,32,490,21394
1512584414727007,1512584414748443,10485760,327680,32,489,21436
1512584414821925,1512584414843328,10485760,327680,32,489,21403
1512584414916643,1512584414938146,10485760,327680,32,487,21503
1512584415011663,1512584415033019,10485760,327680,32,490,21356
1512584415106448,1512584415127880,10485760,327680,32,489,21432
1512584415201168,1512584415222622,10485760,327680,32,488,21454
1512584415296115,1512584415317503,10485760,327680,32,490,21388
1512584415390910,1512584415412331,10485760,327680,32,489,21421
1512584415485954,1512584415507370,10485760,327680,32,489,21416
1512584415580621,1512584415601995,10485760,327680,32,490,21374
1512584415675317,1512584415696757,10485760,327680,32,489,21440
1512584415770045,1512584415791448,10485760,327680,32,489,21403
1512584415865017,1512584415886539,10485760,327680,32,487,21522
1512584415959948,1512584415981418,10485760,327680,32,488,21470
1512584416054884,1512584416076335,10485760,327680,32,488,21451
1512584416149594,1512584416171038,10485760,327680,32,488,21444
1512584416244372,1512584416265812,10485760,327680,32,489,21440
1512584416339140,1512584416360517,10485760,327680,32,490,21377
1512584416433896,1512584416455277,10485760,327680,32,490,21381
1512584416528717,1512584416550051,10485760,327680,32,491,21334
1512584416623515,1512584416644853,10485760,327680,32,491,21338
1512584416718185,1512584416739607,10485760,327680,32,489,21422
1512584416812927,1512584416834296,10485760,327680,32,490,21369
1512584416907660,1512584416929113,10485760,327680,32,488,21453
1512584417002388,1512584417023827,10485760,327680,32,489,21439
1512584417097082,1512584417118519,10485760,327680,32,489,21437
1512584417191836,1512584417213336,10485760,327680,32,487,21500
1512584417286755,1512584417308232,10485760,327680,32,488,21477
1512584417381839,1512584417403408,10485760,327680,32,486,21569
1512584417476806,1512584417498201,10485760,327680,32,490,21395
1512584417571440,1512584417592914,10485760,327680,32,488,21474
1512584417666303,1512584417687774,10485760,327680,32,488,21471
1512584417761184,1512584417782585,10485760,327680,32,489,21401
1512584417855888,1512584417877408,10485760,327680,32,487,21520
1512584417950712,1512584417972061,10485760,327680,32,491,21349
1512584418045374,1512584418066854,10485760,327680,32,488,21480
1512584418140183,1512584418161590,10485760,327680,32,489,21407
1512584418234898,1512584418256353,10485760,327680,32,488,21455
1512584418329653,1512584418351050,10485760,327680,32,490,21397
1512584418424377,1512584418445865,10485760,327680,32,487,21488
1512584418519453,1512584418540887,10485760,327680,32,489,21434
1512584418614159,1512584418635542,10485760,327680,32,490,21383
1512584418709057,1512584418730440,10485760,327680,32,490,21383
1512584418803756,1512584418825270,10485760,327680,32,487,21514
1512584418898525,1512584418919950,10485760,327680,32,489,21425
1512584418993251,1512584419014661,10485760,327680,32,489,21410
1512584419088079,1512584419109543,10485760,327680,32,488,21464
1512584419182934,1512584419204401,10485760,327680,32,488,21467
1512584419277875,1512584419299387,10485760,327680,32,487,21512
1512584419372788,1512584419394280,10485760,327680,32,487,21492
1512584419467588,1512584419488977,10485760,327680,32,490,21389
1512584419562307,1512584419583741,10485760,327680,32,489,21434
1512584419657096,1512584419678527,10485760,327680,32,489,21431
1512584419751840,1512584419773222,10485760,327680,32,490,21382
1512584419847000,1512584419868473,10485760,327680,32,488,21473
1512584419941956,1512584419963314,10485760,327680,32,490,21358
1512584420036632,1512584420058151,10485760,327680,32,487,21519
1512584420131499,1512584420152874,10485760,327680,32,490,21375
1512584420226184,1512584420247468,10485760,327680,32,492,21284
1512584420320776,1512584420342148,10485760,327680,32,490,21372
1512584420415402,1512584420436874,10485760,327680,32,488,21472
1512584420510143,1512584420531560,10485760,327680,32,489,21417
1512584420604981,1512584420626339,10485760,327680,32,490,21358
1512584420699571,1512584420720936,10485760,327680,32,490,21365
1512584420794304,1512584420815828,10485760,327680,32,487,21524
1512584420889280,1512584420910668,10485760,327680,32,490,21388
1512584420983985,1512584421005352,10485760,327680,32,490,21367
1512584421078667,1512584421100058,10485760,327680,32,490,21391
1512584421173505,1512584421194834,10485760,327680,32,491,21329
1512584421268074,1512584421289470,10485760,327680,32,490,21396
1512584421362796,1512584421384230,10485760,327680,32,489,21434
1512584421457704,1512584421479084,10485760,327680,32,490,21380
1512584421552453,1512584421573882,10485760,327680,32,489,21429
1512584421647210,1512584421668623,10485760,327680,32,489,21413
1512584421741948,1512584421763369,10485760,327680,32,489,21421
1512584421836653,1512584421858007,10485760,327680,32,491,21354
1512584421931311,1512584421952778,10485760,327680,32,488,21467
1512584422026132,1512584422047539,10485760,327680,32,489,21407
1512584422120880,1512584422142296,10485760,327680,32,489,21416
1512584422215591,1512584422236995,10485760,327680,32,489,21404
1512584422310279,1512584422331720,10485760,327680,32,489,21441
1512584422405186,1512584422426560,10485760,327680,32,490,21374
1512584422499972,1512584422521432,10485760,327680,32,488,21460
1512584422594757,1512584422616190,10485760,327680,32,489,21433
1512584422689590,1512584422711050,10485760,327680,32,488,21460
1512584422784433,1512584422805855,10485760,327680,32,489,21422
1512584422879168,1512584422900624,10485760,327680,32,488,21456
1512584422973943,1512584422995422,10485760,327680,32,488,21479
1512584423068701,1512584423090100,10485760,327680,32,490,21399
1512584423163784,1512584423185235,10485760,327680,32,488,21451
1512584423258564,1512584423280000,10485760,327680,32,489,21436
1512584423353342,1512584423374838,10485760,327680,32,487,21496
1512584423448249,1512584423469600,10485760,327680,32,491,21351
1512584423543088,1512584423564511,10485760,327680,32,489,21423
1512584423637857,1512584423659260,10485760,327680,32,489,21403
1512584423732712,1512584423754161,10485760,327680,32,488,21449
1512584423827659,1512584423849076,10485760,327680,32,489,21417
1512584423922542,1512584423943982,10485760,327680,32,489,21440
1512584424017250,1512584424038743,10485760,327680,32,487,21493
1512584424112169,1512584424133491,10485760,327680,32,491,21322
1512584424206795,1512584424228298,10485760,327680,32,487,21503
1512584424301626,1512584424323085,10485760,327680,32,488,21459
1512584424396502,1512584424417994,10485760,327680,32,487,21492
1512584424491318,1512584424512791,10485760,327680,32,488,21473
1512584424586093,1512584424607633,10485760,327680,32,486,21540
1512584424681008,1512584424702364,10485760,327680,32,490,21356
1512584424775660,1512584424797082,10485760,327680,32,489,21422
1512584424870348,1512584424891741,10485760,327680,32,490,21393
1512584424965047,1512584424986419,10485760,327680,32,490,21372
1512584425059970,1512584425081424,10485760,327680,32,488,21454
1512584425154712,1512584425176146,10485760,327680,32,489,21434
1512584425249418,1512584425270759,10485760,327680,32,491,21341
1512584425344056,1512584425365489,10485760,327680,32,489,21433
1512584425439016,1512584425460473,10485760,327680,32,488,21457
1512584425533767,1512584425555219,10485760,327680,32,488,21452
1512584425628484,1512584425650026,10485760,327680,32,486,21542
1512584425723399,1512584425744893,10485760,327680,32,487,21494
1512584425818173,1512584425839510,10485760,327680,32,491,21337
1512584425912787,1512584425934320,10485760,327680,32,486,21533
1512584426007641,1512584426029117,10485760,327680,32,488,21476
1512584426102414,1512584426123795,10485760,327680,32,490,21381
1512584426197190,1512584426218617,10485760,327680,32,489,21427
1512584426291913,1512584426313314,10485760,327680,32,489,21401
1512584426386580,1512584426408116,10485760,327680,32,486,21536
1512584426481427,1512584426502875,10485760,327680,32,488,21448
1512584426576178,1512584426597481,10485760,327680,32,492,21303
1512584426670894,1512584426692314,10485760,327680,32,489,21420
1512584426765659,1512584426787029,10485760,327680,32,490,21370
1512584426860365,1512584426881811,10485760,327680,32,488,21446
1512584426955198,1512584426976598,10485760,327680,32,489,21400
1512584427050118,1512584427071598,10485760,327680,32,488,21480
1512584427145086,1512584427166573,10485760,327680,32,488,21487
1512584427240071,1512584427261444,10485760,327680,32,490,21373
1512584427334753,1512584427356224,10485760,327680,32,488,21471
1512584427429620,1512584427451049,10485760,327680,32,489,21429
1512584427524353,1512584427545821,10485760,327680,32,488,21468
1512584427619360,1512584427640740,10485760,327680,32,490,21380
1512584427713982,1512584427735464,10485760,327680,32,488,21482
1512584427808770,1512584427830205,10485760,327680,32,489,21435
1512584427903875,1512584427925256,10485760,327680,32,490,21381
1512584427998570,1512584428019993,10485760,327680,32,489,21423
1512584428093320,1512584428114740,10485760,327680,32,489,21420
1512584428188021,1512584428209412,10485760,327680,32,490,21391
1512584428282747,1512584428304256,10485760,327680,32,487,21509
1512584428377583,1512584428398943,10485760,327680,32,490,21360
1512584428472195,1512584428493583,10485760,327680,32,490,21388
1512584428567027,1512584428588472,10485760,327680,32,488,21445
1512584428661761,1512584428683151,10485760,327680,32,490,21390
1512584428756443,1512584428777865,10485760,327680,32,489,21422
1512584428851128,1512584428872520,10485760,327680,32,490,21392
1512584428945823,1512584428967194,10485760,327680,32,490,21371
1512584429040472,1512584429061862,10485760,327680,32,490,21390
1512584429135751,1512584429157196,10485760,327680,32,488,21445
1512584429230502,1512584429251963,10485760,327680,32,488,21461
1512584429325270,1512584429346737,10485760,327680,32,488,21467
1512584429420043,1512584429441426,10485760,327680,32,490,21383
1512584429514860,1512584429536268,10485760,327680,32,489,21408
1512584429609691,1512584429631161,10485760,327680,32,488,21470
1512584429704656,1512584429725988,10485760,327680,32,491,21332
1512584429799282,1512584429820620,10485760,327680,32,491,21338
1512584429894025,1512584429915398,10485760,327680,32,490,21373
1512584429988858,1512584430010221,10485760,327680,32,490,21363
1512584430083633,1512584430105061,10485760,327680,32,489,21428
1512584430178480,1512584430199891,10485760,327680,32,489,21411
1512584430273242,1512584430294673,10485760,327680,32,489,21431
1512584430367945,1512584430389302,10485760,327680,32,490,21357
1512584430462582,1512584430484001,10485760,327680,32,489,21419
1512584430557716,1512584430579150,10485760,327680,32,489,21434
1512584430652453,1512584430673738,10485760,327680,32,492,21285
1512584430747045,1512584430768460,10485760,327680,32,489,21415
1512584430841743,1512584430863080,10485760,327680,32,491,21337
1512584430936393,1512584430957830,10485760,327680,32,489,21437
1512584431031087,1512584431052435,10485760,327680,32,491,21348
1512584431125793,1512584431147222,10485760,327680,32,489,21429
1512584431220520,1512584431241942,10485760,327680,32,489,21422
1512584431315312,1512584431336765,10485760,327680,32,488,21453
1512584431410036,1512584431431512,10485760,327680,32,488,21476
1512584431504818,1512584431526249,10485760,327680,32,489,21431
1512584431599713,1512584431621167,10485760,327680,32,488,21454
1512584431694483,1512584431715856,10485760,327680,32,490,21373
1512584431789238,1512584431810599,10485760,327680,32,490,21361
1512584431884348,1512584431905813,10485760,327680,32,488,21465
1512584431979122,1512584432000567,10485760,327680,32,488,21445
1512584432073913,1512584432095322,10485760,327680,32,489,21409
1512584432168681,1512584432190064,10485760,327680,32,490,21383
1512584432263368,1512584432284809,10485760,327680,32,489,21441
1512584432358122,1512584432379592,10485760,327680,32,488,21470
1512584432453077,1512584432474454,10485760,327680,32,490,21377
1512584432547841,1512584432569297,10485760,327680,32,488,21456
1512584432642537,1512584432663869,10485760,327680,32,491,21332
1512584432737374,1512584432758757,10485760,327680,32,490,21383
1512584432832116,1512584432853507,10485760,327680,32,490,21391
1512584432926909,1512584432948243,10485760,327680,32,491,21334
1512584433021693,1512584433043138,10485760,327680,32,488,21445
1512584433116417,1512584433137839,10485760,327680,32,489,21422
1512584433211231,1512584433232758,10485760,327680,32,487,21527
1512584433306153,1512584433327532,10485760,327680,32,490,21379
1512584433400827,1512584433422263,10485760,327680,32,489,21436
1512584433495798,1512584433517203,10485760,327680,32,489,21405
1512584433590479,1512584433611865,10485760,327680,32,490,21386
1512584433685192,1512584433706608,10485760,327680,32,489,21416
1512584433779884,1512584433801212,10485760,327680,32,491,21328
1512584433874743,1512584433896198,10485760,327680,32,488,21455
1512584433969613,1512584433991068,10485760,327680,32,488,21455
1512584434064322,1512584434085797,10485760,327680,32,488,21475
1512584434159095,1512584434180478,10485760,327680,32,490,21383
1512584434253811,1512584434275275,10485760,327680,32,488,21464
1512584434348619,1512584434370115,10485760,327680,32,487,21496
1512584434443620,1512584434465053,10485760,327680,32,489,21433
1512584434538358,1512584434559719,10485760,327680,32,490,21361
1512584434633081,1512584434654493,10485760,327680,32,489,21412
1512584434727774,1512584434749143,10485760,327680,32,490,21369
1512584434822568,1512584434844015,10485760,327680,32,488,21447
1512584434917285,1512584434938761,10485760,327680,32,488,21476
1512584435012082,1512584435033578,10485760,327680,32,487,21496
1512584435106900,1512584435128285,10485760,327680,32,490,21385
1512584435201726,1512584435223090,10485760,327680,32,490,21364
1512584435296482,1512584435317905,10485760,327680,32,489,21423
1512584435391354,1512584435412783,10485760,327680,32,489,21429
1512584435486253,1512584435507536,10485760,327680,32,492,21283
1512584435581049,1512584435602281,10485760,327680,32,493,21232
1512584435675722,1512584435697017,10485760,327680,32,492,21295
1512584435770329,1512584435791780,10485760,327680,32,488,21451
1512584435865113,1512584435886487,10485760,327680,32,490,21374
1512584435959904,1512584435981341,10485760,327680,32,489,21437
1512584436054729,1512584436076171,10485760,327680,32,489,21442
1512584436149595,1512584436171114,10485760,327680,32,487,21519
1512584436244578,1512584436266035,10485760,327680,32,488,21457
1512584436339393,1512584436360851,10485760,327680,32,488,21458
1512584436434155,1512584436455448,10485760,327680,32,492,21293
1512584436528825,1512584436550250,10485760,327680,32,489,21425
1512584436623593,1512584436645056,10485760,327680,32,488,21463
1512584436718347,1512584436739787,10485760,327680,32,489,21440
1512584436813154,1512584436834546,10485760,327680,32,490,21392
1512584436907999,1512584436929456,10485760,327680,32,488,21457
1512584437002931,1512584437024205,10485760,327680,32,492,21274
1512584437097655,1512584437118907,10485760,327680,32,493,21252
1512584437192317,1512584437213589,10485760,327680,32,492,21272
1512584437287069,1512584437308301,10485760,327680,32,493,21232
1512584437381617,1512584437403026,10485760,327680,32,489,21409
1512584437476343,1512584437497753,10485760,327680,32,489,21410
1512584437571138,1512584437592532,10485760,327680,32,490,21394
1512584437665932,1512584437687344,10485760,327680,32,489,21412
1512584437760785,1512584437782214,10485760,327680,32,489,21429
1512584437855692,1512584437877079,10485760,327680,32,490,21387
1512584437950418,1512584437971641,10485760,327680,32,494,21223
1512584438045113,1512584438066294,10485760,327680,32,495,21181
1512584438139618,1512584438161055,10485760,327680,32,489,21437
1512584438234659,1512584438256157,10485760,327680,32,487,21498
1512584438329520,1512584438350837,10485760,327680,32,491,21317
1512584438424201,1512584438445609,10485760,327680,32,489,21408
1512584438518933,1512584438540314,10485760,327680,32,490,21381
1512584438613702,1512584438635134,10485760,327680,32,489,21432
1512584438708484,1512584438729823,10485760,327680,32,491,21339
1512584438803119,1512584438824578,10485760,327680,32,488,21459
1512584438897896,1512584438919239,10485760,327680,32,491,21343
1512584438992536,1512584439013969,10485760,327680,32,489,21433
1512584439087333,1512584439108748,10485760,327680,32,489,21415
1512584439182153,1512584439203607,10485760,327680,32,488,21454
1512584439276908,1512584439298289,10485760,327680,32,490,21381
1512584439371617,1512584439393030,10485760,327680,32,489,21413
1512584439466306,1512584439487809,10485760,327680,32,487,21503
1512584439561285,1512584439582725,10485760,327680,32,489,21440
1512584439656034,1512584439677415,10485760,327680,32,490,21381
1512584439750856,1512584439772246,10485760,327680,32,490,21390
1512584439845684,1512584439867174,10485760,327680,32,487,21490
1512584439940658,1512584439962116,10485760,327680,32,488,21458
1512584440035411,1512584440056770,10485760,327680,32,490,21359
1512584440130063,1512584440151557,10485760,327680,32,487,21494
1512584440224960,1512584440246328,10485760,327680,32,490,21368
1512584440319621,1512584440341027,10485760,327680,32,489,21406
1512584440414305,1512584440435812,10485760,327680,32,487,21507
1512584440509430,1512584440530819,10485760,327680,32,490,21389
1512584440604270,1512584440625686,10485760,327680,32,489,21416
1512584440698928,1512584440720309,10485760,327680,32,490,21381
1512584440793829,1512584440815299,10485760,327680,32,488,21470
1512584440888714,1512584440910125,10485760,327680,32,489,21411
1512584440983380,1512584441004711,10485760,327680,32,491,21331
1512584441078004,1512584441099339,10485760,327680,32,491,21335
1512584441172669,1512584441194057,10485760,327680,32,490,21388
1512584441267401,1512584441288855,10485760,327680,32,488,21454
1512584441362198,1512584441383618,10485760,327680,32,489,21420
1512584441457095,1512584441478556,10485760,327680,32,488,21461
1512584441551819,1512584441573152,10485760,327680,32,491,21333
1512584441646481,1512584441667936,10485760,327680,32,488,21455
1512584441741313,1512584441762702,10485760,327680,32,490,21389
1512584441836077,1512584441857568,10485760,327680,32,487,21491
1512584441930988,1512584441952340,10485760,327680,32,491,21352
1512584442025715,1512584442047198,10485760,327680,32,488,21483
1512584442120660,1512584442142066,10485760,327680,32,489,21406
1512584442215378,1512584442236836,10485760,327680,32,488,21458
1512584442310203,1512584442331559,10485760,327680,32,490,21356
1512584442405021,1512584442426492,10485760,327680,32,488,21471
1512584442500131,1512584442521565,10485760,327680,32,489,21434
1512584442594860,1512584442616339,10485760,327680,32,488,21479
1512584442689708,1512584442711132,10485760,327680,32,489,21424
1512584442784402,1512584442805844,10485760,327680,32,489,21442
1512584442879104,1512584442900550,10485760,327680,32,488,21446
1512584442973955,1512584442995377,10485760,327680,32,489,21422
1512584443068737,1512584443090141,10485760,327680,32,489,21404
1512584443163482,1512584443184909,10485760,327680,32,489,21427
1512584443258477,1512584443279895,10485760,327680,32,489,21418
1512584443353247,1512584443374677,10485760,327680,32,489,21430
1512584443448257,1512584443469777,10485760,327680,32,487,21520
1512584443543149,1512584443564553,10485760,327680,32,489,21404
1512584443637871,1512584443659295,10485760,327680,32,489,21424
1512584443732828,1512584443754378,10485760,327680,32,486,21550
1512584443827663,1512584443849100,10485760,327680,32,489,21437
1512584443922514,1512584443943889,10485760,327680,32,490,21375
1512584444017202,1512584444038528,10485760,327680,32,491,21326
1512584444112051,1512584444133484,10485760,327680,32,489,21433
1512584444206875,1512584444228270,10485760,327680,32,490,21395
1512584444301794,1512584444323285,10485760,327680,32,487,21491
1512584444396614,1512584444417993,10485760,327680,32,490,21379
1512584444491744,1512584444513208,10485760,327680,32,488,21464
1512584444586543,1512584444607922,10485760,327680,32,490,21379
1512584444681224,1512584444702579,10485760,327680,32,491,21355
1512584444775994,1512584444797440,10485760,327680,32,488,21446
1512584444870848,1512584444892245,10485760,327680,32,490,21397
1512584444965701,1512584444987034,10485760,327680,32,491,21333
1512584445060377,1512584445081754,10485760,327680,32,490,21377
1512584445155051,1512584445176306,10485760,327680,32,493,21255
1512584445249667,1512584445271110,10485760,327680,32,489,21443
1512584445344455,1512584445365834,10485760,327680,32,490,21379
1512584445439241,1512584445460736,10485760,327680,32,487,21495
1512584445534069,1512584445555518,10485760,327680,32,488,21449
1512584445628804,1512584445650237,10485760,327680,32,489,21433
1512584445723601,1512584445745077,10485760,327680,32,488,21476
1512584445818397,1512584445839885,10485760,327680,32,487,21488
1512584445913283,1512584445934647,10485760,327680,32,490,21364
1512584446007977,1512584446029352,10485760,327680,32,490,21375
1512584446102855,1512584446124190,10485760,327680,32,491,21335
1512584446197501,1512584446218829,10485760,327680,32,491,21328
1512584446292201,1512584446313627,10485760,327680,32,489,21426
1512584446386966,1512584446408389,10485760,327680,32,489,21423
1512584446481764,1512584446503085,10485760,327680,32,491,21321
1512584446576442,1512584446597852,10485760,327680,32,489,21410
1512584446671201,1512584446692575,10485760,327680,32,490,21374
1512584446765939,1512584446787437,10485760,327680,32,487,21498
1512584446860834,1512584446882133,10485760,327680,32,492,21299
1512584446955490,1512584446976862,10485760,327680,32,490,21372
1512584447050333,1512584447071737,10485760,327680,32,489,21404
1512584447145180,1512584447166593,10485760,327680,32,489,21413
1512584447239938,1512584447261382,10485760,327680,32,488,21444
1512584447334794,1512584447356167,10485760,327680,32,490,21373
1512584447429534,1512584447450978,10485760,327680,32,488,21444
1512584447524401,1512584447545792,10485760,327680,32,490,21391
1512584447619223,1512584447640596,10485760,327680,32,490,21373
1512584447713875,1512584447735349,10485760,327680,32,488,21474
1512584447808733,1512584447830108,10485760,327680,32,490,21375
1512584447903626,1512584447924930,10485760,327680,32,492,21304
1512584447998396,1512584448019862,10485760,327680,32,488,21466
1512584448093285,1512584448114768,10485760,327680,32,488,21483
1512584448188044,1512584448209377,10485760,327680,32,491,21333
1512584448282741,1512584448304196,10485760,327680,32,488,21455
1512584448377694,1512584448399063,10485760,327680,32,490,21369
1512584448472494,1512584448493841,10485760,327680,32,491,21347
1512584448567295,1512584448588708,10485760,327680,32,489,21413
1512584448662071,1512584448683533,10485760,327680,32,488,21462
1512584448756944,1512584448778412,10485760,327680,32,488,21468
1512584448851756,1512584448873250,10485760,327680,32,487,21494
1512584448946810,1512584448968208,10485760,327680,32,490,21398
1512584449041509,1512584449062808,10485760,327680,32,492,21299
1512584449136152,1512584449157501,10485760,327680,32,491,21349
1512584449230991,1512584449252462,10485760,327680,32,488,21471
1512584449325794,1512584449347103,10485760,327680,32,492,21309
1512584449420731,1512584449442117,10485760,327680,32,490,21386
1512584449515586,1512584449536928,10485760,327680,32,491,21342
1512584449610242,1512584449631619,10485760,327680,32,490,21377
1512584449704994,1512584449726348,10485760,327680,32,491,21354
1512584449799783,1512584449821190,10485760,327680,32,489,21407
1512584449894808,1512584449916082,10485760,327680,32,492,21274
1512584449989387,1512584450010741,10485760,327680,32,491,21354
1512584450084144,1512584450105526,10485760,327680,32,490,21382
1512584450178871,1512584450200351,10485760,327680,32,488,21480
1512584450273809,1512584450295261,10485760,327680,32,488,21452
1512584450368708,1512584450390014,10485760,327680,32,492,21306
1512584450463397,1512584450484759,10485760,327680,32,490,21362
1512584450558155,1512584450579627,10485760,327680,32,488,21472
1512584450653159,1512584450674576,10485760,327680,32,489,21417
1512584450747943,1512584450769380,10485760,327680,32,489,21437
1512584450843071,1512584450864506,10485760,327680,32,489,21435
1512584450937932,1512584450959329,10485760,327680,32,490,21397
1512584451032769,1512584451054125,10485760,327680,32,490,21356
1512584451127473,1512584451148909,10485760,327680,32,489,21436
1512584451222265,1512584451243718,10485760,327680,32,488,21453
1512584451317121,1512584451338523,10485760,327680,32,489,21402
1512584451411836,1512584451433250,10485760,327680,32,489,21414
1512584451507026,1512584451528276,10485760,327680,32,493,21250
1512584451601829,1512584451623215,10485760,327680,32,490,21386
1512584451696734,1512584451718062,10485760,327680,32,491,21328
1512584451791525,1512584451812820,10485760,327680,32,492,21295
1512584451886153,1512584451907377,10485760,327680,32,494,21224
1512584451980891,1512584452002273,10485760,327680,32,490,21382
1512584452075655,1512584452097119,10485760,327680,32,488,21464
1512584452170488,1512584452191937,10485760,327680,32,488,21449
1512584452265410,1512584452286806,10485760,327680,32,490,21396
1512584452360078,1512584452381412,10485760,327680,32,491,21334
1512584452454754,1512584452476176,10485760,327680,32,489,21422
1512584452549720,1512584452571110,10485760,327680,32,490,21390
1512584452644554,1512584452665926,10485760,327680,32,490,21372
1512584452739274,1512584452760680,10485760,327680,32,489,21406
1512584452834115,1512584452855640,10485760,327680,32,487,21525
1512584452929229,1512584452950645,10485760,327680,32,489,21416
1512584453024012,1512584453045366,10485760,327680,32,491,21354
1512584453118894,1512584453140347,10485760,327680,32,488,21453
1512584453213898,1512584453235370,10485760,327680,32,488,21472
1512584453308976,1512584453330304,10485760,327680,32,491,21328
1512584453403775,1512584453425196,10485760,327680,32,489,21421
