1512768204212423,1512768204212632,1048576,65536,16,5017,209
1512768204226525,1512768204226721,1048576,65536,16,5349,196
1512768204239412,1512768204239573,1048576,65536,16,6512,161
1512768204250901,1512768204251057,1048576,65536,16,6721,156
1512768204262363,1512768204262520,1048576,65536,16,6678,157
1512768204273808,1512768204273964,1048576,65536,16,6721,156
1512768204285230,1512768204285386,1048576,65536,16,6721,156
1512768204296781,1512768204296920,1048576,65536,16,7543,139
1512768204308160,1512768204308299,1048576,65536,16,7543,139
1512768204319383,1512768204319522,1048576,65536,16,7543,139
1512768204330510,1512768204330650,1048576,65536,16,7489,140
1512768204341615,1512768204341757,1048576,65536,16,7384,142
1512768204352832,1512768204352972,1048576,65536,16,7489,140
1512768204363949,1512768204364088,1048576,65536,16,7543,139
1512768204375044,1512768204375185,1048576,65536,16,7436,141
1512768204386145,1512768204386284,1048576,65536,16,7543,139
1512768204397260,1512768204397399,1048576,65536,16,7543,139
1512768204408376,1512768204408516,1048576,65536,16,7489,140
1512768204419480,1512768204419619,1048576,65536,16,7543,139
1512768204430610,1512768204430751,1048576,65536,16,7436,141
1512768204441707,1512768204441846,1048576,65536,16,7543,139
1512768204452806,1512768204452945,1048576,65536,16,7543,139
1512768204463898,1512768204464037,1048576,65536,16,7543,139
1512768204474977,1512768204475117,1048576,65536,16,7489,140
1512768204486057,1512768204486197,1048576,65536,16,7489,140
1512768204497136,1512768204497276,1048576,65536,16,7489,140
1512768204508360,1512768204508499,1048576,65536,16,7543,139
1512768204519472,1512768204519613,1048576,65536,16,7436,141
1512768204530817,1512768204530959,1048576,65536,16,7384,142
1512768204541989,1512768204542130,1048576,65536,16,7436,141
1512768204553104,1512768204553243,1048576,65536,16,7543,139
1512768204564308,1512768204564448,1048576,65536,16,7489,140
1512768204575429,1512768204575569,1048576,65536,16,7489,140
1512768204586550,1512768204586690,1048576,65536,16,7489,140
1512768204597894,1512768204598035,1048576,65536,16,7436,141
1512768204608990,1512768204609130,1048576,65536,16,7489,140
1512768204620100,1512768204620239,1048576,65536,16,7543,139
1512768204631214,1512768204631353,1048576,65536,16,7543,139
1512768204642433,1512768204642573,1048576,65536,16,7489,140
1512768204653638,1512768204653778,1048576,65536,16,7489,140
1512768204664766,1512768204664906,1048576,65536,16,7489,140
1512768204676110,1512768204676250,1048576,65536,16,7489,140
1512768204687226,1512768204687367,1048576,65536,16,7436,141
1512768204698413,1512768204698553,1048576,65536,16,7489,140
1512768204709517,1512768204709659,1048576,65536,16,7384,142
1512768204720637,1512768204720778,1048576,65536,16,7436,141
1512768204731747,1512768204731887,1048576,65536,16,7489,140
1512768204743053,1512768204743193,1048576,65536,16,7489,140
1512768204754229,1512768204754369,1048576,65536,16,7489,140
1512768204765343,1512768204765483,1048576,65536,16,7489,140
1512768204776485,1512768204776640,1048576,65536,16,6765,155
1512768204787653,1512768204787794,1048576,65536,16,7436,141
1512768204798748,1512768204798888,1048576,65536,16,7489,140
1512768204809871,1512768204810011,1048576,65536,16,7489,140
1512768204820962,1512768204821104,1048576,65536,16,7384,142
1512768204832174,1512768204832315,1048576,65536,16,7436,141
1512768204843502,1512768204843642,1048576,65536,16,7489,140
1512768204854740,1512768204854880,1048576,65536,16,7489,140
1512768204865897,1512768204866037,1048576,65536,16,7489,140
1512768204877048,1512768204877187,1048576,65536,16,7543,139
1512768204888146,1512768204888287,1048576,65536,16,7436,141
1512768204899258,1512768204899398,1048576,65536,16,7489,140
1512768204910355,1512768204910492,1048576,65536,16,7653,137
1512768204921489,1512768204921629,1048576,65536,16,7489,140
1512768204932706,1512768204932847,1048576,65536,16,7436,141
1512768204943818,1512768204943959,1048576,65536,16,7436,141
1512768204954944,1512768204955084,1048576,65536,16,7489,140
1512768204966052,1512768204966188,1048576,65536,16,7710,136
1512768204977343,1512768204977483,1048576,65536,16,7489,140
1512768204988472,1512768204988625,1048576,65536,16,6853,153
1512768204999647,1512768204999788,1048576,65536,16,7436,141
1512768205010761,1512768205010901,1048576,65536,16,7489,140
1512768205021914,1512768205022055,1048576,65536,16,7436,141
1512768205033110,1512768205033251,1048576,65536,16,7436,141
1512768205044274,1512768205044416,1048576,65536,16,7384,142
1512768205055413,1512768205055554,1048576,65536,16,7436,141
1512768205066527,1512768205066665,1048576,65536,16,7598,138
1512768205077641,1512768205077781,1048576,65536,16,7489,140
1512768205088875,1512768205089015,1048576,65536,16,7489,140
1512768205100101,1512768205100241,1048576,65536,16,7489,140
1512768205111390,1512768205111532,1048576,65536,16,7384,142
1512768205122552,1512768205122694,1048576,65536,16,7384,142
1512768205133648,1512768205133789,1048576,65536,16,7436,141
1512768205144758,1512768205144898,1048576,65536,16,7489,140
1512768205155880,1512768205156022,1048576,65536,16,7384,142
1512768205167004,1512768205167144,1048576,65536,16,7489,140
1512768205178108,1512768205178248,1048576,65536,16,7489,140
1512768205189202,1512768205189342,1048576,65536,16,7489,140
1512768205200301,1512768205200443,1048576,65536,16,7384,142
1512768205211416,1512768205211558,1048576,65536,16,7384,142
1512768205222550,1512768205222692,1048576,65536,16,7384,142
1512768205233663,1512768205233805,1048576,65536,16,7384,142
1512768205244793,1512768205244933,1048576,65536,16,7489,140
1512768205256018,1512768205256157,1048576,65536,16,7543,139
1512768205267118,1512768205267258,1048576,65536,16,7489,140
1512768205278342,1512768205278481,1048576,65536,16,7543,139
1512768205289559,1512768205289702,1048576,65536,16,7332,143
1512768205300772,1512768205300911,1048576,65536,16,7543,139
1512768205311913,1512768205312053,1048576,65536,16,7489,140
1512768205323039,1512768205323179,1048576,65536,16,7489,140
1512768205334202,1512768205334344,1048576,65536,16,7384,142
1512768205345335,1512768205345473,1048576,65536,16,7598,138
1512768205356445,1512768205356585,1048576,65536,16,7489,140
1512768205367560,1512768205367704,1048576,65536,16,7281,144
1512768205378679,1512768205378818,1048576,65536,16,7543,139
1512768205389819,1512768205389958,1048576,65536,16,7543,139
1512768205401065,1512768205401207,1048576,65536,16,7384,142
1512768205412225,1512768205412366,1048576,65536,16,7436,141
1512768205423454,1512768205423594,1048576,65536,16,7489,140
1512768205434566,1512768205434709,1048576,65536,16,7332,143
1512768205445680,1512768205445820,1048576,65536,16,7489,140
1512768205456799,1512768205456939,1048576,65536,16,7489,140
1512768205467907,1512768205468048,1048576,65536,16,7436,141
1512768205479033,1512768205479172,1048576,65536,16,7543,139
1512768205490250,1512768205490390,1048576,65536,16,7489,140
1512768205501375,1512768205501515,1048576,65536,16,7489,140
1512768205512476,1512768205512616,1048576,65536,16,7489,140
1512768205523601,1512768205523742,1048576,65536,16,7436,141
1512768205534720,1512768205534860,1048576,65536,16,7489,140
1512768205545885,1512768205546024,1048576,65536,16,7543,139
1512768205557131,1512768205557272,1048576,65536,16,7436,141
1512768205568266,1512768205568408,1048576,65536,16,7384,142
1512768205579402,1512768205579541,1048576,65536,16,7543,139
1512768205590502,1512768205590642,1048576,65536,16,7489,140
1512768205601628,1512768205601769,1048576,65536,16,7436,141
1512768205612755,1512768205612894,1048576,65536,16,7543,139
1512768205623994,1512768205624134,1048576,65536,16,7489,140
1512768205635086,1512768205635226,1048576,65536,16,7489,140
1512768205646319,1512768205646460,1048576,65536,16,7436,141
1512768205657430,1512768205657568,1048576,65536,16,7598,138
1512768205668540,1512768205668681,1048576,65536,16,7436,141
1512768205679669,1512768205679810,1048576,65536,16,7436,141
1512768205690782,1512768205690920,1048576,65536,16,7598,138
1512768205701906,1512768205702046,1048576,65536,16,7489,140
1512768205713020,1512768205713159,1048576,65536,16,7543,139
1512768205724132,1512768205724272,1048576,65536,16,7489,140
1512768205735266,1512768205735405,1048576,65536,16,7543,139
1512768205746395,1512768205746535,1048576,65536,16,7489,140
1512768205757515,1512768205757656,1048576,65536,16,7436,141
1512768205768606,1512768205768747,1048576,65536,16,7436,141
1512768205779843,1512768205779985,1048576,65536,16,7384,142
1512768205790938,1512768205791079,1048576,65536,16,7436,141
1512768205802053,1512768205802194,1048576,65536,16,7436,141
1512768205813157,1512768205813298,1048576,65536,16,7436,141
1512768205824337,1512768205824471,1048576,65536,16,7825,134
1512768205835546,1512768205835686,1048576,65536,16,7489,140
1512768205846625,1512768205846766,1048576,65536,16,7436,141
1512768205857865,1512768205858004,1048576,65536,16,7543,139
1512768205869098,1512768205869234,1048576,65536,16,7710,136
1512768205880208,1512768205880347,1048576,65536,16,7543,139
1512768205891321,1512768205891460,1048576,65536,16,7543,139
1512768205902411,1512768205902550,1048576,65536,16,7543,139
1512768205913528,1512768205913669,1048576,65536,16,7436,141
1512768205924620,1512768205924762,1048576,65536,16,7384,142
1512768205935759,1512768205935899,1048576,65536,16,7489,140
1512768205947100,1512768205947241,1048576,65536,16,7436,141
1512768205958213,1512768205958352,1048576,65536,16,7543,139
1512768205969312,1512768205969451,1048576,65536,16,7543,139
1512768205980429,1512768205980570,1048576,65536,16,7436,141
1512768205991534,1512768205991672,1048576,65536,16,7598,138
1512768206002641,1512768206002780,1048576,65536,16,7543,139
1512768206013988,1512768206014129,1048576,65536,16,7436,141
1512768206025107,1512768206025247,1048576,65536,16,7489,140
1512768206036228,1512768206036367,1048576,65536,16,7543,139
1512768206047352,1512768206047491,1048576,65536,16,7543,139
1512768206058577,1512768206058718,1048576,65536,16,7436,141
1512768206069704,1512768206069843,1048576,65536,16,7543,139
1512768206080935,1512768206081074,1048576,65536,16,7543,139
1512768206092114,1512768206092255,1048576,65536,16,7436,141
1512768206103223,1512768206103363,1048576,65536,16,7489,140
1512768206114326,1512768206114465,1048576,65536,16,7543,139
1512768206125546,1512768206125683,1048576,65536,16,7653,137
1512768206136628,1512768206136768,1048576,65536,16,7489,140
1512768206147723,1512768206147861,1048576,65536,16,7598,138
1512768206158815,1512768206158956,1048576,65536,16,7436,141
1512768206169916,1512768206170054,1048576,65536,16,7598,138
1512768206181185,1512768206181326,1048576,65536,16,7436,141
1512768206192315,1512768206192456,1048576,65536,16,7436,141
1512768206203544,1512768206203684,1048576,65536,16,7489,140
1512768206214651,1512768206214791,1048576,65536,16,7489,140
1512768206225757,1512768206225897,1048576,65536,16,7489,140
1512768206236984,1512768206237124,1048576,65536,16,7489,140
1512768206248104,1512768206248244,1048576,65536,16,7489,140
1512768206259332,1512768206259473,1048576,65536,16,7436,141
1512768206270463,1512768206270602,1048576,65536,16,7543,139
1512768206281584,1512768206281725,1048576,65536,16,7436,141
1512768206292803,1512768206292942,1048576,65536,16,7543,139
1512768206303923,1512768206304062,1048576,65536,16,7543,139
1512768206315030,1512768206315169,1048576,65536,16,7543,139
1512768206326259,1512768206326399,1048576,65536,16,7489,140
1512768206337390,1512768206337530,1048576,65536,16,7489,140
1512768206348519,1512768206348658,1048576,65536,16,7543,139
1512768206359626,1512768206359767,1048576,65536,16,7436,141
1512768206370866,1512768206371008,1048576,65536,16,7384,142
1512768206381985,1512768206382123,1048576,65536,16,7598,138
1512768206393218,1512768206393354,1048576,65536,16,7710,136
1512768206404527,1512768206404668,1048576,65536,16,7436,141
1512768206415643,1512768206415783,1048576,65536,16,7489,140
1512768206426738,1512768206426874,1048576,65536,16,7710,136
1512768206437888,1512768206438028,1048576,65536,16,7489,140
1512768206449015,1512768206449155,1048576,65536,16,7489,140
1512768206460136,1512768206460277,1048576,65536,16,7436,141
1512768206471235,1512768206471376,1048576,65536,16,7436,141
1512768206482345,1512768206482484,1048576,65536,16,7543,139
1512768206493593,1512768206493735,1048576,65536,16,7384,142
1512768206504712,1512768206504852,1048576,65536,16,7489,140
1512768206515830,1512768206515969,1048576,65536,16,7543,139
1512768206526932,1512768206527071,1048576,65536,16,7543,139
1512768206538038,1512768206538174,1048576,65536,16,7710,136
1512768206549131,1512768206549270,1048576,65536,16,7543,139
1512768206560366,1512768206560507,1048576,65536,16,7436,141
1512768206571502,1512768206571641,1048576,65536,16,7543,139
1512768206582661,1512768206582801,1048576,65536,16,7489,140
1512768206593783,1512768206593922,1048576,65536,16,7543,139
1512768206604908,1512768206605044,1048576,65536,16,7710,136
1512768206616239,1512768206616379,1048576,65536,16,7489,140
1512768206627331,1512768206627470,1048576,65536,16,7543,139
1512768206638668,1512768206638808,1048576,65536,16,7489,140
1512768206649754,1512768206649894,1048576,65536,16,7489,140
1512768206660981,1512768206661120,1048576,65536,16,7543,139
1512768206672079,1512768206672218,1048576,65536,16,7543,139
1512768206683422,1512768206683561,1048576,65536,16,7543,139
1512768206694747,1512768206694887,1048576,65536,16,7489,140
1512768206705965,1512768206706104,1048576,65536,16,7543,139
1512768206717086,1512768206717226,1048576,65536,16,7489,140
1512768206728219,1512768206728358,1048576,65536,16,7543,139
1512768206739351,1512768206739491,1048576,65536,16,7489,140
1512768206750600,1512768206750738,1048576,65536,16,7598,138
1512768206761835,1512768206761974,1048576,65536,16,7543,139
1512768206773169,1512768206773308,1048576,65536,16,7543,139
1512768206784412,1512768206784552,1048576,65536,16,7489,140
1512768206795612,1512768206795753,1048576,65536,16,7436,141
1512768206806722,1512768206806863,1048576,65536,16,7436,141
1512768206817849,1512768206817990,1048576,65536,16,7436,141
1512768206829006,1512768206829143,1048576,65536,16,7653,137
1512768206840250,1512768206840388,1048576,65536,16,7598,138
1512768206851372,1512768206851511,1048576,65536,16,7543,139
1512768206862603,1512768206862744,1048576,65536,16,7436,141
1512768206873904,1512768206874041,1048576,65536,16,7653,137
1512768206885267,1512768206885405,1048576,65536,16,7598,138
1512768206896498,1512768206896637,1048576,65536,16,7543,139
1512768206907615,1512768206907756,1048576,65536,16,7436,141
1512768206918805,1512768206918944,1048576,65536,16,7543,139
1512768206929907,1512768206930046,1048576,65536,16,7543,139
1512768206941064,1512768206941200,1048576,65536,16,7710,136
1512768206952168,1512768206952307,1048576,65536,16,7543,139
1512768206963393,1512768206963531,1048576,65536,16,7598,138
1512768206974613,1512768206974751,1048576,65536,16,7598,138
1512768206985716,1512768206985853,1048576,65536,16,7653,137
1512768206996822,1512768206996962,1048576,65536,16,7489,140
1512768207007973,1512768207008110,1048576,65536,16,7653,137
1512768207019095,1512768207019235,1048576,65536,16,7489,140
1512768207030248,1512768207030387,1048576,65536,16,7543,139
1512768207041388,1512768207041525,1048576,65536,16,7653,137
1512768207052514,1512768207052652,1048576,65536,16,7598,138
1512768207063706,1512768207063843,1048576,65536,16,7653,137
1512768207074887,1512768207075029,1048576,65536,16,7384,142
1512768207086060,1512768207086201,1048576,65536,16,7436,141
1512768207097179,1512768207097320,1048576,65536,16,7436,141
1512768207108287,1512768207108427,1048576,65536,16,7489,140
1512768207119526,1512768207119667,1048576,65536,16,7436,141
1512768207130709,1512768207130850,1048576,65536,16,7436,141
1512768207141811,1512768207141948,1048576,65536,16,7653,137
1512768207152959,1512768207153098,1048576,65536,16,7543,139
1512768207164064,1512768207164203,1048576,65536,16,7543,139
1512768207175221,1512768207175361,1048576,65536,16,7489,140
1512768207186288,1512768207186428,1048576,65536,16,7489,140
1512768207197521,1512768207197662,1048576,65536,16,7436,141
1512768207208645,1512768207208786,1048576,65536,16,7436,141
1512768207219852,1512768207219994,1048576,65536,16,7384,142
1512768207231091,1512768207231233,1048576,65536,16,7384,142
1512768207242324,1512768207242464,1048576,65536,16,7489,140
1512768207253456,1512768207253598,1048576,65536,16,7384,142
1512768207264779,1512768207264919,1048576,65536,16,7489,140
1512768207275912,1512768207276052,1048576,65536,16,7489,140
1512768207287144,1512768207287284,1048576,65536,16,7489,140
1512768207298374,1512768207298513,1048576,65536,16,7543,139
1512768207309465,1512768207309604,1048576,65536,16,7543,139
1512768207320895,1512768207321035,1048576,65536,16,7489,140
1512768207332023,1512768207332163,1048576,65536,16,7489,140
1512768207343127,1512768207343267,1048576,65536,16,7489,140
1512768207354241,1512768207354380,1048576,65536,16,7543,139
1512768207365354,1512768207365495,1048576,65536,16,7436,141
1512768207376460,1512768207376602,1048576,65536,16,7384,142
1512768207387782,1512768207387921,1048576,65536,16,7543,139
1512768207398887,1512768207399028,1048576,65536,16,7436,141
1512768207410037,1512768207410177,1048576,65536,16,7489,140
1512768207421135,1512768207421274,1048576,65536,16,7543,139
1512768207432251,1512768207432391,1048576,65536,16,7489,140
1512768207443483,1512768207443623,1048576,65536,16,7489,140
1512768207454590,1512768207454731,1048576,65536,16,7436,141
1512768207465786,1512768207465928,1048576,65536,16,7384,142
1512768207476890,1512768207477029,1048576,65536,16,7543,139
1512768207488136,1512768207488276,1048576,65536,16,7489,140
1512768207499240,1512768207499379,1048576,65536,16,7543,139
1512768207510570,1512768207510709,1048576,65536,16,7543,139
1512768207521676,1512768207521815,1048576,65536,16,7543,139
1512768207532948,1512768207533087,1048576,65536,16,7543,139
1512768207544039,1512768207544177,1048576,65536,16,7598,138
1512768207555162,1512768207555302,1048576,65536,16,7489,140
1512768207566249,1512768207566389,1048576,65536,16,7489,140
1512768207577357,1512768207577497,1048576,65536,16,7489,140
1512768207588664,1512768207588803,1048576,65536,16,7543,139
1512768207599740,1512768207599880,1048576,65536,16,7489,140
1512768207610912,1512768207611051,1048576,65536,16,7543,139
1512768207622043,1512768207622182,1048576,65536,16,7543,139
1512768207633351,1512768207633492,1048576,65536,16,7436,141
1512768207644653,1512768207644791,1048576,65536,16,7598,138
1512768207655750,1512768207655890,1048576,65536,16,7489,140
1512768207666899,1512768207667041,1048576,65536,16,7384,142
1512768207678010,1512768207678147,1048576,65536,16,7653,137
1512768207689115,1512768207689257,1048576,65536,16,7384,142
1512768207700206,1512768207700345,1048576,65536,16,7543,139
1512768207711297,1512768207711435,1048576,65536,16,7598,138
1512768207722384,1512768207722524,1048576,65536,16,7489,140
1512768207733467,1512768207733603,1048576,65536,16,7710,136
1512768207744637,1512768207744778,1048576,65536,16,7436,141
1512768207755726,1512768207755867,1048576,65536,16,7436,141
1512768207767099,1512768207767235,1048576,65536,16,7710,136
1512768207778179,1512768207778318,1048576,65536,16,7543,139
1512768207789304,1512768207789443,1048576,65536,16,7543,139
1512768207800411,1512768207800549,1048576,65536,16,7598,138
1512768207811504,1512768207811644,1048576,65536,16,7489,140
1512768207822599,1512768207822740,1048576,65536,16,7436,141
1512768207833876,1512768207834010,1048576,65536,16,7825,134
1512768207844981,1512768207845120,1048576,65536,16,7543,139
1512768207856109,1512768207856247,1048576,65536,16,7598,138
1512768207867410,1512768207867549,1048576,65536,16,7543,139
1512768207878628,1512768207878769,1048576,65536,16,7436,141
1512768207889734,1512768207889874,1048576,65536,16,7489,140
1512768207900863,1512768207901003,1048576,65536,16,7489,140
1512768207912006,1512768207912148,1048576,65536,16,7384,142
1512768207923264,1512768207923404,1048576,65536,16,7489,140
1512768207934367,1512768207934508,1048576,65536,16,7436,141
1512768207945670,1512768207945811,1048576,65536,16,7436,141
1512768207956881,1512768207957022,1048576,65536,16,7436,141
1512768207968002,1512768207968141,1048576,65536,16,7543,139
1512768207979226,1512768207979368,1048576,65536,16,7384,142
1512768207990453,1512768207990593,1048576,65536,16,7489,140
1512768208001652,1512768208001795,1048576,65536,16,7332,143
1512768208012735,1512768208012875,1048576,65536,16,7489,140
1512768208023821,1512768208023960,1048576,65536,16,7543,139
1512768208034907,1512768208035046,1048576,65536,16,7543,139
1512768208046007,1512768208046147,1048576,65536,16,7489,140
1512768208057224,1512768208057366,1048576,65536,16,7384,142
1512768208068446,1512768208068587,1048576,65536,16,7436,141
1512768208079548,1512768208079689,1048576,65536,16,7436,141
1512768208090772,1512768208090912,1048576,65536,16,7489,140
1512768208101863,1512768208102002,1048576,65536,16,7543,139
1512768208112959,1512768208113099,1048576,65536,16,7489,140
1512768208124108,1512768208124247,1048576,65536,16,7543,139
1512768208135192,1512768208135332,1048576,65536,16,7489,140
1512768208146404,1512768208146541,1048576,65536,16,7653,137
1512768208157501,1512768208157642,1048576,65536,16,7436,141
1512768208168619,1512768208168762,1048576,65536,16,7332,143
1512768208179735,1512768208179875,1048576,65536,16,7489,140
1512768208190832,1512768208190972,1048576,65536,16,7489,140
1512768208201937,1512768208202076,1048576,65536,16,7543,139
1512768208213073,1512768208213215,1048576,65536,16,7384,142
1512768208224215,1512768208224355,1048576,65536,16,7489,140
1512768208235440,1512768208235580,1048576,65536,16,7489,140
1512768208246528,1512768208246670,1048576,65536,16,7384,142
1512768208257718,1512768208257858,1048576,65536,16,7489,140
1512768208268812,1512768208268951,1048576,65536,16,7543,139
1512768208280180,1512768208280321,1048576,65536,16,7436,141
1512768208291277,1512768208291418,1048576,65536,16,7436,141
1512768208302396,1512768208302534,1048576,65536,16,7598,138
1512768208313696,1512768208313839,1048576,65536,16,7332,143
1512768208324815,1512768208324953,1048576,65536,16,7598,138
1512768208335982,1512768208336121,1048576,65536,16,7543,139
1512768208347190,1512768208347328,1048576,65536,16,7598,138
1512768208358492,1512768208358633,1048576,65536,16,7436,141
1512768208369600,1512768208369739,1048576,65536,16,7543,139
1512768208380696,1512768208380834,1048576,65536,16,7598,138
1512768208391799,1512768208391941,1048576,65536,16,7384,142
1512768208402922,1512768208403061,1048576,65536,16,7543,139
1512768208414076,1512768208414215,1048576,65536,16,7543,139
1512768208425187,1512768208425324,1048576,65536,16,7653,137
1512768208436413,1512768208436553,1048576,65536,16,7489,140
1512768208447538,1512768208447682,1048576,65536,16,7281,144
1512768208458765,1512768208458904,1048576,65536,16,7543,139
1512768208469877,1512768208470017,1048576,65536,16,7489,140
1512768208481093,1512768208481231,1048576,65536,16,7598,138
1512768208492221,1512768208492361,1048576,65536,16,7489,140
1512768208503437,1512768208503575,1048576,65536,16,7598,138
1512768208514651,1512768208514788,1048576,65536,16,7653,137
1512768208525815,1512768208525957,1048576,65536,16,7384,142
1512768208536950,1512768208537089,1048576,65536,16,7543,139
1512768208548057,1512768208548197,1048576,65536,16,7489,140
1512768208559183,1512768208559324,1048576,65536,16,7436,141
1512768208570299,1512768208570438,1048576,65536,16,7543,139
1512768208581399,1512768208581538,1048576,65536,16,7543,139
1512768208592712,1512768208592854,1048576,65536,16,7384,142
1512768208603808,1512768208603946,1048576,65536,16,7598,138
1512768208614895,1512768208615035,1048576,65536,16,7489,140
1512768208626009,1512768208626147,1048576,65536,16,7598,138
1512768208637219,1512768208637357,1048576,65536,16,7598,138
1512768208648320,1512768208648460,1048576,65536,16,7489,140
1512768208659550,1512768208659691,1048576,65536,16,7436,141
1512768208670736,1512768208670875,1048576,65536,16,7543,139
1512768208681825,1512768208681964,1048576,65536,16,7543,139
1512768208692931,1512768208693070,1048576,65536,16,7543,139
1512768208704090,1512768208704230,1048576,65536,16,7489,140
1512768208715203,1512768208715342,1048576,65536,16,7543,139
1512768208726302,1512768208726441,1048576,65536,16,7543,139
1512768208737515,1512768208737656,1048576,65536,16,7436,141
1512768208748632,1512768208748775,1048576,65536,16,7332,143
1512768208759738,1512768208759877,1048576,65536,16,7543,139
1512768208770948,1512768208771090,1048576,65536,16,7384,142
1512768208782052,1512768208782192,1048576,65536,16,7489,140
1512768208793156,1512768208793295,1048576,65536,16,7543,139
1512768208804240,1512768208804378,1048576,65536,16,7598,138
1512768208815324,1512768208815462,1048576,65536,16,7598,138
1512768208826418,1512768208826558,1048576,65536,16,7489,140
1512768208837525,1512768208837666,1048576,65536,16,7436,141
1512768208848617,1512768208848758,1048576,65536,16,7436,141
1512768208859737,1512768208859879,1048576,65536,16,7384,142
1512768208870850,1512768208870990,1048576,65536,16,7489,140
1512768208882115,1512768208882252,1048576,65536,16,7653,137
1512768208893230,1512768208893373,1048576,65536,16,7332,143
1512768208904325,1512768208904467,1048576,65536,16,7384,142
1512768208915537,1512768208915678,1048576,65536,16,7436,141
1512768208926652,1512768208926792,1048576,65536,16,7489,140
1512768208937823,1512768208937962,1048576,65536,16,7543,139
1512768208948951,1512768208949091,1048576,65536,16,7489,140
1512768208960108,1512768208960246,1048576,65536,16,7598,138
1512768208971357,1512768208971494,1048576,65536,16,7653,137
1512768208982529,1512768208982671,1048576,65536,16,7384,142
1512768208993628,1512768208993767,1048576,65536,16,7543,139
1512768209004734,1512768209004874,1048576,65536,16,7489,140
1512768209015897,1512768209016035,1048576,65536,16,7598,138
1512768209027006,1512768209027144,1048576,65536,16,7598,138
1512768209038113,1512768209038251,1048576,65536,16,7598,138
1512768209049241,1512768209049382,1048576,65536,16,7436,141
1512768209060332,1512768209060472,1048576,65536,16,7489,140
1512768209071457,1512768209071593,1048576,65536,16,7710,136
1512768209082561,1512768209082702,1048576,65536,16,7436,141
1512768209093667,1512768209093807,1048576,65536,16,7489,140
1512768209104794,1512768209104930,1048576,65536,16,7710,136
1512768209115890,1512768209116030,1048576,65536,16,7489,140
1512768209127018,1512768209127157,1048576,65536,16,7543,139
1512768209138279,1512768209138419,1048576,65536,16,7489,140
1512768209149404,1512768209149546,1048576,65536,16,7384,142
1512768209160528,1512768209160667,1048576,65536,16,7543,139
1512768209171661,1512768209171801,1048576,65536,16,7489,140
1512768209182797,1512768209182933,1048576,65536,16,7710,136
1512768209193894,1512768209194033,1048576,65536,16,7543,139
1512768209204990,1512768209205132,1048576,65536,16,7384,142
1512768209216106,1512768209216246,1048576,65536,16,7489,140
1512768209227218,1512768209227359,1048576,65536,16,7436,141
1512768209238447,1512768209238590,1048576,65536,16,7332,143
1512768209249667,1512768209249807,1048576,65536,16,7489,140
1512768209260872,1512768209261011,1048576,65536,16,7543,139
1512768209271979,1512768209272116,1048576,65536,16,7653,137
1512768209283132,1512768209283275,1048576,65536,16,7332,143
1512768209294245,1512768209294385,1048576,65536,16,7489,140
1512768209305466,1512768209305604,1048576,65536,16,7598,138
1512768209316592,1512768209316733,1048576,65536,16,7436,141
1512768209327767,1512768209327904,1048576,65536,16,7653,137
1512768209338932,1512768209339072,1048576,65536,16,7489,140
1512768209350138,1512768209350277,1048576,65536,16,7543,139
1512768209361214,1512768209361354,1048576,65536,16,7489,140
1512768209372297,1512768209372438,1048576,65536,16,7436,141
1512768209383396,1512768209383535,1048576,65536,16,7543,139
1512768209394495,1512768209394634,1048576,65536,16,7543,139
1512768209405657,1512768209405797,1048576,65536,16,7489,140
1512768209416889,1512768209417028,1048576,65536,16,7543,139
1512768209427974,1512768209428114,1048576,65536,16,7489,140
1512768209439059,1512768209439200,1048576,65536,16,7436,141
1512768209450408,1512768209450547,1048576,65536,16,7543,139
1512768209461510,1512768209461654,1048576,65536,16,7281,144
1512768209472743,1512768209472883,1048576,65536,16,7489,140
1512768209483858,1512768209483997,1048576,65536,16,7543,139
1512768209494988,1512768209495127,1048576,65536,16,7543,139
1512768209506089,1512768209506231,1048576,65536,16,7384,142
1512768209517204,1512768209517343,1048576,65536,16,7543,139
1512768209528300,1512768209528439,1048576,65536,16,7543,139
1512768209539409,1512768209539549,1048576,65536,16,7489,140
1512768209550620,1512768209550761,1048576,65536,16,7436,141
1512768209561890,1512768209562030,1048576,65536,16,7489,140
1512768209572984,1512768209573124,1048576,65536,16,7489,140
1512768209584205,1512768209584344,1048576,65536,16,7543,139
1512768209595538,1512768209595680,1048576,65536,16,7384,142
1512768209606644,1512768209606781,1048576,65536,16,7653,137
1512768209617956,1512768209618095,1048576,65536,16,7543,139
1512768209629174,1512768209629313,1048576,65536,16,7543,139
1512768209640383,1512768209640523,1048576,65536,16,7489,140
1512768209651601,1512768209651742,1048576,65536,16,7436,141
1512768209662711,1512768209662851,1048576,65536,16,7489,140
1512768209673818,1512768209673956,1048576,65536,16,7598,138
1512768209685052,1512768209685190,1048576,65536,16,7598,138
1512768209696158,1512768209696296,1048576,65536,16,7598,138
1512768209707247,1512768209707384,1048576,65536,16,7653,137
1512768209718362,1512768209718502,1048576,65536,16,7489,140
1512768209729464,1512768209729606,1048576,65536,16,7384,142
1512768209740766,1512768209740908,1048576,65536,16,7384,142
1512768209751858,1512768209751996,1048576,65536,16,7598,138
1512768209763025,1512768209763165,1048576,65536,16,7489,140
1512768209774116,1512768209774255,1048576,65536,16,7543,139
1512768209785231,1512768209785369,1048576,65536,16,7598,138
1512768209796465,1512768209796603,1048576,65536,16,7598,138
1512768209807683,1512768209807822,1048576,65536,16,7543,139
1512768209818997,1512768209819137,1048576,65536,16,7489,140
1512768209830098,1512768209830238,1048576,65536,16,7489,140
1512768209841296,1512768209841437,1048576,65536,16,7436,141
1512768209852537,1512768209852680,1048576,65536,16,7332,143
1512768209863740,1512768209863879,1048576,65536,16,7543,139
1512768209874844,1512768209874984,1048576,65536,16,7489,140
1512768209885989,1512768209886128,1048576,65536,16,7543,139
1512768209897198,1512768209897337,1048576,65536,16,7543,139
1512768209908310,1512768209908448,1048576,65536,16,7598,138
1512768209919418,1512768209919560,1048576,65536,16,7384,142
1512768209930626,1512768209930768,1048576,65536,16,7384,142
1512768209941716,1512768209941858,1048576,65536,16,7384,142
1512768209952822,1512768209952964,1048576,65536,16,7384,142
1512768209964101,1512768209964240,1048576,65536,16,7543,139
1512768209975345,1512768209975485,1048576,65536,16,7489,140
1512768209986469,1512768209986608,1048576,65536,16,7543,139
1512768209997686,1512768209997824,1048576,65536,16,7598,138
1512768210008804,1512768210008943,1048576,65536,16,7543,139
1512768210019904,1512768210020043,1048576,65536,16,7543,139
1512768210031174,1512768210031312,1048576,65536,16,7598,138
1512768210042283,1512768210042426,1048576,65536,16,7332,143
1512768210053389,1512768210053530,1048576,65536,16,7436,141
1512768210064497,1512768210064637,1048576,65536,16,7489,140
1512768210075609,1512768210075752,1048576,65536,16,7332,143
1512768210086910,1512768210087045,1048576,65536,16,7767,135
1512768210098134,1512768210098274,1048576,65536,16,7489,140
1512768210109221,1512768210109361,1048576,65536,16,7489,140
1512768210120315,1512768210120455,1048576,65536,16,7489,140
1512768210131523,1512768210131661,1048576,65536,16,7598,138
1512768210142634,1512768210142773,1048576,65536,16,7543,139
1512768210153874,1512768210154013,1048576,65536,16,7543,139
1512768210165026,1512768210165166,1048576,65536,16,7489,140
1512768210176161,1512768210176298,1048576,65536,16,7653,137
1512768210187391,1512768210187530,1048576,65536,16,7543,139
1512768210198616,1512768210198757,1048576,65536,16,7436,141
1512768210209757,1512768210209894,1048576,65536,16,7653,137
1512768210220882,1512768210221019,1048576,65536,16,7653,137
1512768210232001,1512768210232141,1048576,65536,16,7489,140
1512768210243119,1512768210243258,1048576,65536,16,7543,139
1512768210254381,1512768210254521,1048576,65536,16,7489,140
1512768210265501,1512768210265640,1048576,65536,16,7543,139
1512768210276615,1512768210276757,1048576,65536,16,7384,142
1512768210287820,1512768210287960,1048576,65536,16,7489,140
1512768210298941,1512768210299080,1048576,65536,16,7543,139
1512768210310069,1512768210310210,1048576,65536,16,7436,141
1512768210321299,1512768210321439,1048576,65536,16,7489,140
1512768210332506,1512768210332646,1048576,65536,16,7489,140
1512768210343690,1512768210343831,1048576,65536,16,7436,141
1512768210354800,1512768210354940,1048576,65536,16,7489,140
1512768210365980,1512768210366119,1048576,65536,16,7543,139
1512768210377208,1512768210377347,1048576,65536,16,7543,139
1512768210388354,1512768210388489,1048576,65536,16,7767,135
1512768210399458,1512768210399597,1048576,65536,16,7543,139
1512768210410556,1512768210410699,1048576,65536,16,7332,143
1512768210421669,1512768210421809,1048576,65536,16,7489,140
1512768210432791,1512768210432931,1048576,65536,16,7489,140
1512768210443999,1512768210444139,1048576,65536,16,7489,140
1512768210455144,1512768210455283,1048576,65536,16,7543,139
1512768210466240,1512768210466381,1048576,65536,16,7436,141
1512768210477457,1512768210477597,1048576,65536,16,7489,140
1512768210488574,1512768210488715,1048576,65536,16,7436,141
1512768210499707,1512768210499847,1048576,65536,16,7489,140
1512768210510832,1512768210510972,1048576,65536,16,7489,140
1512768210521947,1512768210522088,1048576,65536,16,7436,141
1512768210533065,1512768210533205,1048576,65536,16,7489,140
1512768210544186,1512768210544327,1048576,65536,16,7436,141
1512768210555293,1512768210555432,1048576,65536,16,7543,139
1512768210566397,1512768210566536,1048576,65536,16,7543,139
1512768210577491,1512768210577631,1048576,65536,16,7489,140
1512768210588621,1512768210588764,1048576,65536,16,7332,143
1512768210599732,1512768210599871,1048576,65536,16,7543,139
1512768210611065,1512768210611205,1048576,65536,16,7489,140
1512768210622178,1512768210622318,1048576,65536,16,7489,140
1512768210633290,1512768210633430,1048576,65536,16,7489,140
1512768210644409,1512768210644550,1048576,65536,16,7436,141
1512768210655494,1512768210655634,1048576,65536,16,7489,140
1512768210666701,1512768210666841,1048576,65536,16,7489,140
1512768210677927,1512768210678067,1048576,65536,16,7489,140
1512768210689150,1512768210689290,1048576,65536,16,7489,140
1512768210700277,1512768210700417,1048576,65536,16,7489,140
1512768210711474,1512768210711611,1048576,65536,16,7653,137
1512768210722710,1512768210722850,1048576,65536,16,7489,140
1512768210733816,1512768210733957,1048576,65536,16,7436,141
1512768210744917,1512768210745057,1048576,65536,16,7489,140
1512768210756014,1512768210756153,1048576,65536,16,7543,139
1512768210767121,1512768210767262,1048576,65536,16,7436,141
1512768210778226,1512768210778365,1048576,65536,16,7543,139
1512768210789329,1512768210789469,1048576,65536,16,7489,140
1512768210800436,1512768210800575,1048576,65536,16,7543,139
1512768210811551,1512768210811690,1048576,65536,16,7543,139
1512768210822668,1512768210822804,1048576,65536,16,7710,136
1512768210833902,1512768210834044,1048576,65536,16,7384,142
1512768210845134,1512768210845274,1048576,65536,16,7489,140
1512768210856236,1512768210856375,1048576,65536,16,7543,139
1512768210867364,1512768210867505,1048576,65536,16,7436,141
1512768210878480,1512768210878621,1048576,65536,16,7436,141
1512768210889585,1512768210889724,1048576,65536,16,7543,139
1512768210900701,1512768210900841,1048576,65536,16,7489,140
1512768210911924,1512768210912064,1048576,65536,16,7489,140
1512768210923141,1512768210923278,1048576,65536,16,7653,137
1512768210934257,1512768210934397,1048576,65536,16,7489,140
1512768210945382,1512768210945524,1048576,65536,16,7384,142
1512768210956505,1512768210956645,1048576,65536,16,7489,140
1512768210967624,1512768210967763,1048576,65536,16,7543,139
1512768210978722,1512768210978862,1048576,65536,16,7489,140
1512768210989831,1512768210989969,1048576,65536,16,7598,138
1512768211000991,1512768211001130,1048576,65536,16,7543,139
1512768211012092,1512768211012231,1048576,65536,16,7543,139
1512768211023284,1512768211023424,1048576,65536,16,7489,140
1512768211034414,1512768211034554,1048576,65536,16,7489,140
1512768211045522,1512768211045662,1048576,65536,16,7489,140
1512768211056628,1512768211056769,1048576,65536,16,7436,141
1512768211067844,1512768211067983,1048576,65536,16,7543,139
1512768211078944,1512768211079085,1048576,65536,16,7436,141
1512768211090061,1512768211090201,1048576,65536,16,7489,140
1512768211101160,1512768211101301,1048576,65536,16,7436,141
1512768211112263,1512768211112404,1048576,65536,16,7436,141
1512768211123383,1512768211123523,1048576,65536,16,7489,140
1512768211134507,1512768211134649,1048576,65536,16,7384,142
1512768211145620,1512768211145761,1048576,65536,16,7436,141
1512768211156710,1512768211156850,1048576,65536,16,7489,140
1512768211168040,1512768211168180,1048576,65536,16,7489,140
1512768211179237,1512768211179375,1048576,65536,16,7598,138
1512768211190347,1512768211190486,1048576,65536,16,7543,139
1512768211201450,1512768211201590,1048576,65536,16,7489,140
1512768211212556,1512768211212694,1048576,65536,16,7598,138
1512768211223653,1512768211223795,1048576,65536,16,7384,142
1512768211234757,1512768211234897,1048576,65536,16,7489,140
1512768211245848,1512768211245988,1048576,65536,16,7489,140
1512768211257081,1512768211257220,1048576,65536,16,7543,139
1512768211268185,1512768211268324,1048576,65536,16,7543,139
1512768211279288,1512768211279427,1048576,65536,16,7543,139
1512768211290400,1512768211290541,1048576,65536,16,7436,141
1512768211301488,1512768211301628,1048576,65536,16,7489,140
1512768211312582,1512768211312723,1048576,65536,16,7436,141
1512768211323675,1512768211323814,1048576,65536,16,7543,139
1512768211334888,1512768211335027,1048576,65536,16,7543,139
1512768211345981,1512768211346121,1048576,65536,16,7489,140
1512768211357089,1512768211357229,1048576,65536,16,7489,140
1512768211368321,1512768211368461,1048576,65536,16,7489,140
1512768211379413,1512768211379552,1048576,65536,16,7543,139
1512768211390510,1512768211390650,1048576,65536,16,7489,140
1512768211401612,1512768211401754,1048576,65536,16,7384,142
1512768211412721,1512768211412861,1048576,65536,16,7489,140
1512768211423816,1512768211423956,1048576,65536,16,7489,140
1512768211434906,1512768211435047,1048576,65536,16,7436,141
1512768211446017,1512768211446156,1048576,65536,16,7543,139
1512768211457340,1512768211457480,1048576,65536,16,7489,140
1512768211468439,1512768211468581,1048576,65536,16,7384,142
1512768211479663,1512768211479806,1048576,65536,16,7332,143
1512768211490807,1512768211490947,1048576,65536,16,7489,140
1512768211501921,1512768211502061,1048576,65536,16,7489,140
1512768211513037,1512768211513177,1048576,65536,16,7489,140
1512768211524139,1512768211524279,1048576,65536,16,7489,140
1512768211535365,1512768211535507,1048576,65536,16,7384,142
1512768211546452,1512768211546591,1048576,65536,16,7543,139
1512768211557544,1512768211557685,1048576,65536,16,7436,141
1512768211568622,1512768211568764,1048576,65536,16,7384,142
1512768211579829,1512768211579969,1048576,65536,16,7489,140
1512768211590934,1512768211591073,1048576,65536,16,7543,139
1512768211602035,1512768211602175,1048576,65536,16,7489,140
1512768211613150,1512768211613287,1048576,65536,16,7653,137
1512768211624270,1512768211624409,1048576,65536,16,7543,139
1512768211635373,1512768211635512,1048576,65536,16,7543,139
1512768211646577,1512768211646720,1048576,65536,16,7332,143
1512768211657770,1512768211657909,1048576,65536,16,7543,139
1512768211668867,1512768211669007,1048576,65536,16,7489,140
1512768211679971,1512768211680110,1048576,65536,16,7543,139
1512768211691064,1512768211691204,1048576,65536,16,7489,140
1512768211702188,1512768211702328,1048576,65536,16,7489,140
1512768211713321,1512768211713462,1048576,65536,16,7436,141
1512768211724541,1512768211724682,1048576,65536,16,7436,141
1512768211735725,1512768211735866,1048576,65536,16,7436,141
1512768211746983,1512768211747123,1048576,65536,16,7489,140
1512768211758087,1512768211758220,1048576,65536,16,7884,133
1512768211769253,1512768211769392,1048576,65536,16,7543,139
1512768211780351,1512768211780491,1048576,65536,16,7489,140
1512768211791572,1512768211791714,1048576,65536,16,7384,142
1512768211802760,1512768211802899,1048576,65536,16,7543,139
1512768211813877,1512768211814017,1048576,65536,16,7489,140
1512768211824998,1512768211825137,1048576,65536,16,7543,139
1512768211836214,1512768211836354,1048576,65536,16,7489,140
1512768211847314,1512768211847453,1048576,65536,16,7543,139
1512768211858418,1512768211858560,1048576,65536,16,7384,142
1512768211869624,1512768211869765,1048576,65536,16,7436,141
1512768211880769,1512768211880911,1048576,65536,16,7384,142
1512768211891972,1512768211892112,1048576,65536,16,7489,140
1512768211903191,1512768211903331,1048576,65536,16,7489,140
1512768211914333,1512768211914472,1048576,65536,16,7543,139
1512768211925577,1512768211925718,1048576,65536,16,7436,141
1512768211936699,1512768211936839,1048576,65536,16,7489,140
1512768211947809,1512768211947949,1048576,65536,16,7489,140
1512768211958967,1512768211959105,1048576,65536,16,7598,138
1512768211970186,1512768211970323,1048576,65536,16,7653,137
1512768211981410,1512768211981549,1048576,65536,16,7543,139
1512768211992640,1512768211992777,1048576,65536,16,7653,137
1512768212003893,1512768212004035,1048576,65536,16,7384,142
1512768212015126,1512768212015265,1048576,65536,16,7543,139
1512768212026242,1512768212026381,1048576,65536,16,7543,139
1512768212037346,1512768212037485,1048576,65536,16,7543,139
1512768212048458,1512768212048598,1048576,65536,16,7489,140
1512768212059576,1512768212059717,1048576,65536,16,7436,141
1512768212070781,1512768212070920,1048576,65536,16,7543,139
1512768212081991,1512768212082132,1048576,65536,16,7436,141
1512768212093214,1512768212093355,1048576,65536,16,7436,141
1512768212104301,1512768212104441,1048576,65536,16,7489,140
1512768212115498,1512768212115638,1048576,65536,16,7489,140
1512768212126592,1512768212126734,1048576,65536,16,7384,142
1512768212137875,1512768212138015,1048576,65536,16,7489,140
1512768212148962,1512768212149101,1048576,65536,16,7543,139
1512768212160103,1512768212160242,1048576,65536,16,7543,139
1512768212171442,1512768212171582,1048576,65536,16,7489,140
1512768212182746,1512768212182888,1048576,65536,16,7384,142
1512768212193964,1512768212194104,1048576,65536,16,7489,140
1512768212205078,1512768212205216,1048576,65536,16,7598,138
1512768212216192,1512768212216333,1048576,65536,16,7436,141
1512768212227281,1512768212227420,1048576,65536,16,7543,139
1512768212238382,1512768212238522,1048576,65536,16,7489,140
1512768212249567,1512768212249708,1048576,65536,16,7436,141
1512768212260854,1512768212260995,1048576,65536,16,7436,141
1512768212271941,1512768212272082,1048576,65536,16,7436,141
1512768212283044,1512768212283185,1048576,65536,16,7436,141
1512768212294384,1512768212294526,1048576,65536,16,7384,142
1512768212305480,1512768212305618,1048576,65536,16,7598,138
1512768212316565,1512768212316706,1048576,65536,16,7436,141
1512768212327733,1512768212327875,1048576,65536,16,7384,142
1512768212338947,1512768212339089,1048576,65536,16,7384,142
1512768212350084,1512768212350224,1048576,65536,16,7489,140
1512768212361292,1512768212361432,1048576,65536,16,7489,140
1512768212372714,1512768212372852,1048576,65536,16,7598,138
1512768212383940,1512768212384080,1048576,65536,16,7489,140
1512768212395168,1512768212395310,1048576,65536,16,7384,142
1512768212406387,1512768212406528,1048576,65536,16,7436,141
1512768212417482,1512768212417623,1048576,65536,16,7436,141
1512768212428580,1512768212428722,1048576,65536,16,7384,142
1512768212439685,1512768212439825,1048576,65536,16,7489,140
1512768212450963,1512768212451100,1048576,65536,16,7653,137
1512768212462047,1512768212462186,1048576,65536,16,7543,139
1512768212473160,1512768212473301,1048576,65536,16,7436,141
1512768212484367,1512768212484504,1048576,65536,16,7653,137
1512768212495592,1512768212495733,1048576,65536,16,7436,141
1512768212506694,1512768212506834,1048576,65536,16,7489,140
1512768212517979,1512768212518118,1048576,65536,16,7543,139
1512768212529088,1512768212529227,1048576,65536,16,7543,139
1512768212540205,1512768212540344,1048576,65536,16,7543,139
1512768212551347,1512768212551490,1048576,65536,16,7332,143
1512768212562464,1512768212562604,1048576,65536,16,7489,140
1512768212573672,1512768212573812,1048576,65536,16,7489,140
1512768212584863,1512768212585005,1048576,65536,16,7384,142
1512768212595986,1512768212596124,1048576,65536,16,7598,138
1512768212607094,1512768212607235,1048576,65536,16,7436,141
1512768212618212,1512768212618352,1048576,65536,16,7489,140
1512768212629317,1512768212629456,1048576,65536,16,7543,139
1512768212640537,1512768212640680,1048576,65536,16,7332,143
1512768212651657,1512768212651797,1048576,65536,16,7489,140
1512768212662778,1512768212662919,1048576,65536,16,7436,141
1512768212673869,1512768212674007,1048576,65536,16,7598,138
1512768212685009,1512768212685151,1048576,65536,16,7384,142
1512768212696251,1512768212696391,1048576,65536,16,7489,140
1512768212707485,1512768212707625,1048576,65536,16,7489,140
1512768212718688,1512768212718828,1048576,65536,16,7489,140
1512768212729829,1512768212729969,1048576,65536,16,7489,140
1512768212740959,1512768212741096,1048576,65536,16,7653,137
1512768212752087,1512768212752229,1048576,65536,16,7384,142
1512768212763188,1512768212763328,1048576,65536,16,7489,140
1512768212774303,1512768212774442,1048576,65536,16,7543,139
1512768212785521,1512768212785662,1048576,65536,16,7436,141
1512768212796702,1512768212796844,1048576,65536,16,7384,142
1512768212807921,1512768212808060,1048576,65536,16,7543,139
1512768212819019,1512768212819159,1048576,65536,16,7489,140
1512768212830133,1512768212830273,1048576,65536,16,7489,140
1512768212841241,1512768212841383,1048576,65536,16,7384,142
1512768212852340,1512768212852479,1048576,65536,16,7543,139
1512768212863427,1512768212863567,1048576,65536,16,7489,140
1512768212874554,1512768212874695,1048576,65536,16,7436,141
1512768212885647,1512768212885788,1048576,65536,16,7436,141
1512768212896753,1512768212896892,1048576,65536,16,7543,139
1512768212908032,1512768212908172,1048576,65536,16,7489,140
1512768212919132,1512768212919271,1048576,65536,16,7543,139
1512768212930266,1512768212930405,1048576,65536,16,7543,139
1512768212941371,1512768212941511,1048576,65536,16,7489,140
1512768212952686,1512768212952828,1048576,65536,16,7384,142
1512768212963812,1512768212963952,1048576,65536,16,7489,140
1512768212975079,1512768212975219,1048576,65536,16,7489,140
1512768212986207,1512768212986346,1048576,65536,16,7543,139
1512768212997448,1512768212997590,1048576,65536,16,7384,142
1512768213008570,1512768213008712,1048576,65536,16,7384,142
1512768213019690,1512768213019830,1048576,65536,16,7489,140
1512768213030850,1512768213030990,1048576,65536,16,7489,140
1512768213041981,1512768213042122,1048576,65536,16,7436,141
1512768213053108,1512768213053248,1048576,65536,16,7489,140
1512768213064221,1512768213064360,1048576,65536,16,7543,139
1512768213075425,1512768213075565,1048576,65536,16,7489,140
1512768213086527,1512768213086669,1048576,65536,16,7384,142
1512768213097718,1512768213097860,1048576,65536,16,7384,142
1512768213108819,1512768213108961,1048576,65536,16,7384,142
1512768213119960,1512768213120100,1048576,65536,16,7489,140
1512768213131042,1512768213131184,1048576,65536,16,7384,142
1512768213142166,1512768213142305,1048576,65536,16,7543,139
1512768213153254,1512768213153393,1048576,65536,16,7543,139
1512768213164464,1512768213164606,1048576,65536,16,7384,142
1512768213175673,1512768213175813,1048576,65536,16,7489,140
1512768213186797,1512768213186937,1048576,65536,16,7489,140
1512768213197918,1512768213198058,1048576,65536,16,7489,140
1512768213209159,1512768213209299,1048576,65536,16,7489,140
1512768213220249,1512768213220389,1048576,65536,16,7489,140
1512768213231360,1512768213231500,1048576,65536,16,7489,140
1512768213242463,1512768213242603,1048576,65536,16,7489,140
1512768213253651,1512768213253792,1048576,65536,16,7436,141
1512768213264766,1512768213264906,1048576,65536,16,7489,140
1512768213275929,1512768213276070,1048576,65536,16,7436,141
1512768213287019,1512768213287159,1048576,65536,16,7489,140
1512768213298128,1512768213298270,1048576,65536,16,7384,142
1512768213309335,1512768213309473,1048576,65536,16,7598,138
1512768213320687,1512768213320827,1048576,65536,16,7489,140
1512768213331981,1512768213332121,1048576,65536,16,7489,140
1512768213343087,1512768213343229,1048576,65536,16,7384,142
1512768213354199,1512768213354339,1048576,65536,16,7489,140
1512768213365277,1512768213365418,1048576,65536,16,7436,141
1512768213376360,1512768213376500,1048576,65536,16,7489,140
1512768213387462,1512768213387601,1048576,65536,16,7543,139
1512768213398642,1512768213398782,1048576,65536,16,7489,140
1512768213409741,1512768213409881,1048576,65536,16,7489,140
1512768213420901,1512768213421041,1048576,65536,16,7489,140
1512768213431994,1512768213432133,1048576,65536,16,7543,139
1512768213443182,1512768213443322,1048576,65536,16,7489,140
1512768213454295,1512768213454436,1048576,65536,16,7436,141
1512768213465504,1512768213465644,1048576,65536,16,7489,140
1512768213476611,1512768213476752,1048576,65536,16,7436,141
1512768213487735,1512768213487874,1048576,65536,16,7543,139
1512768213498838,1512768213498980,1048576,65536,16,7384,142
1512768213509982,1512768213510124,1048576,65536,16,7384,142
1512768213521094,1512768213521233,1048576,65536,16,7543,139
1512768213532342,1512768213532482,1048576,65536,16,7489,140
1512768213543446,1512768213543588,1048576,65536,16,7384,142
1512768213554647,1512768213554789,1048576,65536,16,7384,142
1512768213565766,1512768213565905,1048576,65536,16,7543,139
1512768213576992,1512768213577133,1048576,65536,16,7436,141
1512768213588126,1512768213588266,1048576,65536,16,7489,140
1512768213599236,1512768213599377,1048576,65536,16,7436,141
1512768213610345,1512768213610485,1048576,65536,16,7489,140
1512768213621580,1512768213621721,1048576,65536,16,7436,141
1512768213632683,1512768213632824,1048576,65536,16,7436,141
1512768213643903,1512768213644044,1048576,65536,16,7436,141
1512768213655009,1512768213655147,1048576,65536,16,7598,138
1512768213666108,1512768213666250,1048576,65536,16,7384,142
1512768213677350,1512768213677490,1048576,65536,16,7489,140
1512768213688472,1512768213688610,1048576,65536,16,7598,138
1512768213699690,1512768213699830,1048576,65536,16,7489,140
1512768213710931,1512768213711068,1048576,65536,16,7653,137
1512768213722038,1512768213722172,1048576,65536,16,7825,134
1512768213733150,1512768213733290,1048576,65536,16,7489,140
1512768213744254,1512768213744396,1048576,65536,16,7384,142
1512768213755363,1512768213755500,1048576,65536,16,7653,137
1512768213766584,1512768213766725,1048576,65536,16,7436,141
1512768213777688,1512768213777828,1048576,65536,16,7489,140
1512768213788795,1512768213788936,1048576,65536,16,7436,141
1512768213799909,1512768213800051,1048576,65536,16,7384,142
1512768213811013,1512768213811153,1048576,65536,16,7489,140
1512768213822111,1512768213822249,1048576,65536,16,7598,138
1512768213833235,1512768213833372,1048576,65536,16,7653,137
1512768213844337,1512768213844477,1048576,65536,16,7489,140
1512768213855441,1512768213855583,1048576,65536,16,7384,142
1512768213866517,1512768213866659,1048576,65536,16,7384,142
1512768213877626,1512768213877768,1048576,65536,16,7384,142
1512768213888839,1512768213888976,1048576,65536,16,7653,137
1512768213899947,1512768213900089,1048576,65536,16,7384,142
1512768213911045,1512768213911186,1048576,65536,16,7436,141
1512768213922176,1512768213922316,1048576,65536,16,7489,140
1512768213933255,1512768213933393,1048576,65536,16,7598,138
1512768213944350,1512768213944490,1048576,65536,16,7489,140
1512768213955457,1512768213955599,1048576,65536,16,7384,142
1512768213966546,1512768213966687,1048576,65536,16,7436,141
1512768213977755,1512768213977894,1048576,65536,16,7543,139
1512768213988867,1512768213989008,1048576,65536,16,7436,141
1512768213999989,1512768214000128,1048576,65536,16,7543,139
1512768214011093,1512768214011233,1048576,65536,16,7489,140
1512768214022208,1512768214022347,1048576,65536,16,7543,139
1512768214033336,1512768214033478,1048576,65536,16,7384,142
1512768214044455,1512768214044595,1048576,65536,16,7489,140
1512768214055578,1512768214055719,1048576,65536,16,7436,141
1512768214066815,1512768214066955,1048576,65536,16,7489,140
1512768214077978,1512768214078118,1048576,65536,16,7489,140
1512768214089114,1512768214089254,1048576,65536,16,7489,140
1512768214100217,1512768214100356,1048576,65536,16,7543,139
1512768214111438,1512768214111578,1048576,65536,16,7489,140
1512768214122564,1512768214122707,1048576,65536,16,7332,143
1512768214133688,1512768214133827,1048576,65536,16,7543,139
1512768214144795,1512768214144934,1048576,65536,16,7543,139
1512768214155875,1512768214156016,1048576,65536,16,7436,141
1512768214166966,1512768214167101,1048576,65536,16,7767,135
1512768214178056,1512768214178196,1048576,65536,16,7489,140
1512768214189211,1512768214189350,1048576,65536,16,7543,139
1512768214200317,1512768214200457,1048576,65536,16,7489,140
1512768214211437,1512768214211577,1048576,65536,16,7489,140
1512768214222545,1512768214222686,1048576,65536,16,7436,141
1512768214233969,1512768214234109,1048576,65536,16,7489,140
1512768214245060,1512768214245197,1048576,65536,16,7653,137
1512768214256272,1512768214256413,1048576,65536,16,7436,141
1512768214267380,1512768214267520,1048576,65536,16,7489,140
1512768214278480,1512768214278616,1048576,65536,16,7710,136
1512768214289569,1512768214289707,1048576,65536,16,7598,138
1512768214300682,1512768214300823,1048576,65536,16,7436,141
1512768214311822,1512768214311959,1048576,65536,16,7653,137
1512768214323117,1512768214323257,1048576,65536,16,7489,140
1512768214334345,1512768214334485,1048576,65536,16,7489,140
1512768214345455,1512768214345595,1048576,65536,16,7489,140
1512768214356672,1512768214356812,1048576,65536,16,7489,140
1512768214367767,1512768214367907,1048576,65536,16,7489,140
1512768214379110,1512768214379250,1048576,65536,16,7489,140
1512768214390289,1512768214390431,1048576,65536,16,7384,142
1512768214401405,1512768214401546,1048576,65536,16,7436,141
1512768214412492,1512768214412632,1048576,65536,16,7489,140
1512768214423743,1512768214423883,1048576,65536,16,7489,140
1512768214434853,1512768214434993,1048576,65536,16,7489,140
1512768214446243,1512768214446383,1048576,65536,16,7489,140
1512768214457335,1512768214457475,1048576,65536,16,7489,140
1512768214468565,1512768214468703,1048576,65536,16,7598,138
1512768214479659,1512768214479799,1048576,65536,16,7489,140
1512768214490774,1512768214490914,1048576,65536,16,7489,140
1512768214501868,1512768214502008,1048576,65536,16,7489,140
1512768214513069,1512768214513208,1048576,65536,16,7543,139
1512768214524184,1512768214524324,1048576,65536,16,7489,140
1512768214535416,1512768214535556,1048576,65536,16,7489,140
1512768214546524,1512768214546662,1048576,65536,16,7598,138
1512768214557750,1512768214557889,1048576,65536,16,7543,139
1512768214568865,1512768214569004,1048576,65536,16,7543,139
1512768214580161,1512768214580301,1048576,65536,16,7489,140
1512768214591284,1512768214591425,1048576,65536,16,7436,141
1512768214602412,1512768214602551,1048576,65536,16,7543,139
1512768214613527,1512768214613669,1048576,65536,16,7384,142
1512768214624755,1512768214624898,1048576,65536,16,7332,143
1512768214635870,1512768214636012,1048576,65536,16,7384,142
1512768214647076,1512768214647213,1048576,65536,16,7653,137
1512768214658287,1512768214658426,1048576,65536,16,7543,139
1512768214669392,1512768214669533,1048576,65536,16,7436,141
1512768214680495,1512768214680637,1048576,65536,16,7384,142
1512768214691586,1512768214691727,1048576,65536,16,7436,141
1512768214702681,1512768214702821,1048576,65536,16,7489,140
1512768214713780,1512768214713919,1048576,65536,16,7543,139
1512768214725004,1512768214725144,1048576,65536,16,7489,140
1512768214736112,1512768214736252,1048576,65536,16,7489,140
1512768214747338,1512768214747473,1048576,65536,16,7767,135
1512768214758556,1512768214758695,1048576,65536,16,7543,139
1512768214769668,1512768214769811,1048576,65536,16,7332,143
1512768214780799,1512768214780939,1048576,65536,16,7489,140
1512768214791941,1512768214792080,1048576,65536,16,7543,139
1512768214803049,1512768214803189,1048576,65536,16,7489,140
1512768214814144,1512768214814286,1048576,65536,16,7384,142
1512768214825247,1512768214825386,1048576,65536,16,7543,139
1512768214836338,1512768214836478,1048576,65536,16,7489,140
1512768214847548,1512768214847686,1048576,65536,16,7598,138
1512768214858638,1512768214858778,1048576,65536,16,7489,140
1512768214869721,1512768214869860,1048576,65536,16,7543,139
1512768214880819,1512768214880960,1048576,65536,16,7436,141
1512768214891940,1512768214892080,1048576,65536,16,7489,140
1512768214903045,1512768214903185,1048576,65536,16,7489,140
1512768214914134,1512768214914273,1048576,65536,16,7543,139
1512768214925239,1512768214925379,1048576,65536,16,7489,140
1512768214936580,1512768214936721,1048576,65536,16,7436,141
1512768214947689,1512768214947830,1048576,65536,16,7436,141
1512768214958810,1512768214958950,1048576,65536,16,7489,140
1512768214970040,1512768214970182,1048576,65536,16,7384,142
1512768214981161,1512768214981301,1048576,65536,16,7489,140
1512768214992374,1512768214992514,1048576,65536,16,7489,140
1512768215003608,1512768215003749,1048576,65536,16,7436,141
1512768215014834,1512768215014973,1048576,65536,16,7543,139
1512768215025947,1512768215026086,1048576,65536,16,7543,139
1512768215037047,1512768215037187,1048576,65536,16,7489,140
1512768215048166,1512768215048307,1048576,65536,16,7436,141
1512768215059281,1512768215059420,1048576,65536,16,7543,139
1512768215070400,1512768215070540,1048576,65536,16,7489,140
1512768215081611,1512768215081752,1048576,65536,16,7436,141
1512768215092708,1512768215092850,1048576,65536,16,7384,142
1512768215103800,1512768215103941,1048576,65536,16,7436,141
1512768215114898,1512768215115039,1048576,65536,16,7436,141
1512768215126114,1512768215126255,1048576,65536,16,7436,141
1512768215137228,1512768215137367,1048576,65536,16,7543,139
1512768215148441,1512768215148577,1048576,65536,16,7710,136
1512768215159536,1512768215159677,1048576,65536,16,7436,141
1512768215170746,1512768215170887,1048576,65536,16,7436,141
1512768215182101,1512768215182241,1048576,65536,16,7489,140
1512768215193219,1512768215193358,1048576,65536,16,7543,139
1512768215204326,1512768215204467,1048576,65536,16,7436,141
1512768215215431,1512768215215572,1048576,65536,16,7436,141
1512768215226541,1512768215226683,1048576,65536,16,7384,142
1512768215237675,1512768215237815,1048576,65536,16,7489,140
1512768215248767,1512768215248906,1048576,65536,16,7543,139
1512768215259879,1512768215260019,1048576,65536,16,7489,140
1512768215271122,1512768215271262,1048576,65536,16,7489,140
1512768215282230,1512768215282369,1048576,65536,16,7543,139
1512768215293453,1512768215293592,1048576,65536,16,7543,139
1512768215304551,1512768215304695,1048576,65536,16,7281,144
1512768215315687,1512768215315827,1048576,65536,16,7489,140
1512768215326863,1512768215327005,1048576,65536,16,7384,142
1512768215337986,1512768215338126,1048576,65536,16,7489,140
1512768215349106,1512768215349246,1048576,65536,16,7489,140
1512768215360220,1512768215360360,1048576,65536,16,7489,140
