1512619146888757,1512619146889034,1048576,32768,32,3785,277
1512619146903359,1512619146903613,1048576,32768,32,4128,254
1512619146916118,1512619146916337,1048576,32768,32,4788,219
1512619146927762,1512619146927984,1048576,32768,32,4723,222
1512619146939312,1512619146939534,1048576,32768,32,4723,222
1512619146950915,1512619146951138,1048576,32768,32,4702,223
1512619146962486,1512619146962710,1048576,32768,32,4681,224
1512619146974043,1512619146974265,1048576,32768,32,4723,222
1512619146985439,1512619146985656,1048576,32768,32,4832,217
1512619146996683,1512619146996898,1048576,32768,32,4877,215
1512619147007936,1512619147008151,1048576,32768,32,4877,215
1512619147019228,1512619147019445,1048576,32768,32,4832,217
1512619147030539,1512619147030755,1048576,32768,32,4854,216
1512619147041799,1512619147042015,1048576,32768,32,4854,216
1512619147053081,1512619147053294,1048576,32768,32,4922,213
1512619147064322,1512619147064535,1048576,32768,32,4922,213
1512619147075551,1512619147075767,1048576,32768,32,4854,216
1512619147086779,1512619147086994,1048576,32768,32,4877,215
1512619147097996,1512619147098210,1048576,32768,32,4899,214
1512619147109206,1512619147109421,1048576,32768,32,4877,215
1512619147120428,1512619147120644,1048576,32768,32,4854,216
1512619147131628,1512619147131843,1048576,32768,32,4877,215
1512619147142824,1512619147143041,1048576,32768,32,4832,217
1512619147154051,1512619147154265,1048576,32768,32,4899,214
1512619147165266,1512619147165482,1048576,32768,32,4854,216
1512619147176466,1512619147176682,1048576,32768,32,4854,216
1512619147187669,1512619147187884,1048576,32768,32,4877,215
1512619147198855,1512619147199072,1048576,32768,32,4832,217
1512619147210053,1512619147210268,1048576,32768,32,4877,215
1512619147221250,1512619147221466,1048576,32768,32,4854,216
1512619147232461,1512619147232676,1048576,32768,32,4877,215
1512619147243664,1512619147243875,1048576,32768,32,4969,211
1512619147254872,1512619147255085,1048576,32768,32,4922,213
1512619147266080,1512619147266293,1048576,32768,32,4922,213
1512619147277304,1512619147277519,1048576,32768,32,4877,215
1512619147288530,1512619147288747,1048576,32768,32,4832,217
1512619147299746,1512619147299961,1048576,32768,32,4877,215
1512619147310950,1512619147311165,1048576,32768,32,4877,215
1512619147322156,1512619147322372,1048576,32768,32,4854,216
1512619147333376,1512619147333590,1048576,32768,32,4899,214
1512619147344590,1512619147344805,1048576,32768,32,4877,215
1512619147355811,1512619147356025,1048576,32768,32,4899,214
1512619147367016,1512619147367231,1048576,32768,32,4877,215
1512619147378225,1512619147378441,1048576,32768,32,4854,216
1512619147389448,1512619147389666,1048576,32768,32,4809,218
1512619147400659,1512619147400873,1048576,32768,32,4899,214
1512619147411868,1512619147412085,1048576,32768,32,4832,217
1512619147423063,1512619147423279,1048576,32768,32,4854,216
1512619147434303,1512619147434517,1048576,32768,32,4899,214
1512619147445553,1512619147445767,1048576,32768,32,4899,214
1512619147456787,1512619147457002,1048576,32768,32,4877,215
1512619147468006,1512619147468221,1048576,32768,32,4877,215
1512619147479211,1512619147479429,1048576,32768,32,4809,218
1512619147490520,1512619147490737,1048576,32768,32,4832,217
1512619147501750,1512619147501963,1048576,32768,32,4922,213
1512619147512967,1512619147513180,1048576,32768,32,4922,213
1512619147524183,1512619147524396,1048576,32768,32,4922,213
1512619147535376,1512619147535591,1048576,32768,32,4877,215
1512619147546581,1512619147546799,1048576,32768,32,4809,218
1512619147557803,1512619147558015,1048576,32768,32,4946,212
1512619147569021,1512619147569236,1048576,32768,32,4877,215
1512619147580244,1512619147580458,1048576,32768,32,4899,214
1512619147591443,1512619147591659,1048576,32768,32,4854,216
1512619147602749,1512619147602957,1048576,32768,32,5041,208
1512619147613965,1512619147614181,1048576,32768,32,4854,216
1512619147625170,1512619147625385,1048576,32768,32,4877,215
1512619147636400,1512619147636615,1048576,32768,32,4877,215
1512619147647613,1512619147647830,1048576,32768,32,4832,217
1512619147658827,1512619147659043,1048576,32768,32,4854,216
1512619147670030,1512619147670246,1048576,32768,32,4854,216
1512619147681231,1512619147681446,1048576,32768,32,4877,215
1512619147692441,1512619147692657,1048576,32768,32,4854,216
1512619147703648,1512619147703864,1048576,32768,32,4854,216
1512619147714869,1512619147715085,1048576,32768,32,4854,216
1512619147726091,1512619147726308,1048576,32768,32,4832,217
1512619147737332,1512619147737547,1048576,32768,32,4877,215
1512619147748559,1512619147748776,1048576,32768,32,4832,217
1512619147759778,1512619147759993,1048576,32768,32,4877,215
1512619147770998,1512619147771215,1048576,32768,32,4832,217
1512619147782240,1512619147782448,1048576,32768,32,5041,208
1512619147793472,1512619147793688,1048576,32768,32,4854,216
1512619147804684,1512619147804900,1048576,32768,32,4854,216
1512619147815904,1512619147816120,1048576,32768,32,4854,216
1512619147827125,1512619147827342,1048576,32768,32,4832,217
1512619147838354,1512619147838571,1048576,32768,32,4832,217
1512619147849607,1512619147849825,1048576,32768,32,4809,218
1512619147860830,1512619147861046,1048576,32768,32,4854,216
1512619147872060,1512619147872274,1048576,32768,32,4899,214
1512619147883266,1512619147883482,1048576,32768,32,4854,216
1512619147894480,1512619147894698,1048576,32768,32,4809,218
1512619147905695,1512619147905910,1048576,32768,32,4877,215
1512619147916915,1512619147917131,1048576,32768,32,4854,216
1512619147928125,1512619147928342,1048576,32768,32,4832,217
1512619147939424,1512619147939637,1048576,32768,32,4922,213
1512619147950630,1512619147950845,1048576,32768,32,4877,215
1512619147961838,1512619147962054,1048576,32768,32,4854,216
1512619147973133,1512619147973350,1048576,32768,32,4832,217
1512619147984354,1512619147984571,1048576,32768,32,4832,217
1512619147995583,1512619147995800,1048576,32768,32,4832,217
1512619148006788,1512619148007007,1048576,32768,32,4788,219
1512619148017991,1512619148018209,1048576,32768,32,4809,218
1512619148029259,1512619148029475,1048576,32768,32,4854,216
1512619148040465,1512619148040681,1048576,32768,32,4854,216
1512619148051682,1512619148051898,1048576,32768,32,4854,216
1512619148062882,1512619148063098,1048576,32768,32,4854,216
1512619148074115,1512619148074331,1048576,32768,32,4854,216
1512619148085337,1512619148085553,1048576,32768,32,4854,216
1512619148096567,1512619148096786,1048576,32768,32,4788,219
1512619148107865,1512619148108082,1048576,32768,32,4832,217
1512619148119072,1512619148119288,1048576,32768,32,4854,216
1512619148130368,1512619148130585,1048576,32768,32,4832,217
1512619148141572,1512619148141789,1048576,32768,32,4832,217
1512619148152759,1512619148152975,1048576,32768,32,4854,216
1512619148163976,1512619148164194,1048576,32768,32,4809,218
1512619148175197,1512619148175413,1048576,32768,32,4854,216
1512619148186397,1512619148186612,1048576,32768,32,4877,215
1512619148197602,1512619148197821,1048576,32768,32,4788,219
1512619148208820,1512619148209037,1048576,32768,32,4832,217
1512619148220040,1512619148220258,1048576,32768,32,4809,218
1512619148231264,1512619148231479,1048576,32768,32,4877,215
1512619148242494,1512619148242713,1048576,32768,32,4788,219
1512619148253696,1512619148253911,1048576,32768,32,4877,215
1512619148264907,1512619148265124,1048576,32768,32,4832,217
1512619148276118,1512619148276334,1048576,32768,32,4854,216
1512619148287402,1512619148287617,1048576,32768,32,4877,215
1512619148298595,1512619148298811,1048576,32768,32,4854,216
1512619148309788,1512619148310003,1048576,32768,32,4877,215
1512619148320968,1512619148321184,1048576,32768,32,4854,216
1512619148332189,1512619148332404,1048576,32768,32,4877,215
1512619148343476,1512619148343693,1048576,32768,32,4832,217
1512619148354699,1512619148354914,1048576,32768,32,4877,215
1512619148365920,1512619148366135,1048576,32768,32,4877,215
1512619148377145,1512619148377361,1048576,32768,32,4854,216
1512619148388419,1512619148388631,1048576,32768,32,4946,212
1512619148399612,1512619148399828,1048576,32768,32,4854,216
1512619148410861,1512619148411077,1048576,32768,32,4854,216
1512619148422103,1512619148422318,1048576,32768,32,4877,215
1512619148433334,1512619148433550,1048576,32768,32,4854,216
1512619148444553,1512619148444768,1048576,32768,32,4877,215
1512619148455791,1512619148456007,1048576,32768,32,4854,216
1512619148467020,1512619148467236,1048576,32768,32,4854,216
1512619148478248,1512619148478464,1048576,32768,32,4854,216
1512619148489500,1512619148489717,1048576,32768,32,4832,217
1512619148500713,1512619148500928,1048576,32768,32,4877,215
1512619148511933,1512619148512149,1048576,32768,32,4854,216
1512619148523154,1512619148523370,1048576,32768,32,4854,216
1512619148534398,1512619148534614,1048576,32768,32,4854,216
1512619148545646,1512619148545863,1048576,32768,32,4832,217
1512619148556879,1512619148557095,1048576,32768,32,4854,216
1512619148568092,1512619148568308,1048576,32768,32,4854,216
1512619148579309,1512619148579522,1048576,32768,32,4922,213
1512619148590499,1512619148590715,1048576,32768,32,4854,216
1512619148601711,1512619148601927,1048576,32768,32,4854,216
1512619148612938,1512619148613144,1048576,32768,32,5090,206
1512619148624155,1512619148624371,1048576,32768,32,4854,216
1512619148635378,1512619148635583,1048576,32768,32,5115,205
1512619148646592,1512619148646810,1048576,32768,32,4809,218
1512619148657817,1512619148658030,1048576,32768,32,4922,213
1512619148669036,1512619148669250,1048576,32768,32,4899,214
1512619148680250,1512619148680465,1048576,32768,32,4877,215
1512619148691443,1512619148691659,1048576,32768,32,4854,216
1512619148702646,1512619148702860,1048576,32768,32,4899,214
1512619148713860,1512619148714075,1048576,32768,32,4877,215
1512619148725161,1512619148725376,1048576,32768,32,4877,215
1512619148736361,1512619148736577,1048576,32768,32,4854,216
1512619148747557,1512619148747773,1048576,32768,32,4854,216
1512619148758775,1512619148758991,1048576,32768,32,4854,216
1512619148769999,1512619148770213,1048576,32768,32,4899,214
1512619148781201,1512619148781407,1048576,32768,32,5090,206
1512619148792377,1512619148792590,1048576,32768,32,4922,213
1512619148803610,1512619148803819,1048576,32768,32,5017,209
1512619148814802,1512619148815016,1048576,32768,32,4899,214
1512619148826004,1512619148826219,1048576,32768,32,4877,215
1512619148837223,1512619148837438,1048576,32768,32,4877,215
1512619148848454,1512619148848669,1048576,32768,32,4877,215
1512619148859667,1512619148859882,1048576,32768,32,4877,215
1512619148870888,1512619148871105,1048576,32768,32,4832,217
1512619148882099,1512619148882315,1048576,32768,32,4854,216
1512619148893328,1512619148893544,1048576,32768,32,4854,216
1512619148904543,1512619148904759,1048576,32768,32,4854,216
1512619148915753,1512619148915968,1048576,32768,32,4877,215
1512619148926949,1512619148927163,1048576,32768,32,4899,214
1512619148938144,1512619148938359,1048576,32768,32,4877,215
1512619148949374,1512619148949591,1048576,32768,32,4832,217
1512619148960616,1512619148960833,1048576,32768,32,4832,217
1512619148971847,1512619148972062,1048576,32768,32,4877,215
1512619148983153,1512619148983369,1048576,32768,32,4854,216
1512619148994370,1512619148994586,1048576,32768,32,4854,216
1512619149005600,1512619149005816,1048576,32768,32,4854,216
1512619149016831,1512619149017046,1048576,32768,32,4877,215
1512619149028096,1512619149028310,1048576,32768,32,4899,214
1512619149039314,1512619149039528,1048576,32768,32,4899,214
1512619149050521,1512619149050737,1048576,32768,32,4854,216
1512619149061744,1512619149061959,1048576,32768,32,4877,215
1512619149072948,1512619149073163,1048576,32768,32,4877,215
1512619149084160,1512619149084375,1048576,32768,32,4877,215
1512619149095397,1512619149095611,1048576,32768,32,4899,214
1512619149106609,1512619149106825,1048576,32768,32,4854,216
1512619149117830,1512619149118047,1048576,32768,32,4832,217
1512619149129044,1512619149129260,1048576,32768,32,4854,216
1512619149140252,1512619149140468,1048576,32768,32,4854,216
1512619149151539,1512619149151755,1048576,32768,32,4854,216
1512619149162754,1512619149162966,1048576,32768,32,4946,212
1512619149173962,1512619149174177,1048576,32768,32,4877,215
1512619149185183,1512619149185398,1048576,32768,32,4877,215
1512619149196429,1512619149196644,1048576,32768,32,4877,215
1512619149207673,1512619149207887,1048576,32768,32,4899,214
1512619149218907,1512619149219121,1048576,32768,32,4899,214
1512619149230133,1512619149230348,1048576,32768,32,4877,215
1512619149241340,1512619149241555,1048576,32768,32,4877,215
1512619149252561,1512619149252776,1048576,32768,32,4877,215
1512619149263786,1512619149264004,1048576,32768,32,4809,218
1512619149275023,1512619149275239,1048576,32768,32,4854,216
1512619149286279,1512619149286492,1048576,32768,32,4922,213
1512619149297503,1512619149297717,1048576,32768,32,4899,214
1512619149308743,1512619149308957,1048576,32768,32,4899,214
1512619149319961,1512619149320176,1048576,32768,32,4877,215
1512619149331191,1512619149331404,1048576,32768,32,4922,213
1512619149342493,1512619149342710,1048576,32768,32,4832,217
1512619149353792,1512619149354008,1048576,32768,32,4854,216
1512619149364994,1512619149365210,1048576,32768,32,4854,216
1512619149376209,1512619149376422,1048576,32768,32,4922,213
1512619149387430,1512619149387645,1048576,32768,32,4877,215
1512619149398666,1512619149398881,1048576,32768,32,4877,215
1512619149409900,1512619149410115,1048576,32768,32,4877,215
1512619149421231,1512619149421447,1048576,32768,32,4854,216
1512619149432450,1512619149432667,1048576,32768,32,4832,217
1512619149443659,1512619149443875,1048576,32768,32,4854,216
1512619149454879,1512619149455096,1048576,32768,32,4832,217
1512619149466106,1512619149466322,1048576,32768,32,4854,216
1512619149477312,1512619149477527,1048576,32768,32,4877,215
1512619149488524,1512619149488741,1048576,32768,32,4832,217
1512619149499752,1512619149499969,1048576,32768,32,4832,217
1512619149510985,1512619149511199,1048576,32768,32,4899,214
1512619149522230,1512619149522446,1048576,32768,32,4854,216
1512619149533446,1512619149533660,1048576,32768,32,4899,214
1512619149544646,1512619149544864,1048576,32768,32,4809,218
1512619149555858,1512619149556074,1048576,32768,32,4854,216
1512619149567074,1512619149567291,1048576,32768,32,4832,217
1512619149578280,1512619149578493,1048576,32768,32,4922,213
1512619149589518,1512619149589737,1048576,32768,32,4788,219
1512619149600748,1512619149600962,1048576,32768,32,4899,214
1512619149611950,1512619149612166,1048576,32768,32,4854,216
1512619149623158,1512619149623377,1048576,32768,32,4788,219
1512619149634381,1512619149634597,1048576,32768,32,4854,216
1512619149645592,1512619149645809,1048576,32768,32,4832,217
1512619149656810,1512619149657026,1048576,32768,32,4854,216
1512619149668027,1512619149668240,1048576,32768,32,4922,213
1512619149679315,1512619149679529,1048576,32768,32,4899,214
1512619149690527,1512619149690743,1048576,32768,32,4854,216
1512619149701721,1512619149701936,1048576,32768,32,4877,215
1512619149712921,1512619149713136,1048576,32768,32,4877,215
1512619149724182,1512619149724399,1048576,32768,32,4832,217
1512619149735377,1512619149735592,1048576,32768,32,4877,215
1512619149746574,1512619149746791,1048576,32768,32,4832,217
1512619149757788,1512619149758003,1048576,32768,32,4877,215
1512619149768996,1512619149769211,1048576,32768,32,4877,215
1512619149780295,1512619149780512,1048576,32768,32,4832,217
1512619149791489,1512619149791708,1048576,32768,32,4788,219
1512619149802710,1512619149802928,1048576,32768,32,4809,218
1512619149813899,1512619149814115,1048576,32768,32,4854,216
1512619149825118,1512619149825335,1048576,32768,32,4832,217
1512619149836381,1512619149836598,1048576,32768,32,4832,217
1512619149847603,1512619149847820,1048576,32768,32,4832,217
1512619149858817,1512619149859034,1048576,32768,32,4832,217
1512619149870120,1512619149870337,1048576,32768,32,4832,217
1512619149881333,1512619149881549,1048576,32768,32,4854,216
1512619149892559,1512619149892769,1048576,32768,32,4993,210
1512619149903755,1512619149903972,1048576,32768,32,4832,217
1512619149914968,1512619149915185,1048576,32768,32,4832,217
1512619149926188,1512619149926407,1048576,32768,32,4788,219
1512619149937390,1512619149937607,1048576,32768,32,4832,217
1512619149948601,1512619149948819,1048576,32768,32,4809,218
1512619149959822,1512619149960039,1048576,32768,32,4832,217
1512619149971065,1512619149971282,1048576,32768,32,4832,217
1512619149982281,1512619149982498,1048576,32768,32,4832,217
1512619149993491,1512619149993708,1048576,32768,32,4832,217
1512619150004737,1512619150004954,1048576,32768,32,4832,217
1512619150015985,1512619150016201,1048576,32768,32,4854,216
1512619150027223,1512619150027440,1048576,32768,32,4832,217
1512619150038463,1512619150038683,1048576,32768,32,4766,220
1512619150049699,1512619150049916,1048576,32768,32,4832,217
1512619150060948,1512619150061163,1048576,32768,32,4877,215
1512619150072177,1512619150072394,1048576,32768,32,4832,217
1512619150083388,1512619150083607,1048576,32768,32,4788,219
1512619150094628,1512619150094846,1048576,32768,32,4809,218
1512619150105867,1512619150106084,1048576,32768,32,4832,217
1512619150117080,1512619150117296,1048576,32768,32,4854,216
1512619150128288,1512619150128506,1048576,32768,32,4809,218
1512619150139519,1512619150139736,1048576,32768,32,4832,217
1512619150150740,1512619150150957,1048576,32768,32,4832,217
1512619150161962,1512619150162180,1048576,32768,32,4809,218
1512619150173195,1512619150173411,1048576,32768,32,4854,216
1512619150184411,1512619150184627,1048576,32768,32,4854,216
1512619150195634,1512619150195853,1048576,32768,32,4788,219
1512619150206866,1512619150207075,1048576,32768,32,5017,209
1512619150218094,1512619150218311,1048576,32768,32,4832,217
1512619150229411,1512619150229628,1048576,32768,32,4832,217
1512619150240650,1512619150240870,1048576,32768,32,4766,220
1512619150251869,1512619150252086,1048576,32768,32,4832,217
1512619150263084,1512619150263300,1048576,32768,32,4854,216
1512619150274292,1512619150274509,1048576,32768,32,4832,217
1512619150285523,1512619150285745,1048576,32768,32,4723,222
1512619150296752,1512619150296969,1048576,32768,32,4832,217
1512619150307968,1512619150308183,1048576,32768,32,4877,215
1512619150319163,1512619150319380,1048576,32768,32,4832,217
1512619150330365,1512619150330581,1048576,32768,32,4854,216
1512619150341604,1512619150341823,1048576,32768,32,4788,219
1512619150352816,1512619150353030,1048576,32768,32,4899,214
1512619150364063,1512619150364281,1048576,32768,32,4809,218
1512619150375292,1512619150375509,1048576,32768,32,4832,217
1512619150386503,1512619150386721,1048576,32768,32,4809,218
1512619150397708,1512619150397924,1048576,32768,32,4854,216
1512619150408907,1512619150409125,1048576,32768,32,4809,218
1512619150420131,1512619150420348,1048576,32768,32,4832,217
1512619150431342,1512619150431559,1048576,32768,32,4832,217
1512619150442587,1512619150442806,1048576,32768,32,4788,219
1512619150453811,1512619150454027,1048576,32768,32,4854,216
1512619150465039,1512619150465256,1048576,32768,32,4832,217
1512619150476261,1512619150476479,1048576,32768,32,4809,218
1512619150487465,1512619150487686,1048576,32768,32,4744,221
1512619150498705,1512619150498921,1048576,32768,32,4854,216
1512619150509908,1512619150510125,1048576,32768,32,4832,217
1512619150521098,1512619150521315,1048576,32768,32,4832,217
1512619150532277,1512619150532495,1048576,32768,32,4809,218
1512619150543473,1512619150543692,1048576,32768,32,4788,219
1512619150554684,1512619150554900,1048576,32768,32,4854,216
1512619150565883,1512619150566100,1048576,32768,32,4832,217
1512619150577080,1512619150577297,1048576,32768,32,4832,217
1512619150588284,1512619150588501,1048576,32768,32,4832,217
1512619150599490,1512619150599709,1048576,32768,32,4788,219
1512619150610699,1512619150610916,1048576,32768,32,4832,217
1512619150621892,1512619150622108,1048576,32768,32,4854,216
1512619150633101,1512619150633325,1048576,32768,32,4681,224
1512619150644304,1512619150644522,1048576,32768,32,4809,218
1512619150655568,1512619150655787,1048576,32768,32,4788,219
1512619150666856,1512619150667072,1048576,32768,32,4854,216
1512619150678283,1512619150678491,1048576,32768,32,5041,208
1512619150689499,1512619150689716,1048576,32768,32,4832,217
1512619150700706,1512619150700923,1048576,32768,32,4832,217
1512619150711913,1512619150712129,1048576,32768,32,4854,216
1512619150723134,1512619150723350,1048576,32768,32,4854,216
1512619150734340,1512619150734559,1048576,32768,32,4788,219
1512619150745547,1512619150745762,1048576,32768,32,4877,215
1512619150756788,1512619150757005,1048576,32768,32,4832,217
1512619150767980,1512619150768194,1048576,32768,32,4899,214
1512619150779177,1512619150779393,1048576,32768,32,4854,216
1512619150790363,1512619150790580,1048576,32768,32,4832,217
1512619150801558,1512619150801776,1048576,32768,32,4809,218
1512619150812769,1512619150812986,1048576,32768,32,4832,217
1512619150823968,1512619150824186,1048576,32768,32,4809,218
1512619150835165,1512619150835382,1048576,32768,32,4832,217
1512619150846462,1512619150846680,1048576,32768,32,4809,218
1512619150857657,1512619150857874,1048576,32768,32,4832,217
1512619150868856,1512619150869072,1048576,32768,32,4854,216
1512619150880061,1512619150880278,1048576,32768,32,4832,217
1512619150891257,1512619150891475,1048576,32768,32,4809,218
1512619150902467,1512619150902684,1048576,32768,32,4832,217
1512619150913696,1512619150913904,1048576,32768,32,5041,208
1512619150924921,1512619150925138,1048576,32768,32,4832,217
1512619150936116,1512619150936333,1048576,32768,32,4832,217
1512619150947354,1512619150947569,1048576,32768,32,4877,215
1512619150958578,1512619150958798,1048576,32768,32,4766,220
1512619150969808,1512619150970025,1048576,32768,32,4832,217
1512619150981036,1512619150981251,1048576,32768,32,4877,215
1512619150992318,1512619150992534,1048576,32768,32,4854,216
1512619151003540,1512619151003759,1048576,32768,32,4788,219
1512619151014749,1512619151014966,1048576,32768,32,4832,217
1512619151025950,1512619151026165,1048576,32768,32,4877,215
1512619151037161,1512619151037379,1048576,32768,32,4809,218
1512619151048373,1512619151048590,1048576,32768,32,4832,217
1512619151059625,1512619151059843,1048576,32768,32,4809,218
1512619151070840,1512619151071054,1048576,32768,32,4899,214
1512619151082039,1512619151082255,1048576,32768,32,4854,216
1512619151093236,1512619151093453,1048576,32768,32,4832,217
1512619151104437,1512619151104653,1048576,32768,32,4854,216
1512619151115641,1512619151115858,1048576,32768,32,4832,217
1512619151126858,1512619151127075,1048576,32768,32,4832,217
1512619151138073,1512619151138290,1048576,32768,32,4832,217
1512619151149367,1512619151149583,1048576,32768,32,4854,216
1512619151160593,1512619151160809,1048576,32768,32,4854,216
1512619151171823,1512619151172039,1048576,32768,32,4854,216
1512619151183047,1512619151183262,1048576,32768,32,4877,215
1512619151194260,1512619151194477,1048576,32768,32,4832,217
1512619151205473,1512619151205691,1048576,32768,32,4809,218
1512619151216694,1512619151216910,1048576,32768,32,4854,216
1512619151227908,1512619151228121,1048576,32768,32,4922,213
1512619151239132,1512619151239349,1048576,32768,32,4832,217
1512619151250355,1512619151250569,1048576,32768,32,4899,214
1512619151261539,1512619151261756,1048576,32768,32,4832,217
1512619151272723,1512619151272939,1048576,32768,32,4854,216
1512619151283947,1512619151284164,1048576,32768,32,4832,217
1512619151295155,1512619151295371,1048576,32768,32,4854,216
1512619151306363,1512619151306579,1048576,32768,32,4854,216
1512619151317579,1512619151317795,1048576,32768,32,4854,216
1512619151328790,1512619151329005,1048576,32768,32,4877,215
1512619151339999,1512619151340214,1048576,32768,32,4877,215
1512619151351205,1512619151351422,1048576,32768,32,4832,217
1512619151362394,1512619151362610,1048576,32768,32,4854,216
1512619151373642,1512619151373860,1048576,32768,32,4809,218
1512619151384847,1512619151385064,1048576,32768,32,4832,217
1512619151396142,1512619151396358,1048576,32768,32,4854,216
1512619151407354,1512619151407568,1048576,32768,32,4899,214
1512619151418679,1512619151418894,1048576,32768,32,4877,215
1512619151429879,1512619151430095,1048576,32768,32,4854,216
1512619151441092,1512619151441307,1048576,32768,32,4877,215
1512619151452306,1512619151452522,1048576,32768,32,4854,216
1512619151463506,1512619151463725,1048576,32768,32,4788,219
1512619151474720,1512619151474938,1048576,32768,32,4809,218
1512619151485925,1512619151486141,1048576,32768,32,4854,216
1512619151497128,1512619151497345,1048576,32768,32,4832,217
1512619151508325,1512619151508542,1048576,32768,32,4832,217
1512619151519618,1512619151519837,1048576,32768,32,4788,219
1512619151530810,1512619151531024,1048576,32768,32,4899,214
1512619151541992,1512619151542208,1048576,32768,32,4854,216
1512619151553208,1512619151553423,1048576,32768,32,4877,215
1512619151564419,1512619151564637,1048576,32768,32,4809,218
1512619151575633,1512619151575853,1048576,32768,32,4766,220
1512619151586832,1512619151587049,1048576,32768,32,4832,217
1512619151598046,1512619151598255,1048576,32768,32,5017,209
1512619151609262,1512619151609481,1048576,32768,32,4788,219
1512619151620495,1512619151620713,1048576,32768,32,4809,218
1512619151631732,1512619151631949,1048576,32768,32,4832,217
1512619151642951,1512619151643167,1048576,32768,32,4854,216
1512619151654173,1512619151654391,1048576,32768,32,4809,218
1512619151665395,1512619151665612,1048576,32768,32,4832,217
1512619151676619,1512619151676836,1048576,32768,32,4832,217
1512619151687836,1512619151688054,1048576,32768,32,4809,218
1512619151699047,1512619151699264,1048576,32768,32,4832,217
1512619151710241,1512619151710457,1048576,32768,32,4854,216
1512619151721424,1512619151721641,1048576,32768,32,4832,217
1512619151732651,1512619151732869,1048576,32768,32,4809,218
1512619151743872,1512619151744088,1048576,32768,32,4854,216
1512619151755109,1512619151755326,1048576,32768,32,4832,217
1512619151766411,1512619151766628,1048576,32768,32,4832,217
1512619151777641,1512619151777849,1048576,32768,32,5041,208
1512619151788881,1512619151789098,1048576,32768,32,4832,217
1512619151800129,1512619151800346,1048576,32768,32,4832,217
1512619151811386,1512619151811602,1048576,32768,32,4854,216
1512619151822651,1512619151822868,1048576,32768,32,4832,217
1512619151833895,1512619151834114,1048576,32768,32,4788,219
1512619151845151,1512619151845367,1048576,32768,32,4854,216
1512619151856376,1512619151856593,1048576,32768,32,4832,217
1512619151867614,1512619151867833,1048576,32768,32,4788,219
1512619151878830,1512619151879046,1048576,32768,32,4854,216
1512619151890060,1512619151890275,1048576,32768,32,4877,215
1512619151901267,1512619151901484,1048576,32768,32,4832,217
1512619151912473,1512619151912691,1048576,32768,32,4809,218
1512619151923686,1512619151923904,1048576,32768,32,4809,218
1512619151934906,1512619151935122,1048576,32768,32,4854,216
1512619151946131,1512619151946346,1048576,32768,32,4877,215
1512619151957349,1512619151957564,1048576,32768,32,4877,215
1512619151968551,1512619151968770,1048576,32768,32,4788,219
1512619151979749,1512619151979966,1048576,32768,32,4832,217
1512619151990968,1512619151991186,1048576,32768,32,4809,218
1512619152002194,1512619152002411,1048576,32768,32,4832,217
1512619152013410,1512619152013624,1048576,32768,32,4899,214
1512619152024631,1512619152024851,1048576,32768,32,4766,220
1512619152035828,1512619152036045,1048576,32768,32,4832,217
1512619152047033,1512619152047249,1048576,32768,32,4854,216
1512619152058236,1512619152058453,1048576,32768,32,4832,217
1512619152069429,1512619152069646,1048576,32768,32,4832,217
1512619152080642,1512619152080859,1048576,32768,32,4832,217
1512619152091854,1512619152092072,1048576,32768,32,4809,218
1512619152103105,1512619152103322,1048576,32768,32,4832,217
1512619152114354,1512619152114571,1048576,32768,32,4832,217
1512619152125655,1512619152125871,1048576,32768,32,4854,216
1512619152136863,1512619152137080,1048576,32768,32,4832,217
1512619152148081,1512619152148296,1048576,32768,32,4877,215
1512619152159280,1512619152159497,1048576,32768,32,4832,217
1512619152170526,1512619152170744,1048576,32768,32,4809,218
1512619152181784,1512619152182001,1048576,32768,32,4832,217
1512619152193019,1512619152193236,1048576,32768,32,4832,217
1512619152204233,1512619152204451,1048576,32768,32,4809,218
1512619152215429,1512619152215646,1048576,32768,32,4832,217
1512619152226652,1512619152226869,1048576,32768,32,4832,217
1512619152237860,1512619152238080,1048576,32768,32,4766,220
1512619152249085,1512619152249302,1048576,32768,32,4832,217
1512619152260305,1512619152260522,1048576,32768,32,4832,217
1512619152271588,1512619152271806,1048576,32768,32,4809,218
1512619152282799,1512619152283014,1048576,32768,32,4877,215
1512619152293996,1512619152294212,1048576,32768,32,4854,216
1512619152305230,1512619152305447,1048576,32768,32,4832,217
1512619152316450,1512619152316669,1048576,32768,32,4788,219
1512619152327674,1512619152327889,1048576,32768,32,4877,215
1512619152339023,1512619152339236,1048576,32768,32,4922,213
1512619152350293,1512619152350510,1048576,32768,32,4832,217
1512619152361549,1512619152361763,1048576,32768,32,4899,214
1512619152372775,1512619152372991,1048576,32768,32,4854,216
1512619152384098,1512619152384315,1048576,32768,32,4832,217
1512619152395314,1512619152395532,1048576,32768,32,4809,218
1512619152406560,1512619152406777,1048576,32768,32,4832,217
1512619152417861,1512619152418078,1048576,32768,32,4832,217
1512619152429088,1512619152429304,1048576,32768,32,4854,216
1512619152440316,1512619152440530,1048576,32768,32,4899,214
1512619152451567,1512619152451776,1048576,32768,32,5017,209
1512619152462845,1512619152463059,1048576,32768,32,4899,214
1512619152474050,1512619152474267,1048576,32768,32,4832,217
1512619152485273,1512619152485489,1048576,32768,32,4854,216
1512619152496561,1512619152496780,1048576,32768,32,4788,219
1512619152507752,1512619152507969,1048576,32768,32,4832,217
1512619152518970,1512619152519186,1048576,32768,32,4854,216
1512619152530179,1512619152530396,1048576,32768,32,4832,217
1512619152541398,1512619152541616,1048576,32768,32,4809,218
1512619152552627,1512619152552844,1048576,32768,32,4832,217
1512619152563820,1512619152564037,1048576,32768,32,4832,217
1512619152575143,1512619152575356,1048576,32768,32,4922,213
1512619152586345,1512619152586563,1048576,32768,32,4809,218
1512619152597578,1512619152597785,1048576,32768,32,5065,207
1512619152608781,1512619152608997,1048576,32768,32,4854,216
1512619152619996,1512619152620213,1048576,32768,32,4832,217
1512619152631206,1512619152631420,1048576,32768,32,4899,214
1512619152642425,1512619152642641,1048576,32768,32,4854,216
1512619152653644,1512619152653859,1048576,32768,32,4877,215
1512619152664865,1512619152665081,1048576,32768,32,4854,216
1512619152676177,1512619152676394,1048576,32768,32,4832,217
1512619152687396,1512619152687612,1048576,32768,32,4854,216
1512619152698614,1512619152698831,1048576,32768,32,4832,217
1512619152709858,1512619152710076,1048576,32768,32,4809,218
1512619152721086,1512619152721301,1048576,32768,32,4877,215
1512619152732306,1512619152732522,1048576,32768,32,4854,216
1512619152743546,1512619152743764,1048576,32768,32,4809,218
1512619152754808,1512619152755022,1048576,32768,32,4899,214
1512619152766031,1512619152766248,1048576,32768,32,4832,217
1512619152777252,1512619152777460,1048576,32768,32,5041,208
1512619152788471,1512619152788685,1048576,32768,32,4899,214
1512619152799694,1512619152799910,1048576,32768,32,4854,216
1512619152810933,1512619152811148,1048576,32768,32,4877,215
1512619152822323,1512619152822540,1048576,32768,32,4832,217
1512619152833508,1512619152833724,1048576,32768,32,4854,216
1512619152844710,1512619152844925,1048576,32768,32,4877,215
1512619152855975,1512619152856191,1048576,32768,32,4854,216
1512619152867200,1512619152867418,1048576,32768,32,4809,218
1512619152878467,1512619152878684,1048576,32768,32,4832,217
1512619152889662,1512619152889879,1048576,32768,32,4832,217
1512619152900905,1512619152901112,1048576,32768,32,5065,207
1512619152912101,1512619152912317,1048576,32768,32,4854,216
1512619152923322,1512619152923537,1048576,32768,32,4877,215
1512619152934541,1512619152934759,1048576,32768,32,4809,218
1512619152945756,1512619152945973,1048576,32768,32,4832,217
1512619152956977,1512619152957193,1048576,32768,32,4854,216
1512619152968206,1512619152968423,1048576,32768,32,4832,217
1512619152979418,1512619152979635,1048576,32768,32,4832,217
1512619152990661,1512619152990877,1048576,32768,32,4854,216
1512619153001896,1512619153002112,1048576,32768,32,4854,216
1512619153013127,1512619153013340,1048576,32768,32,4922,213
1512619153024411,1512619153024628,1048576,32768,32,4832,217
1512619153035730,1512619153035946,1048576,32768,32,4854,216
1512619153046939,1512619153047154,1048576,32768,32,4877,215
1512619153058304,1512619153058521,1048576,32768,32,4832,217
1512619153069551,1512619153069769,1048576,32768,32,4809,218
1512619153080784,1512619153081001,1048576,32768,32,4832,217
1512619153092021,1512619153092237,1048576,32768,32,4854,216
1512619153103247,1512619153103464,1048576,32768,32,4832,217
1512619153114516,1512619153114734,1048576,32768,32,4809,218
1512619153125752,1512619153125968,1048576,32768,32,4854,216
1512619153136977,1512619153137193,1048576,32768,32,4854,216
1512619153148218,1512619153148434,1048576,32768,32,4854,216
1512619153159453,1512619153159670,1048576,32768,32,4832,217
1512619153170696,1512619153170912,1048576,32768,32,4854,216
1512619153181914,1512619153182129,1048576,32768,32,4877,215
1512619153193120,1512619153193336,1048576,32768,32,4854,216
1512619153204351,1512619153204566,1048576,32768,32,4877,215
1512619153215573,1512619153215791,1048576,32768,32,4809,218
1512619153226795,1512619153227010,1048576,32768,32,4877,215
1512619153238030,1512619153238245,1048576,32768,32,4877,215
1512619153249243,1512619153249457,1048576,32768,32,4899,214
1512619153260465,1512619153260681,1048576,32768,32,4854,216
1512619153271689,1512619153271902,1048576,32768,32,4922,213
1512619153282913,1512619153283128,1048576,32768,32,4877,215
1512619153294157,1512619153294373,1048576,32768,32,4854,216
1512619153305386,1512619153305602,1048576,32768,32,4854,216
1512619153316604,1512619153316822,1048576,32768,32,4809,218
1512619153327827,1512619153328043,1048576,32768,32,4854,216
1512619153339024,1512619153339241,1048576,32768,32,4832,217
1512619153350235,1512619153350451,1048576,32768,32,4854,216
1512619153361438,1512619153361653,1048576,32768,32,4877,215
1512619153372634,1512619153372852,1048576,32768,32,4809,218
1512619153383872,1512619153384089,1048576,32768,32,4832,217
1512619153395112,1512619153395329,1048576,32768,32,4832,217
1512619153406323,1512619153406541,1048576,32768,32,4809,218
1512619153417535,1512619153417752,1048576,32768,32,4832,217
1512619153428751,1512619153428968,1048576,32768,32,4832,217
1512619153439966,1512619153440180,1048576,32768,32,4899,214
1512619153451189,1512619153451405,1048576,32768,32,4854,216
1512619153462395,1512619153462609,1048576,32768,32,4899,214
1512619153473601,1512619153473820,1048576,32768,32,4788,219
1512619153484813,1512619153485028,1048576,32768,32,4877,215
1512619153496017,1512619153496233,1048576,32768,32,4854,216
1512619153507266,1512619153507482,1048576,32768,32,4854,216
1512619153518485,1512619153518703,1048576,32768,32,4809,218
1512619153529699,1512619153529914,1048576,32768,32,4877,215
1512619153540896,1512619153541112,1048576,32768,32,4854,216
1512619153552176,1512619153552391,1048576,32768,32,4877,215
1512619153563387,1512619153563603,1048576,32768,32,4854,216
1512619153574630,1512619153574846,1048576,32768,32,4854,216
1512619153585833,1512619153586049,1048576,32768,32,4854,216
1512619153597036,1512619153597253,1048576,32768,32,4832,217
1512619153608254,1512619153608470,1048576,32768,32,4854,216
1512619153619479,1512619153619696,1048576,32768,32,4832,217
1512619153630710,1512619153630927,1048576,32768,32,4832,217
1512619153641933,1512619153642149,1048576,32768,32,4854,216
1512619153653151,1512619153653368,1048576,32768,32,4832,217
1512619153664354,1512619153664569,1048576,32768,32,4877,215
1512619153675553,1512619153675771,1048576,32768,32,4809,218
1512619153686788,1512619153687004,1048576,32768,32,4854,216
1512619153698014,1512619153698230,1048576,32768,32,4854,216
1512619153709236,1512619153709451,1048576,32768,32,4877,215
1512619153720461,1512619153720679,1048576,32768,32,4809,218
1512619153731699,1512619153731914,1048576,32768,32,4877,215
1512619153742916,1512619153743132,1048576,32768,32,4854,216
1512619153754134,1512619153754350,1048576,32768,32,4854,216
1512619153765351,1512619153765565,1048576,32768,32,4899,214
1512619153776558,1512619153776775,1048576,32768,32,4832,217
1512619153787789,1512619153788005,1048576,32768,32,4854,216
1512619153799015,1512619153799231,1048576,32768,32,4854,216
1512619153810232,1512619153810448,1048576,32768,32,4854,216
1512619153821453,1512619153821670,1048576,32768,32,4832,217
1512619153832676,1512619153832893,1048576,32768,32,4832,217
1512619153843886,1512619153844101,1048576,32768,32,4877,215
1512619153855098,1512619153855315,1048576,32768,32,4832,217
1512619153866321,1512619153866538,1048576,32768,32,4832,217
1512619153877524,1512619153877742,1048576,32768,32,4809,218
1512619153888767,1512619153888983,1048576,32768,32,4854,216
1512619153899973,1512619153900190,1048576,32768,32,4832,217
1512619153911196,1512619153911413,1048576,32768,32,4832,217
1512619153922418,1512619153922634,1048576,32768,32,4854,216
1512619153933631,1512619153933848,1048576,32768,32,4832,217
1512619153944825,1512619153945042,1048576,32768,32,4832,217
1512619153956031,1512619153956246,1048576,32768,32,4877,215
1512619153967259,1512619153967474,1048576,32768,32,4877,215
1512619153978472,1512619153978692,1048576,32768,32,4766,220
1512619153989690,1512619153989905,1048576,32768,32,4877,215
1512619154000904,1512619154001120,1048576,32768,32,4854,216
1512619154012142,1512619154012358,1048576,32768,32,4854,216
1512619154023392,1512619154023607,1048576,32768,32,4877,215
1512619154034653,1512619154034870,1048576,32768,32,4832,217
1512619154045864,1512619154046081,1048576,32768,32,4832,217
1512619154057098,1512619154057315,1048576,32768,32,4832,217
1512619154068444,1512619154068662,1048576,32768,32,4809,218
1512619154079681,1512619154079901,1048576,32768,32,4766,220
1512619154090924,1512619154091140,1048576,32768,32,4854,216
1512619154102143,1512619154102362,1048576,32768,32,4788,219
1512619154113365,1512619154113582,1048576,32768,32,4832,217
1512619154124596,1512619154124814,1048576,32768,32,4809,218
1512619154135818,1512619154136034,1048576,32768,32,4854,216
1512619154147036,1512619154147251,1048576,32768,32,4877,215
1512619154158239,1512619154158454,1048576,32768,32,4877,215
1512619154169452,1512619154169669,1048576,32768,32,4832,217
1512619154180651,1512619154180866,1048576,32768,32,4877,215
1512619154191846,1512619154192062,1048576,32768,32,4854,216
1512619154203062,1512619154203278,1048576,32768,32,4854,216
1512619154214263,1512619154214478,1048576,32768,32,4877,215
1512619154225464,1512619154225682,1048576,32768,32,4809,218
1512619154236675,1512619154236893,1048576,32768,32,4809,218
1512619154247913,1512619154248129,1048576,32768,32,4854,216
1512619154259117,1512619154259332,1048576,32768,32,4877,215
1512619154270339,1512619154270557,1048576,32768,32,4809,218
1512619154281551,1512619154281770,1048576,32768,32,4788,219
1512619154292788,1512619154293004,1048576,32768,32,4854,216
1512619154303996,1512619154304212,1048576,32768,32,4854,216
1512619154315217,1512619154315433,1048576,32768,32,4854,216
1512619154326432,1512619154326647,1048576,32768,32,4877,215
1512619154337660,1512619154337876,1048576,32768,32,4854,216
1512619154348880,1512619154349095,1048576,32768,32,4877,215
1512619154360104,1512619154360320,1048576,32768,32,4854,216
1512619154371307,1512619154371523,1048576,32768,32,4854,216
1512619154382527,1512619154382746,1048576,32768,32,4788,219
1512619154393756,1512619154393972,1048576,32768,32,4854,216
1512619154404972,1512619154405188,1048576,32768,32,4854,216
1512619154416164,1512619154416380,1048576,32768,32,4854,216
1512619154427374,1512619154427590,1048576,32768,32,4854,216
1512619154438606,1512619154438823,1048576,32768,32,4832,217
1512619154449811,1512619154450027,1048576,32768,32,4854,216
1512619154461022,1512619154461239,1048576,32768,32,4832,217
1512619154472235,1512619154472451,1048576,32768,32,4854,216
1512619154483432,1512619154483648,1048576,32768,32,4854,216
1512619154494656,1512619154494871,1048576,32768,32,4877,215
1512619154505867,1512619154506084,1048576,32768,32,4832,217
1512619154517070,1512619154517287,1048576,32768,32,4832,217
1512619154528276,1512619154528488,1048576,32768,32,4946,212
1512619154539563,1512619154539783,1048576,32768,32,4766,220
1512619154550803,1512619154551018,1048576,32768,32,4877,215
1512619154562037,1512619154562253,1048576,32768,32,4854,216
1512619154573275,1512619154573491,1048576,32768,32,4854,216
1512619154584503,1512619154584719,1048576,32768,32,4854,216
1512619154595730,1512619154595945,1048576,32768,32,4877,215
1512619154606961,1512619154607175,1048576,32768,32,4899,214
1512619154618168,1512619154618384,1048576,32768,32,4854,216
1512619154629396,1512619154629612,1048576,32768,32,4854,216
1512619154640662,1512619154640879,1048576,32768,32,4832,217
1512619154651892,1512619154652109,1048576,32768,32,4832,217
1512619154663125,1512619154663342,1048576,32768,32,4832,217
1512619154674338,1512619154674555,1048576,32768,32,4832,217
1512619154685576,1512619154685793,1048576,32768,32,4832,217
1512619154696806,1512619154697022,1048576,32768,32,4854,216
1512619154708012,1512619154708229,1048576,32768,32,4832,217
1512619154719242,1512619154719457,1048576,32768,32,4877,215
1512619154730431,1512619154730648,1048576,32768,32,4832,217
1512619154741662,1512619154741879,1048576,32768,32,4832,217
1512619154752873,1512619154753089,1048576,32768,32,4854,216
1512619154764089,1512619154764308,1048576,32768,32,4788,219
1512619154775326,1512619154775544,1048576,32768,32,4809,218
1512619154786571,1512619154786788,1048576,32768,32,4832,217
1512619154797810,1512619154798025,1048576,32768,32,4877,215
1512619154809018,1512619154809234,1048576,32768,32,4854,216
1512619154820237,1512619154820452,1048576,32768,32,4877,215
1512619154831448,1512619154831664,1048576,32768,32,4854,216
1512619154842673,1512619154842889,1048576,32768,32,4854,216
1512619154853903,1512619154854120,1048576,32768,32,4832,217
1512619154865118,1512619154865334,1048576,32768,32,4854,216
1512619154876330,1512619154876546,1048576,32768,32,4854,216
1512619154887536,1512619154887753,1048576,32768,32,4832,217
1512619154898756,1512619154898972,1048576,32768,32,4854,216
1512619154909986,1512619154910202,1048576,32768,32,4854,216
1512619154921235,1512619154921448,1048576,32768,32,4922,213
1512619154932507,1512619154932723,1048576,32768,32,4854,216
1512619154943753,1512619154943969,1048576,32768,32,4854,216
1512619154954982,1512619154955196,1048576,32768,32,4899,214
1512619154966225,1512619154966440,1048576,32768,32,4877,215
1512619154977501,1512619154977718,1048576,32768,32,4832,217
1512619154988753,1512619154988969,1048576,32768,32,4854,216
1512619154999997,1512619155000210,1048576,32768,32,4922,213
1512619155011243,1512619155011451,1048576,32768,32,5041,208
1512619155022488,1512619155022706,1048576,32768,32,4809,218
1512619155033717,1512619155033933,1048576,32768,32,4854,216
1512619155044960,1512619155045176,1048576,32768,32,4854,216
1512619155056268,1512619155056485,1048576,32768,32,4832,217
1512619155067538,1512619155067755,1048576,32768,32,4832,217
1512619155078814,1512619155079030,1048576,32768,32,4854,216
1512619155090056,1512619155090272,1048576,32768,32,4854,216
1512619155101277,1512619155101494,1048576,32768,32,4832,217
1512619155112489,1512619155112706,1048576,32768,32,4832,217
1512619155123707,1512619155123923,1048576,32768,32,4854,216
1512619155134940,1512619155135154,1048576,32768,32,4899,214
1512619155146156,1512619155146372,1048576,32768,32,4854,216
1512619155157390,1512619155157607,1048576,32768,32,4832,217
1512619155168643,1512619155168858,1048576,32768,32,4877,215
1512619155179869,1512619155180087,1048576,32768,32,4809,218
1512619155191082,1512619155191298,1048576,32768,32,4854,216
1512619155202316,1512619155202532,1048576,32768,32,4854,216
1512619155213540,1512619155213756,1048576,32768,32,4854,216
1512619155224746,1512619155224961,1048576,32768,32,4877,215
1512619155235957,1512619155236173,1048576,32768,32,4854,216
1512619155247177,1512619155247393,1048576,32768,32,4854,216
1512619155258417,1512619155258632,1048576,32768,32,4877,215
1512619155269659,1512619155269874,1048576,32768,32,4877,215
1512619155280879,1512619155281095,1048576,32768,32,4854,216
1512619155292111,1512619155292328,1048576,32768,32,4832,217
1512619155303327,1512619155303543,1048576,32768,32,4854,216
1512619155314561,1512619155314778,1048576,32768,32,4832,217
1512619155325800,1512619155326018,1048576,32768,32,4809,218
1512619155337009,1512619155337226,1048576,32768,32,4832,217
1512619155348229,1512619155348446,1048576,32768,32,4832,217
1512619155359458,1512619155359678,1048576,32768,32,4766,220
1512619155370674,1512619155370891,1048576,32768,32,4832,217
1512619155381898,1512619155382115,1048576,32768,32,4832,217
1512619155393148,1512619155393363,1048576,32768,32,4877,215
1512619155404384,1512619155404599,1048576,32768,32,4877,215
1512619155415613,1512619155415831,1048576,32768,32,4809,218
1512619155426850,1512619155427067,1048576,32768,32,4832,217
1512619155438126,1512619155438341,1048576,32768,32,4877,215
1512619155449363,1512619155449576,1048576,32768,32,4922,213
1512619155460584,1512619155460802,1048576,32768,32,4809,218
1512619155471804,1512619155472020,1048576,32768,32,4854,216
1512619155483037,1512619155483255,1048576,32768,32,4809,218
1512619155494247,1512619155494463,1048576,32768,32,4854,216
1512619155505477,1512619155505687,1048576,32768,32,4993,210
1512619155516713,1512619155516928,1048576,32768,32,4877,215
1512619155527933,1512619155528150,1048576,32768,32,4832,217
1512619155539255,1512619155539471,1048576,32768,32,4854,216
1512619155550472,1512619155550689,1048576,32768,32,4832,217
1512619155561694,1512619155561908,1048576,32768,32,4899,214
1512619155572925,1512619155573141,1048576,32768,32,4854,216
1512619155584139,1512619155584353,1048576,32768,32,4899,214
1512619155595362,1512619155595568,1048576,32768,32,5090,206
1512619155606551,1512619155606767,1048576,32768,32,4854,216
1512619155617756,1512619155617974,1048576,32768,32,4809,218
1512619155628974,1512619155629189,1048576,32768,32,4877,215
1512619155640182,1512619155640398,1048576,32768,32,4854,216
1512619155651391,1512619155651608,1048576,32768,32,4832,217
1512619155662601,1512619155662819,1048576,32768,32,4809,218
1512619155673835,1512619155674052,1048576,32768,32,4832,217
1512619155685077,1512619155685294,1048576,32768,32,4832,217
1512619155696388,1512619155696604,1048576,32768,32,4854,216
1512619155707640,1512619155707856,1048576,32768,32,4854,216
1512619155718871,1512619155719088,1048576,32768,32,4832,217
1512619155730094,1512619155730309,1048576,32768,32,4877,215
1512619155741325,1512619155741541,1048576,32768,32,4854,216
1512619155752525,1512619155752742,1048576,32768,32,4832,217
1512619155763756,1512619155763973,1048576,32768,32,4832,217
1512619155774986,1512619155775201,1048576,32768,32,4877,215
1512619155786207,1512619155786424,1048576,32768,32,4832,217
1512619155797443,1512619155797661,1048576,32768,32,4809,218
1512619155808677,1512619155808893,1048576,32768,32,4854,216
1512619155819934,1512619155820149,1048576,32768,32,4877,215
1512619155831178,1512619155831394,1048576,32768,32,4854,216
1512619155842407,1512619155842623,1048576,32768,32,4854,216
1512619155853643,1512619155853860,1048576,32768,32,4832,217
1512619155864961,1512619155865178,1048576,32768,32,4832,217
1512619155876187,1512619155876403,1048576,32768,32,4854,216
1512619155887487,1512619155887704,1048576,32768,32,4832,217
1512619155898706,1512619155898923,1048576,32768,32,4832,217
1512619155910079,1512619155910296,1048576,32768,32,4832,217
1512619155921328,1512619155921545,1048576,32768,32,4832,217
1512619155932564,1512619155932781,1048576,32768,32,4832,217
1512619155943795,1512619155944009,1048576,32768,32,4899,214
1512619155955009,1512619155955225,1048576,32768,32,4854,216
1512619155966223,1512619155966439,1048576,32768,32,4854,216
1512619155977448,1512619155977663,1048576,32768,32,4877,215
1512619155988675,1512619155988891,1048576,32768,32,4854,216
1512619155999984,1512619156000200,1048576,32768,32,4854,216
1512619156011233,1512619156011450,1048576,32768,32,4832,217
1512619156022474,1512619156022692,1048576,32768,32,4809,218
1512619156033755,1512619156033961,1048576,32768,32,5090,206
1512619156045008,1512619156045223,1048576,32768,32,4877,215
1512619156056255,1512619156056472,1048576,32768,32,4832,217
1512619156067494,1512619156067710,1048576,32768,32,4854,216
1512619156078718,1512619156078935,1048576,32768,32,4832,217
1512619156089936,1512619156090151,1048576,32768,32,4877,215
1512619156101134,1512619156101348,1048576,32768,32,4899,214
1512619156112340,1512619156112555,1048576,32768,32,4877,215
1512619156123539,1512619156123754,1048576,32768,32,4877,215
1512619156134737,1512619156134951,1048576,32768,32,4899,214
1512619156145931,1512619156146146,1048576,32768,32,4877,215
1512619156157172,1512619156157386,1048576,32768,32,4899,214
1512619156168405,1512619156168619,1048576,32768,32,4899,214
1512619156179629,1512619156179845,1048576,32768,32,4854,216
1512619156190826,1512619156191040,1048576,32768,32,4899,214
1512619156202018,1512619156202233,1048576,32768,32,4877,215
1512619156213217,1512619156213432,1048576,32768,32,4877,215
1512619156224489,1512619156224704,1048576,32768,32,4877,215
1512619156235726,1512619156235941,1048576,32768,32,4877,215
1512619156246983,1512619156247197,1048576,32768,32,4899,214
1512619156258223,1512619156258438,1048576,32768,32,4877,215
1512619156269454,1512619156269670,1048576,32768,32,4854,216
1512619156280667,1512619156280874,1048576,32768,32,5065,207
1512619156291869,1512619156292085,1048576,32768,32,4854,216
1512619156303088,1512619156303302,1048576,32768,32,4899,214
1512619156314320,1512619156314537,1048576,32768,32,4832,217
1512619156325563,1512619156325780,1048576,32768,32,4832,217
1512619156336817,1512619156337033,1048576,32768,32,4854,216
1512619156348049,1512619156348265,1048576,32768,32,4854,216
1512619156359345,1512619156359563,1048576,32768,32,4809,218
1512619156370568,1512619156370785,1048576,32768,32,4832,217
1512619156381834,1512619156382054,1048576,32768,32,4766,220
1512619156393052,1512619156393269,1048576,32768,32,4832,217
1512619156404267,1512619156404484,1048576,32768,32,4832,217
1512619156415474,1512619156415692,1048576,32768,32,4809,218
1512619156426684,1512619156426901,1048576,32768,32,4832,217
1512619156437899,1512619156438115,1048576,32768,32,4854,216
1512619156449204,1512619156449420,1048576,32768,32,4854,216
1512619156460421,1512619156460636,1048576,32768,32,4877,215
1512619156471670,1512619156471883,1048576,32768,32,4922,213
1512619156482903,1512619156483119,1048576,32768,32,4854,216
1512619156494125,1512619156494340,1048576,32768,32,4877,215
1512619156505345,1512619156505560,1048576,32768,32,4877,215
1512619156516582,1512619156516799,1048576,32768,32,4832,217
1512619156527802,1512619156528018,1048576,32768,32,4854,216
1512619156539011,1512619156539226,1048576,32768,32,4877,215
1512619156550227,1512619156550439,1048576,32768,32,4946,212
1512619156561510,1512619156561729,1048576,32768,32,4788,219
1512619156572731,1512619156572948,1048576,32768,32,4832,217
1512619156583975,1512619156584191,1048576,32768,32,4854,216
1512619156595188,1512619156595406,1048576,32768,32,4809,218
1512619156606401,1512619156606615,1048576,32768,32,4899,214
1512619156617606,1512619156617823,1048576,32768,32,4832,217
1512619156628825,1512619156629041,1048576,32768,32,4854,216
1512619156640043,1512619156640260,1048576,32768,32,4832,217
1512619156651261,1512619156651477,1048576,32768,32,4854,216
1512619156662480,1512619156662698,1048576,32768,32,4809,218
1512619156673732,1512619156673950,1048576,32768,32,4809,218
1512619156684975,1512619156685191,1048576,32768,32,4854,216
1512619156696207,1512619156696423,1048576,32768,32,4854,216
1512619156707420,1512619156707638,1048576,32768,32,4809,218
1512619156718618,1512619156718835,1048576,32768,32,4832,217
1512619156729824,1512619156730042,1048576,32768,32,4809,218
1512619156741099,1512619156741316,1048576,32768,32,4832,217
1512619156752369,1512619156752586,1048576,32768,32,4832,217
1512619156763588,1512619156763806,1048576,32768,32,4809,218
1512619156774787,1512619156775003,1048576,32768,32,4854,216
1512619156786003,1512619156786220,1048576,32768,32,4832,217
1512619156797229,1512619156797443,1048576,32768,32,4899,214
1512619156808437,1512619156808653,1048576,32768,32,4854,216
1512619156819647,1512619156819865,1048576,32768,32,4809,218
1512619156830876,1512619156831091,1048576,32768,32,4877,215
1512619156842087,1512619156842303,1048576,32768,32,4854,216
1512619156853293,1512619156853508,1048576,32768,32,4877,215
1512619156864511,1512619156864728,1048576,32768,32,4832,217
1512619156875729,1512619156875945,1048576,32768,32,4854,216
1512619156886943,1512619156887158,1048576,32768,32,4877,215
1512619156898164,1512619156898379,1048576,32768,32,4877,215
1512619156909382,1512619156909595,1048576,32768,32,4922,213
1512619156920610,1512619156920826,1048576,32768,32,4854,216
1512619156931842,1512619156932055,1048576,32768,32,4922,213
1512619156943185,1512619156943401,1048576,32768,32,4854,216
1512619156954422,1512619156954638,1048576,32768,32,4854,216
1512619156965660,1512619156965877,1048576,32768,32,4832,217
1512619156976881,1512619156977097,1048576,32768,32,4854,216
1512619156988116,1512619156988332,1048576,32768,32,4854,216
1512619156999314,1512619156999522,1048576,32768,32,5041,208
1512619157010528,1512619157010747,1048576,32768,32,4788,219
1512619157021755,1512619157021972,1048576,32768,32,4832,217
1512619157032992,1512619157033209,1048576,32768,32,4832,217
1512619157044206,1512619157044419,1048576,32768,32,4922,213
1512619157055412,1512619157055629,1048576,32768,32,4832,217
1512619157066640,1512619157066857,1048576,32768,32,4832,217
1512619157077858,1512619157078074,1048576,32768,32,4854,216
1512619157089073,1512619157089289,1048576,32768,32,4854,216
1512619157100286,1512619157100499,1048576,32768,32,4922,213
1512619157111520,1512619157111737,1048576,32768,32,4832,217
1512619157122745,1512619157122960,1048576,32768,32,4877,215
1512619157133980,1512619157134197,1048576,32768,32,4832,217
1512619157145214,1512619157145431,1048576,32768,32,4832,217
1512619157156454,1512619157156672,1048576,32768,32,4809,218
1512619157167673,1512619157167888,1048576,32768,32,4877,215
1512619157178911,1512619157179127,1048576,32768,32,4854,216
1512619157190133,1512619157190348,1048576,32768,32,4877,215
1512619157201367,1512619157201580,1048576,32768,32,4922,213
1512619157212591,1512619157212809,1048576,32768,32,4809,218
1512619157223822,1512619157224038,1048576,32768,32,4854,216
1512619157235046,1512619157235261,1048576,32768,32,4877,215
1512619157246279,1512619157246496,1048576,32768,32,4832,217
1512619157257525,1512619157257742,1048576,32768,32,4832,217
1512619157268743,1512619157268960,1048576,32768,32,4832,217
1512619157279939,1512619157280156,1048576,32768,32,4832,217
1512619157291147,1512619157291362,1048576,32768,32,4877,215
1512619157302349,1512619157302565,1048576,32768,32,4854,216
1512619157313562,1512619157313780,1048576,32768,32,4809,218
1512619157324781,1512619157324999,1048576,32768,32,4809,218
1512619157335999,1512619157336213,1048576,32768,32,4899,214
1512619157347216,1512619157347432,1048576,32768,32,4854,216
1512619157358453,1512619157358671,1048576,32768,32,4809,218
1512619157369696,1512619157369913,1048576,32768,32,4832,217
1512619157380890,1512619157381106,1048576,32768,32,4854,216
1512619157392143,1512619157392360,1048576,32768,32,4832,217
1512619157403355,1512619157403569,1048576,32768,32,4899,214
1512619157414564,1512619157414782,1048576,32768,32,4809,218
1512619157425769,1512619157425986,1048576,32768,32,4832,217
1512619157436985,1512619157437200,1048576,32768,32,4877,215
1512619157448213,1512619157448430,1048576,32768,32,4832,217
1512619157459453,1512619157459668,1048576,32768,32,4877,215
1512619157470675,1512619157470889,1048576,32768,32,4899,214
1512619157481909,1512619157482125,1048576,32768,32,4854,216
1512619157493126,1512619157493341,1048576,32768,32,4877,215
1512619157504363,1512619157504578,1048576,32768,32,4877,215
1512619157515592,1512619157515809,1048576,32768,32,4832,217
1512619157526802,1512619157527019,1048576,32768,32,4832,217
1512619157538000,1512619157538215,1048576,32768,32,4877,215
1512619157549236,1512619157549451,1048576,32768,32,4877,215
1512619157560460,1512619157560678,1048576,32768,32,4809,218
1512619157571701,1512619157571917,1048576,32768,32,4854,216
1512619157582945,1512619157583162,1048576,32768,32,4832,217
1512619157594183,1512619157594397,1048576,32768,32,4899,214
1512619157605394,1512619157605610,1048576,32768,32,4854,216
1512619157616667,1512619157616882,1048576,32768,32,4877,215
1512619157627910,1512619157628126,1048576,32768,32,4854,216
1512619157639150,1512619157639365,1048576,32768,32,4877,215
1512619157650376,1512619157650592,1048576,32768,32,4854,216
1512619157661669,1512619157661886,1048576,32768,32,4832,217
1512619157672900,1512619157673115,1048576,32768,32,4877,215
1512619157684112,1512619157684329,1048576,32768,32,4832,217
1512619157695325,1512619157695542,1048576,32768,32,4832,217
1512619157706547,1512619157706764,1048576,32768,32,4832,217
1512619157717757,1512619157717972,1048576,32768,32,4877,215
1512619157728995,1512619157729212,1048576,32768,32,4832,217
1512619157740215,1512619157740431,1048576,32768,32,4854,216
1512619157751531,1512619157751748,1048576,32768,32,4832,217
1512619157762731,1512619157762948,1048576,32768,32,4832,217
1512619157773951,1512619157774167,1048576,32768,32,4854,216
1512619157785153,1512619157785369,1048576,32768,32,4854,216
1512619157796372,1512619157796587,1048576,32768,32,4877,215
1512619157807702,1512619157807919,1048576,32768,32,4832,217
1512619157818947,1512619157819161,1048576,32768,32,4899,214
1512619157830198,1512619157830413,1048576,32768,32,4877,215
1512619157841417,1512619157841633,1048576,32768,32,4854,216
1512619157852620,1512619157852838,1048576,32768,32,4809,218
1512619157863827,1512619157864044,1048576,32768,32,4832,217
1512619157875133,1512619157875350,1048576,32768,32,4832,217
1512619157886412,1512619157886629,1048576,32768,32,4832,217
1512619157897621,1512619157897839,1048576,32768,32,4809,218
1512619157908840,1512619157909056,1048576,32768,32,4854,216
1512619157920077,1512619157920292,1048576,32768,32,4877,215
1512619157931300,1512619157931516,1048576,32768,32,4854,216
1512619157942541,1512619157942758,1048576,32768,32,4832,217
1512619157953784,1512619157953999,1048576,32768,32,4877,215
1512619157965007,1512619157965222,1048576,32768,32,4877,215
1512619157976238,1512619157976455,1048576,32768,32,4832,217
1512619157987461,1512619157987676,1048576,32768,32,4877,215
1512619157998676,1512619157998892,1048576,32768,32,4854,216
1512619158009886,1512619158010102,1048576,32768,32,4854,216
1512619158021096,1512619158021314,1048576,32768,32,4809,218
1512619158032318,1512619158032535,1048576,32768,32,4832,217
1512619158043565,1512619158043781,1048576,32768,32,4854,216
1512619158054809,1512619158055024,1048576,32768,32,4877,215
1512619158066042,1512619158066259,1048576,32768,32,4832,217
1512619158077253,1512619158077471,1048576,32768,32,4809,218
1512619158088469,1512619158088688,1048576,32768,32,4788,219
1512619158099660,1512619158099874,1048576,32768,32,4899,214
1512619158110886,1512619158111102,1048576,32768,32,4854,216
