1512453234922057,1512453234929991,10485760,1310720,8,1321,7934
1512453235008975,1512453235017076,10485760,1310720,8,1294,8101
1512453235093841,1512453235101978,10485760,1310720,8,1288,8137
1512453235178897,1512453235186987,10485760,1310720,8,1296,8090
1512453235263873,1512453235272002,10485760,1310720,8,1289,8129
1512453235348949,1512453235357084,10485760,1310720,8,1288,8135
1512453235433855,1512453235441981,10485760,1310720,8,1290,8126
1512453235518761,1512453235526885,10485760,1310720,8,1290,8124
1512453235603581,1512453235611766,10485760,1310720,8,1281,8185
1512453235688195,1512453235696300,10485760,1310720,8,1293,8105
1512453235772989,1512453235779922,10485760,1310720,8,1512,6933
1512453235855924,1512453235862772,10485760,1310720,8,1531,6848
1512453235938596,1512453235945527,10485760,1310720,8,1512,6931
1512453236022034,1512453236028868,10485760,1310720,8,1534,6834
1512453236104933,1512453236111753,10485760,1310720,8,1537,6820
1512453236187322,1512453236194200,10485760,1310720,8,1524,6878
1512453236270454,1512453236277289,10485760,1310720,8,1534,6835
1512453236352790,1512453236359589,10485760,1310720,8,1542,6799
1512453236435250,1512453236442083,10485760,1310720,8,1534,6833
1512453236517734,1512453236524520,10485760,1310720,8,1545,6786
1512453236599964,1512453236606763,10485760,1310720,8,1542,6799
1512453236682253,1512453236689114,10485760,1310720,8,1528,6861
1512453236764788,1512453236771601,10485760,1310720,8,1539,6813
1512453236847319,1512453236854173,10485760,1310720,8,1529,6854
1512453236930046,1512453236936839,10485760,1310720,8,1543,6793
1512453237012201,1512453237019010,10485760,1310720,8,1539,6809
1512453237094715,1512453237101545,10485760,1310720,8,1535,6830
1512453237177238,1512453237184096,10485760,1310720,8,1528,6858
1512453237259553,1512453237266324,10485760,1310720,8,1548,6771
1512453237342279,1512453237349154,10485760,1310720,8,1525,6875
1512453237424859,1512453237431675,10485760,1310720,8,1538,6816
1512453237507249,1512453237514067,10485760,1310720,8,1537,6818
1512453237589851,1512453237596606,10485760,1310720,8,1552,6755
1512453237671979,1512453237678798,10485760,1310720,8,1537,6819
1512453237754548,1512453237761397,10485760,1310720,8,1530,6849
1512453237836540,1512453237843384,10485760,1310720,8,1532,6844
1512453237918714,1512453237925554,10485760,1310720,8,1533,6840
1512453238000783,1512453238007581,10485760,1310720,8,1542,6798
1512453238083268,1512453238090097,10485760,1310720,8,1535,6829
1512453238165271,1512453238172110,10485760,1310720,8,1533,6839
1512453238247627,1512453238254358,10485760,1310720,8,1557,6731
1512453238329863,1512453238336695,10485760,1310720,8,1534,6832
1512453238412030,1512453238418866,10485760,1310720,8,1533,6836
1512453238494290,1512453238501124,10485760,1310720,8,1534,6834
1512453238576334,1512453238583167,10485760,1310720,8,1534,6833
1512453238658044,1512453238664872,10485760,1310720,8,1535,6828
1512453238740235,1512453238746874,10485760,1310720,8,1579,6639
1512453238822300,1512453238829133,10485760,1310720,8,1534,6833
1512453238904507,1512453238911337,10485760,1310720,8,1535,6830
1512453238986652,1512453238993480,10485760,1310720,8,1535,6828
1512453239068915,1512453239075725,10485760,1310720,8,1539,6810
1512453239151201,1512453239157972,10485760,1310720,8,1548,6771
1512453239233120,1512453239239948,10485760,1310720,8,1535,6828
1512453239315487,1512453239322314,10485760,1310720,8,1535,6827
1512453239397642,1512453239404479,10485760,1310720,8,1533,6837
1512453239479394,1512453239486234,10485760,1310720,8,1533,6840
1512453239561609,1512453239568422,10485760,1310720,8,1539,6813
1512453239643683,1512453239650502,10485760,1310720,8,1537,6819
1512453239725884,1512453239732700,10485760,1310720,8,1538,6816
1512453239807937,1512453239814764,10485760,1310720,8,1535,6827
1512453239890018,1512453239896840,10485760,1310720,8,1537,6822
1512453239972037,1512453239978863,10485760,1310720,8,1536,6826
1512453240054018,1512453240060778,10485760,1310720,8,1551,6760
1512453240135896,1512453240142692,10485760,1310720,8,1542,6796
1512453240217881,1512453240224674,10485760,1310720,8,1543,6793
1512453240300041,1512453240306860,10485760,1310720,8,1537,6819
1512453240382334,1512453240389197,10485760,1310720,8,1527,6863
1512453240464326,1512453240471156,10485760,1310720,8,1535,6830
1512453240546215,1512453240552957,10485760,1310720,8,1555,6742
1512453240628079,1512453240634904,10485760,1310720,8,1536,6825
1512453240710143,1512453240716898,10485760,1310720,8,1552,6755
1512453240792175,1512453240799016,10485760,1310720,8,1532,6841
1512453240874287,1512453240881038,10485760,1310720,8,1553,6751
1512453240956282,1512453240963119,10485760,1310720,8,1533,6837
1512453241038311,1512453241045037,10485760,1310720,8,1558,6726
1512453241120162,1512453241126990,10485760,1310720,8,1535,6828
1512453241201827,1512453241208622,10485760,1310720,8,1543,6795
1512453241283600,1512453241290391,10485760,1310720,8,1544,6791
1512453241365806,1512453241372617,10485760,1310720,8,1539,6811
1512453241447717,1512453241454558,10485760,1310720,8,1532,6841
1512453241529688,1512453241536449,10485760,1310720,8,1550,6761
1512453241611726,1512453241618436,10485760,1310720,8,1562,6710
1512453241693980,1512453241700806,10485760,1310720,8,1536,6826
1512453241776222,1512453241783057,10485760,1310720,8,1534,6835
1512453241858045,1512453241864876,10485760,1310720,8,1535,6831
1512453241940237,1512453241947075,10485760,1310720,8,1533,6838
1512453242022187,1512453242029019,10485760,1310720,8,1534,6832
1512453242104410,1512453242111232,10485760,1310720,8,1537,6822
1512453242186540,1512453242193314,10485760,1310720,8,1547,6774
1512453242268616,1512453242275453,10485760,1310720,8,1533,6837
1512453242350830,1512453242357650,10485760,1310720,8,1537,6820
1512453242432858,1512453242439689,10485760,1310720,8,1535,6831
1512453242514761,1512453242521588,10485760,1310720,8,1535,6827
1512453242596916,1512453242603771,10485760,1310720,8,1529,6855
1512453242679099,1512453242685904,10485760,1310720,8,1540,6805
1512453242761133,1512453242767977,10485760,1310720,8,1532,6844
1512453242843360,1512453242850165,10485760,1310720,8,1540,6805
1512453242925577,1512453242932405,10485760,1310720,8,1535,6828
1512453243008146,1512453243014977,10485760,1310720,8,1535,6831
1512453243090433,1512453243097269,10485760,1310720,8,1533,6836
1512453243172478,1512453243179287,10485760,1310720,8,1539,6809
1512453243254817,1512453243261661,10485760,1310720,8,1532,6844
1512453243336859,1512453243343680,10485760,1310720,8,1537,6821
1512453243419054,1512453243425898,10485760,1310720,8,1532,6844
1512453243501235,1512453243508037,10485760,1310720,8,1541,6802
1512453243583420,1512453243590250,10485760,1310720,8,1535,6830
1512453243665478,1512453243672284,10485760,1310720,8,1540,6806
1512453243747737,1512453243754560,10485760,1310720,8,1536,6823
1512453243829875,1512453243836694,10485760,1310720,8,1537,6819
1512453243912189,1512453243919016,10485760,1310720,8,1535,6827
1512453243994279,1512453244001022,10485760,1310720,8,1555,6743
1512453244076246,1512453244082990,10485760,1310720,8,1554,6744
1512453244158069,1512453244164795,10485760,1310720,8,1558,6726
1512453244239989,1512453244246830,10485760,1310720,8,1532,6841
1512453244321840,1512453244328645,10485760,1310720,8,1540,6805
1512453244403850,1512453244410702,10485760,1310720,8,1530,6852
1512453244486009,1512453244492779,10485760,1310720,8,1548,6770
1512453244567781,1512453244574629,10485760,1310720,8,1531,6848
1512453244649963,1512453244656693,10485760,1310720,8,1558,6730
1512453244731831,1512453244738573,10485760,1310720,8,1555,6742
1512453244814021,1512453244820834,10485760,1310720,8,1539,6813
1512453244895676,1512453244902432,10485760,1310720,8,1552,6756
1512453244977662,1512453244984381,10485760,1310720,8,1560,6719
1512453245059593,1512453245066341,10485760,1310720,8,1553,6748
1512453245141685,1512453245148500,10485760,1310720,8,1538,6815
1512453245223998,1512453245230836,10485760,1310720,8,1533,6838
1512453245306199,1512453245313031,10485760,1310720,8,1534,6832
1512453245387968,1512453245394789,10485760,1310720,8,1537,6821
1512453245470228,1512453245477055,10485760,1310720,8,1535,6827
1512453245552418,1512453245559152,10485760,1310720,8,1557,6734
1512453245634279,1512453245641002,10485760,1310720,8,1559,6723
1512453245715984,1512453245722616,10485760,1310720,8,1581,6632
1512453245797626,1512453245804337,10485760,1310720,8,1562,6711
1512453245879430,1512453245886163,10485760,1310720,8,1557,6733
1512453245961578,1512453245968285,10485760,1310720,8,1563,6707
1512453246043291,1512453246050018,10485760,1310720,8,1558,6727
1512453246125044,1512453246131738,10485760,1310720,8,1566,6694
1512453246206994,1512453246213720,10485760,1310720,8,1558,6726
1512453246288806,1512453246295515,10485760,1310720,8,1562,6709
1512453246370596,1512453246377315,10485760,1310720,8,1560,6719
1512453246452248,1512453246458958,10485760,1310720,8,1562,6710
1512453246534026,1512453246540741,10485760,1310720,8,1561,6715
1512453246616135,1512453246622841,10485760,1310720,8,1563,6706
1512453246697996,1512453246704734,10485760,1310720,8,1556,6738
1512453246779627,1512453246786257,10485760,1310720,8,1581,6630
1512453246861381,1512453246868025,10485760,1310720,8,1578,6644
1512453246943383,1512453246950099,10485760,1310720,8,1561,6716
1512453247025176,1512453247031872,10485760,1310720,8,1565,6696
1512453247107146,1512453247113767,10485760,1310720,8,1583,6621
1512453247189194,1512453247195922,10485760,1310720,8,1558,6728
1512453247271050,1512453247277750,10485760,1310720,8,1565,6700
1512453247353266,1512453247359982,10485760,1310720,8,1561,6716
1512453247435128,1512453247441766,10485760,1310720,8,1579,6638
1512453247516888,1512453247523497,10485760,1310720,8,1586,6609
1512453247599961,1512453247606754,10485760,1310720,8,1543,6793
1512453247684547,1512453247691380,10485760,1310720,8,1534,6833
1512453247768323,1512453247775135,10485760,1310720,8,1539,6812
1512453247852252,1512453247858988,10485760,1310720,8,1556,6736
1512453247936169,1512453247943004,10485760,1310720,8,1534,6835
1512453248019581,1512453248026306,10485760,1310720,8,1559,6725
1512453248101447,1512453248108172,10485760,1310720,8,1559,6725
1512453248183175,1512453248189911,10485760,1310720,8,1556,6736
1512453248265571,1512453248272307,10485760,1310720,8,1556,6736
1512453248347845,1512453248354585,10485760,1310720,8,1555,6740
1512453248429849,1512453248436575,10485760,1310720,8,1558,6726
1512453248512119,1512453248518862,10485760,1310720,8,1555,6743
1512453248594414,1512453248601125,10485760,1310720,8,1562,6711
1512453248676727,1512453248683453,10485760,1310720,8,1558,6726
1512453248758961,1512453248765688,10485760,1310720,8,1558,6727
1512453248840997,1512453248847719,10485760,1310720,8,1559,6722
1512453248923363,1512453248929902,10485760,1310720,8,1603,6539
1512453249005479,1512453249012188,10485760,1310720,8,1562,6709
1512453249087845,1512453249094540,10485760,1310720,8,1566,6695
1512453249169823,1512453249176546,10485760,1310720,8,1559,6723
1512453249252097,1512453249258728,10485760,1310720,8,1581,6631
1512453249334119,1512453249340786,10485760,1310720,8,1572,6667
1512453249416470,1512453249423192,10485760,1310720,8,1559,6722
1512453249498678,1512453249505381,10485760,1310720,8,1564,6703
1512453249580883,1512453249587606,10485760,1310720,8,1559,6723
1512453249663151,1512453249669887,10485760,1310720,8,1556,6736
1512453249745318,1512453249752036,10485760,1310720,8,1560,6718
1512453249827316,1512453249834018,10485760,1310720,8,1564,6702
1512453249909370,1512453249916070,10485760,1310720,8,1565,6700
1512453249991624,1512453249998374,10485760,1310720,8,1553,6750
1512453250073812,1512453250080507,10485760,1310720,8,1566,6695
1512453250155971,1512453250162666,10485760,1310720,8,1566,6695
1512453250238377,1512453250245099,10485760,1310720,8,1559,6722
1512453250320837,1512453250327533,10485760,1310720,8,1565,6696
1512453250402823,1512453250409516,10485760,1310720,8,1566,6693
1512453250484918,1512453250491607,10485760,1310720,8,1567,6689
1512453250567024,1512453250573706,10485760,1310720,8,1569,6682
1512453250649303,1512453250656012,10485760,1310720,8,1562,6709
1512453250732080,1512453250738767,10485760,1310720,8,1568,6687
1512453250814304,1512453250821011,10485760,1310720,8,1563,6707
1512453250896811,1512453250903529,10485760,1310720,8,1560,6718
1512453250979121,1512453250985721,10485760,1310720,8,1588,6600
1512453251061329,1512453251068036,10485760,1310720,8,1563,6707
1512453251143182,1512453251149898,10485760,1310720,8,1561,6716
1512453251225454,1512453251232150,10485760,1310720,8,1565,6696
1512453251307661,1512453251314358,10485760,1310720,8,1565,6697
1512453251389881,1512453251396587,10485760,1310720,8,1563,6706
1512453251472395,1512453251479110,10485760,1310720,8,1561,6715
1512453251554638,1512453251561350,10485760,1310720,8,1562,6712
1512453251636979,1512453251643677,10485760,1310720,8,1565,6698
1512453251718911,1512453251725612,10485760,1310720,8,1564,6701
1512453251801013,1512453251807720,10485760,1310720,8,1563,6707
1512453251883396,1512453251890049,10485760,1310720,8,1576,6653
1512453251965812,1512453251972512,10485760,1310720,8,1565,6700
1512453252048126,1512453252054658,10485760,1310720,8,1605,6532
1512453252130199,1512453252136914,10485760,1310720,8,1561,6715
1512453252212374,1512453252219065,10485760,1310720,8,1567,6691
1512453252294224,1512453252300929,10485760,1310720,8,1563,6705
1512453252376677,1512453252383381,10485760,1310720,8,1564,6704
1512453252458884,1512453252465591,10485760,1310720,8,1563,6707
1512453252541241,1512453252547942,10485760,1310720,8,1564,6701
1512453252623467,1512453252630161,10485760,1310720,8,1566,6694
1512453252705999,1512453252712695,10485760,1310720,8,1565,6696
1512453252788011,1512453252794722,10485760,1310720,8,1562,6711
1512453252870169,1512453252876801,10485760,1310720,8,1581,6632
1512453252952088,1512453252958806,10485760,1310720,8,1560,6718
1512453253034488,1512453253041184,10485760,1310720,8,1565,6696
1512453253116446,1512453253123080,10485760,1310720,8,1580,6634
1512453253198120,1512453253204821,10485760,1310720,8,1564,6701
1512453253280197,1512453253286918,10485760,1310720,8,1560,6721
1512453253362329,1512453253368947,10485760,1310720,8,1584,6618
1512453253444430,1512453253451119,10485760,1310720,8,1567,6689
1512453253527090,1512453253533786,10485760,1310720,8,1565,6696
1512453253609043,1512453253615661,10485760,1310720,8,1584,6618
1512453253690859,1512453253697562,10485760,1310720,8,1564,6703
1512453253772754,1512453253779466,10485760,1310720,8,1562,6712
1512453253854984,1512453253861690,10485760,1310720,8,1563,6706
1512453253937300,1512453253943911,10485760,1310720,8,1586,6611
1512453254019165,1512453254025870,10485760,1310720,8,1563,6705
1512453254101374,1512453254108021,10485760,1310720,8,1577,6647
1512453254183300,1512453254190001,10485760,1310720,8,1564,6701
1512453254266129,1512453254272854,10485760,1310720,8,1559,6725
1512453254348403,1512453254355096,10485760,1310720,8,1566,6693
1512453254430729,1512453254437427,10485760,1310720,8,1565,6698
1512453254513355,1512453254520051,10485760,1310720,8,1565,6696
1512453254595990,1512453254602713,10485760,1310720,8,1559,6723
1512453254678339,1512453254685031,10485760,1310720,8,1566,6692
1512453254760463,1512453254767171,10485760,1310720,8,1563,6708
1512453254842434,1512453254849143,10485760,1310720,8,1562,6709
1512453254924643,1512453254931332,10485760,1310720,8,1567,6689
1512453255006755,1512453255013444,10485760,1310720,8,1567,6689
1512453255088902,1512453255095590,10485760,1310720,8,1567,6688
1512453255171101,1512453255177805,10485760,1310720,8,1564,6704
1512453255253460,1512453255260072,10485760,1310720,8,1585,6612
1512453255335678,1512453255342361,10485760,1310720,8,1569,6683
1512453255417758,1512453255424363,10485760,1310720,8,1587,6605
1512453255499629,1512453255506247,10485760,1310720,8,1584,6618
1512453255581664,1512453255588349,10485760,1310720,8,1568,6685
1512453255663728,1512453255670439,10485760,1310720,8,1562,6711
1512453255746084,1512453255752788,10485760,1310720,8,1564,6704
1512453255828146,1512453255834762,10485760,1310720,8,1584,6616
1512453255910072,1512453255916672,10485760,1310720,8,1588,6600
1512453255991740,1512453255998442,10485760,1310720,8,1564,6702
1512453256073189,1512453256080008,10485760,1310720,8,1537,6819
1512453256155163,1512453256161903,10485760,1310720,8,1555,6740
1512453256236733,1512453256243427,10485760,1310720,8,1566,6694
1512453256318856,1512453256325666,10485760,1310720,8,1539,6810
1512453256401101,1512453256407900,10485760,1310720,8,1542,6799
1512453256483238,1512453256490069,10485760,1310720,8,1535,6831
1512453256565481,1512453256572211,10485760,1310720,8,1558,6730
1512453256647902,1512453256654748,10485760,1310720,8,1531,6846
1512453256730177,1512453256736975,10485760,1310720,8,1542,6798
1512453256812560,1512453256819267,10485760,1310720,8,1563,6707
1512453256895047,1512453256901868,10485760,1310720,8,1537,6821
1512453256977574,1512453256984383,10485760,1310720,8,1539,6809
1512453257059851,1512453257066674,10485760,1310720,8,1536,6823
1512453257142564,1512453257149370,10485760,1310720,8,1540,6806
1512453257224867,1512453257231722,10485760,1310720,8,1529,6855
1512453257307415,1512453257314143,10485760,1310720,8,1558,6728
1512453257389451,1512453257396195,10485760,1310720,8,1554,6744
1512453257472123,1512453257478916,10485760,1310720,8,1543,6793
1512453257554603,1512453257561397,10485760,1310720,8,1543,6794
1512453257636828,1512453257643635,10485760,1310720,8,1540,6807
1512453257719529,1512453257726341,10485760,1310720,8,1539,6812
1512453257802059,1512453257808726,10485760,1310720,8,1572,6667
1512453257884522,1512453257891353,10485760,1310720,8,1535,6831
1512453257966721,1512453257973533,10485760,1310720,8,1539,6812
1512453258049120,1512453258055929,10485760,1310720,8,1539,6809
1512453258131271,1512453258138002,10485760,1310720,8,1557,6731
1512453258213503,1512453258220320,10485760,1310720,8,1538,6817
1512453258295863,1512453258302692,10485760,1310720,8,1535,6829
1512453258378507,1512453258385248,10485760,1310720,8,1555,6741
1512453258460981,1512453258467718,10485760,1310720,8,1556,6737
1512453258543266,1512453258550087,10485760,1310720,8,1537,6821
1512453258625978,1512453258632682,10485760,1310720,8,1564,6704
1512453258708096,1512453258714902,10485760,1310720,8,1540,6806
1512453258790641,1512453258797416,10485760,1310720,8,1547,6775
1512453258873005,1512453258879838,10485760,1310720,8,1534,6833
1512453258955231,1512453258961937,10485760,1310720,8,1563,6706
1512453259037428,1512453259044145,10485760,1310720,8,1561,6717
1512453259119741,1512453259126429,10485760,1310720,8,1567,6688
1512453259202313,1512453259209114,10485760,1310720,8,1541,6801
1512453259284501,1512453259291307,10485760,1310720,8,1540,6806
1512453259366705,1512453259373540,10485760,1310720,8,1534,6835
1512453259449345,1512453259456151,10485760,1310720,8,1540,6806
1512453259531504,1512453259538237,10485760,1310720,8,1557,6733
1512453259613756,1512453259620467,10485760,1310720,8,1562,6711
1512453259695672,1512453259702356,10485760,1310720,8,1568,6684
1512453259778192,1512453259785003,10485760,1310720,8,1539,6811
1512453259860904,1512453259867712,10485760,1310720,8,1540,6808
1512453259943215,1512453259950038,10485760,1310720,8,1536,6823
1512453260025377,1512453260032181,10485760,1310720,8,1541,6804
1512453260107324,1512453260114046,10485760,1310720,8,1559,6722
1512453260189574,1512453260196398,10485760,1310720,8,1536,6824
1512453260272061,1512453260278773,10485760,1310720,8,1562,6712
1512453260354160,1512453260360931,10485760,1310720,8,1548,6771
1512453260436484,1512453260443303,10485760,1310720,8,1537,6819
1512453260519023,1512453260525859,10485760,1310720,8,1533,6836
1512453260601268,1512453260608091,10485760,1310720,8,1536,6823
1512453260683401,1512453260690219,10485760,1310720,8,1537,6818
1512453260766646,1512453260773458,10485760,1310720,8,1539,6812
1512453260849185,1512453260856000,10485760,1310720,8,1538,6815
1512453260931367,1512453260938185,10485760,1310720,8,1537,6818
1512453261014012,1512453261020821,10485760,1310720,8,1539,6809
1512453261096275,1512453261103089,10485760,1310720,8,1538,6814
1512453261178596,1512453261185432,10485760,1310720,8,1533,6836
1512453261260806,1512453261267539,10485760,1310720,8,1557,6733
1512453261342945,1512453261349768,10485760,1310720,8,1536,6823
1512453261425410,1512453261432209,10485760,1310720,8,1542,6799
1512453261507976,1512453261514771,10485760,1310720,8,1543,6795
1512453261590071,1512453261596891,10485760,1310720,8,1537,6820
1512453261672243,1512453261678967,10485760,1310720,8,1559,6724
1512453261754581,1512453261761399,10485760,1310720,8,1537,6818
1512453261836821,1512453261843621,10485760,1310720,8,1542,6800
1512453261919055,1512453261925855,10485760,1310720,8,1542,6800
1512453262001047,1512453262007889,10485760,1310720,8,1532,6842
1512453262083242,1512453262090036,10485760,1310720,8,1543,6794
1512453262165535,1512453262172334,10485760,1310720,8,1542,6799
1512453262247800,1512453262254547,10485760,1310720,8,1554,6747
1512453262330297,1512453262337091,10485760,1310720,8,1543,6794
1512453262412591,1512453262419403,10485760,1310720,8,1539,6812
1512453262494781,1512453262501622,10485760,1310720,8,1532,6841
1512453262577101,1512453262583925,10485760,1310720,8,1536,6824
1512453262659422,1512453262666142,10485760,1310720,8,1560,6720
1512453262741475,1512453262748281,10485760,1310720,8,1540,6806
1512453262824102,1512453262830834,10485760,1310720,8,1557,6732
1512453262906342,1512453262913068,10485760,1310720,8,1558,6726
1512453262988872,1512453262995676,10485760,1310720,8,1541,6804
1512453263071294,1512453263078081,10485760,1310720,8,1544,6787
1512453263153393,1512453263160016,10485760,1310720,8,1583,6623
1512453263235749,1512453263242549,10485760,1310720,8,1542,6800
1512453263318027,1512453263324758,10485760,1310720,8,1557,6731
1512453263400711,1512453263407515,10485760,1310720,8,1541,6804
1512453263483216,1512453263489924,10485760,1310720,8,1563,6708
1512453263565342,1512453263572150,10485760,1310720,8,1540,6808
1512453263648008,1512453263654823,10485760,1310720,8,1538,6815
1512453263730296,1512453263737098,10485760,1310720,8,1541,6802
1512453263812757,1512453263819559,10485760,1310720,8,1541,6802
1512453263894685,1512453263901512,10485760,1310720,8,1535,6827
1512453263976871,1512453263983712,10485760,1310720,8,1532,6841
1512453264059240,1512453264066048,10485760,1310720,8,1540,6808
1512453264141666,1512453264148471,10485760,1310720,8,1540,6805
1512453264223710,1512453264230383,10485760,1310720,8,1571,6673
1512453264305723,1512453264312536,10485760,1310720,8,1539,6813
1512453264388273,1512453264394991,10485760,1310720,8,1560,6718
1512453264470577,1512453264477420,10485760,1310720,8,1532,6843
1512453264552815,1512453264559634,10485760,1310720,8,1537,6819
1512453264635379,1512453264642173,10485760,1310720,8,1543,6794
1512453264717752,1512453264724478,10485760,1310720,8,1558,6726
1512453264799907,1512453264806639,10485760,1310720,8,1557,6732
1512453264882275,1512453264888901,10485760,1310720,8,1582,6626
1512453264964377,1512453264971199,10485760,1310720,8,1537,6822
1512453265046342,1512453265053114,10485760,1310720,8,1548,6772
1512453265128426,1512453265135191,10485760,1310720,8,1550,6765
1512453265210718,1512453265217517,10485760,1310720,8,1542,6799
1512453265293236,1512453265300039,10485760,1310720,8,1541,6803
1512453265375395,1512453265382202,10485760,1310720,8,1540,6807
1512453265457369,1512453265464166,10485760,1310720,8,1542,6797
1512453265539413,1512453265546232,10485760,1310720,8,1537,6819
1512453265621560,1512453265628385,10485760,1310720,8,1536,6825
1512453265703820,1512453265710626,10485760,1310720,8,1540,6806
1512453265785901,1512453265792691,10485760,1310720,8,1544,6790
1512453265868483,1512453265875289,10485760,1310720,8,1540,6806
1512453265950611,1512453265957425,10485760,1310720,8,1538,6814
1512453266033013,1512453266039829,10485760,1310720,8,1538,6816
1512453266115256,1512453266122076,10485760,1310720,8,1537,6820
1512453266197721,1512453266204508,10485760,1310720,8,1544,6787
1512453266280246,1512453266286970,10485760,1310720,8,1559,6724
1512453266362424,1512453266369241,10485760,1310720,8,1538,6817
1512453266444879,1512453266451637,10485760,1310720,8,1551,6758
1512453266527315,1512453266534130,10485760,1310720,8,1538,6815
1512453266609428,1512453266616230,10485760,1310720,8,1541,6802
1512453266691561,1512453266698369,10485760,1310720,8,1540,6808
1512453266774007,1512453266780830,10485760,1310720,8,1536,6823
1512453266856024,1512453266862839,10485760,1310720,8,1538,6815
1512453266938260,1512453266945109,10485760,1310720,8,1530,6849
1512453267020608,1512453267027411,10485760,1310720,8,1541,6803
1512453267102859,1512453267109567,10485760,1310720,8,1563,6708
1512453267184945,1512453267191783,10485760,1310720,8,1533,6838
1512453267267208,1512453267273905,10485760,1310720,8,1565,6697
1512453267349623,1512453267356437,10485760,1310720,8,1538,6814
1512453267432095,1512453267438829,10485760,1310720,8,1557,6734
1512453267514120,1512453267520922,10485760,1310720,8,1541,6802
1512453267596836,1512453267603624,10485760,1310720,8,1544,6788
1512453267679014,1512453267685804,10485760,1310720,8,1544,6790
1512453267761227,1512453267767911,10485760,1310720,8,1568,6684
1512453267843430,1512453267850234,10485760,1310720,8,1541,6804
1512453267927780,1512453267934636,10485760,1310720,8,1529,6856
1512453268010510,1512453268017294,10485760,1310720,8,1545,6784
1512453268092961,1512453268099772,10485760,1310720,8,1539,6811
1512453268175261,1512453268182056,10485760,1310720,8,1543,6795
1512453268257246,1512453268264058,10485760,1310720,8,1539,6812
1512453268339408,1512453268346231,10485760,1310720,8,1536,6823
1512453268421585,1512453268428301,10485760,1310720,8,1561,6716
1512453268503414,1512453268510245,10485760,1310720,8,1535,6831
1512453268585662,1512453268592478,10485760,1310720,8,1538,6816
1512453268668098,1512453268674873,10485760,1310720,8,1547,6775
1512453268750178,1512453268756991,10485760,1310720,8,1539,6813
1512453268832261,1512453268839104,10485760,1310720,8,1532,6843
1512453268914127,1512453268920971,10485760,1310720,8,1532,6844
1512453268996078,1512453269002914,10485760,1310720,8,1533,6836
1512453269078132,1512453269084954,10485760,1310720,8,1537,6822
1512453269160606,1512453269167456,10485760,1310720,8,1530,6850
1512453269242484,1512453269249292,10485760,1310720,8,1540,6808
1512453269324339,1512453269331177,10485760,1310720,8,1533,6838
1512453269406413,1512453269413230,10485760,1310720,8,1538,6817
1512453269488273,1512453269495013,10485760,1310720,8,1555,6740
1512453269570028,1512453269576771,10485760,1310720,8,1555,6743
1512453269652050,1512453269658891,10485760,1310720,8,1532,6841
1512453269734350,1512453269741179,10485760,1310720,8,1535,6829
1512453269816089,1512453269822945,10485760,1310720,8,1529,6856
1512453269898336,1512453269905160,10485760,1310720,8,1536,6824
1512453269980328,1512453269987154,10485760,1310720,8,1536,6826
1512453270062082,1512453270068906,10485760,1310720,8,1536,6824
1512453270144307,1512453270151119,10485760,1310720,8,1539,6812
1512453270226706,1512453270233521,10485760,1310720,8,1538,6815
1512453270308905,1512453270315739,10485760,1310720,8,1534,6834
1512453270390751,1512453270397550,10485760,1310720,8,1542,6799
1512453270472811,1512453270479632,10485760,1310720,8,1537,6821
1512453270554687,1512453270561501,10485760,1310720,8,1538,6814
1512453270637537,1512453270644373,10485760,1310720,8,1533,6836
1512453270719783,1512453270726414,10485760,1310720,8,1581,6631
1512453270801830,1512453270808649,10485760,1310720,8,1537,6819
1512453270883833,1512453270890635,10485760,1310720,8,1541,6802
1512453270966387,1512453270973212,10485760,1310720,8,1536,6825
1512453271048544,1512453271055310,10485760,1310720,8,1549,6766
1512453271130484,1512453271137246,10485760,1310720,8,1550,6762
1512453271212543,1512453271219314,10485760,1310720,8,1548,6771
1512453271294418,1512453271301181,10485760,1310720,8,1550,6763
1512453271376500,1512453271383264,10485760,1310720,8,1550,6764
1512453271458215,1512453271464988,10485760,1310720,8,1548,6773
1512453271540151,1512453271546900,10485760,1310720,8,1553,6749
1512453271621992,1512453271628811,10485760,1310720,8,1537,6819
1512453271703709,1512453271710447,10485760,1310720,8,1556,6738
1512453271785524,1512453271792257,10485760,1310720,8,1557,6733
1512453271867293,1512453271874055,10485760,1310720,8,1550,6762
1512453271949748,1512453271956465,10485760,1310720,8,1561,6717
1512453272031699,1512453272038507,10485760,1310720,8,1540,6808
1512453272113672,1512453272120513,10485760,1310720,8,1532,6841
1512453272195231,1512453272202052,10485760,1310720,8,1537,6821
1512453272276952,1512453272283794,10485760,1310720,8,1532,6842
1512453272358606,1512453272365433,10485760,1310720,8,1535,6827
1512453272440519,1512453272447269,10485760,1310720,8,1553,6750
1512453272522470,1512453272529283,10485760,1310720,8,1539,6813
1512453272604384,1512453272611104,10485760,1310720,8,1560,6720
1512453272686431,1512453272693166,10485760,1310720,8,1556,6735
1512453272768491,1512453272775316,10485760,1310720,8,1536,6825
1512453272850199,1512453272856982,10485760,1310720,8,1545,6783
1512453272931981,1512453272938747,10485760,1310720,8,1549,6766
1512453273013529,1512453273020315,10485760,1310720,8,1545,6786
1512453273095861,1512453273102571,10485760,1310720,8,1562,6710
1512453273178541,1512453273185337,10485760,1310720,8,1542,6796
1512453273260863,1512453273267615,10485760,1310720,8,1552,6752
1512453273342900,1512453273349649,10485760,1310720,8,1553,6749
1512453273425236,1512453273432066,10485760,1310720,8,1535,6830
1512453273507749,1512453273514422,10485760,1310720,8,1571,6673
1512453273589967,1512453273596803,10485760,1310720,8,1533,6836
1512453273672067,1512453273678910,10485760,1310720,8,1532,6843
1512453273754455,1512453273761292,10485760,1310720,8,1533,6837
1512453273836377,1512453273843205,10485760,1310720,8,1535,6828
1512453273918661,1512453273925482,10485760,1310720,8,1537,6821
1512453274000491,1512453274007316,10485760,1310720,8,1536,6825
1512453274082512,1512453274089332,10485760,1310720,8,1537,6820
1512453274164538,1512453274171285,10485760,1310720,8,1554,6747
1512453274246524,1512453274253335,10485760,1310720,8,1539,6811
1512453274328589,1512453274335425,10485760,1310720,8,1533,6836
1512453274410698,1512453274417520,10485760,1310720,8,1537,6822
1512453274492972,1512453274499589,10485760,1310720,8,1584,6617
1512453274574798,1512453274581621,10485760,1310720,8,1536,6823
1512453274656760,1512453274663572,10485760,1310720,8,1539,6812
1512453274739209,1512453274746029,10485760,1310720,8,1537,6820
1512453274821198,1512453274828026,10485760,1310720,8,1535,6828
1512453274903745,1512453274910576,10485760,1310720,8,1535,6831
1512453274985924,1512453274992675,10485760,1310720,8,1553,6751
1512453275068090,1512453275074899,10485760,1310720,8,1539,6809
1512453275150407,1512453275157149,10485760,1310720,8,1555,6742
1512453275232684,1512453275239497,10485760,1310720,8,1539,6813
1512453275315007,1512453275321834,10485760,1310720,8,1535,6827
1512453275397551,1512453275404315,10485760,1310720,8,1550,6764
1512453275479858,1512453275486672,10485760,1310720,8,1538,6814
1512453275561760,1512453275568478,10485760,1310720,8,1560,6718
1512453275643833,1512453275650644,10485760,1310720,8,1539,6811
1512453275726201,1512453275733026,10485760,1310720,8,1536,6825
1512453275808139,1512453275814960,10485760,1310720,8,1537,6821
1512453275889915,1512453275896738,10485760,1310720,8,1536,6823
1512453275971835,1512453275978639,10485760,1310720,8,1541,6804
1512453276054196,1512453276061023,10485760,1310720,8,1535,6827
1512453276136023,1512453276142751,10485760,1310720,8,1558,6728
1512453276218061,1512453276224922,10485760,1310720,8,1528,6861
1512453276300222,1512453276307045,10485760,1310720,8,1536,6823
1512453276382708,1512453276389540,10485760,1310720,8,1534,6832
1512453276464638,1512453276471461,10485760,1310720,8,1536,6823
1512453276546521,1512453276553359,10485760,1310720,8,1533,6838
1512453276628696,1512453276635521,10485760,1310720,8,1536,6825
1512453276710687,1512453276717518,10485760,1310720,8,1535,6831
1512453276792794,1512453276799523,10485760,1310720,8,1558,6729
1512453276874764,1512453276881605,10485760,1310720,8,1532,6841
1512453276956721,1512453276963454,10485760,1310720,8,1557,6733
1512453277038667,1512453277045477,10485760,1310720,8,1539,6810
1512453277120825,1512453277127654,10485760,1310720,8,1535,6829
1512453277203328,1512453277210066,10485760,1310720,8,1556,6738
1512453277285434,1512453277292248,10485760,1310720,8,1538,6814
1512453277367766,1512453277374586,10485760,1310720,8,1537,6820
1512453277449748,1512453277456403,10485760,1310720,8,1575,6655
1512453277531517,1512453277538330,10485760,1310720,8,1539,6813
1512453277613398,1512453277620241,10485760,1310720,8,1532,6843
1512453277695532,1512453277702355,10485760,1310720,8,1536,6823
1512453277777469,1512453277784290,10485760,1310720,8,1537,6821
1512453277859445,1512453277866158,10485760,1310720,8,1562,6713
1512453277941159,1512453277947990,10485760,1310720,8,1535,6831
1512453278023154,1512453278030017,10485760,1310720,8,1527,6863
1512453278105243,1512453278112093,10485760,1310720,8,1530,6850
1512453278187354,1512453278194110,10485760,1310720,8,1552,6756
1512453278269254,1512453278276081,10485760,1310720,8,1535,6827
1512453278351530,1512453278358265,10485760,1310720,8,1556,6735
1512453278433473,1512453278440194,10485760,1310720,8,1560,6721
1512453278516246,1512453278523000,10485760,1310720,8,1552,6754
1512453278598473,1512453278605274,10485760,1310720,8,1541,6801
1512453278680366,1512453278687201,10485760,1310720,8,1534,6835
1512453278762338,1512453278769159,10485760,1310720,8,1537,6821
1512453278844593,1512453278851348,10485760,1310720,8,1552,6755
1512453278926575,1512453278933404,10485760,1310720,8,1535,6829
1512453279008583,1512453279015394,10485760,1310720,8,1539,6811
1512453279090740,1512453279097579,10485760,1310720,8,1533,6839
1512453279172954,1512453279179690,10485760,1310720,8,1556,6736
1512453279255215,1512453279262020,10485760,1310720,8,1540,6805
1512453279337618,1512453279344367,10485760,1310720,8,1553,6749
1512453279419883,1512453279426708,10485760,1310720,8,1536,6825
1512453279501817,1512453279508640,10485760,1310720,8,1536,6823
1512453279584035,1512453279590757,10485760,1310720,8,1559,6722
1512453279666187,1512453279672919,10485760,1310720,8,1557,6732
1512453279747926,1512453279754743,10485760,1310720,8,1538,6817
1512453279829838,1512453279836659,10485760,1310720,8,1537,6821
1512453279911928,1512453279918748,10485760,1310720,8,1537,6820
1512453279994071,1512453280000901,10485760,1310720,8,1535,6830
1512453280076037,1512453280082856,10485760,1310720,8,1537,6819
1512453280158825,1512453280165500,10485760,1310720,8,1570,6675
1512453280240895,1512453280247714,10485760,1310720,8,1537,6819
1512453280323052,1512453280329779,10485760,1310720,8,1558,6727
1512453280405388,1512453280412139,10485760,1310720,8,1553,6751
1512453280487185,1512453280494008,10485760,1310720,8,1536,6823
1512453280568956,1512453280575673,10485760,1310720,8,1561,6717
1512453280650734,1512453280657449,10485760,1310720,8,1561,6715
1512453280732613,1512453280739444,10485760,1310720,8,1535,6831
1512453280814806,1512453280821606,10485760,1310720,8,1542,6800
1512453280896686,1512453280903408,10485760,1310720,8,1559,6722
1512453280978541,1512453280985359,10485760,1310720,8,1537,6818
1512453281061196,1512453281068012,10485760,1310720,8,1538,6816
1512453281143356,1512453281150175,10485760,1310720,8,1537,6819
1512453281225651,1512453281232474,10485760,1310720,8,1536,6823
1512453281307506,1512453281314278,10485760,1310720,8,1548,6772
1512453281389428,1512453281396187,10485760,1310720,8,1551,6759
1512453281471579,1512453281478264,10485760,1310720,8,1568,6685
1512453281553708,1512453281560498,10485760,1310720,8,1544,6790
1512453281635701,1512453281642461,10485760,1310720,8,1551,6760
1512453281717757,1512453281724520,10485760,1310720,8,1550,6763
1512453281799804,1512453281806639,10485760,1310720,8,1534,6835
1512453281881725,1512453281888555,10485760,1310720,8,1535,6830
1512453281963951,1512453281970764,10485760,1310720,8,1539,6813
1512453282046056,1512453282052883,10485760,1310720,8,1535,6827
1512453282127944,1512453282134780,10485760,1310720,8,1533,6836
1512453282209896,1512453282216620,10485760,1310720,8,1559,6724
1512453282291760,1512453282298585,10485760,1310720,8,1536,6825
1512453282373702,1512453282380434,10485760,1310720,8,1557,6732
1512453282455661,1512453282462479,10485760,1310720,8,1537,6818
1512453282537282,1512453282544093,10485760,1310720,8,1539,6811
1512453282619539,1512453282626262,10485760,1310720,8,1559,6723
1512453282701388,1512453282708230,10485760,1310720,8,1532,6842
1512453282783408,1512453282790227,10485760,1310720,8,1537,6819
1512453282865349,1512453282871979,10485760,1310720,8,1581,6630
1512453282947166,1512453282953991,10485760,1310720,8,1536,6825
1512453283029001,1512453283035835,10485760,1310720,8,1534,6834
1512453283111300,1512453283118130,10485760,1310720,8,1535,6830
1512453283193153,1512453283200000,10485760,1310720,8,1531,6847
1512453283275285,1512453283282120,10485760,1310720,8,1534,6835
1512453283357365,1512453283364101,10485760,1310720,8,1556,6736
1512453283439164,1512453283445987,10485760,1310720,8,1536,6823
1512453283520976,1512453283527799,10485760,1310720,8,1536,6823
1512453283603196,1512453283610015,10485760,1310720,8,1537,6819
1512453283685507,1512453283692050,10485760,1310720,8,1602,6543
1512453283767718,1512453283774534,10485760,1310720,8,1538,6816
1512453283850034,1512453283856871,10485760,1310720,8,1533,6837
1512453283932120,1512453283938853,10485760,1310720,8,1557,6733
1512453284013879,1512453284020718,10485760,1310720,8,1533,6839
1512453284095824,1512453284102658,10485760,1310720,8,1534,6834
1512453284178135,1512453284184872,10485760,1310720,8,1556,6737
1512453284260023,1512453284266858,10485760,1310720,8,1534,6835
1512453284342031,1512453284348860,10485760,1310720,8,1535,6829
1512453284424163,1512453284430989,10485760,1310720,8,1536,6826
1512453284506255,1512453284513088,10485760,1310720,8,1534,6833
1512453284588333,1512453284595170,10485760,1310720,8,1533,6837
1512453284671037,1512453284677875,10485760,1310720,8,1533,6838
1512453284753160,1512453284760000,10485760,1310720,8,1533,6840
1512453284835417,1512453284842241,10485760,1310720,8,1536,6824
1512453284917444,1512453284924276,10485760,1310720,8,1534,6832
1512453284999523,1512453285006344,10485760,1310720,8,1537,6821
1512453285081650,1512453285088470,10485760,1310720,8,1537,6820
1512453285164132,1512453285170959,10485760,1310720,8,1535,6827
1512453285245998,1512453285252739,10485760,1310720,8,1555,6741
1512453285328127,1512453285334951,10485760,1310720,8,1536,6824
1512453285409929,1512453285416758,10485760,1310720,8,1535,6829
1512453285491851,1512453285498677,10485760,1310720,8,1536,6826
1512453285573800,1512453285580636,10485760,1310720,8,1533,6836
1512453285655837,1512453285662659,10485760,1310720,8,1537,6822
1512453285737895,1512453285744739,10485760,1310720,8,1532,6844
1512453285819981,1512453285826804,10485760,1310720,8,1536,6823
1512453285902007,1512453285908858,10485760,1310720,8,1530,6851
1512453285983845,1512453285990689,10485760,1310720,8,1532,6844
1512453286065773,1512453286072497,10485760,1310720,8,1559,6724
1512453286147648,1512453286154477,10485760,1310720,8,1535,6829
1512453286229777,1512453286236607,10485760,1310720,8,1535,6830
1512453286311894,1512453286318709,10485760,1310720,8,1538,6815
1512453286393729,1512453286400465,10485760,1310720,8,1556,6736
1512453286475749,1512453286482509,10485760,1310720,8,1551,6760
1512453286557553,1512453286564375,10485760,1310720,8,1537,6822
1512453286639750,1512453286646568,10485760,1310720,8,1537,6818
1512453286721677,1512453286728499,10485760,1310720,8,1537,6822
1512453286803492,1512453286810316,10485760,1310720,8,1536,6824
1512453286885464,1512453286892299,10485760,1310720,8,1534,6835
1512453286967367,1512453286974079,10485760,1310720,8,1562,6712
1512453287049146,1512453287055884,10485760,1310720,8,1556,6738
1512453287131085,1512453287137907,10485760,1310720,8,1537,6822
1512453287213236,1512453287219963,10485760,1310720,8,1558,6727
1512453287295407,1512453287302250,10485760,1310720,8,1532,6843
1512453287377576,1512453287384400,10485760,1310720,8,1536,6824
1512453287459562,1512453287466395,10485760,1310720,8,1534,6833
1512453287541486,1512453287548117,10485760,1310720,8,1581,6631
1512453287623257,1512453287630074,10485760,1310720,8,1538,6817
1512453287705790,1512453287712637,10485760,1310720,8,1531,6847
1512453287787653,1512453287794478,10485760,1310720,8,1536,6825
1512453287869872,1512453287876503,10485760,1310720,8,1581,6631
1512453287951491,1512453287958322,10485760,1310720,8,1535,6831
1512453288033504,1512453288040364,10485760,1310720,8,1528,6860
1512453288115744,1512453288122572,10485760,1310720,8,1535,6828
1512453288197973,1512453288204805,10485760,1310720,8,1534,6832
1512453288279917,1512453288286559,10485760,1310720,8,1578,6642
1512453288361838,1512453288368558,10485760,1310720,8,1560,6720
1512453288443973,1512453288450800,10485760,1310720,8,1535,6827
1512453288526486,1512453288533150,10485760,1310720,8,1573,6664
1512453288608850,1512453288615573,10485760,1310720,8,1559,6723
1512453288690904,1512453288697731,10485760,1310720,8,1535,6827
1512453288773383,1512453288780095,10485760,1310720,8,1562,6712
1512453288855463,1512453288862285,10485760,1310720,8,1537,6822
1512453288937586,1512453288944327,10485760,1310720,8,1555,6741
1512453289019612,1512453289026446,10485760,1310720,8,1534,6834
1512453289101543,1512453289108377,10485760,1310720,8,1534,6834
1512453289183522,1512453289190355,10485760,1310720,8,1534,6833
1512453289265932,1512453289272753,10485760,1310720,8,1537,6821
1512453289348145,1512453289354963,10485760,1310720,8,1537,6818
1512453289430306,1512453289437042,10485760,1310720,8,1556,6736
1512453289512507,1512453289519331,10485760,1310720,8,1536,6824
1512453289594365,1512453289601202,10485760,1310720,8,1533,6837
1512453289676321,1512453289683159,10485760,1310720,8,1533,6838
1512453289758484,1512453289765305,10485760,1310720,8,1537,6821
1512453289840404,1512453289847254,10485760,1310720,8,1530,6850
1512453289922189,1512453289929006,10485760,1310720,8,1538,6817
1512453290003981,1512453290010790,10485760,1310720,8,1539,6809
1512453290085845,1512453290092647,10485760,1310720,8,1541,6802
1512453290167649,1512453290174465,10485760,1310720,8,1538,6816
1512453290249682,1512453290256501,10485760,1310720,8,1537,6819
1512453290331547,1512453290338285,10485760,1310720,8,1556,6738
1512453290413522,1512453290420354,10485760,1310720,8,1534,6832
1512453290495569,1512453290502293,10485760,1310720,8,1559,6724
1512453290577542,1512453290584380,10485760,1310720,8,1533,6838
1512453290659436,1512453290666267,10485760,1310720,8,1535,6831
1512453290741147,1512453290747973,10485760,1310720,8,1536,6826
1512453290822997,1512453290829821,10485760,1310720,8,1536,6824
1512453290905227,1512453290912045,10485760,1310720,8,1537,6818
1512453290987062,1512453290993816,10485760,1310720,8,1552,6754
1512453291069081,1512453291075900,10485760,1310720,8,1537,6819
1512453291150885,1512453291157731,10485760,1310720,8,1531,6846
1512453291232902,1512453291239726,10485760,1310720,8,1536,6824
1512453291314832,1512453291321659,10485760,1310720,8,1535,6827
1512453291396743,1512453291403552,10485760,1310720,8,1539,6809
1512453291478943,1512453291485678,10485760,1310720,8,1556,6735
1512453291561060,1512453291567852,10485760,1310720,8,1543,6792
1512453291642903,1512453291649687,10485760,1310720,8,1545,6784
1512453291725116,1512453291731859,10485760,1310720,8,1555,6743
1512453291807018,1512453291813838,10485760,1310720,8,1537,6820
1512453291889005,1512453291895842,10485760,1310720,8,1533,6837
1512453291971121,1512453291977941,10485760,1310720,8,1537,6820
1512453292053142,1512453292059967,10485760,1310720,8,1536,6825
1512453292135272,1512453292142108,10485760,1310720,8,1533,6836
1512453292217151,1512453292223988,10485760,1310720,8,1533,6837
1512453292299121,1512453292305937,10485760,1310720,8,1538,6816
1512453292381066,1512453292387882,10485760,1310720,8,1538,6816
1512453292463160,1512453292469973,10485760,1310720,8,1539,6813
1512453292545132,1512453292551893,10485760,1310720,8,1550,6761
1512453292627585,1512453292634418,10485760,1310720,8,1534,6833
1512453292710218,1512453292717052,10485760,1310720,8,1534,6834
1512453292792322,1512453292799151,10485760,1310720,8,1535,6829
1512453292874435,1512453292881179,10485760,1310720,8,1554,6744
1512453292956718,1512453292963547,10485760,1310720,8,1535,6829
1512453293038873,1512453293045727,10485760,1310720,8,1529,6854
1512453293120969,1512453293127696,10485760,1310720,8,1558,6727
1512453293203037,1512453293209774,10485760,1310720,8,1556,6737
1512453293284890,1512453293291541,10485760,1310720,8,1576,6651
1512453293367015,1512453293373639,10485760,1310720,8,1582,6624
1512453293448778,1512453293455628,10485760,1310720,8,1530,6850
1512453293530939,1512453293537766,10485760,1310720,8,1535,6827
1512453293612660,1512453293619483,10485760,1310720,8,1536,6823
1512453293694878,1512453293701489,10485760,1310720,8,1586,6611
1512453293776724,1512453293783543,10485760,1310720,8,1537,6819
1512453293858740,1512453293865570,10485760,1310720,8,1535,6830
1512453293940445,1512453293947257,10485760,1310720,8,1539,6812
1512453294022305,1512453294029129,10485760,1310720,8,1536,6824
1512453294104460,1512453294111252,10485760,1310720,8,1543,6792
1512453294186199,1512453294193002,10485760,1310720,8,1541,6803
1512453294268090,1512453294274903,10485760,1310720,8,1539,6813
1512453294349861,1512453294356589,10485760,1310720,8,1558,6728
1512453294431570,1512453294438416,10485760,1310720,8,1531,6846
1512453294513342,1512453294520153,10485760,1310720,8,1539,6811
1512453294595639,1512453294602453,10485760,1310720,8,1538,6814
1512453294677762,1512453294684572,10485760,1310720,8,1539,6810
1512453294759572,1512453294766397,10485760,1310720,8,1536,6825
1512453294842037,1512453294848858,10485760,1310720,8,1537,6821
1512453294924309,1512453294931121,10485760,1310720,8,1539,6812
1512453295006182,1512453295013007,10485760,1310720,8,1536,6825
1512453295088234,1512453295094984,10485760,1310720,8,1553,6750
1512453295169953,1512453295176790,10485760,1310720,8,1533,6837
1512453295252324,1512453295259155,10485760,1310720,8,1535,6831
1512453295334407,1512453295341222,10485760,1310720,8,1538,6815
1512453295416554,1512453295423369,10485760,1310720,8,1538,6815
1512453295498538,1512453295505359,10485760,1310720,8,1537,6821
1512453295580783,1512453295587595,10485760,1310720,8,1539,6812
1512453295662728,1512453295669542,10485760,1310720,8,1538,6814
1512453295744965,1512453295751782,10485760,1310720,8,1538,6817
1512453295827063,1512453295833814,10485760,1310720,8,1553,6751
1512453295909188,1512453295916023,10485760,1310720,8,1534,6835
1512453295991224,1512453295998054,10485760,1310720,8,1535,6830
1512453296073115,1512453296079935,10485760,1310720,8,1537,6820
1512453296155157,1512453296161991,10485760,1310720,8,1534,6834
1512453296236978,1512453296243805,10485760,1310720,8,1535,6827
1512453296318820,1512453296325635,10485760,1310720,8,1538,6815
1512453296400995,1512453296407830,10485760,1310720,8,1534,6835
1512453296482967,1512453296489727,10485760,1310720,8,1551,6760
1512453296564764,1512453296571499,10485760,1310720,8,1556,6735
1512453296646985,1512453296653805,10485760,1310720,8,1537,6820
1512453296729030,1512453296735875,10485760,1310720,8,1531,6845
1512453296811419,1512453296818164,10485760,1310720,8,1554,6745
1512453296893702,1512453296900535,10485760,1310720,8,1534,6833
1512453296975777,1512453296982595,10485760,1310720,8,1537,6818
1512453297057812,1512453297064617,10485760,1310720,8,1540,6805
1512453297139880,1512453297146529,10485760,1310720,8,1577,6649
1512453297221471,1512453297228282,10485760,1310720,8,1539,6811
1512453297303612,1512453297310436,10485760,1310720,8,1536,6824
1512453297385485,1512453297392323,10485760,1310720,8,1533,6838
1512453297467262,1512453297474082,10485760,1310720,8,1537,6820
1512453297549199,1512453297556038,10485760,1310720,8,1533,6839
1512453297631198,1512453297638020,10485760,1310720,8,1537,6822
1512453297713631,1512453297720456,10485760,1310720,8,1536,6825
1512453297795992,1512453297802719,10485760,1310720,8,1558,6727
1512453297877635,1512453297884475,10485760,1310720,8,1533,6840
1512453297959653,1512453297966463,10485760,1310720,8,1539,6810
1512453298041756,1512453298048617,10485760,1310720,8,1528,6861
1512453298123626,1512453298130335,10485760,1310720,8,1562,6709
1512453298205592,1512453298212316,10485760,1310720,8,1559,6724
1512453298287382,1512453298294209,10485760,1310720,8,1535,6827
1512453298369172,1512453298375991,10485760,1310720,8,1537,6819
1512453298451604,1512453298458338,10485760,1310720,8,1557,6734
1512453298533652,1512453298540492,10485760,1310720,8,1533,6840
1512453298615653,1512453298622398,10485760,1310720,8,1554,6745
1512453298697689,1512453298704528,10485760,1310720,8,1533,6839
1512453298780022,1512453298786741,10485760,1310720,8,1560,6719
1512453298861852,1512453298868683,10485760,1310720,8,1535,6831
1512453298944122,1512453298950949,10485760,1310720,8,1535,6827
1512453299026187,1512453299033009,10485760,1310720,8,1537,6822
1512453299108370,1512453299115093,10485760,1310720,8,1559,6723
1512453299190402,1512453299197216,10485760,1310720,8,1538,6814
1512453299272840,1512453299279661,10485760,1310720,8,1537,6821
1512453299355139,1512453299361972,10485760,1310720,8,1534,6833
1512453299437214,1512453299444041,10485760,1310720,8,1535,6827
1512453299519392,1512453299526198,10485760,1310720,8,1540,6806
1512453299601508,1512453299608247,10485760,1310720,8,1555,6739
1512453299683350,1512453299690186,10485760,1310720,8,1533,6836
1512453299765441,1512453299772246,10485760,1310720,8,1540,6805
1512453299847325,1512453299854141,10485760,1310720,8,1538,6816
1512453299929126,1512453299935951,10485760,1310720,8,1536,6825
1512453300011453,1512453300018320,10485760,1310720,8,1526,6867
1512453300093517,1512453300100329,10485760,1310720,8,1539,6812
1512453300175705,1512453300182539,10485760,1310720,8,1534,6834
1512453300257868,1512453300264681,10485760,1310720,8,1539,6813
1512453300339643,1512453300346452,10485760,1310720,8,1539,6809
1512453300421527,1512453300428350,10485760,1310720,8,1536,6823
1512453300503692,1512453300510521,10485760,1310720,8,1535,6829
1512453300585968,1512453300592791,10485760,1310720,8,1536,6823
1512453300668358,1512453300675185,10485760,1310720,8,1535,6827
1512453300750531,1512453300757276,10485760,1310720,8,1554,6745
1512453300832536,1512453300839374,10485760,1310720,8,1533,6838
1512453300914596,1512453300921433,10485760,1310720,8,1533,6837
1512453300996857,1512453301003569,10485760,1310720,8,1562,6712
1512453301078763,1512453301085581,10485760,1310720,8,1537,6818
1512453301160547,1512453301167391,10485760,1310720,8,1532,6844
1512453301242764,1512453301249601,10485760,1310720,8,1533,6837
1512453301324844,1512453301331671,10485760,1310720,8,1535,6827
1512453301407155,1512453301413962,10485760,1310720,8,1540,6807
1512453301488929,1512453301495749,10485760,1310720,8,1537,6820
1512453301571129,1512453301577965,10485760,1310720,8,1533,6836
1512453301653156,1512453301659905,10485760,1310720,8,1553,6749
1512453301735234,1512453301742062,10485760,1310720,8,1535,6828
1512453301817492,1512453301824324,10485760,1310720,8,1534,6832
1512453301899275,1512453301906116,10485760,1310720,8,1532,6841
1512453301981087,1512453301987913,10485760,1310720,8,1536,6826
1512453302063170,1512453302069983,10485760,1310720,8,1539,6813
1512453302145039,1512453302151853,10485760,1310720,8,1538,6814
1512453302226936,1512453302233759,10485760,1310720,8,1536,6823
1512453302309000,1512453302315825,10485760,1310720,8,1536,6825
1512453302390889,1512453302397716,10485760,1310720,8,1535,6827
1512453302472959,1512453302479698,10485760,1310720,8,1555,6739
1512453302554777,1512453302561591,10485760,1310720,8,1538,6814
1512453302636978,1512453302643807,10485760,1310720,8,1535,6829
1512453302718880,1512453302725699,10485760,1310720,8,1537,6819
1512453302800770,1512453302807490,10485760,1310720,8,1560,6720
1512453302882801,1512453302889528,10485760,1310720,8,1558,6727
1512453302964491,1512453302971336,10485760,1310720,8,1531,6845
1512453303046417,1512453303053249,10485760,1310720,8,1534,6832
1512453303128494,1512453303135298,10485760,1310720,8,1541,6804
1512453303210621,1512453303217430,10485760,1310720,8,1539,6809
1512453303292629,1512453303299459,10485760,1310720,8,1535,6830
1512453303375072,1512453303381910,10485760,1310720,8,1533,6838
1512453303457015,1512453303463830,10485760,1310720,8,1538,6815
1512453303538937,1512453303545690,10485760,1310720,8,1552,6753
1512453303620920,1512453303627758,10485760,1310720,8,1533,6838
1512453303702760,1512453303709587,10485760,1310720,8,1535,6827
1512453303784853,1512453303791675,10485760,1310720,8,1537,6822
1512453303866887,1512453303873742,10485760,1310720,8,1529,6855
1512453303949229,1512453303956057,10485760,1310720,8,1535,6828
1512453304031036,1512453304037868,10485760,1310720,8,1534,6832
1512453304112715,1512453304119538,10485760,1310720,8,1536,6823
1512453304194540,1512453304201377,10485760,1310720,8,1533,6837
1512453304276565,1512453304283398,10485760,1310720,8,1534,6833
1512453304358408,1512453304365239,10485760,1310720,8,1535,6831
1512453304440328,1512453304447143,10485760,1310720,8,1538,6815
1512453304522423,1512453304529258,10485760,1310720,8,1534,6835
1512453304604255,1512453304611071,10485760,1310720,8,1538,6816
1512453304686480,1512453304693228,10485760,1310720,8,1553,6748
1512453304768689,1512453304775513,10485760,1310720,8,1536,6824
1512453304850887,1512453304857720,10485760,1310720,8,1534,6833
1512453304932709,1512453304939543,10485760,1310720,8,1534,6834
1512453305014818,1512453305021627,10485760,1310720,8,1539,6809
1512453305096853,1512453305103574,10485760,1310720,8,1560,6721
1512453305179119,1512453305185871,10485760,1310720,8,1552,6752
1512453305261321,1512453305268158,10485760,1310720,8,1533,6837
1512453305343756,1512453305350585,10485760,1310720,8,1535,6829
1512453305425621,1512453305432450,10485760,1310720,8,1535,6829
1512453305507640,1512453305514462,10485760,1310720,8,1537,6822
1512453305589566,1512453305596387,10485760,1310720,8,1537,6821
1512453305672070,1512453305678895,10485760,1310720,8,1536,6825
1512453305753967,1512453305760784,10485760,1310720,8,1538,6817
1512453305836006,1512453305842843,10485760,1310720,8,1533,6837
1512453305917785,1512453305924524,10485760,1310720,8,1555,6739
1512453305999523,1512453306006338,10485760,1310720,8,1538,6815
1512453306081223,1512453306088029,10485760,1310720,8,1540,6806
1512453306162854,1512453306169583,10485760,1310720,8,1558,6729
1512453306244475,1512453306251299,10485760,1310720,8,1536,6824
1512453306326289,1512453306333123,10485760,1310720,8,1534,6834
1512453306407850,1512453306414522,10485760,1310720,8,1571,6672
1512453306489536,1512453306496362,10485760,1310720,8,1536,6826
1512453306571390,1512453306578219,10485760,1310720,8,1535,6829
1512453306653513,1512453306660341,10485760,1310720,8,1535,6828
1512453306735678,1512453306742482,10485760,1310720,8,1541,6804
1512453306817746,1512453306824571,10485760,1310720,8,1536,6825
1512453306899774,1512453306906601,10485760,1310720,8,1535,6827
1512453306982089,1512453306988842,10485760,1310720,8,1552,6753
1512453307064336,1512453307071173,10485760,1310720,8,1533,6837
1512453307146185,1512453307153027,10485760,1310720,8,1532,6842
1512453307228252,1512453307235090,10485760,1310720,8,1533,6838
1512453307310155,1512453307316986,10485760,1310720,8,1535,6831
1512453307392255,1512453307399077,10485760,1310720,8,1537,6822
1512453307474143,1512453307480858,10485760,1310720,8,1561,6715
1512453307556359,1512453307563181,10485760,1310720,8,1537,6822
1512453307638338,1512453307645162,10485760,1310720,8,1536,6824
1512453307720579,1512453307727426,10485760,1310720,8,1531,6847
1512453307802375,1512453307809222,10485760,1310720,8,1531,6847
1512453307884352,1512453307891193,10485760,1310720,8,1532,6841
1512453307966378,1512453307973185,10485760,1310720,8,1540,6807
1512453308048540,1512453308055357,10485760,1310720,8,1538,6817
1512453308130880,1512453308137701,10485760,1310720,8,1537,6821
1512453308213021,1512453308219839,10485760,1310720,8,1537,6818
1512453308295384,1512453308302120,10485760,1310720,8,1556,6736
1512453308377424,1512453308384242,10485760,1310720,8,1537,6818
1512453308459362,1512453308466188,10485760,1310720,8,1536,6826
1512453308541645,1512453308548473,10485760,1310720,8,1535,6828
1512453308623600,1512453308630329,10485760,1310720,8,1558,6729
1512453308705712,1512453308712447,10485760,1310720,8,1556,6735
1512453308787962,1512453308794785,10485760,1310720,8,1536,6823
1512453308870164,1512453308876893,10485760,1310720,8,1558,6729
1512453308952283,1512453308959033,10485760,1310720,8,1553,6750
1512453309034329,1512453309041129,10485760,1310720,8,1542,6800
1512453309116894,1512453309123718,10485760,1310720,8,1536,6824
1512453309198932,1512453309205747,10485760,1310720,8,1538,6815
1512453309280997,1512453309287815,10485760,1310720,8,1537,6818
1512453309362876,1512453309369622,10485760,1310720,8,1554,6746
1512453309444819,1512453309451660,10485760,1310720,8,1532,6841
1512453309526774,1512453309533607,10485760,1310720,8,1534,6833
1512453309608530,1512453309615360,10485760,1310720,8,1535,6830
1512453309691199,1512453309698025,10485760,1310720,8,1536,6826
1512453309773020,1512453309779768,10485760,1310720,8,1553,6748
1512453309855298,1512453309862136,10485760,1310720,8,1533,6838
1512453309937645,1512453309944462,10485760,1310720,8,1538,6817
1512453310019683,1512453310026404,10485760,1310720,8,1560,6721
1512453310101500,1512453310108322,10485760,1310720,8,1537,6822
1512453310183420,1512453310190256,10485760,1310720,8,1533,6836
1512453310265750,1512453310272485,10485760,1310720,8,1556,6735
1512453310347643,1512453310354403,10485760,1310720,8,1551,6760
1512453310429286,1512453310436078,10485760,1310720,8,1543,6792
1512453310510956,1512453310517637,10485760,1310720,8,1569,6681
1512453310592501,1512453310599330,10485760,1310720,8,1535,6829
1512453310674737,1512453310681542,10485760,1310720,8,1540,6805
1512453310756582,1512453310763312,10485760,1310720,8,1558,6730
1512453310838369,1512453310845192,10485760,1310720,8,1536,6823
1512453310920239,1512453310926980,10485760,1310720,8,1555,6741
1512453311001960,1512453311008790,10485760,1310720,8,1535,6830
1512453311083852,1512453311090688,10485760,1310720,8,1533,6836
1512453311165953,1512453311172784,10485760,1310720,8,1535,6831
1512453311248060,1512453311254882,10485760,1310720,8,1537,6822
1512453311330046,1512453311336880,10485760,1310720,8,1534,6834
1512453311412134,1512453311418973,10485760,1310720,8,1533,6839
1512453311494384,1512453311501203,10485760,1310720,8,1537,6819
1512453311576630,1512453311583361,10485760,1310720,8,1557,6731
1512453311658489,1512453311665301,10485760,1310720,8,1539,6812
1512453311740695,1512453311747524,10485760,1310720,8,1535,6829
1512453311822575,1512453311829406,10485760,1310720,8,1535,6831
1512453311904484,1512453311911321,10485760,1310720,8,1533,6837
1512453311986402,1512453311993136,10485760,1310720,8,1557,6734
1512453312068565,1512453312075331,10485760,1310720,8,1549,6766
1512453312150436,1512453312157209,10485760,1310720,8,1548,6773
1512453312232400,1512453312239168,10485760,1310720,8,1549,6768
1512453312314380,1512453312321153,10485760,1310720,8,1548,6773
1512453312396208,1512453312402985,10485760,1310720,8,1547,6777
1512453312478348,1512453312485129,10485760,1310720,8,1546,6781
1512453312560551,1512453312567289,10485760,1310720,8,1556,6738
1512453312642610,1512453312649429,10485760,1310720,8,1537,6819
1512453312724789,1512453312731526,10485760,1310720,8,1556,6737
1512453312808026,1512453312814943,10485760,1310720,8,1515,6917
1512453312892338,1512453312899283,10485760,1310720,8,1509,6945
1512453312976773,1512453312983697,10485760,1310720,8,1514,6924
1512453313060923,1512453313067872,10485760,1310720,8,1508,6949
1512453313145369,1512453313152279,10485760,1310720,8,1517,6910
1512453313229772,1512453313236699,10485760,1310720,8,1513,6927
1512453313314095,1512453313321007,10485760,1310720,8,1517,6912
1512453313398278,1512453313405211,10485760,1310720,8,1512,6933
1512453313482206,1512453313489155,10485760,1310720,8,1508,6949
1512453313566447,1512453313573383,10485760,1310720,8,1511,6936
1512453313651136,1512453313657970,10485760,1310720,8,1534,6834
1512453313735579,1512453313742506,10485760,1310720,8,1513,6927
1512453313819455,1512453313826383,10485760,1310720,8,1513,6928
1512453313904000,1512453313910925,10485760,1310720,8,1514,6925
1512453313988877,1512453313995811,10485760,1310720,8,1512,6934
1512453314073158,1512453314080093,10485760,1310720,8,1512,6935
1512453314157101,1512453314164029,10485760,1310720,8,1513,6928
1512453314241326,1512453314248200,10485760,1310720,8,1525,6874
1512453314325598,1512453314332540,10485760,1310720,8,1510,6942
1512453314409381,1512453314416314,10485760,1310720,8,1512,6933
1512453314493585,1512453314500527,10485760,1310720,8,1510,6942
1512453314577039,1512453314583896,10485760,1310720,8,1529,6857
1512453314659483,1512453314666385,10485760,1310720,8,1519,6902
1512453314741921,1512453314748676,10485760,1310720,8,1552,6755
1512453314824273,1512453314830958,10485760,1310720,8,1568,6685
1512453314906767,1512453314913663,10485760,1310720,8,1520,6896
1512453314989161,1512453314995987,10485760,1310720,8,1536,6826
1512453315071621,1512453315078471,10485760,1310720,8,1530,6850
1512453315154098,1512453315161008,10485760,1310720,8,1517,6910
1512453315236017,1512453315242914,10485760,1310720,8,1520,6897
1512453315318086,1512453315324928,10485760,1310720,8,1532,6842
1512453315400710,1512453315407545,10485760,1310720,8,1534,6835
1512453315483130,1512453315489936,10485760,1310720,8,1540,6806
1512453315565536,1512453315572380,10485760,1310720,8,1532,6844
1512453315647941,1512453315654761,10485760,1310720,8,1537,6820
1512453315730560,1512453315737414,10485760,1310720,8,1529,6854
1512453315813268,1512453315820099,10485760,1310720,8,1535,6831
1512453315895616,1512453315902445,10485760,1310720,8,1535,6829
1512453315977793,1512453315984605,10485760,1310720,8,1539,6812
1512453316060091,1512453316066939,10485760,1310720,8,1531,6848
1512453316142164,1512453316148977,10485760,1310720,8,1539,6813
1512453316224664,1512453316231527,10485760,1310720,8,1527,6863
1512453316307269,1512453316314158,10485760,1310720,8,1522,6889
1512453316389548,1512453316396354,10485760,1310720,8,1540,6806
1512453316471914,1512453316478735,10485760,1310720,8,1537,6821
1512453316554070,1512453316560806,10485760,1310720,8,1556,6736
1512453316636518,1512453316643371,10485760,1310720,8,1530,6853
1512453316718833,1512453316725667,10485760,1310720,8,1534,6834
1512453316801379,1512453316808206,10485760,1310720,8,1535,6827
1512453316883686,1512453316890503,10485760,1310720,8,1538,6817
1512453316966080,1512453316972926,10485760,1310720,8,1531,6846
1512453317048290,1512453317055162,10485760,1310720,8,1525,6872
