1512471108528085,1512471109563159,536870912,33554432,16,518,1035074
1512471113370703,1512471114401809,536870912,33554432,16,520,1031106
1512471118198488,1512471119233986,536870912,33554432,16,518,1035498
1512471123028724,1512471124067928,536870912,33554432,16,516,1039204
1512471127866189,1512471128898027,536870912,33554432,16,520,1031838
1512471132693825,1512471133729100,536870912,33554432,16,518,1035275
1512471137528789,1512471138568191,536870912,33554432,16,516,1039402
1512471142378549,1512471143417951,536870912,33554432,16,516,1039402
1512471147214325,1512471148254216,536870912,33554432,16,516,1039891
1512471152048829,1512471153088804,536870912,33554432,16,516,1039975
1512471156884151,1512471157923921,536870912,33554432,16,516,1039770
1512471161720496,1512471162755720,536870912,33554432,16,518,1035224
1512471166555170,1512471167594826,536870912,33554432,16,516,1039656
1512471171393660,1512471172433696,536870912,33554432,16,516,1040036
1512471176226151,1512471177257534,536870912,33554432,16,520,1031383
1512471181053761,1512471182093891,536870912,33554432,16,516,1040130
1512471185891696,1512471186927699,536870912,33554432,16,518,1036003
1512471190728276,1512471191768693,536870912,33554432,16,516,1040417
1512471195566499,1512471196602199,536870912,33554432,16,518,1035700
1512471200400490,1512471201433010,536870912,33554432,16,519,1032520
1512471205232160,1512471206264204,536870912,33554432,16,520,1032044
1512471210060259,1512471211090904,536870912,33554432,16,520,1030645
1512471214891861,1512471215927712,536870912,33554432,16,518,1035851
1512471219726441,1512471220762449,536870912,33554432,16,518,1036008
1512471224561768,1512471225601394,536870912,33554432,16,516,1039626
1512471229400237,1512471230432001,536870912,33554432,16,520,1031764
1512471234230836,1512471235263004,536870912,33554432,16,520,1032168
1512471239065152,1512471240105162,536870912,33554432,16,516,1040010
1512471243904498,1512471244936162,536870912,33554432,16,520,1031664
1512471248732593,1512471249768448,536870912,33554432,16,518,1035855
1512471253571089,1512471254611065,536870912,33554432,16,516,1039976
1512471258410456,1512471259445680,536870912,33554432,16,518,1035224
1512471263244201,1512471264283844,536870912,33554432,16,516,1039643
1512471268076950,1512471269113623,536870912,33554432,16,517,1036673
1512471272910606,1512471273946536,536870912,33554432,16,518,1035930
1512471277745463,1512471278785273,536870912,33554432,16,516,1039810
1512471282587528,1512471283627464,536870912,33554432,16,516,1039936
1512471287430196,1512471288467967,536870912,33554432,16,517,1037771
1512471292270436,1512471293306320,536870912,33554432,16,518,1035884
1512471297109422,1512471298148668,536870912,33554432,16,516,1039246
1512471301948248,1512471302980294,536870912,33554432,16,520,1032046
1512471306786299,1512471307818007,536870912,33554432,16,520,1031708
1512471311618904,1512471312654647,536870912,33554432,16,518,1035743
1512471316456664,1512471317496265,536870912,33554432,16,516,1039601
1512471321301218,1512471322336956,536870912,33554432,16,518,1035738
1512471326140172,1512471327179291,536870912,33554432,16,516,1039119
1512471330986575,1512471332014761,536870912,33554432,16,522,1028186
1512471335820594,1512471336859557,536870912,33554432,16,516,1038963
1512471340662074,1512471341693408,536870912,33554432,16,520,1031334
1512471345497171,1512471346532628,536870912,33554432,16,518,1035457
1512471350334361,1512471351365328,536870912,33554432,16,520,1030967
1512471355163984,1512471356203776,536870912,33554432,16,516,1039792
1512471360012193,1512471361051616,536870912,33554432,16,516,1039423
1512471364853053,1512471365892490,536870912,33554432,16,516,1039437
1512471369699277,1512471370740549,536870912,33554432,16,515,1041272
1512471374541814,1512471375577305,536870912,33554432,16,518,1035491
1512471379378044,1512471380417479,536870912,33554432,16,516,1039435
1512471384216205,1512471385251273,536870912,33554432,16,518,1035068
1512471389049468,1512471390085279,536870912,33554432,16,518,1035811
1512471393881513,1512471394905524,536870912,33554432,16,524,1024011
1512471398704859,1512471399732820,536870912,33554432,16,522,1027961
1512471403527923,1512471404563304,536870912,33554432,16,518,1035381
1512471408361439,1512471409400999,536870912,33554432,16,516,1039560
1512471413199900,1512471414238823,536870912,33554432,16,516,1038923
1512471418035780,1512471419070895,536870912,33554432,16,518,1035115
1512471422870810,1512471423906230,536870912,33554432,16,518,1035420
1512471427708370,1512471428744441,536870912,33554432,16,518,1036071
1512471432549296,1512471433588673,536870912,33554432,16,516,1039377
1512471437410222,1512471438434087,536870912,33554432,16,524,1023865
1512471442232681,1512471443267302,536870912,33554432,16,518,1034621
1512471447064089,1512471448103785,536870912,33554432,16,516,1039696
1512471451901003,1512471452936660,536870912,33554432,16,518,1035657
1512471456726069,1512471457765181,536870912,33554432,16,516,1039112
1512471461561075,1512471462592610,536870912,33554432,16,520,1031535
1512471466390177,1512471467425018,536870912,33554432,16,518,1034841
1512471471227918,1512471472263607,536870912,33554432,16,518,1035689
1512471476065305,1512471477100685,536870912,33554432,16,518,1035380
1512471480900256,1512471481934357,536870912,33554432,16,519,1034101
1512471485735704,1512471486766894,536870912,33554432,16,520,1031190
1512471490567857,1512471491599186,536870912,33554432,16,520,1031329
1512471495402352,1512471496438067,536870912,33554432,16,518,1035715
1512471500247914,1512471501278993,536870912,33554432,16,520,1031079
1512471505077259,1512471506116773,536870912,33554432,16,516,1039514
1512471509917744,1512471510957842,536870912,33554432,16,516,1040098
1512471514757174,1512471515793072,536870912,33554432,16,518,1035898
1512471519589890,1512471520625915,536870912,33554432,16,518,1036025
1512471524422002,1512471525453794,536870912,33554432,16,520,1031792
1512471529251623,1512471530283971,536870912,33554432,16,520,1032348
1512471534084597,1512471535120946,536870912,33554432,16,518,1036349
1512471538919403,1512471539958630,536870912,33554432,16,516,1039227
1512471543759535,1512471544791694,536870912,33554432,16,520,1032159
1512471548599791,1512471549639317,536870912,33554432,16,516,1039526
1512471553441289,1512471554472380,536870912,33554432,16,520,1031091
1512471558273681,1512471559313687,536870912,33554432,16,516,1040006
1512471563120354,1512471564156716,536870912,33554432,16,518,1036362
1512471567960551,1512471569000004,536870912,33554432,16,516,1039453
1512471572798303,1512471573833247,536870912,33554432,16,518,1034944
1512471577629562,1512471578661896,536870912,33554432,16,520,1032334
1512471582457118,1512471583492854,536870912,33554432,16,518,1035736
1512471587293545,1512471588321945,536870912,33554432,16,522,1028400
1512471592122020,1512471593157206,536870912,33554432,16,518,1035186
1512471596956457,1512471597996038,536870912,33554432,16,516,1039581
1512471601795666,1512471602831809,536870912,33554432,16,518,1036143
1512471606637954,1512471607677854,536870912,33554432,16,516,1039900
1512471611484393,1512471612520275,536870912,33554432,16,518,1035882
1512471616322999,1512471617362938,536870912,33554432,16,516,1039939
1512471621167875,1512471622207165,536870912,33554432,16,516,1039290
1512471626009796,1512471627045894,536870912,33554432,16,518,1036098
1512471630861324,1512471631900888,536870912,33554432,16,516,1039564
1512471635701236,1512471636736768,536870912,33554432,16,518,1035532
1512471640537861,1512471641570359,536870912,33554432,16,519,1032498
1512471645366176,1512471646406247,536870912,33554432,16,516,1040071
1512471650205244,1512471651245142,536870912,33554432,16,516,1039898
1512471655046657,1512471656086365,536870912,33554432,16,516,1039708
1512471659885740,1512471660927042,536870912,33554432,16,515,1041302
1512471664730575,1512471665762454,536870912,33554432,16,520,1031879
1512471669566281,1512471670606263,536870912,33554432,16,516,1039982
1512471674413000,1512471675449846,536870912,33554432,16,517,1036846
1512471679255587,1512471680295809,536870912,33554432,16,516,1040222
1512471684102970,1512471685138618,536870912,33554432,16,518,1035648
1512471688946108,1512471689981958,536870912,33554432,16,518,1035850
1512471693793397,1512471694834424,536870912,33554432,16,515,1041027
1512471698631471,1512471699670795,536870912,33554432,16,516,1039324
1512471703473622,1512471704505345,536870912,33554432,16,520,1031723
1512471708309919,1512471709348381,536870912,33554432,16,516,1038462
1512471713152134,1512471714168756,536870912,33554432,16,528,1016622
1512471717972285,1512471719008359,536870912,33554432,16,518,1036074
1512471722814173,1512471723849729,536870912,33554432,16,518,1035556
1512471727650868,1512471728690627,536870912,33554432,16,516,1039759
1512471732492437,1512471733524191,536870912,33554432,16,520,1031754
1512471737332546,1512471738368898,536870912,33554432,16,518,1036352
1512471742172413,1512471743212239,536870912,33554432,16,516,1039826
1512471747018974,1512471748047277,536870912,33554432,16,522,1028303
1512471751846769,1512471752882820,536870912,33554432,16,518,1036051
1512471756687517,1512471757720026,536870912,33554432,16,519,1032509
1512471761542609,1512471762582319,536870912,33554432,16,516,1039710
1512471766379533,1512471767411949,536870912,33554432,16,520,1032416
1512471771209264,1512471772244977,536870912,33554432,16,518,1035713
1512471776040850,1512471777080825,536870912,33554432,16,516,1039975
1512471780877582,1512471781914214,536870912,33554432,16,517,1036632
1512471785719121,1512471786755280,536870912,33554432,16,518,1036159
1512471790559702,1512471791595692,536870912,33554432,16,518,1035990
1512471795399791,1512471796439851,536870912,33554432,16,516,1040060
1512471800245136,1512471801273298,536870912,33554432,16,522,1028162
1512471805077429,1512471806109310,536870912,33554432,16,520,1031881
1512471809914532,1512471810953889,536870912,33554432,16,516,1039357
1512471814757959,1512471815782338,536870912,33554432,16,524,1024379
1512471819587382,1512471820623563,536870912,33554432,16,518,1036181
1512471824440095,1512471825475409,536870912,33554432,16,518,1035314
1512471829272188,1512471830311603,536870912,33554432,16,516,1039415
1512471834107616,1512471835139793,536870912,33554432,16,520,1032177
1512471838942046,1512471839978401,536870912,33554432,16,518,1036355
1512471843781533,1512471844820618,536870912,33554432,16,516,1039085
1512471848621976,1512471849661415,536870912,33554432,16,516,1039439
1512471853464781,1512471854500514,536870912,33554432,16,518,1035733
1512471858305570,1512471859341036,536870912,33554432,16,518,1035466
1512471863146913,1512471864182661,536870912,33554432,16,518,1035748
1512471867984888,1512471869024773,536870912,33554432,16,516,1039885
1512471872830173,1512471873865898,536870912,33554432,16,518,1035725
1512471877673642,1512471878706110,536870912,33554432,16,519,1032468
1512471882561050,1512471883595983,536870912,33554432,16,518,1034933
1512471887389941,1512471888431513,536870912,33554432,16,515,1041572
1512471892234136,1512471893273575,536870912,33554432,16,516,1039439
1512471897072385,1512471898107883,536870912,33554432,16,518,1035498
1512471901906031,1512471902945095,536870912,33554432,16,516,1039064
1512471906747500,1512471907782673,536870912,33554432,16,518,1035173
1512471911587613,1512471912622967,536870912,33554432,16,518,1035354
1512471916424299,1512471917460071,536870912,33554432,16,518,1035772
1512471921264597,1512471922300044,536870912,33554432,16,518,1035447
1512471926104338,1512471927143694,536870912,33554432,16,516,1039356
1512471930951127,1512471931982598,536870912,33554432,16,520,1031471
1512471935785309,1512471936824643,536870912,33554432,16,516,1039334
1512471940630302,1512471941666430,536870912,33554432,16,518,1036128
1512471945470264,1512471946506554,536870912,33554432,16,518,1036290
1512471950322738,1512471951362131,536870912,33554432,16,516,1039393
1512471955214173,1512471956245725,536870912,33554432,16,520,1031552
1512471960046653,1512471961086743,536870912,33554432,16,516,1040090
1512471964890871,1512471965926968,536870912,33554432,16,518,1036097
1512471969728578,1512471970765147,536870912,33554432,16,517,1036569
1512471974571254,1512471975606643,536870912,33554432,16,518,1035389
1512471979407643,1512471980443751,536870912,33554432,16,518,1036108
1512471984249330,1512471985285092,536870912,33554432,16,518,1035762
1512471989092580,1512471990124921,536870912,33554432,16,520,1032341
1512471993924671,1512471994960649,536870912,33554432,16,518,1035978
1512471998761949,1512471999802318,536870912,33554432,16,516,1040369
1512472003607928,1512472004647682,536870912,33554432,16,516,1039754
1512472008455101,1512472009491118,536870912,33554432,16,518,1036017
1512472013293912,1512472014330413,536870912,33554432,16,517,1036501
1512472018138202,1512472019171779,536870912,33554432,16,519,1033577
1512472022971332,1512472024003198,536870912,33554432,16,520,1031866
1512472027805699,1512472028832946,536870912,33554432,16,522,1027247
1512472032636630,1512472033672495,536870912,33554432,16,518,1035865
1512472037475474,1512472038511288,536870912,33554432,16,518,1035814
1512472042319477,1512472043359381,536870912,33554432,16,516,1039904
1512472047164870,1512472048196827,536870912,33554432,16,520,1031957
1512472051999771,1512472053040085,536870912,33554432,16,516,1040314
1512472056843604,1512472057879799,536870912,33554432,16,518,1036195
1512472061684252,1512472062720056,536870912,33554432,16,518,1035804
1512472066523983,1512472067559923,536870912,33554432,16,518,1035940
1512472071366504,1512472072406843,536870912,33554432,16,516,1040339
1512472076208355,1512472077244409,536870912,33554432,16,518,1036054
1512472081052609,1512472082081302,536870912,33554432,16,521,1028693
1512472085904170,1512472086940265,536870912,33554432,16,518,1036095
1512472090740133,1512472091780471,536870912,33554432,16,516,1040338
1512472095580767,1512472096617086,536870912,33554432,16,518,1036319
1512472100416681,1512472101453185,536870912,33554432,16,517,1036504
1512472105252051,1512472106288811,536870912,33554432,16,517,1036760
1512472110085430,1512472111109745,536870912,33554432,16,524,1024315
1512472114909716,1512472115949493,536870912,33554432,16,516,1039777
1512472119749634,1512472120785991,536870912,33554432,16,518,1036357
1512472124586856,1512472125618997,536870912,33554432,16,520,1032141
1512472129424106,1512472130460731,536870912,33554432,16,517,1036625
1512472134262249,1512472135294264,536870912,33554432,16,520,1032015
1512472139098596,1512472140138864,536870912,33554432,16,516,1040268
1512472143942773,1512472144983138,536870912,33554432,16,516,1040365
1512472148793571,1512472149833563,536870912,33554432,16,516,1039992
1512472153634784,1512472154674994,536870912,33554432,16,516,1040210
1512472158469651,1512472159509960,536870912,33554432,16,516,1040309
1512472163307134,1512472164338860,536870912,33554432,16,520,1031726
1512472168141556,1512472169177489,536870912,33554432,16,518,1035933
1512472172979587,1512472174020255,536870912,33554432,16,515,1040668
1512472177824544,1512472178856664,536870912,33554432,16,520,1032120
1512472182710151,1512472183752027,536870912,33554432,16,515,1041876
1512472187554002,1512472188590128,536870912,33554432,16,518,1036126
1512472192390691,1512472193426712,536870912,33554432,16,518,1036021
1512472197227988,1512472198259707,536870912,33554432,16,520,1031719
1512472202057801,1512472203094018,536870912,33554432,16,518,1036217
1512472206901643,1512472207937922,536870912,33554432,16,518,1036279
1512472211750183,1512472212789934,536870912,33554432,16,516,1039751
1512472216586263,1512472217622516,536870912,33554432,16,518,1036253
1512472221423957,1512472222459721,536870912,33554432,16,518,1035764
1512472226253936,1512472227289454,536870912,33554432,16,518,1035518
1512472231087013,1512472232123487,536870912,33554432,16,517,1036474
1512472235921934,1512472236961555,536870912,33554432,16,516,1039621
1512472240759591,1512472241799621,536870912,33554432,16,516,1040030
1512472245597442,1512472246633970,536870912,33554432,16,517,1036528
1512472250438219,1512472251474258,536870912,33554432,16,518,1036039
1512472255273536,1512472256309278,536870912,33554432,16,518,1035742
1512472260110155,1512472261138428,536870912,33554432,16,522,1028273
1512472264944429,1512472265980463,536870912,33554432,16,518,1036034
1512472269786194,1512472270822180,536870912,33554432,16,518,1035986
1512472274626713,1512472275666519,536870912,33554432,16,516,1039806
1512472279531429,1512472280570700,536870912,33554432,16,516,1039271
1512472284370567,1512472285405940,536870912,33554432,16,518,1035373
1512472289209907,1512472290245500,536870912,33554432,16,518,1035593
1512472294048091,1512472295083611,536870912,33554432,16,518,1035520
1512472298880559,1512472299920258,536870912,33554432,16,516,1039699
1512472303726378,1512472304765915,536870912,33554432,16,516,1039537
1512472308572688,1512472309612695,536870912,33554432,16,516,1040007
1512472313413763,1512472314449521,536870912,33554432,16,518,1035758
1512472318249118,1512472319288888,536870912,33554432,16,516,1039770
1512472323091567,1512472324131548,536870912,33554432,16,516,1039981
1512472327934783,1512472328966964,536870912,33554432,16,520,1032181
1512472332770637,1512472333810551,536870912,33554432,16,516,1039914
1512472337613431,1512472338653244,536870912,33554432,16,516,1039813
1512472342467350,1512472343506635,536870912,33554432,16,516,1039285
1512472347308246,1512472348347713,536870912,33554432,16,516,1039467
1512472352146170,1512472353185618,536870912,33554432,16,516,1039448
1512472356977398,1512472358005019,536870912,33554432,16,522,1027621
1512472361800917,1512472362840680,536870912,33554432,16,516,1039763
1512472366645301,1512472367685065,536870912,33554432,16,516,1039764
1512472371486511,1512472372526334,536870912,33554432,16,516,1039823
1512472376329340,1512472377365307,536870912,33554432,16,518,1035967
1512472381175111,1512472382207330,536870912,33554432,16,520,1032219
1512472386010887,1512472387050186,536870912,33554432,16,516,1039299
1512472390858437,1512472391892939,536870912,33554432,16,518,1034502
1512472395695174,1512472396719554,536870912,33554432,16,524,1024380
1512472400525140,1512472401554328,536870912,33554432,16,521,1029188
1512472405389472,1512472406431148,536870912,33554432,16,515,1041676
1512472410231795,1512472411262993,536870912,33554432,16,520,1031198
1512472415058286,1512472416097829,536870912,33554432,16,516,1039543
1512472419901952,1512472420941583,536870912,33554432,16,516,1039631
1512472424744106,1512472425767535,536870912,33554432,16,524,1023429
1512472429567711,1512472430603121,536870912,33554432,16,518,1035410
1512472434401652,1512472435441095,536870912,33554432,16,516,1039443
1512472439245988,1512472440282609,536870912,33554432,16,517,1036621
1512472444090744,1512472445131320,536870912,33554432,16,515,1040576
1512472448938137,1512472449973461,536870912,33554432,16,518,1035324
1512472453779924,1512472454819493,536870912,33554432,16,516,1039569
1512472458624414,1512472459663670,536870912,33554432,16,516,1039256
1512472463468108,1512472464507347,536870912,33554432,16,516,1039239
1512472468309363,1512472469344780,536870912,33554432,16,518,1035417
1512472473181365,1512472474216793,536870912,33554432,16,518,1035428
1512472478015652,1512472479055067,536870912,33554432,16,516,1039415
1512472482856845,1512472483892216,536870912,33554432,16,518,1035371
1512472487695433,1512472488734846,536870912,33554432,16,516,1039413
1512472492536840,1512472493573004,536870912,33554432,16,518,1036164
1512472497372867,1512472498409145,536870912,33554432,16,518,1036278
1512472502211233,1512472503251259,536870912,33554432,16,516,1040026
1512472507059007,1512472508090682,536870912,33554432,16,520,1031675
1512472511896183,1512472512935727,536870912,33554432,16,516,1039544
1512472516735175,1512472517771325,536870912,33554432,16,518,1036150
1512472521576232,1512472522612416,536870912,33554432,16,518,1036184
1512472526416254,1512472527456558,536870912,33554432,16,516,1040304
1512472531260551,1512472532300535,536870912,33554432,16,516,1039984
1512472536112619,1512472537140577,536870912,33554432,16,522,1027958
1512472540940034,1512472541980260,536870912,33554432,16,516,1040226
1512472545782888,1512472546823000,536870912,33554432,16,516,1040112
1512472550624731,1512472551656309,536870912,33554432,16,520,1031578
1512472555458449,1512472556494033,536870912,33554432,16,518,1035584
1512472560295739,1512472561335341,536870912,33554432,16,516,1039602
1512472565136416,1512472566168381,536870912,33554432,16,520,1031965
1512472569971494,1512472571003364,536870912,33554432,16,520,1031870
1512472574812618,1512472575852688,536870912,33554432,16,516,1040070
1512472579659329,1512472580691118,536870912,33554432,16,520,1031789
1512472584493887,1512472585525618,536870912,33554432,16,520,1031731
1512472589332561,1512472590372131,536870912,33554432,16,516,1039570
1512472594175585,1512472595207381,536870912,33554432,16,520,1031796
1512472599010163,1512472600045083,536870912,33554432,16,518,1034920
1512472603843198,1512472604882488,536870912,33554432,16,516,1039290
1512472608678946,1512472609714518,536870912,33554432,16,518,1035572
1512472613512993,1512472614548381,536870912,33554432,16,518,1035388
1512472618345165,1512472619381959,536870912,33554432,16,517,1036794
1512472623180179,1512472624219427,536870912,33554432,16,516,1039248
1512472628021670,1512472629061527,536870912,33554432,16,516,1039857
1512472632869922,1512472633901889,536870912,33554432,16,520,1031967
1512472637707991,1512472638743023,536870912,33554432,16,518,1035032
1512472642559257,1512472643586333,536870912,33554432,16,522,1027076
1512472647396412,1512472648431466,536870912,33554432,16,518,1035054
1512472652239581,1512472653274867,536870912,33554432,16,518,1035286
1512472657076503,1512472658112611,536870912,33554432,16,518,1036108
1512472661913740,1512472662952552,536870912,33554432,16,516,1038812
1512472666766242,1512472667805153,536870912,33554432,16,516,1038911
1512472671598793,1512472672638303,536870912,33554432,16,516,1039510
1512472676437512,1512472677472588,536870912,33554432,16,518,1035076
1512472681271363,1512472682302819,536870912,33554432,16,520,1031456
1512472686105743,1512472687141104,536870912,33554432,16,518,1035361
1512472690945458,1512472691984666,536870912,33554432,16,516,1039208
1512472695797236,1512472696832783,536870912,33554432,16,518,1035547
1512472700634598,1512472701669803,536870912,33554432,16,518,1035205
1512472705469612,1512472706500518,536870912,33554432,16,520,1030906
1512472710298070,1512472711333185,536870912,33554432,16,518,1035115
1512472715135733,1512472716170846,536870912,33554432,16,518,1035113
1512472719969468,1512472721008874,536870912,33554432,16,516,1039406
1512472724810911,1512472725846465,536870912,33554432,16,518,1035554
1512472729658479,1512472730689573,536870912,33554432,16,520,1031094
1512472734488719,1512472735527671,536870912,33554432,16,516,1038952
1512472739324602,1512472740352974,536870912,33554432,16,522,1028372
1512472744157849,1512472745185915,536870912,33554432,16,522,1028066
1512472748992503,1512472750032110,536870912,33554432,16,516,1039607
1512472753844571,1512472754880650,536870912,33554432,16,518,1036079
1512472758683422,1512472759718913,536870912,33554432,16,518,1035491
1512472763523380,1512472764555762,536870912,33554432,16,520,1032382
1512472768360660,1512472769400059,536870912,33554432,16,516,1039399
1512472773204534,1512472774240191,536870912,33554432,16,518,1035657
1512472778046009,1512472779081996,536870912,33554432,16,518,1035987
1512472782887746,1512472783927685,536870912,33554432,16,516,1039939
1512472787731317,1512472788763269,536870912,33554432,16,520,1031952
1512472792570510,1512472793600049,536870912,33554432,16,521,1029539
1512472797420816,1512472798449110,536870912,33554432,16,522,1028294
1512472802246697,1512472803278861,536870912,33554432,16,520,1032164
1512472807083943,1512472808119419,536870912,33554432,16,518,1035476
1512472811920556,1512472812955100,536870912,33554432,16,518,1034544
1512472816758341,1512472817790547,536870912,33554432,16,520,1032206
1512472821594389,1512472822626397,536870912,33554432,16,520,1032008
1512472826427963,1512472827459782,536870912,33554432,16,520,1031819
1512472831264710,1512472832285119,536870912,33554432,16,526,1020409
1512472836085684,1512472837120364,536870912,33554432,16,518,1034680
1512472840920899,1512472841960849,536870912,33554432,16,516,1039950
1512472845765115,1512472846805481,536870912,33554432,16,516,1040366
1512472850608713,1512472851644874,536870912,33554432,16,518,1036161
1512472855446986,1512472856487394,536870912,33554432,16,516,1040408
1512472860300895,1512472861341208,536870912,33554432,16,516,1040313
1512472865148840,1512472866188932,536870912,33554432,16,516,1040092
1512472869994417,1512472871025380,536870912,33554432,16,520,1030963
1512472874833507,1512472875873456,536870912,33554432,16,516,1039949
1512472879676815,1512472880708706,536870912,33554432,16,520,1031891
1512472884517866,1512472885558344,536870912,33554432,16,515,1040478
1512472889362881,1512472890402375,536870912,33554432,16,516,1039494
1512472894208599,1512472895244372,536870912,33554432,16,518,1035773
1512472899052963,1512472900085573,536870912,33554432,16,519,1032610
1512472903886873,1512472904922981,536870912,33554432,16,518,1036108
1512472908722983,1512472909763452,536870912,33554432,16,515,1040469
1512472913566947,1512472914608454,536870912,33554432,16,515,1041507
1512472918413745,1512472919446306,536870912,33554432,16,519,1032561
1512472923249571,1512472924287365,536870912,33554432,16,517,1037794
1512472928079538,1512472929119941,536870912,33554432,16,516,1040403
1512472932914781,1512472933950726,536870912,33554432,16,518,1035945
1512472937745880,1512472938786168,536870912,33554432,16,516,1040288
1512472942583851,1512472943620148,536870912,33554432,16,518,1036297
1512472947414697,1512472948454682,536870912,33554432,16,516,1039985
1512472952253287,1512472953293015,536870912,33554432,16,516,1039728
1512472957092766,1512472958132801,536870912,33554432,16,516,1040035
1512472961934871,1512472962974506,536870912,33554432,16,516,1039635
1512472966777464,1512472967806422,536870912,33554432,16,521,1028958
1512472971607373,1512472972643682,536870912,33554432,16,518,1036309
1512472976447121,1512472977487214,536870912,33554432,16,516,1040093
1512472981318817,1512472982358545,536870912,33554432,16,516,1039728
1512472986160925,1512472987189476,536870912,33554432,16,521,1028551
1512472990996623,1512472992031995,536870912,33554432,16,518,1035372
1512472995827867,1512472996859526,536870912,33554432,16,520,1031659
1512473000658162,1512473001689984,536870912,33554432,16,520,1031822
1512473005486252,1512473006514215,536870912,33554432,16,522,1027963
1512473010314703,1512473011350576,536870912,33554432,16,518,1035873
1512473015146723,1512473016179210,536870912,33554432,16,519,1032487
1512473019983312,1512473021023084,536870912,33554432,16,516,1039772
1512473024827196,1512473025863344,536870912,33554432,16,518,1036148
1512473029665225,1512473030704898,536870912,33554432,16,516,1039673
1512473034504601,1512473035537036,536870912,33554432,16,520,1032435
1512473039340466,1512473040377051,536870912,33554432,16,517,1036585
1512473044180634,1512473045220477,536870912,33554432,16,516,1039843
1512473049022823,1512473050061984,536870912,33554432,16,516,1039161
1512473053872912,1512473054910176,536870912,33554432,16,517,1037264
1512473058707899,1512473059743604,536870912,33554432,16,518,1035705
1512473063542431,1512473064581787,536870912,33554432,16,516,1039356
1512473068381312,1512473069421299,536870912,33554432,16,516,1039987
1512473073220610,1512473074249228,536870912,33554432,16,521,1028618
1512473078051733,1512473079088106,536870912,33554432,16,518,1036373
1512473082892717,1512473083929310,536870912,33554432,16,517,1036593
1512473087732241,1512473088768929,536870912,33554432,16,517,1036688
1512473092573868,1512473093610444,536870912,33554432,16,517,1036576
1512473097417174,1512473098453208,536870912,33554432,16,518,1036034
1512473102257017,1512473103292748,536870912,33554432,16,518,1035731
1512473107096120,1512473108128600,536870912,33554432,16,519,1032480
1512473111935017,1512473112975346,536870912,33554432,16,516,1040329
1512473116775401,1512473117815979,536870912,33554432,16,515,1040578
1512473121629468,1512473122669267,536870912,33554432,16,516,1039799
1512473126465428,1512473127505143,536870912,33554432,16,516,1039715
1512473131300293,1512473132332234,536870912,33554432,16,520,1031941
1512473136129435,1512473137169829,536870912,33554432,16,516,1040394
1512473140966386,1512473141998940,536870912,33554432,16,519,1032554
1512473145800401,1512473146832522,536870912,33554432,16,520,1032121
1512473150633016,1512473151665262,536870912,33554432,16,520,1032246
1512473155465076,1512473156502111,536870912,33554432,16,517,1037035
1512473160302130,1512473161334248,536870912,33554432,16,520,1032118
1512473165139652,1512473166172828,536870912,33554432,16,519,1033176
1512473169979710,1512473171016287,536870912,33554432,16,517,1036577
1512473174821020,1512473175857481,536870912,33554432,16,517,1036461
1512473179658653,1512473180698765,536870912,33554432,16,516,1040112
1512473184512544,1512473185554388,536870912,33554432,16,515,1041844
1512473189353023,1512473190389469,536870912,33554432,16,517,1036446
1512473194186276,1512473195225791,536870912,33554432,16,516,1039515
1512473199022913,1512473200055891,536870912,33554432,16,519,1032978
1512473203859581,1512473204899579,536870912,33554432,16,516,1039998
1512473208701386,1512473209741346,536870912,33554432,16,516,1039960
1512473213546914,1512473214587712,536870912,33554432,16,515,1040798
1512473218434303,1512473219476037,536870912,33554432,16,515,1041734
1512473223269182,1512473224304446,536870912,33554432,16,518,1035264
1512473228108955,1512473229140978,536870912,33554432,16,520,1032023
1512473232939946,1512473233967765,536870912,33554432,16,522,1027819
1512473237771840,1512473238811789,536870912,33554432,16,516,1039949
1512473242613842,1512473243653481,536870912,33554432,16,516,1039639
1512473247457314,1512473248490866,536870912,33554432,16,519,1033552
1512473252287254,1512473253322943,536870912,33554432,16,518,1035689
1512473257116032,1512473258151604,536870912,33554432,16,518,1035572
1512473261953652,1512473262982047,536870912,33554432,16,522,1028395
1512473266789233,1512473267825930,536870912,33554432,16,517,1036697
1512473271628926,1512473272669165,536870912,33554432,16,516,1040239
1512473276472749,1512473277501712,536870912,33554432,16,521,1028963
1512473281300952,1512473282340899,536870912,33554432,16,516,1039947
1512473286141771,1512473287182445,536870912,33554432,16,515,1040674
1512473290982533,1512473292022913,536870912,33554432,16,516,1040380
1512473295826900,1512473296863567,536870912,33554432,16,517,1036667
1512473300669207,1512473301709071,536870912,33554432,16,516,1039864
1512473305513029,1512473306549731,536870912,33554432,16,517,1036702
1512473310357253,1512473311389778,536870912,33554432,16,519,1032525
1512473315190003,1512473316231022,536870912,33554432,16,515,1041019
1512473320032561,1512473321064820,536870912,33554432,16,520,1032259
1512473324868180,1512473325903924,536870912,33554432,16,518,1035744
1512473329705274,1512473330741264,536870912,33554432,16,518,1035990
1512473334547219,1512473335583587,536870912,33554432,16,518,1036368
1512473339386071,1512473340427276,536870912,33554432,16,515,1041205
1512473344228010,1512473345264225,536870912,33554432,16,518,1036215
1512473349066730,1512473350106952,536870912,33554432,16,516,1040222
1512473353908111,1512473354944605,536870912,33554432,16,517,1036494
1512473358744322,1512473359780220,536870912,33554432,16,518,1035898
1512473363580231,1512473364616550,536870912,33554432,16,518,1036319
1512473368420742,1512473369452515,536870912,33554432,16,520,1031773
1512473373251596,1512473374291861,536870912,33554432,16,516,1040265
1512473378093618,1512473379135361,536870912,33554432,16,515,1041743
1512473382935321,1512473383974684,536870912,33554432,16,516,1039363
1512473387772209,1512473388812449,536870912,33554432,16,516,1040240
1512473392607746,1512473393647352,536870912,33554432,16,516,1039606
1512473397444214,1512473398480328,536870912,33554432,16,518,1036114
1512473402282499,1512473403322656,536870912,33554432,16,516,1040157
1512473407124275,1512473408164031,536870912,33554432,16,516,1039756
1512473411967182,1512473413002770,536870912,33554432,16,518,1035588
1512473416808709,1512473417844521,536870912,33554432,16,518,1035812
1512473421648681,1512473422687791,536870912,33554432,16,516,1039110
1512473426488650,1512473427528201,536870912,33554432,16,516,1039551
1512473431331109,1512473432363091,536870912,33554432,16,520,1031982
1512473436172336,1512473437211733,536870912,33554432,16,516,1039397
1512473441008052,1512473442036388,536870912,33554432,16,522,1028336
1512473445838795,1512473446874546,536870912,33554432,16,518,1035751
1512473450675857,1512473451708125,536870912,33554432,16,520,1032268
1512473455509041,1512473456541709,536870912,33554432,16,519,1032668
1512473460342575,1512473461382843,536870912,33554432,16,516,1040268
1512473465181806,1512473466222155,536870912,33554432,16,516,1040349
1512473470018785,1512473471062976,536870912,33554432,16,514,1044191
1512473474866948,1512473475906701,536870912,33554432,16,516,1039753
1512473479707216,1512473480743325,536870912,33554432,16,518,1036109
1512473484543040,1512473485579222,536870912,33554432,16,518,1036182
1512473489380623,1512473490417112,536870912,33554432,16,517,1036489
1512473494221735,1512473495261771,536870912,33554432,16,516,1040036
1512473499064609,1512473500105342,536870912,33554432,16,515,1040733
1512473503910326,1512473504938652,536870912,33554432,16,522,1028326
1512473508753830,1512473509788001,536870912,33554432,16,519,1034171
1512473513582115,1512473514617873,536870912,33554432,16,518,1035758
1512473518416191,1512473519455898,536870912,33554432,16,516,1039707
1512473523253590,1512473524293863,536870912,33554432,16,516,1040273
1512473528097412,1512473529129498,536870912,33554432,16,520,1032086
1512473532937564,1512473533969189,536870912,33554432,16,520,1031625
1512473537772413,1512473538808577,536870912,33554432,16,518,1036164
1512473542612913,1512473543648964,536870912,33554432,16,518,1036051
1512473547451156,1512473548490855,536870912,33554432,16,516,1039699
1512473552291972,1512473553328064,536870912,33554432,16,518,1036092
1512473557127878,1512473558163901,536870912,33554432,16,518,1036023
1512473561966155,1512473563001859,536870912,33554432,16,518,1035704
1512473566802506,1512473567835430,536870912,33554432,16,519,1032924
1512473571640375,1512473572673248,536870912,33554432,16,519,1032873
1512473576476755,1512473577509440,536870912,33554432,16,519,1032685
1512473581314018,1512473582354010,536870912,33554432,16,516,1039992
1512473586154946,1512473587194383,536870912,33554432,16,516,1039437
1512473590998996,1512473592035210,536870912,33554432,16,518,1036214
1512473595837965,1512473596874350,536870912,33554432,16,518,1036385
1512473600674800,1512473601714858,536870912,33554432,16,516,1040058
1512473605516888,1512473606553213,536870912,33554432,16,518,1036325
1512473610357930,1512473611398379,536870912,33554432,16,515,1040449
1512473615200775,1512473616237157,536870912,33554432,16,518,1036382
1512473620036606,1512473621073174,536870912,33554432,16,517,1036568
1512473624873680,1512473625910081,536870912,33554432,16,518,1036401
1512473629708026,1512473630740113,536870912,33554432,16,520,1032087
1512473634543283,1512473635584539,536870912,33554432,16,515,1041256
1512473639443366,1512473640481160,536870912,33554432,16,517,1037794
1512473644283967,1512473645324545,536870912,33554432,16,515,1040578
1512473649128204,1512473650164645,536870912,33554432,16,517,1036441
1512473653966628,1512473654999537,536870912,33554432,16,519,1032909
1512473658800424,1512473659836429,536870912,33554432,16,518,1036005
1512473663636110,1512473664676616,536870912,33554432,16,515,1040506
1512473668481976,1512473669514715,536870912,33554432,16,519,1032739
1512473673318295,1512473674358661,536870912,33554432,16,516,1040366
1512473678163448,1512473679200435,536870912,33554432,16,517,1036987
1512473683004880,1512473684041100,536870912,33554432,16,518,1036220
1512473687846161,1512473688886725,536870912,33554432,16,515,1040564
1512473692689977,1512473693718547,536870912,33554432,16,521,1028570
1512473697519896,1512473698560514,536870912,33554432,16,515,1040618
1512473702362892,1512473703403481,536870912,33554432,16,515,1040589
1512473707207253,1512473708247717,536870912,33554432,16,515,1040464
1512473712055330,1512473713087639,536870912,33554432,16,520,1032309
1512473716885648,1512473717925967,536870912,33554432,16,516,1040319
1512473721727464,1512473722767731,536870912,33554432,16,516,1040267
1512473726574949,1512473727614887,536870912,33554432,16,516,1039938
1512473731419754,1512473732452297,536870912,33554432,16,519,1032543
1512473736259074,1512473737292661,536870912,33554432,16,519,1033587
1512473741104025,1512473742141988,536870912,33554432,16,517,1037963
1512473745938960,1512473746975448,536870912,33554432,16,517,1036488
1512473750776191,1512473751816550,536870912,33554432,16,516,1040359
1512473755614316,1512473756654199,536870912,33554432,16,516,1039883
1512473760452573,1512473761485104,536870912,33554432,16,519,1032531
1512473765296368,1512473766334097,536870912,33554432,16,517,1037729
1512473770133203,1512473771165665,536870912,33554432,16,519,1032462
1512473774963201,1512473776003302,536870912,33554432,16,516,1040101
1512473779804247,1512473780836796,536870912,33554432,16,519,1032549
1512473784639762,1512473785676122,536870912,33554432,16,518,1036360
1512473789480618,1512473790517379,536870912,33554432,16,517,1036761
1512473794319427,1512473795356336,536870912,33554432,16,517,1036909
1512473799159088,1512473800184219,536870912,33554432,16,523,1025131
1512473803983243,1512473805020059,536870912,33554432,16,517,1036816
1512473808822483,1512473809863202,536870912,33554432,16,515,1040719
1512473813662563,1512473814699033,536870912,33554432,16,517,1036470
1512473818500529,1512473819537158,536870912,33554432,16,517,1036629
1512473823343615,1512473824384018,536870912,33554432,16,516,1040403
1512473828185512,1512473829226554,536870912,33554432,16,515,1041042
1512473833028451,1512473834069457,536870912,33554432,16,515,1041006
1512473837875672,1512473838908981,536870912,33554432,16,519,1033309
1512473842713297,1512473843754368,536870912,33554432,16,515,1041071
1512473847556331,1512473848597620,536870912,33554432,16,515,1041289
1512473852402386,1512473853440067,536870912,33554432,16,517,1037681
1512473857245082,1512473858285372,536870912,33554432,16,516,1040290
1512473862088268,1512473863128766,536870912,33554432,16,515,1040498
1512473866931504,1512473867964495,536870912,33554432,16,519,1032991
1512473871768205,1512473872800320,536870912,33554432,16,520,1032115
1512473876600674,1512473877633723,536870912,33554432,16,519,1033049
1512473881437110,1512473882466496,536870912,33554432,16,521,1029386
1512473886275868,1512473887316056,536870912,33554432,16,516,1040188
1512473891125345,1512473892165897,536870912,33554432,16,515,1040552
1512473895981254,1512473897019165,536870912,33554432,16,517,1037911
1512473900817578,1512473901857781,536870912,33554432,16,516,1040203
1512473905657841,1512473906694095,536870912,33554432,16,518,1036254
1512473910490377,1512473911526355,536870912,33554432,16,518,1035978
1512473915321631,1512473916357726,536870912,33554432,16,518,1036095
1512473920154156,1512473921183192,536870912,33554432,16,521,1029036
1512473924982959,1512473926019584,536870912,33554432,16,517,1036625
1512473929818682,1512473930859202,536870912,33554432,16,515,1040520
1512473934660940,1512473935697485,536870912,33554432,16,517,1036545
1512473939500373,1512473940538362,536870912,33554432,16,517,1037989
1512473944342723,1512473945378822,536870912,33554432,16,518,1036099
1512473949190140,1512473950228648,536870912,33554432,16,516,1038508
1512473954024649,1512473955056591,536870912,33554432,16,520,1031942
1512473958849599,1512473959885598,536870912,33554432,16,518,1035999
1512473963683273,1512473964711450,536870912,33554432,16,522,1028177
1512473968502957,1512473969543205,536870912,33554432,16,516,1040248
1512473973339015,1512473974378687,536870912,33554432,16,516,1039672
1512473978172943,1512473979205617,536870912,33554432,16,519,1032674
1512473983004923,1512473984041152,536870912,33554432,16,518,1036229
1512473987843053,1512473988883733,536870912,33554432,16,515,1040680
1512473992688073,1512473993720189,536870912,33554432,16,520,1032116
1512473997519300,1512473998559710,536870912,33554432,16,516,1040410
1512474002361969,1512474003402022,536870912,33554432,16,516,1040053
1512474007206236,1512474008246306,536870912,33554432,16,516,1040070
1512474012058634,1512474013089129,536870912,33554432,16,520,1030495
1512474016887232,1512474017922455,536870912,33554432,16,518,1035223
1512474021722482,1512474022754979,536870912,33554432,16,519,1032497
1512474026562224,1512474027600862,536870912,33554432,16,516,1038638
1512474031394846,1512474032431281,536870912,33554432,16,517,1036435
1512474036222707,1512474037255243,536870912,33554432,16,519,1032536
1512474041053492,1512474042086097,536870912,33554432,16,519,1032605
1512474045887266,1512474046922993,536870912,33554432,16,518,1035727
1512474050728123,1512474051768918,536870912,33554432,16,515,1040795
1512474055576383,1512474056616166,536870912,33554432,16,516,1039783
1512474060418204,1512474061446929,536870912,33554432,16,521,1028725
1512474065244853,1512474066281121,536870912,33554432,16,518,1036268
1512474070081968,1512474071122367,536870912,33554432,16,516,1040399
1512474074925746,1512474075965435,536870912,33554432,16,516,1039689
1512474079766752,1512474080803508,536870912,33554432,16,517,1036756
1512474084607198,1512474085647776,536870912,33554432,16,515,1040578
1512474089450032,1512474090483159,536870912,33554432,16,519,1033127
1512474094289970,1512474095318403,536870912,33554432,16,522,1028433
1512474099121985,1512474100162190,536870912,33554432,16,516,1040205
1512474103968807,1512474105009107,536870912,33554432,16,516,1040300
1512474108815169,1512474109852297,536870912,33554432,16,517,1037128
1512474113656324,1512474114692574,536870912,33554432,16,518,1036250
1512474118497417,1512474119529727,536870912,33554432,16,520,1032310
1512474123334113,1512474124366614,536870912,33554432,16,519,1032501
1512474128167203,1512474129204038,536870912,33554432,16,517,1036835
1512474133006754,1512474134039178,536870912,33554432,16,520,1032424
1512474137839362,1512474138875873,536870912,33554432,16,517,1036511
1512474142677910,1512474143702328,536870912,33554432,16,524,1024418
1512474147504071,1512474148536879,536870912,33554432,16,519,1032808
1512474152337966,1512474153374862,536870912,33554432,16,517,1036896
1512474157173368,1512474158213168,536870912,33554432,16,516,1039800
1512474162013010,1512474163049917,536870912,33554432,16,517,1036907
1512474166853642,1512474167886362,536870912,33554432,16,519,1032720
1512474171688084,1512474172728039,536870912,33554432,16,516,1039955
1512474176529005,1512474177558240,536870912,33554432,16,521,1029235
1512474181357616,1512474182393961,536870912,33554432,16,518,1036345
1512474186197266,1512474187237784,536870912,33554432,16,515,1040518
1512474191043863,1512474192083946,536870912,33554432,16,516,1040083
1512474195890810,1512474196931670,536870912,33554432,16,515,1040860
1512474200734692,1512474201771411,536870912,33554432,16,517,1036719
1512474205573770,1512474206607055,536870912,33554432,16,519,1033285
1512474210410904,1512474211443693,536870912,33554432,16,519,1032789
1512474215242405,1512474216282986,536870912,33554432,16,515,1040581
1512474220109697,1512474221148215,536870912,33554432,16,516,1038518
1512474224947227,1512474225987450,536870912,33554432,16,516,1040223
1512474229778432,1512474230818221,536870912,33554432,16,516,1039789
1512474234613695,1512474235649814,536870912,33554432,16,518,1036119
1512474239447675,1512474240485010,536870912,33554432,16,517,1037335
1512474244288884,1512474245325609,536870912,33554432,16,517,1036725
1512474249129958,1512474250170490,536870912,33554432,16,515,1040532
1512474253980706,1512474255020796,536870912,33554432,16,516,1040090
1512474258820133,1512474259859851,536870912,33554432,16,516,1039718
1512474263656532,1512474264696420,536870912,33554432,16,516,1039888
1512474268494224,1512474269534470,536870912,33554432,16,516,1040246
1512474273331487,1512474274367880,536870912,33554432,16,518,1036393
1512474278166859,1512474279203154,536870912,33554432,16,518,1036295
1512474283003886,1512474284042420,536870912,33554432,16,516,1038534
1512474287835616,1512474288859561,536870912,33554432,16,524,1023945
1512474292651455,1512474293692114,536870912,33554432,16,515,1040659
1512474297490202,1512474298526536,536870912,33554432,16,518,1036334
1512474302322345,1512474303359329,536870912,33554432,16,517,1036984
1512474307170690,1512474308211143,536870912,33554432,16,515,1040453
1512474312013249,1512474313050073,536870912,33554432,16,517,1036824
1512474316849529,1512474317881898,536870912,33554432,16,520,1032369
1512474321683527,1512474322723657,536870912,33554432,16,516,1040130
1512474326525893,1512474327562159,536870912,33554432,16,518,1036266
1512474331360421,1512474332397909,536870912,33554432,16,517,1037488
1512474336196856,1512474337233381,536870912,33554432,16,517,1036525
1512474341032691,1512474342065922,536870912,33554432,16,519,1033231
1512474345869115,1512474346905824,536870912,33554432,16,517,1036709
1512474350718529,1512474351757486,536870912,33554432,16,516,1038957
1512474355553912,1512474356586169,536870912,33554432,16,520,1032257
1512474360382503,1512474361419148,536870912,33554432,16,517,1036645
1512474365219217,1512474366255490,536870912,33554432,16,518,1036273
1512474370056968,1512474371089611,536870912,33554432,16,519,1032643
1512474374893234,1512474375933417,536870912,33554432,16,516,1040183
1512474379734412,1512474380770514,536870912,33554432,16,518,1036102
1512474384575243,1512474385610981,536870912,33554432,16,518,1035738
1512474389415457,1512474390452294,536870912,33554432,16,517,1036837
1512474394251448,1512474395283605,536870912,33554432,16,520,1032157
1512474399087487,1512474400124255,536870912,33554432,16,517,1036768
1512474403925671,1512474404966244,536870912,33554432,16,515,1040573
1512474408769025,1512474409802222,536870912,33554432,16,519,1033197
1512474413622033,1512474414659988,536870912,33554432,16,517,1037955
1512474418461425,1512474419501643,536870912,33554432,16,516,1040218
1512474423301852,1512474424337969,536870912,33554432,16,518,1036117
1512474428137752,1512474429174120,536870912,33554432,16,518,1036368
1512474432975145,1512474434006928,536870912,33554432,16,520,1031783
1512474437811049,1512474438847563,536870912,33554432,16,517,1036514
1512474442646335,1512474443674973,536870912,33554432,16,521,1028638
1512474447475407,1512474448515726,536870912,33554432,16,516,1040319
1512474452318558,1512474453354811,536870912,33554432,16,518,1036253
1512474457154910,1512474458187538,536870912,33554432,16,519,1032628
1512474461990886,1512474463023761,536870912,33554432,16,519,1032875
1512474466833489,1512474467873817,536870912,33554432,16,516,1040328
1512474471673305,1512474472712856,536870912,33554432,16,516,1039551
1512474476508978,1512474477548749,536870912,33554432,16,516,1039771
1512474481382151,1512474482418032,536870912,33554432,16,518,1035881
1512474486220192,1512474487260643,536870912,33554432,16,515,1040451
1512474491061042,1512474492093144,536870912,33554432,16,520,1032102
1512474495891687,1512474496931716,536870912,33554432,16,516,1040029
1512474500733652,1512474501769616,536870912,33554432,16,518,1035964
1512474505572864,1512474506605403,536870912,33554432,16,519,1032539
1512474510410221,1512474511442072,536870912,33554432,16,520,1031851
1512474515251144,1512474516287703,536870912,33554432,16,517,1036559
1512474520110004,1512474521147267,536870912,33554432,16,517,1037263
1512474524952535,1512474525989786,536870912,33554432,16,517,1037251
1512474529796855,1512474530834144,536870912,33554432,16,517,1037289
1512474534636393,1512474535669518,536870912,33554432,16,519,1033125
1512474539473266,1512474540502698,536870912,33554432,16,521,1029432
1512474544311548,1512474545344467,536870912,33554432,16,519,1032919
1512474549148408,1512474550177348,536870912,33554432,16,521,1028940
1512474553979654,1512474555019542,536870912,33554432,16,516,1039888
1512474558823105,1512474559863041,536870912,33554432,16,516,1039936
1512474563668371,1512474564708629,536870912,33554432,16,516,1040258
1512474568517634,1512474569553389,536870912,33554432,16,518,1035755
1512474573356647,1512474574397063,536870912,33554432,16,516,1040416
1512474578199995,1512474579232774,536870912,33554432,16,519,1032779
1512474583034891,1512474584059194,536870912,33554432,16,524,1024303
1512474587863008,1512474588891643,536870912,33554432,16,521,1028635
1512474592693158,1512474593733430,536870912,33554432,16,516,1040272
1512474597540296,1512474598582278,536870912,33554432,16,515,1041982
1512474602384501,1512474603421279,536870912,33554432,16,517,1036778
1512474607232348,1512474608271034,536870912,33554432,16,516,1038686
1512474612069729,1512474613102247,536870912,33554432,16,519,1032518
1512474616903281,1512474617943617,536870912,33554432,16,516,1040336
1512474621742474,1512474622774688,536870912,33554432,16,520,1032214
1512474626572593,1512474627612855,536870912,33554432,16,516,1040262
1512474631407851,1512474632443754,536870912,33554432,16,518,1035903
1512474636237989,1512474637270237,536870912,33554432,16,520,1032248
1512474641067775,1512474642100468,536870912,33554432,16,519,1032693
1512474645902315,1512474646939027,536870912,33554432,16,517,1036712
1512474650745474,1512474651781600,536870912,33554432,16,518,1036126
1512474655583156,1512474656619968,536870912,33554432,16,517,1036812
1512474660418053,1512474661450942,536870912,33554432,16,519,1032889
1512474665250977,1512474666279762,536870912,33554432,16,521,1028785
1512474670084992,1512474671113924,536870912,33554432,16,521,1028932
1512474674924740,1512474675960611,536870912,33554432,16,518,1035871
1512474679757665,1512474680797309,536870912,33554432,16,516,1039644
1512474684594969,1512474685631430,536870912,33554432,16,517,1036461
1512474689429413,1512474690469416,536870912,33554432,16,516,1040003
1512474694268413,1512474695300323,536870912,33554432,16,520,1031910
1512474699097786,1512474700138294,536870912,33554432,16,515,1040508
1512474703938546,1512474704975124,536870912,33554432,16,517,1036578
1512474708779808,1512474709812338,536870912,33554432,16,519,1032530
1512474713611758,1512474714647946,536870912,33554432,16,518,1036188
1512474718447830,1512474719484274,536870912,33554432,16,517,1036444
1512474723287245,1512474724324038,536870912,33554432,16,517,1036793
1512474728125191,1512474729161788,536870912,33554432,16,517,1036597
1512474732966596,1512474734007061,536870912,33554432,16,515,1040465
1512474737838531,1512474738880376,536870912,33554432,16,515,1041845
1512474742678012,1512474743714388,536870912,33554432,16,518,1036376
1512474747515490,1512474748551849,536870912,33554432,16,518,1036359
1512474752351291,1512474753391869,536870912,33554432,16,515,1040578
1512474757195965,1512474758228553,536870912,33554432,16,519,1032588
1512474762038382,1512474763078646,536870912,33554432,16,516,1040264
1512474766884177,1512474767924516,536870912,33554432,16,516,1040339
1512474771732435,1512474772770500,536870912,33554432,16,517,1038065
1512474776568201,1512474777604514,536870912,33554432,16,518,1036313
1512474781401415,1512474782434321,536870912,33554432,16,519,1032906
1512474786234318,1512474787270444,536870912,33554432,16,518,1036126
1512474791073373,1512474792105926,536870912,33554432,16,519,1032553
1512474795908343,1512474796948980,536870912,33554432,16,515,1040637
1512474800753460,1512474801791308,536870912,33554432,16,517,1037848
1512474805589283,1512474806621161,536870912,33554432,16,520,1031878
1512474810417557,1512474811454115,536870912,33554432,16,517,1036558
1512474815256150,1512474816292232,536870912,33554432,16,518,1036082
1512474820094755,1512474821135099,536870912,33554432,16,516,1040344
1512474824935445,1512474825963851,536870912,33554432,16,522,1028406
1512474829763850,1512474830804516,536870912,33554432,16,515,1040666
1512474834607661,1512474835639979,536870912,33554432,16,520,1032318
1512474839446068,1512474840486989,536870912,33554432,16,515,1040921
1512474844289320,1512474845329794,536870912,33554432,16,515,1040474
1512474849137811,1512474850170215,536870912,33554432,16,520,1032404
1512474853977814,1512474855009954,536870912,33554432,16,520,1032140
1512474858814798,1512474859847929,536870912,33554432,16,519,1033131
1512474863645329,1512474864677861,536870912,33554432,16,519,1032532
1512474868525079,1512474869560974,536870912,33554432,16,518,1035895
1512474873358725,1512474874398624,536870912,33554432,16,516,1039899
1512474878195759,1512474879228538,536870912,33554432,16,519,1032779
1512474883029552,1512474884062387,536870912,33554432,16,519,1032835
1512474887861505,1512474888898558,536870912,33554432,16,517,1037053
1512474892702663,1512474893739428,536870912,33554432,16,517,1036765
1512474897542446,1512474898583227,536870912,33554432,16,515,1040781
1512474902382005,1512474903421966,536870912,33554432,16,516,1039961
1512474907223645,1512474908260704,536870912,33554432,16,517,1037059
1512474912062915,1512474913099456,536870912,33554432,16,517,1036541
1512474916899675,1512474917935886,536870912,33554432,16,518,1036211
1512474921737215,1512474922777503,536870912,33554432,16,516,1040288
1512474926581966,1512474927622190,536870912,33554432,16,516,1040224
1512474931432619,1512474932464918,536870912,33554432,16,520,1032299
1512474936262988,1512474937299009,536870912,33554432,16,518,1036021
1512474941098884,1512474942138599,536870912,33554432,16,516,1039715
1512474945939745,1512474946976433,536870912,33554432,16,517,1036688
1512474950777546,1512474951813752,536870912,33554432,16,518,1036206
1512474955614823,1512474956655126,536870912,33554432,16,516,1040303
1512474960453488,1512474961485586,536870912,33554432,16,520,1032098
1512474965289530,1512474966326510,536870912,33554432,16,517,1036980
1512474970127617,1512474971164252,536870912,33554432,16,517,1036635
1512474974966786,1512474976003222,536870912,33554432,16,517,1036436
1512474979807439,1512474980840077,536870912,33554432,16,519,1032638
1512474984669506,1512474985705571,536870912,33554432,16,518,1036065
1512474989503962,1512474990536144,536870912,33554432,16,520,1032182
1512474994332499,1512474995366045,536870912,33554432,16,519,1033546
1512474999167596,1512475000203862,536870912,33554432,16,518,1036266
1512475004003065,1512475005039370,536870912,33554432,16,518,1036305
1512475008843929,1512475009884237,536870912,33554432,16,516,1040308
1512475013687462,1512475014727451,536870912,33554432,16,516,1039989
1512475018528987,1512475019564769,536870912,33554432,16,518,1035782
1512475023365843,1512475024393751,536870912,33554432,16,522,1027908
1512475028194611,1512475029222926,536870912,33554432,16,522,1028315
1512475033027855,1512475034064378,536870912,33554432,16,517,1036523
1512475037868229,1512475038899643,536870912,33554432,16,520,1031414
1512475042733449,1512475043775663,536870912,33554432,16,515,1042214
1512475047572968,1512475048608803,536870912,33554432,16,518,1035835
1512475052406416,1512475053439373,536870912,33554432,16,519,1032957
1512475057237062,1512475058273485,536870912,33554432,16,518,1036423
1512475062084243,1512475063110800,536870912,33554432,16,522,1026557
1512475066909524,1512475067946297,536870912,33554432,16,517,1036773
1512475071745470,1512475072777666,536870912,33554432,16,520,1032196
1512475076574323,1512475077610445,536870912,33554432,16,518,1036122
1512475081406813,1512475082444561,536870912,33554432,16,517,1037748
1512475086247341,1512475087287690,536870912,33554432,16,516,1040349
1512475091094754,1512475092131665,536870912,33554432,16,517,1036911
1512475095929103,1512475096965057,536870912,33554432,16,518,1035954
1512475100768162,1512475101809139,536870912,33554432,16,515,1040977
1512475105616055,1512475106648684,536870912,33554432,16,519,1032629
1512475110453629,1512475111486318,536870912,33554432,16,519,1032689
1512475115290151,1512475116330057,536870912,33554432,16,516,1039906
1512475120135061,1512475121168250,536870912,33554432,16,519,1033189
1512475124973246,1512475126015281,536870912,33554432,16,515,1042035
1512475129826182,1512475130858895,536870912,33554432,16,519,1032713
1512475134657408,1512475135697284,536870912,33554432,16,516,1039876
1512475139494705,1512475140528342,536870912,33554432,16,519,1033637
1512475144328819,1512475145364553,536870912,33554432,16,518,1035734
1512475149168362,1512475150204492,536870912,33554432,16,518,1036130
1512475154009932,1512475155046232,536870912,33554432,16,518,1036300
1512475158845460,1512475159877388,536870912,33554432,16,520,1031928
1512475163680550,1512475164716865,536870912,33554432,16,518,1036315
1512475168516036,1512475169543917,536870912,33554432,16,522,1027881
1512475173342334,1512475174378576,536870912,33554432,16,518,1036242
1512475178183232,1512475179224246,536870912,33554432,16,515,1041014
1512475183029541,1512475184070310,536870912,33554432,16,515,1040769
1512475187870465,1512475188906922,536870912,33554432,16,517,1036457
1512475192711828,1512475193739410,536870912,33554432,16,522,1027582
1512475197537821,1512475198573884,536870912,33554432,16,518,1036063
1512475202371787,1512475203411419,536870912,33554432,16,516,1039632
1512475207216110,1512475208252462,536870912,33554432,16,518,1036352
1512475212055199,1512475213094979,536870912,33554432,16,516,1039780
1512475216897241,1512475217937560,536870912,33554432,16,516,1040319
1512475221738403,1512475222777879,536870912,33554432,16,516,1039476
1512475226584974,1512475227617316,536870912,33554432,16,520,1032342
1512475231417100,1512475232453616,536870912,33554432,16,517,1036516
1512475236257803,1512475237298356,536870912,33554432,16,515,1040553
1512475241100225,1512475242140768,536870912,33554432,16,515,1040543
1512475245942469,1512475246978993,536870912,33554432,16,517,1036524
1512475250781281,1512475251821748,536870912,33554432,16,515,1040467
1512475255651907,1512475256681358,536870912,33554432,16,521,1029451
1512475260479369,1512475261517180,536870912,33554432,16,517,1037811
1512475265317644,1512475266354743,536870912,33554432,16,517,1037099
1512475270159721,1512475271200206,536870912,33554432,16,515,1040485
1512475275005980,1512475276043014,536870912,33554432,16,517,1037034
1512475279847599,1512475280884513,536870912,33554432,16,517,1036914
1512475284689861,1512475285731218,536870912,33554432,16,515,1041357
1512475289537382,1512475290574795,536870912,33554432,16,517,1037413
1512475294375695,1512475295416611,536870912,33554432,16,515,1040916
1512475299219736,1512475300260168,536870912,33554432,16,516,1040432
1512475304060252,1512475305093626,536870912,33554432,16,519,1033374
1512475308891123,1512475309931551,536870912,33554432,16,516,1040428
1512475313729562,1512475314770769,536870912,33554432,16,515,1041207
1512475318575155,1512475319616288,536870912,33554432,16,515,1041133
1512475323418198,1512475324451062,536870912,33554432,16,519,1032864
1512475328251856,1512475329292291,536870912,33554432,16,516,1040435
1512475333091454,1512475334127186,536870912,33554432,16,518,1035732
1512475337929822,1512475338970800,536870912,33554432,16,515,1040978
1512475342780726,1512475343821337,536870912,33554432,16,515,1040611
1512475347622907,1512475348659336,536870912,33554432,16,518,1036429
1512475352464603,1512475353500645,536870912,33554432,16,518,1036042
1512475357302120,1512475358337800,536870912,33554432,16,518,1035680
1512475362136899,1512475363173083,536870912,33554432,16,518,1036184
1512475366976138,1512475368016471,536870912,33554432,16,516,1040333
1512475371818826,1512475372854903,536870912,33554432,16,518,1036077
1512475376658188,1512475377694977,536870912,33554432,16,517,1036789
1512475381500418,1512475382536707,536870912,33554432,16,518,1036289
1512475386349452,1512475387391439,536870912,33554432,16,515,1041987
1512475391191781,1512475392231988,536870912,33554432,16,516,1040207
1512475396028084,1512475397060689,536870912,33554432,16,519,1032605
1512475400859229,1512475401895214,536870912,33554432,16,518,1035985
1512475405697246,1512475406737370,536870912,33554432,16,516,1040124
1512475410534314,1512475411574443,536870912,33554432,16,516,1040129
1512475415373086,1512475416404374,536870912,33554432,16,520,1031288
1512475420202776,1512475421242983,536870912,33554432,16,516,1040207
1512475425036012,1512475426072434,536870912,33554432,16,518,1036422
1512475429867830,1512475430907732,536870912,33554432,16,516,1039902
1512475434700026,1512475435739955,536870912,33554432,16,516,1039929
1512475439537150,1512475440578126,536870912,33554432,16,515,1040976
1512475444382073,1512475445406836,536870912,33554432,16,523,1024763
1512475449212600,1512475450250929,536870912,33554432,16,517,1038329
1512475454050874,1512475455079324,536870912,33554432,16,522,1028450
1512475458876753,1512475459904849,536870912,33554432,16,522,1028096
1512475463701606,1512475464726401,536870912,33554432,16,523,1024795
1512475468524339,1512475469556080,536870912,33554432,16,520,1031741
1512475473349213,1512475474385773,536870912,33554432,16,517,1036560
1512475478177367,1512475479213207,536870912,33554432,16,518,1035840
1512475483011429,1512475484052363,536870912,33554432,16,515,1040934
1512475487848485,1512475488884917,536870912,33554432,16,517,1036432
1512475492674513,1512475493714689,536870912,33554432,16,516,1040176
1512475497512155,1512475498544933,536870912,33554432,16,519,1032778
1512475502357839,1512475503397741,536870912,33554432,16,516,1039902
1512475507203017,1512475508239017,536870912,33554432,16,518,1036000
1512475512044367,1512475513084880,536870912,33554432,16,515,1040513
1512475516890563,1512475517922190,536870912,33554432,16,520,1031627
1512475521718978,1512475522759112,536870912,33554432,16,516,1040134
1512475526555788,1512475527591394,536870912,33554432,16,518,1035606
1512475531387288,1512475532427473,536870912,33554432,16,516,1040185
1512475536223687,1512475537255730,536870912,33554432,16,520,1032043
1512475541054636,1512475542095461,536870912,33554432,16,515,1040825
1512475545895798,1512475546927556,536870912,33554432,16,520,1031758
1512475550724858,1512475551761726,536870912,33554432,16,517,1036868
1512475555562572,1512475556598763,536870912,33554432,16,518,1036191
1512475560395928,1512475561432159,536870912,33554432,16,518,1036231
1512475565236516,1512475566276816,536870912,33554432,16,516,1040300
1512475570081058,1512475571121089,536870912,33554432,16,516,1040031
1512475574922047,1512475575958181,536870912,33554432,16,518,1036134
1512475579772599,1512475580814518,536870912,33554432,16,515,1041919
1512475584610595,1512475585646670,536870912,33554432,16,518,1036075
1512475589441696,1512475590481827,536870912,33554432,16,516,1040131
1512475594279570,1512475595319890,536870912,33554432,16,516,1040320
1512475599119708,1512475600152634,536870912,33554432,16,519,1032926
1512475603948196,1512475604985403,536870912,33554432,16,517,1037207
1512475608788565,1512475609824940,536870912,33554432,16,518,1036375
1512475613623742,1512475614660566,536870912,33554432,16,517,1036824
1512475618457805,1512475619494017,536870912,33554432,16,518,1036212
1512475623294146,1512475624330550,536870912,33554432,16,518,1036404
1512475628133807,1512475629174635,536870912,33554432,16,515,1040828
1512475632974038,1512475634010430,536870912,33554432,16,518,1036392
1512475637813098,1512475638853967,536870912,33554432,16,515,1040869
1512475642655815,1512475643690236,536870912,33554432,16,519,1034421
1512475647487147,1512475648523536,536870912,33554432,16,518,1036389
1512475652317938,1512475653358108,536870912,33554432,16,516,1040170
1512475657163870,1512475658199804,536870912,33554432,16,518,1035934
1512475662001291,1512475663036791,536870912,33554432,16,518,1035500
1512475666837628,1512475667873746,536870912,33554432,16,518,1036118
1512475671673410,1512475672709641,536870912,33554432,16,518,1036231
1512475676512047,1512475677549104,536870912,33554432,16,517,1037057
1512475681353562,1512475682393621,536870912,33554432,16,516,1040059
1512475686192343,1512475687228606,536870912,33554432,16,518,1036263
1512475691029549,1512475692062014,536870912,33554432,16,519,1032465
1512475695869424,1512475696894684,536870912,33554432,16,523,1025260
1512475700694318,1512475701730964,536870912,33554432,16,517,1036646
1512475705529877,1512475706566675,536870912,33554432,16,517,1036798
1512475710415890,1512475711454593,536870912,33554432,16,516,1038703
1512475715251520,1512475716287563,536870912,33554432,16,518,1036043
1512475720085812,1512475721122315,536870912,33554432,16,517,1036503
1512475724917418,1512475725953926,536870912,33554432,16,517,1036508
1512475729750332,1512475730790009,536870912,33554432,16,516,1039677
1512475734589709,1512475735629343,536870912,33554432,16,516,1039634
1512475739430388,1512475740471198,536870912,33554432,16,515,1040810
1512475744277721,1512475745310868,536870912,33554432,16,519,1033147
1512475749115645,1512475750156708,536870912,33554432,16,515,1041063
1512475753957074,1512475754998161,536870912,33554432,16,515,1041087
1512475758803537,1512475759840467,536870912,33554432,16,517,1036930
1512475763641886,1512475764682595,536870912,33554432,16,515,1040709
1512475768482159,1512475769518219,536870912,33554432,16,518,1036060
1512475773328522,1512475774370712,536870912,33554432,16,515,1042190
1512475778166863,1512475779203596,536870912,33554432,16,517,1036733
1512475783000381,1512475784037089,536870912,33554432,16,517,1036708
1512475787835392,1512475788875566,536870912,33554432,16,516,1040174
1512475792676253,1512475793713224,536870912,33554432,16,517,1036971
1512475797510282,1512475798538931,536870912,33554432,16,521,1028649
1512475802343938,1512475803375009,536870912,33554432,16,520,1031071
1512475807171799,1512475808200026,536870912,33554432,16,522,1028227
1512475811996362,1512475813032973,536870912,33554432,16,517,1036611
1512475816834738,1512475817874822,536870912,33554432,16,516,1040084
1512475821680735,1512475822743226,536870912,33554432,16,505,1062491
1512475826549443,1512475827624786,536870912,33554432,16,499,1075343
1512475831429747,1512475832497046,536870912,33554432,16,503,1067299
1512475836306486,1512475837369079,536870912,33554432,16,505,1062593
1512475841200139,1512475842262390,536870912,33554432,16,505,1062251
1512475846077218,1512475847139052,536870912,33554432,16,505,1061834
1512475850939790,1512475851980759,536870912,33554432,16,515,1040969
1512475855780550,1512475856807251,536870912,33554432,16,522,1026701
1512475860609485,1512475861645301,536870912,33554432,16,518,1035816
1512475865442434,1512475866482209,536870912,33554432,16,516,1039775
1512475870282426,1512475871314309,536870912,33554432,16,520,1031883
1512475875111319,1512475876151254,536870912,33554432,16,516,1039935
1512475879949414,1512475880985018,536870912,33554432,16,518,1035604
1512475884786192,1512475885814397,536870912,33554432,16,522,1028205
1512475889612786,1512475890648650,536870912,33554432,16,518,1035864
1512475894452222,1512475895492606,536870912,33554432,16,516,1040384
1512475899291529,1512475900331857,536870912,33554432,16,516,1040328
1512475904149158,1512475905189725,536870912,33554432,16,515,1040567
1512475908997430,1512475910038716,536870912,33554432,16,515,1041286
1512475913842788,1512475914868015,536870912,33554432,16,523,1025227
1512475918667753,1512475919708081,536870912,33554432,16,516,1040328
1512475923510523,1512475924550710,536870912,33554432,16,516,1040187
1512475928352919,1512475929385967,536870912,33554432,16,519,1033048
1512475933189665,1512475934226657,536870912,33554432,16,517,1036992
1512475938029912,1512475939066480,536870912,33554432,16,517,1036568
1512475942874738,1512475943915064,536870912,33554432,16,516,1040326
