1512431969810143,1512431969945484,134217728,8388608,16,991,135341
1512431970892958,1512431971026614,134217728,8388608,16,1004,133656
1512431971970199,1512431972101004,134217728,8388608,16,1026,130805
1512431973042254,1512431973173171,134217728,8388608,16,1025,130917
1512431974114748,1512431974245954,134217728,8388608,16,1022,131206
1512431975190670,1512431975320060,134217728,8388608,16,1037,129390
1512431976265335,1512431976395899,134217728,8388608,16,1027,130564
1512431977340151,1512431977471441,134217728,8388608,16,1022,131290
1512431978416441,1512431978546942,134217728,8388608,16,1028,130501
1512431979491511,1512431979622309,134217728,8388608,16,1026,130798
1512431980565637,1512431980696743,134217728,8388608,16,1023,131106
1512431981639273,1512431981769948,134217728,8388608,16,1027,130675
1512431982713667,1512431982844561,134217728,8388608,16,1025,130894
1512431983791001,1512431983922846,134217728,8388608,16,1017,131845
1512431984870194,1512431985000814,134217728,8388608,16,1027,130620
1512431985945643,1512431986077281,134217728,8388608,16,1019,131638
1512431987021521,1512431987152486,134217728,8388608,16,1024,130965
1512431988095029,1512431988225967,134217728,8388608,16,1025,130938
1512431989167743,1512431989297012,134217728,8388608,16,1038,129269
1512431990238956,1512431990369212,134217728,8388608,16,1030,130256
1512431991313701,1512431991442551,134217728,8388608,16,1041,128850
1512431992383731,1512431992513738,134217728,8388608,16,1032,130007
1512431993458997,1512431993589776,134217728,8388608,16,1026,130779
1512431994534713,1512431994664947,134217728,8388608,16,1030,130234
1512431995610770,1512431995741885,134217728,8388608,16,1023,131115
1512431996686314,1512431996816748,134217728,8388608,16,1029,130434
1512431997760791,1512431997891941,134217728,8388608,16,1023,131150
1512431998837567,1512431998968943,134217728,8388608,16,1021,131376
1512431999912482,1512432000045026,134217728,8388608,16,1012,132544
1512432000989333,1512432001120565,134217728,8388608,16,1022,131232
1512432002065839,1512432002197254,134217728,8388608,16,1021,131415
1512432003141995,1512432003271584,134217728,8388608,16,1035,129589
1512432004216846,1512432004348610,134217728,8388608,16,1018,131764
1512432005292433,1512432005423496,134217728,8388608,16,1024,131063
1512432006368940,1512432006500259,134217728,8388608,16,1022,131319
1512432007443466,1512432007574406,134217728,8388608,16,1025,130940
1512432008519762,1512432008650098,134217728,8388608,16,1029,130336
1512432009595115,1512432009726554,134217728,8388608,16,1021,131439
1512432010670193,1512432010801911,134217728,8388608,16,1018,131718
1512432011745867,1512432011877163,134217728,8388608,16,1022,131296
1512432012822192,1512432012952591,134217728,8388608,16,1029,130399
1512432013896717,1512432014026624,134217728,8388608,16,1033,129907
1512432014968438,1512432015098993,134217728,8388608,16,1028,130555
1512432016045724,1512432016176204,134217728,8388608,16,1028,130480
1512432017119827,1512432017250614,134217728,8388608,16,1026,130787
1512432018195624,1512432018326799,134217728,8388608,16,1023,131175
1512432019269468,1512432019400592,134217728,8388608,16,1023,131124
1512432020344854,1512432020475538,134217728,8388608,16,1027,130684
1512432021421463,1512432021552504,134217728,8388608,16,1024,131041
1512432022499757,1512432022630773,134217728,8388608,16,1024,131016
1512432023574875,1512432023706099,134217728,8388608,16,1022,131224
1512432024651300,1512432024782139,134217728,8388608,16,1025,130839
1512432025727845,1512432025857381,134217728,8388608,16,1036,129536
1512432026802820,1512432026933908,134217728,8388608,16,1023,131088
1512432027881416,1512432028012256,134217728,8388608,16,1025,130840
1512432028955277,1512432029086631,134217728,8388608,16,1021,131354
1512432030031688,1512432030163171,134217728,8388608,16,1020,131483
1512432031106733,1512432031238162,134217728,8388608,16,1021,131429
1512432032184144,1512432032315339,134217728,8388608,16,1023,131195
1512432033264253,1512432033394480,134217728,8388608,16,1030,130227
1512432034340284,1512432034471432,134217728,8388608,16,1023,131148
1512432035437521,1512432035570301,134217728,8388608,16,1010,132780
1512432036515101,1512432036645724,134217728,8388608,16,1027,130623
1512432037591289,1512432037722592,134217728,8388608,16,1022,131303
1512432038667379,1512432038797651,134217728,8388608,16,1030,130272
1512432039742864,1512432039873250,134217728,8388608,16,1029,130386
1512432040820860,1512432040948824,134217728,8388608,16,1048,127964
1512432041893967,1512432042023509,134217728,8388608,16,1036,129542
1512432042969735,1512432043098991,134217728,8388608,16,1038,129256
1512432044043641,1512432044174760,134217728,8388608,16,1023,131119
1512432045117910,1512432045248123,134217728,8388608,16,1030,130213
1512432046191320,1512432046322521,134217728,8388608,16,1022,131201
1512432047267720,1512432047397853,134217728,8388608,16,1031,130133
1512432048341494,1512432048471014,134217728,8388608,16,1036,129520
1512432049413703,1512432049544042,134217728,8388608,16,1029,130339
1512432050488299,1512432050619081,134217728,8388608,16,1026,130782
1512432051565608,1512432051696304,134217728,8388608,16,1026,130696
1512432052643897,1512432052775152,134217728,8388608,16,1022,131255
1512432053722242,1512432053853668,134217728,8388608,16,1021,131426
1512432054798570,1512432054929763,134217728,8388608,16,1023,131193
1512432055875715,1512432056006299,134217728,8388608,16,1027,130584
1512432056955050,1512432057086084,134217728,8388608,16,1024,131034
1512432058031900,1512432058163328,134217728,8388608,16,1021,131428
1512432059105794,1512432059236229,134217728,8388608,16,1029,130435
1512432060181076,1512432060311855,134217728,8388608,16,1026,130779
1512432061259352,1512432061390973,134217728,8388608,16,1019,131621
1512432062336450,1512432062466503,134217728,8388608,16,1032,130053
1512432063410860,1512432063542098,134217728,8388608,16,1022,131238
1512432064484842,1512432064616046,134217728,8388608,16,1022,131204
1512432065561570,1512432065693072,134217728,8388608,16,1020,131502
1512432066636851,1512432066770198,134217728,8388608,16,1006,133347
1512432067714318,1512432067845021,134217728,8388608,16,1026,130703
1512432068789309,1512432068920541,134217728,8388608,16,1022,131232
1512432069863122,1512432069992726,134217728,8388608,16,1035,129604
1512432070938595,1512432071069907,134217728,8388608,16,1022,131312
1512432072013320,1512432072143206,134217728,8388608,16,1033,129886
1512432073088487,1512432073219542,134217728,8388608,16,1024,131055
1512432074165384,1512432074296858,134217728,8388608,16,1020,131474
1512432075242409,1512432075373503,134217728,8388608,16,1023,131094
1512432076316938,1512432076448684,134217728,8388608,16,1018,131746
1512432077392804,1512432077523928,134217728,8388608,16,1023,131124
1512432078467917,1512432078597968,134217728,8388608,16,1032,130051
1512432079544574,1512432079675500,134217728,8388608,16,1025,130926
1512432080618181,1512432080749170,134217728,8388608,16,1024,130989
1512432081690764,1512432081822073,134217728,8388608,16,1022,131309
1512432082763349,1512432082894791,134217728,8388608,16,1021,131442
1512432083839710,1512432083971080,134217728,8388608,16,1021,131370
1512432084916256,1512432085048198,134217728,8388608,16,1017,131942
1512432085992362,1512432086124140,134217728,8388608,16,1018,131778
1512432087064564,1512432087196539,134217728,8388608,16,1016,131975
1512432088140168,1512432088270138,134217728,8388608,16,1032,129970
1512432089212105,1512432089342925,134217728,8388608,16,1025,130820
1512432090284904,1512432090415604,134217728,8388608,16,1026,130700
1512432091358855,1512432091490533,134217728,8388608,16,1019,131678
1512432092436772,1512432092567597,134217728,8388608,16,1025,130825
1512432093510141,1512432093641379,134217728,8388608,16,1022,131238
1512432094583172,1512432094713074,134217728,8388608,16,1033,129902
1512432095655589,1512432095787167,134217728,8388608,16,1020,131578
1512432096729339,1512432096860457,134217728,8388608,16,1023,131118
1512432097805232,1512432097935738,134217728,8388608,16,1028,130506
1512432098877833,1512432099009943,134217728,8388608,16,1015,132110
1512432099958383,1512432100091118,134217728,8388608,16,1011,132735
1512432101034250,1512432101165765,134217728,8388608,16,1020,131515
1512432102109819,1512432102240371,134217728,8388608,16,1028,130552
1512432103186227,1512432103316767,134217728,8388608,16,1028,130540
1512432104259634,1512432104391108,134217728,8388608,16,1020,131474
1512432105332078,1512432105463513,134217728,8388608,16,1021,131435
1512432106405868,1512432106537018,134217728,8388608,16,1023,131150
1512432107482848,1512432107614489,134217728,8388608,16,1019,131641
1512432108559466,1512432108690640,134217728,8388608,16,1023,131174
1512432109633936,1512432109765173,134217728,8388608,16,1022,131237
1512432110708980,1512432110839752,134217728,8388608,16,1026,130772
1512432111783757,1512432111914950,134217728,8388608,16,1023,131193
1512432112857686,1512432112989279,134217728,8388608,16,1019,131593
1512432113932867,1512432114063328,134217728,8388608,16,1028,130461
1512432115008728,1512432115138208,134217728,8388608,16,1036,129480
1512432116080424,1512432116210261,134217728,8388608,16,1033,129837
1512432117151699,1512432117282669,134217728,8388608,16,1024,130970
1512432118229245,1512432118360704,134217728,8388608,16,1020,131459
1512432119304721,1512432119435602,134217728,8388608,16,1025,130881
1512432120378615,1512432120508879,134217728,8388608,16,1030,130264
1512432121453019,1512432121584182,134217728,8388608,16,1023,131163
1512432122528519,1512432122658493,134217728,8388608,16,1032,129974
1512432123604879,1512432123736088,134217728,8388608,16,1022,131209
1512432124681045,1512432124811665,134217728,8388608,16,1027,130620
1512432125754482,1512432125885409,134217728,8388608,16,1025,130927
1512432126828940,1512432126960280,134217728,8388608,16,1021,131340
1512432127906036,1512432128037319,134217728,8388608,16,1022,131283
1512432128983159,1512432129113629,134217728,8388608,16,1028,130470
1512432130056894,1512432130187757,134217728,8388608,16,1025,130863
1512432131132477,1512432131263847,134217728,8388608,16,1021,131370
1512432132209210,1512432132339873,134217728,8388608,16,1027,130663
1512432133281808,1512432133411298,134217728,8388608,16,1036,129490
1512432134353124,1512432134483219,134217728,8388608,16,1031,130095
1512432135426232,1512432135556700,134217728,8388608,16,1028,130468
1512432136498868,1512432136629809,134217728,8388608,16,1025,130941
1512432137572933,1512432137703227,134217728,8388608,16,1030,130294
1512432138646024,1512432138776576,134217728,8388608,16,1028,130552
1512432139720177,1512432139851521,134217728,8388608,16,1021,131344
1512432140793166,1512432140924568,134217728,8388608,16,1021,131402
1512432141868084,1512432141999074,134217728,8388608,16,1024,130990
1512432142939877,1512432143070968,134217728,8388608,16,1023,131091
1512432144013723,1512432144144823,134217728,8388608,16,1023,131100
1512432145089402,1512432145220105,134217728,8388608,16,1026,130703
1512432146162144,1512432146292751,134217728,8388608,16,1027,130607
1512432147235293,1512432147366395,134217728,8388608,16,1023,131102
1512432148309766,1512432148440923,134217728,8388608,16,1023,131157
1512432149386279,1512432149516359,134217728,8388608,16,1031,130080
1512432150460603,1512432150590522,134217728,8388608,16,1033,129919
1512432151533984,1512432151665117,134217728,8388608,16,1023,131133
1512432152605749,1512432152736254,134217728,8388608,16,1028,130505
1512432153678716,1512432153808048,134217728,8388608,16,1037,129332
1512432154752046,1512432154883481,134217728,8388608,16,1021,131435
1512432155825820,1512432155956530,134217728,8388608,16,1026,130710
1512432156901993,1512432157033094,134217728,8388608,16,1023,131101
1512432157976406,1512432158107169,134217728,8388608,16,1026,130763
1512432159052071,1512432159183097,134217728,8388608,16,1024,131026
1512432160129884,1512432160260207,134217728,8388608,16,1029,130323
1512432161203100,1512432161334581,134217728,8388608,16,1020,131481
1512432162277941,1512432162409275,134217728,8388608,16,1021,131334
1512432163353795,1512432163486572,134217728,8388608,16,1010,132777
1512432164452140,1512432164584501,134217728,8388608,16,1014,132361
1512432165527184,1512432165659400,134217728,8388608,16,1015,132216
1512432166603843,1512432166734904,134217728,8388608,16,1024,131061
1512432167679405,1512432167810068,134217728,8388608,16,1027,130663
1512432168752085,1512432168881957,134217728,8388608,16,1033,129872
1512432169825012,1512432169956612,134217728,8388608,16,1019,131600
1512432170899449,1512432171030764,134217728,8388608,16,1022,131315
1512432171977657,1512432172107409,134217728,8388608,16,1034,129752
1512432173053802,1512432173184946,134217728,8388608,16,1023,131144
1512432174129779,1512432174260674,134217728,8388608,16,1025,130895
1512432175204881,1512432175335060,134217728,8388608,16,1031,130179
1512432176278601,1512432176409800,134217728,8388608,16,1023,131199
1512432177355339,1512432177486318,134217728,8388608,16,1024,130979
1512432178430756,1512432178561085,134217728,8388608,16,1029,130329
1512432179506119,1512432179637290,134217728,8388608,16,1023,131171
1512432180579980,1512432180709977,134217728,8388608,16,1032,129997
1512432181654023,1512432181785504,134217728,8388608,16,1020,131481
1512432182728729,1512432182859859,134217728,8388608,16,1023,131130
1512432183804498,1512432183934578,134217728,8388608,16,1031,130080
1512432184876880,1512432185008327,134217728,8388608,16,1021,131447
1512432185951393,1512432186082161,134217728,8388608,16,1026,130768
1512432187026021,1512432187157637,134217728,8388608,16,1019,131616
1512432188101005,1512432188230886,134217728,8388608,16,1033,129881
1512432189176524,1512432189307531,134217728,8388608,16,1024,131007
1512432190252185,1512432190383421,134217728,8388608,16,1022,131236
1512432191323963,1512432191454866,134217728,8388608,16,1025,130903
1512432192399980,1512432192530762,134217728,8388608,16,1026,130782
1512432193474649,1512432193606013,134217728,8388608,16,1021,131364
1512432194550881,1512432194681958,134217728,8388608,16,1023,131077
1512432195623690,1512432195753602,134217728,8388608,16,1033,129912
1512432196699404,1512432196829367,134217728,8388608,16,1032,129963
1512432197774441,1512432197904877,134217728,8388608,16,1028,130436
1512432198848883,1512432198979900,134217728,8388608,16,1024,131017
1512432199923207,1512432200053392,134217728,8388608,16,1030,130185
1512432200998430,1512432201129551,134217728,8388608,16,1023,131121
1512432202076539,1512432202206849,134217728,8388608,16,1029,130310
1512432203152644,1512432203282574,134217728,8388608,16,1033,129930
1512432204225663,1512432204355994,134217728,8388608,16,1029,130331
1512432205300227,1512432205431394,134217728,8388608,16,1023,131167
1512432206373346,1512432206504318,134217728,8388608,16,1024,130972
1512432207450544,1512432207580191,134217728,8388608,16,1035,129647
1512432208523282,1512432208653952,134217728,8388608,16,1027,130670
1512432209597788,1512432209728888,134217728,8388608,16,1023,131100
1512432210672750,1512432210804200,134217728,8388608,16,1021,131450
1512432211747645,1512432211878930,134217728,8388608,16,1022,131285
1512432212824828,1512432212955056,134217728,8388608,16,1030,130228
1512432213900077,1512432214031510,134217728,8388608,16,1021,131433
1512432214975706,1512432215106360,134217728,8388608,16,1027,130654
1512432216050980,1512432216181215,134217728,8388608,16,1030,130235
1512432217124961,1512432217255245,134217728,8388608,16,1030,130284
1512432218199630,1512432218330990,134217728,8388608,16,1021,131360
1512432219274863,1512432219406059,134217728,8388608,16,1023,131196
1512432220350463,1512432220481737,134217728,8388608,16,1022,131274
1512432221425919,1512432221556463,134217728,8388608,16,1028,130544
1512432222501345,1512432222630842,134217728,8388608,16,1036,129497
1512432223574283,1512432223705777,134217728,8388608,16,1020,131494
1512432224650087,1512432224780040,134217728,8388608,16,1032,129953
1512432225724149,1512432225853749,134217728,8388608,16,1035,129600
1512432226799152,1512432226929993,134217728,8388608,16,1025,130841
1512432227887809,1512432228020609,134217728,8388608,16,1010,132800
1512432228986754,1512432229118371,134217728,8388608,16,1019,131617
1512432230062456,1512432230195354,134217728,8388608,16,1009,132898
1512432231139782,1512432231270097,134217728,8388608,16,1029,130315
1512432232213769,1512432232345206,134217728,8388608,16,1021,131437
1512432233291853,1512432233423458,134217728,8388608,16,1019,131605
1512432234366943,1512432234497235,134217728,8388608,16,1030,130292
1512432235440240,1512432235571348,134217728,8388608,16,1023,131108
1512432236516904,1512432236647557,134217728,8388608,16,1027,130653
1512432237596916,1512432237727854,134217728,8388608,16,1025,130938
1512432238672822,1512432238804022,134217728,8388608,16,1023,131200
1512432239746706,1512432239877369,134217728,8388608,16,1027,130663
1512432240821471,1512432240952831,134217728,8388608,16,1021,131360
1512432241898272,1512432242027765,134217728,8388608,16,1036,129493
1512432242974940,1512432243104837,134217728,8388608,16,1033,129897
1512432244051370,1512432244181872,134217728,8388608,16,1028,130502
1512432245126147,1512432245257927,134217728,8388608,16,1018,131780
1512432246201093,1512432246331403,134217728,8388608,16,1029,130310
1512432247269596,1512432247400942,134217728,8388608,16,1021,131346
1512432248345762,1512432248476432,134217728,8388608,16,1027,130670
1512432249421570,1512432249551896,134217728,8388608,16,1029,130326
1512432250494002,1512432250625394,134217728,8388608,16,1021,131392
1512432251571880,1512432251703760,134217728,8388608,16,1017,131880
1512432252648800,1512432252780347,134217728,8388608,16,1020,131547
1512432253724673,1512432253855435,134217728,8388608,16,1026,130762
1512432254799564,1512432254930329,134217728,8388608,16,1026,130765
1512432255873141,1512432256004231,134217728,8388608,16,1023,131090
1512432256947486,1512432257078791,134217728,8388608,16,1022,131305
1512432258024568,1512432258156091,134217728,8388608,16,1020,131523
1512432259099300,1512432259230245,134217728,8388608,16,1024,130945
1512432260174128,1512432260305791,134217728,8388608,16,1019,131663
1512432261250589,1512432261382121,134217728,8388608,16,1020,131532
1512432262325066,1512432262455458,134217728,8388608,16,1029,130392
1512432263399587,1512432263531086,134217728,8388608,16,1020,131499
1512432264475530,1512432264607155,134217728,8388608,16,1019,131625
1512432265552168,1512432265683908,134217728,8388608,16,1018,131740
1512432266629960,1512432266760767,134217728,8388608,16,1026,130807
1512432267706581,1512432267838389,134217728,8388608,16,1018,131808
1512432268782977,1512432268914897,134217728,8388608,16,1017,131920
1512432269861033,1512432269990975,134217728,8388608,16,1032,129942
1512432270936111,1512432271067856,134217728,8388608,16,1018,131745
1512432272012540,1512432272144232,134217728,8388608,16,1019,131692
1512432273087838,1512432273218667,134217728,8388608,16,1025,130829
1512432274162491,1512432274293397,134217728,8388608,16,1025,130906
1512432275236751,1512432275367502,134217728,8388608,16,1026,130751
1512432276312892,1512432276443586,134217728,8388608,16,1026,130694
1512432277389094,1512432277520704,134217728,8388608,16,1019,131610
1512432278466498,1512432278597207,134217728,8388608,16,1026,130709
1512432279540832,1512432279671224,134217728,8388608,16,1029,130392
1512432280614431,1512432280745492,134217728,8388608,16,1024,131061
1512432281691672,1512432281823697,134217728,8388608,16,1016,132025
1512432282768367,1512432282899512,134217728,8388608,16,1023,131145
1512432283844593,1512432283975554,134217728,8388608,16,1024,130961
1512432284919073,1512432285049409,134217728,8388608,16,1029,130336
1512432285996973,1512432286127623,134217728,8388608,16,1027,130650
1512432287069310,1512432287199775,134217728,8388608,16,1028,130465
1512432288143413,1512432288274022,134217728,8388608,16,1027,130609
1512432289219101,1512432289346030,134217728,8388608,16,1057,126929
1512432290292985,1512432290423462,134217728,8388608,16,1028,130477
1512432291367231,1512432291497491,134217728,8388608,16,1030,130260
1512432292468270,1512432292601288,134217728,8388608,16,1009,133018
1512432293545827,1512432293678733,134217728,8388608,16,1009,132906
1512432294624945,1512432294757702,134217728,8388608,16,1011,132757
1512432295702909,1512432295833658,134217728,8388608,16,1026,130749
1512432296779164,1512432296908754,134217728,8388608,16,1035,129590
1512432297851733,1512432297980921,134217728,8388608,16,1038,129188
1512432298926655,1512432299057731,134217728,8388608,16,1023,131076
1512432300002601,1512432300133366,134217728,8388608,16,1026,130765
1512432301077635,1512432301207864,134217728,8388608,16,1030,130229
1512432302152505,1512432302283042,134217728,8388608,16,1028,130537
1512432303226638,1512432303357837,134217728,8388608,16,1023,131199
1512432304300110,1512432304430897,134217728,8388608,16,1026,130787
1512432305374980,1512432305504924,134217728,8388608,16,1032,129944
1512432306449690,1512432306580990,134217728,8388608,16,1022,131300
1512432307524888,1512432307655933,134217728,8388608,16,1024,131045
1512432308598731,1512432308730083,134217728,8388608,16,1021,131352
1512432309675178,1512432309805633,134217728,8388608,16,1028,130455
1512432310750304,1512432310881001,134217728,8388608,16,1026,130697
1512432311827350,1512432311957854,134217728,8388608,16,1028,130504
1512432312903514,1512432313033559,134217728,8388608,16,1032,130045
1512432313975542,1512432314106239,134217728,8388608,16,1026,130697
1512432315048033,1512432315177833,134217728,8388608,16,1034,129800
1512432316122790,1512432316254430,134217728,8388608,16,1019,131640
1512432317198394,1512432317329344,134217728,8388608,16,1024,130950
1512432318273997,1512432318404738,134217728,8388608,16,1026,130741
1512432319349564,1512432319478640,134217728,8388608,16,1039,129076
1512432320422300,1512432320553301,134217728,8388608,16,1024,131001
1512432321496524,1512432321627942,134217728,8388608,16,1021,131418
1512432322571934,1512432322703352,134217728,8388608,16,1021,131418
1512432323644754,1512432323776057,134217728,8388608,16,1022,131303
1512432324720104,1512432324851387,134217728,8388608,16,1022,131283
1512432325796631,1512432325927766,134217728,8388608,16,1023,131135
1512432326874200,1512432327004432,134217728,8388608,16,1030,130232
1512432327948946,1512432328080040,134217728,8388608,16,1023,131094
1512432329024506,1512432329155270,134217728,8388608,16,1026,130764
1512432330101327,1512432330232854,134217728,8388608,16,1020,131527
1512432331178031,1512432331308950,134217728,8388608,16,1025,130919
1512432332249267,1512432332380883,134217728,8388608,16,1019,131616
1512432333324933,1512432333456561,134217728,8388608,16,1019,131628
1512432334401937,1512432334532199,134217728,8388608,16,1030,130262
1512432335475163,1512432335606686,134217728,8388608,16,1020,131523
1512432336552503,1512432336683738,134217728,8388608,16,1022,131235
1512432337626715,1512432337757405,134217728,8388608,16,1026,130690
1512432338700010,1512432338831366,134217728,8388608,16,1021,131356
1512432339775985,1512432339906375,134217728,8388608,16,1029,130390
1512432340849623,1512432340980256,134217728,8388608,16,1027,130633
1512432341922846,1512432342054416,134217728,8388608,16,1020,131570
1512432342997624,1512432343128643,134217728,8388608,16,1024,131019
1512432344071865,1512432344202311,134217728,8388608,16,1028,130446
1512432345149150,1512432345280865,134217728,8388608,16,1019,131715
1512432346225597,1512432346356940,134217728,8388608,16,1021,131343
1512432347300285,1512432347431064,134217728,8388608,16,1026,130779
1512432348377243,1512432348508639,134217728,8388608,16,1021,131396
1512432349451432,1512432349582888,134217728,8388608,16,1021,131456
1512432350524428,1512432350655956,134217728,8388608,16,1020,131528
1512432351608766,1512432351741698,134217728,8388608,16,1009,132932
1512432352686717,1512432352819646,134217728,8388608,16,1009,132929
1512432353765797,1512432353898929,134217728,8388608,16,1008,133132
1512432354844674,1512432354975711,134217728,8388608,16,1024,131037
1512432355918590,1512432356049969,134217728,8388608,16,1021,131379
1512432356995700,1512432357128913,134217728,8388608,16,1007,133213
1512432358097730,1512432358229852,134217728,8388608,16,1015,132122
1512432359187784,1512432359321261,134217728,8388608,16,1005,133477
1512432360265500,1512432360395211,134217728,8388608,16,1034,129711
1512432361340530,1512432361472458,134217728,8388608,16,1017,131928
1512432362418375,1512432362549211,134217728,8388608,16,1025,130836
1512432363494351,1512432363624908,134217728,8388608,16,1028,130557
1512432364568911,1512432364699232,134217728,8388608,16,1029,130321
1512432365642394,1512432365773436,134217728,8388608,16,1024,131042
1512432366718782,1512432366850821,134217728,8388608,16,1016,132039
1512432367794510,1512432367926325,134217728,8388608,16,1018,131815
1512432368872067,1512432369002829,134217728,8388608,16,1026,130762
1512432369945435,1512432370077462,134217728,8388608,16,1016,132027
1512432371019380,1512432371150756,134217728,8388608,16,1021,131376
1512432372093071,1512432372223726,134217728,8388608,16,1027,130655
1512432373167797,1512432373298756,134217728,8388608,16,1024,130959
1512432374245356,1512432374377483,134217728,8388608,16,1015,132127
1512432375324820,1512432375456338,134217728,8388608,16,1020,131518
1512432376401237,1512432376532904,134217728,8388608,16,1019,131667
1512432377479951,1512432377611582,134217728,8388608,16,1019,131631
1512432378555462,1512432378686262,134217728,8388608,16,1026,130800
1512432379631180,1512432379762008,134217728,8388608,16,1025,130828
1512432380709601,1512432380839855,134217728,8388608,16,1030,130254
1512432381783474,1512432381915457,134217728,8388608,16,1016,131983
1512432382858873,1512432382989778,134217728,8388608,16,1025,130905
1512432383933533,1512432384065431,134217728,8388608,16,1017,131898
1512432385011532,1512432385142608,134217728,8388608,16,1023,131076
1512432386085356,1512432386217156,134217728,8388608,16,1018,131800
1512432387159810,1512432387290585,134217728,8388608,16,1026,130775
1512432388237623,1512432388367712,134217728,8388608,16,1031,130089
1512432389311762,1512432389442155,134217728,8388608,16,1029,130393
1512432390383786,1512432390515435,134217728,8388608,16,1019,131649
1512432391458584,1512432391589970,134217728,8388608,16,1021,131386
1512432392532495,1512432392663766,134217728,8388608,16,1022,131271
1512432393607278,1512432393739355,134217728,8388608,16,1016,132077
1512432394682501,1512432394814021,134217728,8388608,16,1020,131520
1512432395757598,1512432395888898,134217728,8388608,16,1022,131300
1512432396832952,1512432396964247,134217728,8388608,16,1022,131295
1512432397909403,1512432398041011,134217728,8388608,16,1019,131608
1512432398988038,1512432399119762,134217728,8388608,16,1018,131724
1512432400064003,1512432400195196,134217728,8388608,16,1023,131193
1512432401139313,1512432401269918,134217728,8388608,16,1027,130605
1512432402212385,1512432402343999,134217728,8388608,16,1019,131614
1512432403288142,1512432403418114,134217728,8388608,16,1032,129972
1512432404361239,1512432404492789,134217728,8388608,16,1020,131550
1512432405436164,1512432405567957,134217728,8388608,16,1018,131793
1512432406511008,1512432406642617,134217728,8388608,16,1019,131609
1512432407586218,1512432407717756,134217728,8388608,16,1020,131538
1512432408663045,1512432408793502,134217728,8388608,16,1028,130457
1512432409738041,1512432409868699,134217728,8388608,16,1027,130658
1512432410813035,1512432410944751,134217728,8388608,16,1018,131716
1512432411895288,1512432412028957,134217728,8388608,16,1004,133669
1512432412974827,1512432413108812,134217728,8388608,16,1001,133985
1512432414049311,1512432414181806,134217728,8388608,16,1013,132495
1512432415123852,1512432415255622,134217728,8388608,16,1018,131770
1512432416196128,1512432416327406,134217728,8388608,16,1022,131278
1512432417272821,1512432417403496,134217728,8388608,16,1027,130675
1512432418345665,1512432418475924,134217728,8388608,16,1030,130259
1512432419416991,1512432419548964,134217728,8388608,16,1017,131973
1512432420491310,1512432420622261,134217728,8388608,16,1024,130951
1512432421580952,1512432421713683,134217728,8388608,16,1011,132731
1512432422672299,1512432422804634,134217728,8388608,16,1014,132335
1512432423749031,1512432423881267,134217728,8388608,16,1014,132236
1512432424824793,1512432424956304,134217728,8388608,16,1020,131511
1512432425901775,1512432426032691,134217728,8388608,16,1025,130916
1512432426976578,1512432427108071,134217728,8388608,16,1020,131493
1512432428052898,1512432428184540,134217728,8388608,16,1019,131642
1512432429126574,1512432429258369,134217728,8388608,16,1018,131795
1512432430201379,1512432430331701,134217728,8388608,16,1029,130322
1512432431277736,1512432431408827,134217728,8388608,16,1023,131091
1512432432352860,1512432432484512,134217728,8388608,16,1019,131652
1512432433426227,1512432433557832,134217728,8388608,16,1019,131605
1512432434498710,1512432434629493,134217728,8388608,16,1026,130783
1512432435573369,1512432435704238,134217728,8388608,16,1025,130869
1512432436649903,1512432436780861,134217728,8388608,16,1024,130958
1512432437722925,1512432437853932,134217728,8388608,16,1024,131007
1512432438799341,1512432438931012,134217728,8388608,16,1019,131671
1512432439873327,1512432440003045,134217728,8388608,16,1034,129718
1512432440948234,1512432441079265,134217728,8388608,16,1024,131031
1512432442019209,1512432442151027,134217728,8388608,16,1018,131818
1512432443090493,1512432443222861,134217728,8388608,16,1013,132368
1512432444164183,1512432444294967,134217728,8388608,16,1026,130784
1512432445238154,1512432445369987,134217728,8388608,16,1018,131833
1512432446315223,1512432446446068,134217728,8388608,16,1025,130845
1512432447389605,1512432447520593,134217728,8388608,16,1024,130988
1512432448466015,1512432448596544,134217728,8388608,16,1028,130529
1512432449538257,1512432449670227,134217728,8388608,16,1017,131970
1512432450610169,1512432450741442,134217728,8388608,16,1022,131273
1512432451685750,1512432451816568,134217728,8388608,16,1025,130818
1512432452759298,1512432452891204,134217728,8388608,16,1017,131906
1512432453832920,1512432453964551,134217728,8388608,16,1019,131631
1512432454906347,1512432455037619,134217728,8388608,16,1022,131272
1512432455982031,1512432456113264,134217728,8388608,16,1022,131233
1512432457059689,1512432457191633,134217728,8388608,16,1017,131944
1512432458135843,1512432458266929,134217728,8388608,16,1023,131086
1512432459209048,1512432459341430,134217728,8388608,16,1013,132382
1512432460284927,1512432460415689,134217728,8388608,16,1026,130762
1512432461358374,1512432461490166,134217728,8388608,16,1018,131792
1512432462434710,1512432462565477,134217728,8388608,16,1026,130767
1512432463507334,1512432463639171,134217728,8388608,16,1018,131837
1512432464580836,1512432464712101,134217728,8388608,16,1022,131265
1512432465655561,1512432465787434,134217728,8388608,16,1017,131873
1512432466730208,1512432466861289,134217728,8388608,16,1023,131081
1512432467804385,1512432467936398,134217728,8388608,16,1016,132013
1512432468881505,1512432469011829,134217728,8388608,16,1029,130324
1512432469954122,1512432470086215,134217728,8388608,16,1016,132093
1512432471028738,1512432471160820,134217728,8388608,16,1016,132082
1512432472103574,1512432472234444,134217728,8388608,16,1025,130870
1512432473176716,1512432473307380,134217728,8388608,16,1027,130664
1512432474249599,1512432474381390,134217728,8388608,16,1018,131791
1512432475325061,1512432475456562,134217728,8388608,16,1020,131501
1512432476399803,1512432476531437,134217728,8388608,16,1019,131634
1512432477474079,1512432477604506,134217728,8388608,16,1029,130427
1512432478548887,1512432478680200,134217728,8388608,16,1022,131313
1512432479622567,1512432479753422,134217728,8388608,16,1025,130855
1512432480699205,1512432480831076,134217728,8388608,16,1017,131871
1512432481774442,1512432481904159,134217728,8388608,16,1034,129717
1512432482847911,1512432482979213,134217728,8388608,16,1022,131302
1512432483923923,1512432484053652,134217728,8388608,16,1034,129729
1512432484999182,1512432485129064,134217728,8388608,16,1033,129882
1512432486080635,1512432486214052,134217728,8388608,16,1006,133417
1512432487160755,1512432487292007,134217728,8388608,16,1022,131252
1512432488236104,1512432488366432,134217728,8388608,16,1029,130328
1512432489309607,1512432489440228,134217728,8388608,16,1027,130621
1512432490382507,1512432490513517,134217728,8388608,16,1024,131010
1512432491454960,1512432491586399,134217728,8388608,16,1021,131439
1512432492526781,1512432492657144,134217728,8388608,16,1029,130363
1512432493598397,1512432493729340,134217728,8388608,16,1025,130943
1512432494673118,1512432494804677,134217728,8388608,16,1020,131559
1512432495748045,1512432495878680,134217728,8388608,16,1027,130635
1512432496821854,1512432496953575,134217728,8388608,16,1018,131721
1512432497895549,1512432498026888,134217728,8388608,16,1021,131339
1512432498969481,1512432499101329,134217728,8388608,16,1017,131848
1512432500045749,1512432500176751,134217728,8388608,16,1024,131002
1512432501121030,1512432501251819,134217728,8388608,16,1026,130789
1512432502194059,1512432502325506,134217728,8388608,16,1021,131447
1512432503269647,1512432503401253,134217728,8388608,16,1019,131606
1512432504344904,1512432504476722,134217728,8388608,16,1018,131818
1512432505420736,1512432505551642,134217728,8388608,16,1025,130906
1512432506494625,1512432506626171,134217728,8388608,16,1020,131546
1512432507569959,1512432507701548,134217728,8388608,16,1019,131589
1512432508645465,1512432508776861,134217728,8388608,16,1021,131396
1512432509719837,1512432509851347,134217728,8388608,16,1020,131510
1512432510793436,1512432510923848,134217728,8388608,16,1029,130412
1512432511869209,1512432512000894,134217728,8388608,16,1019,131685
1512432512944063,1512432513075342,134217728,8388608,16,1022,131279
1512432514016750,1512432514146010,134217728,8388608,16,1038,129260
1512432515088671,1512432515220286,134217728,8388608,16,1019,131615
1512432516164520,1512432516295885,134217728,8388608,16,1021,131365
1512432517238864,1512432517368630,134217728,8388608,16,1034,129766
1512432518311725,1512432518442949,134217728,8388608,16,1022,131224
1512432519385094,1512432519514903,134217728,8388608,16,1033,129809
1512432520459631,1512432520591028,134217728,8388608,16,1021,131397
1512432521535194,1512432521665893,134217728,8388608,16,1026,130699
1512432522610908,1512432522740547,134217728,8388608,16,1035,129639
1512432523684719,1512432523815829,134217728,8388608,16,1023,131110
1512432524758271,1512432524888532,134217728,8388608,16,1030,130261
1512432525831904,1512432525962921,134217728,8388608,16,1024,131017
1512432526906089,1512432527037220,134217728,8388608,16,1023,131131
1512432527980529,1512432528110634,134217728,8388608,16,1031,130105
1512432529053528,1512432529184314,134217728,8388608,16,1026,130786
1512432530128754,1512432530259963,134217728,8388608,16,1022,131209
1512432531203227,1512432531334653,134217728,8388608,16,1021,131426
1512432532280221,1512432532411699,134217728,8388608,16,1020,131478
1512432533355946,1512432533486698,134217728,8388608,16,1026,130752
1512432534429238,1512432534560369,134217728,8388608,16,1023,131131
1512432535504803,1512432535636387,134217728,8388608,16,1020,131584
1512432536581447,1512432536712518,134217728,8388608,16,1024,131071
1512432537657730,1512432537789509,134217728,8388608,16,1018,131779
1512432538732660,1512432538863278,134217728,8388608,16,1027,130618
1512432539808762,1512432539939392,134217728,8388608,16,1027,130630
1512432540883158,1512432541014885,134217728,8388608,16,1018,131727
1512432541959523,1512432542090936,134217728,8388608,16,1021,131413
1512432543036077,1512432543167466,134217728,8388608,16,1021,131389
1512432544111740,1512432544243168,134217728,8388608,16,1021,131428
1512432545190026,1512432545321409,134217728,8388608,16,1021,131383
1512432546265537,1512432546394203,134217728,8388608,16,1043,128666
1512432547338977,1512432547469332,134217728,8388608,16,1029,130355
1512432548411075,1512432548541634,134217728,8388608,16,1028,130559
1512432549485088,1512432549616451,134217728,8388608,16,1021,131363
1512432550569118,1512432550701989,134217728,8388608,16,1010,132871
1512432551645852,1512432551775419,134217728,8388608,16,1035,129567
1512432552719291,1512432552849718,134217728,8388608,16,1029,130427
1512432553795690,1512432553926619,134217728,8388608,16,1025,130929
1512432554871501,1512432555002292,134217728,8388608,16,1026,130791
1512432555946636,1512432556077731,134217728,8388608,16,1023,131095
1512432557020489,1512432557152026,134217728,8388608,16,1020,131537
1512432558096923,1512432558228713,134217728,8388608,16,1018,131790
1512432559170579,1512432559299484,134217728,8388608,16,1041,128905
1512432560241128,1512432560372453,134217728,8388608,16,1022,131325
1512432561315522,1512432561447220,134217728,8388608,16,1019,131698
1512432562391075,1512432562520867,134217728,8388608,16,1034,129792
1512432563464775,1512432563595526,134217728,8388608,16,1026,130751
1512432564537719,1512432564669369,134217728,8388608,16,1019,131650
1512432565613230,1512432565743914,134217728,8388608,16,1027,130684
1512432566688755,1512432566820186,134217728,8388608,16,1021,131431
1512432567763688,1512432567894503,134217728,8388608,16,1026,130815
1512432568838817,1512432568970123,134217728,8388608,16,1022,131306
1512432569915742,1512432570047406,134217728,8388608,16,1019,131664
1512432570991040,1512432571122595,134217728,8388608,16,1020,131555
1512432572065077,1512432572195927,134217728,8388608,16,1025,130850
1512432573137539,1512432573268684,134217728,8388608,16,1023,131145
1512432574212864,1512432574344284,134217728,8388608,16,1021,131420
1512432575288758,1512432575419643,134217728,8388608,16,1025,130885
1512432576363432,1512432576494589,134217728,8388608,16,1023,131157
1512432577439302,1512432577570923,134217728,8388608,16,1019,131621
1512432578514823,1512432578646538,134217728,8388608,16,1019,131715
1512432579589048,1512432579720604,134217728,8388608,16,1020,131556
1512432580664340,1512432580794415,134217728,8388608,16,1031,130075
1512432581739107,1512432581869270,134217728,8388608,16,1031,130163
1512432582813472,1512432582943456,134217728,8388608,16,1032,129984
1512432583885878,1512432584016218,134217728,8388608,16,1029,130340
1512432584963178,1512432585093161,134217728,8388608,16,1032,129983
1512432586035499,1512432586167142,134217728,8388608,16,1019,131643
1512432587113459,1512432587243808,134217728,8388608,16,1029,130349
1512432588188240,1512432588319360,134217728,8388608,16,1023,131120
1512432589262156,1512432589393430,134217728,8388608,16,1022,131274
1512432590336730,1512432590468059,134217728,8388608,16,1021,131329
1512432591413772,1512432591544476,134217728,8388608,16,1026,130704
1512432592487997,1512432592617908,134217728,8388608,16,1033,129911
1512432593562408,1512432593693630,134217728,8388608,16,1022,131222
1512432594638637,1512432594769388,134217728,8388608,16,1026,130751
1512432595714097,1512432595845194,134217728,8388608,16,1023,131097
1512432596789413,1512432596921090,134217728,8388608,16,1019,131677
1512432597865124,1512432597996143,134217728,8388608,16,1024,131019
1512432598941522,1512432599071541,134217728,8388608,16,1032,130019
1512432600013684,1512432600145405,134217728,8388608,16,1018,131721
1512432601089754,1512432601221343,134217728,8388608,16,1019,131589
1512432602167412,1512432602298215,134217728,8388608,16,1026,130803
1512432603241769,1512432603373357,134217728,8388608,16,1019,131588
1512432604316497,1512432604447784,134217728,8388608,16,1022,131287
1512432605390835,1512432605522251,134217728,8388608,16,1021,131416
1512432606465503,1512432606595597,134217728,8388608,16,1031,130094
1512432607537695,1512432607667814,134217728,8388608,16,1031,130119
1512432608610642,1512432608742549,134217728,8388608,16,1017,131907
1512432609687089,1512432609818490,134217728,8388608,16,1021,131401
1512432610763452,1512432610894703,134217728,8388608,16,1022,131251
1512432611838496,1512432611970088,134217728,8388608,16,1019,131592
1512432612912692,1512432613043396,134217728,8388608,16,1026,130704
1512432613986886,1512432614118644,134217728,8388608,16,1018,131758
1512432615080265,1512432615212394,134217728,8388608,16,1015,132129
1512432616158859,1512432616288345,134217728,8388608,16,1036,129486
1512432617232410,1512432617363218,134217728,8388608,16,1026,130808
1512432618307728,1512432618438767,134217728,8388608,16,1024,131039
1512432619382287,1512432619511877,134217728,8388608,16,1035,129590
1512432620455158,1512432620586338,134217728,8388608,16,1023,131180
1512432621529337,1512432621660679,134217728,8388608,16,1021,131342
1512432622605397,1512432622736745,134217728,8388608,16,1021,131348
1512432623680391,1512432623810708,134217728,8388608,16,1029,130317
1512432624755224,1512432624885290,134217728,8388608,16,1031,130066
1512432625828879,1512432625960387,134217728,8388608,16,1020,131508
1512432626903528,1512432627033856,134217728,8388608,16,1029,130328
1512432627979374,1512432628110629,134217728,8388608,16,1022,131255
1512432629054823,1512432629186503,134217728,8388608,16,1019,131680
1512432630129270,1512432630260434,134217728,8388608,16,1023,131164
1512432631206208,1512432631336582,134217728,8388608,16,1029,130374
1512432632280315,1512432632409858,134217728,8388608,16,1036,129543
1512432633353358,1512432633484254,134217728,8388608,16,1025,130896
1512432634427733,1512432634557526,134217728,8388608,16,1034,129793
1512432635500454,1512432635631864,134217728,8388608,16,1021,131410
1512432636580138,1512432636711186,134217728,8388608,16,1024,131048
1512432637655934,1512432637786973,134217728,8388608,16,1024,131039
1512432638734862,1512432638866071,134217728,8388608,16,1022,131209
1512432639808640,1512432639940145,134217728,8388608,16,1020,131505
1512432640884940,1512432641016171,134217728,8388608,16,1022,131231
1512432641959994,1512432642091205,134217728,8388608,16,1022,131211
1512432643036013,1512432643165331,134217728,8388608,16,1037,129318
1512432644108189,1512432644239408,134217728,8388608,16,1022,131219
1512432645185216,1512432645316529,134217728,8388608,16,1022,131313
1512432646261246,1512432646391785,134217728,8388608,16,1028,130539
1512432647335316,1512432647466471,134217728,8388608,16,1023,131155
1512432648409097,1512432648539491,134217728,8388608,16,1029,130394
1512432649483826,1512432649614870,134217728,8388608,16,1024,131044
1512432650560623,1512432650691075,134217728,8388608,16,1028,130452
1512432651633931,1512432651765269,134217728,8388608,16,1021,131338
1512432652708545,1512432652838733,134217728,8388608,16,1030,130188
1512432653782716,1512432653914294,134217728,8388608,16,1020,131578
1512432654857932,1512432654989534,134217728,8388608,16,1019,131602
1512432655934720,1512432656065175,134217728,8388608,16,1028,130455
1512432657007812,1512432657139197,134217728,8388608,16,1021,131385
1512432658087235,1512432658218513,134217728,8388608,16,1022,131278
1512432659163541,1512432659295265,134217728,8388608,16,1018,131724
1512432660238012,1512432660369460,134217728,8388608,16,1021,131448
1512432661313152,1512432661446141,134217728,8388608,16,1009,132989
1512432662393349,1512432662526731,134217728,8388608,16,1006,133382
1512432663469829,1512432663601464,134217728,8388608,16,1019,131635
1512432664544635,1512432664675767,134217728,8388608,16,1023,131132
1512432665621073,1512432665752511,134217728,8388608,16,1021,131438
1512432666696583,1512432666827409,134217728,8388608,16,1025,130826
1512432667770747,1512432667902665,134217728,8388608,16,1017,131918
1512432668845298,1512432668977598,134217728,8388608,16,1014,132300
1512432669920568,1512432670051653,134217728,8388608,16,1023,131085
1512432670993695,1512432671124804,134217728,8388608,16,1023,131109
1512432672067026,1512432672197858,134217728,8388608,16,1025,130832
1512432673138968,1512432673269304,134217728,8388608,16,1029,130336
1512432674211621,1512432674342737,134217728,8388608,16,1023,131116
1512432675284230,1512432675415717,134217728,8388608,16,1020,131487
1512432676359549,1512432676490949,134217728,8388608,16,1021,131400
1512432677434400,1512432677565564,134217728,8388608,16,1023,131164
1512432678508422,1512432678640023,134217728,8388608,16,1019,131601
1512432679600095,1512432679732650,134217728,8388608,16,1012,132555
1512432680678692,1512432680809516,134217728,8388608,16,1025,130824
1512432681752138,1512432681883602,134217728,8388608,16,1020,131464
1512432682824326,1512432682955531,134217728,8388608,16,1022,131205
1512432683898780,1512432684029465,134217728,8388608,16,1027,130685
1512432684972488,1512432685104339,134217728,8388608,16,1017,131851
1512432686049120,1512432686179590,134217728,8388608,16,1028,130470
1512432687123623,1512432687255421,134217728,8388608,16,1018,131798
1512432688199218,1512432688330057,134217728,8388608,16,1025,130839
1512432689274800,1512432689406346,134217728,8388608,16,1020,131546
1512432690351581,1512432690481496,134217728,8388608,16,1033,129915
1512432691424338,1512432691555790,134217728,8388608,16,1021,131452
1512432692498339,1512432692630078,134217728,8388608,16,1018,131739
1512432693573573,1512432693704119,134217728,8388608,16,1028,130546
1512432694650133,1512432694781781,134217728,8388608,16,1019,131648
1512432695724929,1512432695856417,134217728,8388608,16,1020,131488
1512432696798708,1512432696929297,134217728,8388608,16,1027,130589
1512432697873788,1512432698004833,134217728,8388608,16,1024,131045
1512432698948048,1512432699078900,134217728,8388608,16,1025,130852
1512432700023673,1512432700153944,134217728,8388608,16,1030,130271
1512432701097354,1512432701229019,134217728,8388608,16,1019,131665
1512432702170395,1512432702302001,134217728,8388608,16,1019,131606
1512432703248252,1512432703380342,134217728,8388608,16,1016,132090
1512432704325759,1512432704457459,134217728,8388608,16,1019,131700
1512432705399991,1512432705531965,134217728,8388608,16,1017,131974
1512432706475170,1512432706606280,134217728,8388608,16,1023,131110
1512432707549145,1512432707681028,134217728,8388608,16,1017,131883
1512432708622812,1512432708753489,134217728,8388608,16,1027,130677
1512432709697928,1512432709830193,134217728,8388608,16,1014,132265
1512432710773087,1512432710903893,134217728,8388608,16,1026,130806
1512432711846595,1512432711978598,134217728,8388608,16,1016,132003
1512432712923294,1512432713055071,134217728,8388608,16,1018,131777
1512432713996978,1512432714128583,134217728,8388608,16,1019,131605
1512432715074237,1512432715204302,134217728,8388608,16,1031,130065
1512432716145958,1512432716276999,134217728,8388608,16,1024,131041
1512432717219198,1512432717351135,134217728,8388608,16,1017,131937
1512432718295182,1512432718426493,134217728,8388608,16,1022,131311
1512432719374805,1512432719506673,134217728,8388608,16,1017,131868
1512432720451533,1512432720582280,134217728,8388608,16,1026,130747
1512432721525904,1512432721655913,134217728,8388608,16,1032,130009
1512432722602099,1512432722733565,134217728,8388608,16,1020,131466
1512432723678025,1512432723808822,134217728,8388608,16,1026,130797
1512432724751962,1512432724883330,134217728,8388608,16,1021,131368
1512432725830733,1512432725961969,134217728,8388608,16,1022,131236
1512432726909520,1512432727039016,134217728,8388608,16,1036,129496
1512432727984735,1512432728116096,134217728,8388608,16,1021,131361
1512432729059170,1512432729188734,134217728,8388608,16,1035,129564
1512432730130386,1512432730260672,134217728,8388608,16,1030,130286
1512432731204612,1512432731335893,134217728,8388608,16,1022,131281
1512432732281822,1512432732412960,134217728,8388608,16,1023,131138
1512432733357815,1512432733487546,134217728,8388608,16,1034,129731
1512432734433681,1512432734564818,134217728,8388608,16,1023,131137
1512432735508737,1512432735640430,134217728,8388608,16,1019,131693
1512432736583340,1512432736713110,134217728,8388608,16,1034,129770
1512432737656585,1512432737788188,134217728,8388608,16,1019,131603
1512432738732444,1512432738863275,134217728,8388608,16,1025,130831
1512432739805830,1512432739937452,134217728,8388608,16,1019,131622
1512432740881968,1512432741012569,134217728,8388608,16,1027,130601
1512432741955416,1512432742086882,134217728,8388608,16,1020,131466
1512432743029811,1512432743160754,134217728,8388608,16,1025,130943
1512432744105560,1512432744238513,134217728,8388608,16,1009,132953
1512432745182870,1512432745314847,134217728,8388608,16,1016,131977
1512432746260655,1512432746393304,134217728,8388608,16,1011,132649
1512432747336260,1512432747467331,134217728,8388608,16,1024,131071
1512432748411449,1512432748542693,134217728,8388608,16,1022,131244
1512432749486951,1512432749618096,134217728,8388608,16,1023,131145
1512432750562374,1512432750693999,134217728,8388608,16,1019,131625
1512432751636493,1512432751766814,134217728,8388608,16,1029,130321
1512432752709837,1512432752841060,134217728,8388608,16,1022,131223
1512432753785011,1512432753916761,134217728,8388608,16,1018,131750
1512432754861135,1512432754990675,134217728,8388608,16,1036,129540
1512432755933907,1512432756064883,134217728,8388608,16,1024,130976
1512432757009071,1512432757140227,134217728,8388608,16,1023,131156
1512432758083885,1512432758214929,134217728,8388608,16,1024,131044
1512432759158769,1512432759289843,134217728,8388608,16,1023,131074
1512432760234642,1512432760365091,134217728,8388608,16,1028,130449
1512432761308010,1512432761438650,134217728,8388608,16,1027,130640
1512432762382265,1512432762512333,134217728,8388608,16,1031,130068
1512432763455157,1512432763585817,134217728,8388608,16,1027,130660
1512432764530019,1512432764661624,134217728,8388608,16,1019,131605
1512432765607703,1512432765738020,134217728,8388608,16,1029,130317
1512432766680410,1512432766811621,134217728,8388608,16,1022,131211
1512432767756880,1512432767887041,134217728,8388608,16,1031,130161
1512432768831054,1512432768961923,134217728,8388608,16,1025,130869
1512432769906106,1512432770036880,134217728,8388608,16,1026,130774
1512432770978424,1512432771107249,134217728,8388608,16,1041,128825
1512432772050907,1512432772182179,134217728,8388608,16,1022,131272
1512432773128173,1512432773260006,134217728,8388608,16,1018,131833
1512432774202547,1512432774333424,134217728,8388608,16,1025,130877
1512432775276235,1512432775406300,134217728,8388608,16,1031,130065
1512432776348671,1512432776479532,134217728,8388608,16,1025,130861
1512432777423994,1512432777555671,134217728,8388608,16,1019,131677
1512432778499518,1512432778630800,134217728,8388608,16,1022,131282
1512432779573812,1512432779704377,134217728,8388608,16,1027,130565
1512432780648276,1512432780778983,134217728,8388608,16,1026,130707
1512432781722037,1512432781852694,134217728,8388608,16,1027,130657
1512432782799772,1512432782931015,134217728,8388608,16,1022,131243
1512432783873634,1512432784004050,134217728,8388608,16,1029,130416
1512432784945990,1512432785076723,134217728,8388608,16,1026,130733
1512432786021934,1512432786153065,134217728,8388608,16,1023,131131
1512432787097248,1512432787228619,134217728,8388608,16,1021,131371
1512432788171948,1512432788303454,134217728,8388608,16,1020,131506
1512432789249006,1512432789380426,134217728,8388608,16,1021,131420
1512432790321969,1512432790452854,134217728,8388608,16,1025,130885
1512432791395585,1512432791527025,134217728,8388608,16,1021,131440
1512432792472885,1512432792603722,134217728,8388608,16,1025,130837
1512432793546549,1512432793677946,134217728,8388608,16,1021,131397
1512432794621553,1512432794752627,134217728,8388608,16,1023,131074
1512432795697479,1512432795827070,134217728,8388608,16,1035,129591
1512432796770142,1512432796901050,134217728,8388608,16,1025,130908
1512432797845030,1512432797976501,134217728,8388608,16,1020,131471
1512432798922254,1512432799053437,134217728,8388608,16,1023,131183
1512432799997921,1512432800127602,134217728,8388608,16,1034,129681
1512432801070469,1512432801201890,134217728,8388608,16,1021,131421
1512432802146391,1512432802275969,134217728,8388608,16,1035,129578
1512432803219236,1512432803350838,134217728,8388608,16,1019,131602
1512432804294972,1512432804424730,134217728,8388608,16,1034,129758
1512432805370976,1512432805501666,134217728,8388608,16,1026,130690
1512432806444408,1512432806575532,134217728,8388608,16,1023,131124
1512432807520217,1512432807651673,134217728,8388608,16,1021,131456
1512432808608721,1512432808742029,134217728,8388608,16,1006,133308
1512432809707403,1512432809840746,134217728,8388608,16,1006,133343
1512432810784069,1512432810916694,134217728,8388608,16,1012,132625
1512432811860335,1512432811991595,134217728,8388608,16,1022,131260
1512432812936792,1512432813067702,134217728,8388608,16,1025,130910
1512432814011884,1512432814143250,134217728,8388608,16,1021,131366
1512432815086981,1512432815218220,134217728,8388608,16,1022,131239
1512432816161210,1512432816292667,134217728,8388608,16,1021,131457
1512432817236722,1512432817367996,134217728,8388608,16,1022,131274
1512432818313515,1512432818443756,134217728,8388608,16,1030,130241
1512432819387201,1512432819517890,134217728,8388608,16,1027,130689
1512432820460443,1512432820591592,134217728,8388608,16,1023,131149
1512432821533320,1512432821664368,134217728,8388608,16,1024,131048
1512432822607673,1512432822738194,134217728,8388608,16,1028,130521
1512432823682130,1512432823813519,134217728,8388608,16,1021,131389
1512432824759264,1512432824890873,134217728,8388608,16,1019,131609
1512432825833462,1512432825964905,134217728,8388608,16,1021,131443
1512432826909937,1512432827041268,134217728,8388608,16,1021,131331
1512432827984557,1512432828115385,134217728,8388608,16,1025,130828
1512432829058213,1512432829189857,134217728,8388608,16,1019,131644
1512432830132596,1512432830264320,134217728,8388608,16,1018,131724
1512432831208523,1512432831339768,134217728,8388608,16,1022,131245
1512432832283905,1512432832415188,134217728,8388608,16,1022,131283
1512432833358005,1512432833489375,134217728,8388608,16,1021,131370
1512432834432004,1512432834561976,134217728,8388608,16,1032,129972
1512432835504315,1512432835634170,134217728,8388608,16,1033,129855
1512432836578125,1512432836709424,134217728,8388608,16,1022,131299
1512432837653774,1512432837784905,134217728,8388608,16,1023,131131
1512432838727274,1512432838858944,134217728,8388608,16,1019,131670
1512432839801621,1512432839933238,134217728,8388608,16,1019,131617
1512432840877643,1512432841008020,134217728,8388608,16,1029,130377
1512432841952552,1512432842083574,134217728,8388608,16,1024,131022
1512432843028090,1512432843157460,134217728,8388608,16,1037,129370
1512432844103414,1512432844234649,134217728,8388608,16,1022,131235
1512432845176521,1512432845306084,134217728,8388608,16,1035,129563
1512432846251401,1512432846382165,134217728,8388608,16,1026,130764
1512432847324961,1512432847455995,134217728,8388608,16,1024,131034
1512432848401809,1512432848531312,134217728,8388608,16,1036,129503
1512432849476455,1512432849607584,134217728,8388608,16,1023,131129
1512432850552250,1512432850683065,134217728,8388608,16,1026,130815
1512432851630796,1512432851761362,134217728,8388608,16,1027,130566
1512432852704368,1512432852835078,134217728,8388608,16,1026,130710
1512432853779790,1512432853910840,134217728,8388608,16,1024,131050
1512432854855847,1512432854987140,134217728,8388608,16,1022,131293
1512432855932187,1512432856063474,134217728,8388608,16,1022,131287
1512432857007655,1512432857137983,134217728,8388608,16,1029,130328
1512432858082039,1512432858212919,134217728,8388608,16,1025,130880
1512432859159624,1512432859290634,134217728,8388608,16,1024,131010
1512432860238002,1512432860369415,134217728,8388608,16,1021,131413
1512432861312216,1512432861443098,134217728,8388608,16,1025,130882
1512432862386583,1512432862517772,134217728,8388608,16,1023,131189
1512432863462866,1512432863593466,134217728,8388608,16,1027,130600
1512432864537407,1512432864668625,134217728,8388608,16,1022,131218
1512432865612185,1512432865742350,134217728,8388608,16,1031,130165
1512432866686388,1512432866817367,134217728,8388608,16,1024,130979
1512432867759845,1512432867891061,134217728,8388608,16,1022,131216
1512432868835161,1512432868966403,134217728,8388608,16,1022,131242
1512432869910750,1512432870041520,134217728,8388608,16,1026,130770
1512432870984050,1512432871114467,134217728,8388608,16,1029,130417
1512432872058440,1512432872189193,134217728,8388608,16,1026,130753
1512432873140894,1512432873273323,134217728,8388608,16,1013,132429
1512432874239800,1512432874372626,134217728,8388608,16,1010,132826
1512432875323068,1512432875455147,134217728,8388608,16,1016,132079
1512432876397667,1512432876528807,134217728,8388608,16,1023,131140
1512432877472962,1512432877603864,134217728,8388608,16,1025,130902
1512432878546243,1512432878676136,134217728,8388608,16,1033,129893
1512432879618916,1512432879749095,134217728,8388608,16,1031,130179
1512432880693759,1512432880824901,134217728,8388608,16,1023,131142
1512432881768436,1512432881898824,134217728,8388608,16,1029,130388
1512432882844324,1512432882975327,134217728,8388608,16,1024,131003
1512432883918210,1512432884048185,134217728,8388608,16,1032,129975
1512432884990965,1512432885121019,134217728,8388608,16,1032,130054
1512432886064192,1512432886195307,134217728,8388608,16,1023,131115
1512432887138052,1512432887268977,134217728,8388608,16,1025,130925
1512432888214555,1512432888345020,134217728,8388608,16,1028,130465
1512432889288131,1512432889419050,134217728,8388608,16,1025,130919
1512432890364171,1512432890494733,134217728,8388608,16,1027,130562
1512432891437717,1512432891567907,134217728,8388608,16,1030,130190
1512432892510773,1512432892641585,134217728,8388608,16,1026,130812
1512432893585097,1512432893715582,134217728,8388608,16,1028,130485
1512432894658967,1512432894790222,134217728,8388608,16,1022,131255
1512432895733345,1512432895863899,134217728,8388608,16,1028,130554
1512432896806641,1512432896937011,134217728,8388608,16,1029,130370
1512432897881464,1512432898012124,134217728,8388608,16,1027,130660
1512432898955162,1512432899085632,134217728,8388608,16,1028,130470
1512432900030095,1512432900160491,134217728,8388608,16,1029,130396
1512432901105638,1512432901237024,134217728,8388608,16,1021,131386
1512432902180898,1512432902311969,134217728,8388608,16,1024,131071
1512432903257788,1512432903388593,134217728,8388608,16,1026,130805
1512432904332455,1512432904461630,134217728,8388608,16,1039,129175
1512432905408194,1512432905538434,134217728,8388608,16,1030,130240
1512432906480573,1512432906610714,134217728,8388608,16,1031,130141
1512432907555439,1512432907686565,134217728,8388608,16,1023,131126
1512432908628601,1512432908759931,134217728,8388608,16,1021,131330
1512432909701414,1512432909832571,134217728,8388608,16,1023,131157
1512432910776410,1512432910907448,134217728,8388608,16,1024,131038
1512432911849817,1512432911979809,134217728,8388608,16,1032,129992
1512432912923575,1512432913054449,134217728,8388608,16,1025,130874
1512432913997048,1512432914128199,134217728,8388608,16,1023,131151
1512432915070193,1512432915201199,134217728,8388608,16,1024,131006
1512432916144852,1512432916275594,134217728,8388608,16,1026,130742
1512432917219515,1512432917350526,134217728,8388608,16,1024,131011
1512432918293949,1512432918425538,134217728,8388608,16,1019,131589
1512432919369073,1512432919500085,134217728,8388608,16,1024,131012
1512432920445824,1512432920575346,134217728,8388608,16,1036,129522
1512432921520390,1512432921651143,134217728,8388608,16,1026,130753
1512432922597301,1512432922728422,134217728,8388608,16,1023,131121
1512432923671058,1512432923801122,134217728,8388608,16,1031,130064
1512432924747557,1512432924878865,134217728,8388608,16,1022,131308
1512432925822649,1512432925953852,134217728,8388608,16,1022,131203
1512432926897550,1512432927028502,134217728,8388608,16,1024,130952
1512432927972003,1512432928102703,134217728,8388608,16,1026,130700
1512432929045757,1512432929176790,134217728,8388608,16,1024,131033
1512432930121964,1512432930252030,134217728,8388608,16,1031,130066
1512432931193340,1512432931324613,134217728,8388608,16,1022,131273
1512432932266970,1512432932397307,134217728,8388608,16,1029,130337
1512432933339810,1512432933470285,134217728,8388608,16,1028,130475
1512432934413728,1512432934544633,134217728,8388608,16,1025,130905
1512432935486963,1512432935618089,134217728,8388608,16,1023,131126
1512432936561270,1512432936692606,134217728,8388608,16,1021,131336
1512432937635287,1512432937766490,134217728,8388608,16,1022,131203
1512432938728088,1512432938859035,134217728,8388608,16,1024,130947
1512432939812041,1512432939943178,134217728,8388608,16,1023,131137
1512432940887417,1512432941018478,134217728,8388608,16,1024,131061
1512432941962214,1512432942093232,134217728,8388608,16,1024,131018
1512432943037420,1512432943168414,134217728,8388608,16,1024,130994
1512432944112995,1512432944244112,134217728,8388608,16,1023,131117
1512432945186517,1512432945317551,134217728,8388608,16,1024,131034
1512432946260923,1512432946390387,134217728,8388608,16,1036,129464
1512432947333255,1512432947462228,134217728,8388608,16,1040,128973
1512432948403315,1512432948534743,134217728,8388608,16,1021,131428
1512432949477849,1512432949608472,134217728,8388608,16,1027,130623
1512432950552282,1512432950682832,134217728,8388608,16,1028,130550
1512432951626602,1512432951757602,134217728,8388608,16,1024,131000
1512432952703115,1512432952834886,134217728,8388608,16,1018,131771
1512432953777911,1512432953908236,134217728,8388608,16,1029,130325
1512432954851446,1512432954983112,134217728,8388608,16,1019,131666
1512432955925392,1512432956055253,134217728,8388608,16,1033,129861
1512432956997958,1512432957126503,134217728,8388608,16,1044,128545
1512432958069011,1512432958199319,134217728,8388608,16,1030,130308
1512432959142668,1512432959274063,134217728,8388608,16,1021,131395
1512432960219246,1512432960348524,134217728,8388608,16,1038,129278
1512432961291158,1512432961422459,134217728,8388608,16,1022,131301
1512432962367142,1512432962497902,134217728,8388608,16,1026,130760
1512432963442069,1512432963571465,134217728,8388608,16,1037,129396
1512432964511782,1512432964641809,134217728,8388608,16,1032,130027
1512432965584496,1512432965715620,134217728,8388608,16,1023,131124
1512432966659134,1512432966789799,134217728,8388608,16,1027,130665
1512432967735070,1512432967866450,134217728,8388608,16,1021,131380
1512432968812808,1512432968943199,134217728,8388608,16,1029,130391
1512432969887258,1512432970018097,134217728,8388608,16,1025,130839
1512432970965403,1512432971096298,134217728,8388608,16,1025,130895
1512432972038857,1512432972169788,134217728,8388608,16,1025,130931
1512432973114414,1512432973243111,134217728,8388608,16,1042,128697
1512432974186186,1512432974316751,134217728,8388608,16,1027,130565
1512432975260103,1512432975390667,134217728,8388608,16,1027,130564
1512432976334103,1512432976463375,134217728,8388608,16,1038,129272
1512432977405727,1512432977536525,134217728,8388608,16,1026,130798
1512432978480603,1512432978610252,134217728,8388608,16,1035,129649
1512432979556291,1512432979686742,134217728,8388608,16,1028,130451
1512432980629366,1512432980760290,134217728,8388608,16,1025,130924
1512432981703447,1512432981833579,134217728,8388608,16,1031,130132
1512432982777757,1512432982908555,134217728,8388608,16,1026,130798
1512432983853687,1512432983984277,134217728,8388608,16,1027,130590
1512432984927924,1512432985058610,134217728,8388608,16,1027,130686
1512432986002134,1512432986132744,134217728,8388608,16,1027,130610
1512432987077435,1512432987208115,134217728,8388608,16,1027,130680
1512432988153166,1512432988283926,134217728,8388608,16,1026,130760
1512432989230270,1512432989361252,134217728,8388608,16,1024,130982
1512432990308757,1512432990439180,134217728,8388608,16,1029,130423
1512432991383035,1512432991514206,134217728,8388608,16,1023,131171
1512432992460150,1512432992590093,134217728,8388608,16,1032,129943
1512432993534515,1512432993665504,134217728,8388608,16,1024,130989
1512432994607973,1512432994738187,134217728,8388608,16,1030,130214
1512432995682133,1512432995813181,134217728,8388608,16,1024,131048
1512432996755330,1512432996886150,134217728,8388608,16,1025,130820
1512432997830969,1512432997960493,134217728,8388608,16,1036,129524
1512432998905321,1512432999035634,134217728,8388608,16,1029,130313
1512432999980732,1512433000110390,134217728,8388608,16,1035,129658
1512433001054722,1512433001184671,134217728,8388608,16,1032,129949
1512433002128089,1512433002258668,134217728,8388608,16,1027,130579
1512433003206228,1512433003338171,134217728,8388608,16,1017,131943
1512433004281625,1512433004413237,134217728,8388608,16,1019,131612
1512433005355967,1512433005489032,134217728,8388608,16,1008,133065
1512433006434146,1512433006564570,134217728,8388608,16,1029,130424
1512433007510122,1512433007639431,134217728,8388608,16,1037,129309
1512433008582260,1512433008712613,134217728,8388608,16,1029,130353
1512433009655143,1512433009786620,134217728,8388608,16,1020,131477
1512433010729436,1512433010858935,134217728,8388608,16,1036,129499
1512433011802288,1512433011933097,134217728,8388608,16,1026,130809
1512433012877278,1512433013007700,134217728,8388608,16,1029,130422
1512433013949998,1512433014079625,134217728,8388608,16,1035,129627
1512433015022491,1512433015152879,134217728,8388608,16,1029,130388
1512433016096124,1512433016227760,134217728,8388608,16,1019,131636
1512433017170625,1512433017301505,134217728,8388608,16,1025,130880
1512433018246966,1512433018377719,134217728,8388608,16,1026,130753
1512433019322294,1512433019452892,134217728,8388608,16,1027,130598
1512433020396234,1512433020526156,134217728,8388608,16,1033,129922
1512433021468892,1512433021599784,134217728,8388608,16,1025,130892
1512433022544478,1512433022675578,134217728,8388608,16,1023,131100
1512433023619750,1512433023751420,134217728,8388608,16,1019,131670
1512433024697907,1512433024827674,134217728,8388608,16,1034,129767
1512433025770818,1512433025902616,134217728,8388608,16,1018,131798
1512433026847382,1512433026978443,134217728,8388608,16,1024,131061
1512433027921459,1512433028051326,134217728,8388608,16,1033,129867
1512433028992806,1512433029123898,134217728,8388608,16,1023,131092
1512433030071219,1512433030202752,134217728,8388608,16,1020,131533
1512433031147234,1512433031278837,134217728,8388608,16,1019,131603
1512433032224105,1512433032355057,134217728,8388608,16,1024,130952
1512433033299798,1512433033430246,134217728,8388608,16,1028,130448
1512433034375151,1512433034506094,134217728,8388608,16,1025,130943
1512433035450198,1512433035581618,134217728,8388608,16,1021,131420
1512433036521860,1512433036651731,134217728,8388608,16,1033,129871
1512433037594174,1512433037725513,134217728,8388608,16,1021,131339
1512433038670450,1512433038802191,134217728,8388608,16,1018,131741
1512433039744980,1512433039876191,134217728,8388608,16,1022,131211
1512433040819910,1512433040950603,134217728,8388608,16,1026,130693
1512433041894021,1512433042025452,134217728,8388608,16,1021,131431
1512433042969159,1512433043100672,134217728,8388608,16,1020,131513
1512433044043646,1512433044174904,134217728,8388608,16,1022,131258
