1512501559133048,1512501559133055,1024,64,16,146,7
1512501559138892,1512501559138898,1024,64,16,170,6
1512501559144721,1512501559144727,1024,64,16,170,6
1512501559150336,1512501559150343,1024,64,16,146,7
1512501559155922,1512501559155928,1024,64,16,170,6
1512501559161268,1512501559161274,1024,64,16,170,6
1512501559166181,1512501559166189,1024,64,16,128,8
1512501559170807,1512501559170814,1024,64,16,146,7
1512501559175142,1512501559175151,1024,64,16,113,9
1512501559179315,1512501559179322,1024,64,16,146,7
1512501559183377,1512501559183384,1024,64,16,146,7
1512501559187413,1512501559187421,1024,64,16,128,8
1512501559191487,1512501559191494,1024,64,16,146,7
1512501559195516,1512501559195525,1024,64,16,113,9
1512501559199583,1512501559199593,1024,64,16,102,10
1512501559203674,1512501559203681,1024,64,16,146,7
1512501559207771,1512501559207779,1024,64,16,128,8
1512501559211830,1512501559211838,1024,64,16,128,8
1512501559215859,1512501559215867,1024,64,16,128,8
1512501559219896,1512501559219904,1024,64,16,128,8
1512501559223959,1512501559223968,1024,64,16,113,9
1512501559227943,1512501559227953,1024,64,16,102,10
1512501559231967,1512501559231976,1024,64,16,113,9
1512501559235943,1512501559235952,1024,64,16,113,9
1512501559239924,1512501559239931,1024,64,16,146,7
1512501559243833,1512501559243841,1024,64,16,128,8
1512501559247810,1512501559247817,1024,64,16,146,7
1512501559251810,1512501559251818,1024,64,16,128,8
1512501559255781,1512501559255789,1024,64,16,128,8
1512501559259773,1512501559259780,1024,64,16,146,7
1512501559263738,1512501559263746,1024,64,16,128,8
1512501559267672,1512501559267679,1024,64,16,146,7
1512501559271565,1512501559271574,1024,64,16,113,9
1512501559275504,1512501559275513,1024,64,16,113,9
1512501559279450,1512501559279458,1024,64,16,128,8
1512501559283391,1512501559283400,1024,64,16,113,9
1512501559287321,1512501559287330,1024,64,16,113,9
1512501559291237,1512501559291246,1024,64,16,113,9
1512501559295190,1512501559295198,1024,64,16,128,8
1512501559299135,1512501559299142,1024,64,16,146,7
1512501559303074,1512501559303081,1024,64,16,146,7
1512501559306966,1512501559306974,1024,64,16,128,8
1512501559310947,1512501559310955,1024,64,16,128,8
1512501559314856,1512501559314865,1024,64,16,113,9
1512501559318753,1512501559318761,1024,64,16,128,8
1512501559322699,1512501559322707,1024,64,16,128,8
1512501559326678,1512501559326686,1024,64,16,128,8
1512501559330641,1512501559330649,1024,64,16,128,8
1512501559334615,1512501559334623,1024,64,16,128,8
1512501559338546,1512501559338553,1024,64,16,146,7
1512501559342484,1512501559342492,1024,64,16,128,8
1512501559346442,1512501559346450,1024,64,16,128,8
1512501559350335,1512501559350344,1024,64,16,113,9
1512501559354243,1512501559354251,1024,64,16,128,8
1512501559358227,1512501559358234,1024,64,16,146,7
1512501559362182,1512501559362190,1024,64,16,128,8
1512501559366135,1512501559366143,1024,64,16,128,8
1512501559370098,1512501559370106,1024,64,16,128,8
1512501559373986,1512501559373994,1024,64,16,128,8
1512501559377981,1512501559377989,1024,64,16,128,8
1512501559381885,1512501559381893,1024,64,16,128,8
1512501559385781,1512501559385790,1024,64,16,113,9
1512501559389767,1512501559389775,1024,64,16,128,8
1512501559393741,1512501559393749,1024,64,16,128,8
1512501559397733,1512501559397740,1024,64,16,146,7
1512501559401722,1512501559401730,1024,64,16,128,8
1512501559405652,1512501559405660,1024,64,16,128,8
1512501559409594,1512501559409601,1024,64,16,146,7
1512501559413523,1512501559413532,1024,64,16,113,9
1512501559417432,1512501559417440,1024,64,16,128,8
1512501559421354,1512501559421361,1024,64,16,146,7
1512501559425276,1512501559425284,1024,64,16,128,8
1512501559429249,1512501559429257,1024,64,16,128,8
1512501559433182,1512501559433190,1024,64,16,128,8
1512501559437071,1512501559437079,1024,64,16,128,8
1512501559441052,1512501559441061,1024,64,16,113,9
1512501559444989,1512501559444998,1024,64,16,113,9
1512501559448902,1512501559448911,1024,64,16,113,9
1512501559452876,1512501559452884,1024,64,16,128,8
1512501559456805,1512501559456813,1024,64,16,128,8
1512501559460714,1512501559460723,1024,64,16,113,9
1512501559464677,1512501559464685,1024,64,16,128,8
1512501559468582,1512501559468590,1024,64,16,128,8
1512501559472560,1512501559472569,1024,64,16,113,9
1512501559476523,1512501559476531,1024,64,16,128,8
1512501559480491,1512501559480499,1024,64,16,128,8
1512501559484427,1512501559484435,1024,64,16,128,8
1512501559488342,1512501559488349,1024,64,16,146,7
1512501559492274,1512501559492282,1024,64,16,128,8
1512501559496207,1512501559496214,1024,64,16,146,7
1512501559500185,1512501559500193,1024,64,16,128,8
1512501559504139,1512501559504146,1024,64,16,146,7
1512501559508100,1512501559508108,1024,64,16,128,8
1512501559512050,1512501559512059,1024,64,16,113,9
1512501559515954,1512501559515961,1024,64,16,146,7
1512501559519856,1512501559519863,1024,64,16,146,7
1512501559523824,1512501559523832,1024,64,16,128,8
1512501559527811,1512501559527819,1024,64,16,128,8
1512501559531807,1512501559531815,1024,64,16,128,8
1512501559535714,1512501559535722,1024,64,16,128,8
1512501559539705,1512501559539713,1024,64,16,128,8
1512501559543635,1512501559543642,1024,64,16,146,7
1512501559547561,1512501559547569,1024,64,16,128,8
1512501559551517,1512501559551526,1024,64,16,113,9
1512501559555421,1512501559555429,1024,64,16,128,8
1512501559559368,1512501559559376,1024,64,16,128,8
1512501559563283,1512501559563291,1024,64,16,128,8
1512501559567214,1512501559567224,1024,64,16,102,10
1512501559571180,1512501559571188,1024,64,16,128,8
1512501559575094,1512501559575102,1024,64,16,128,8
1512501559579017,1512501559579025,1024,64,16,128,8
1512501559582971,1512501559582979,1024,64,16,128,8
1512501559586895,1512501559586902,1024,64,16,146,7
1512501559590857,1512501559590864,1024,64,16,146,7
1512501559594759,1512501559594767,1024,64,16,128,8
1512501559598706,1512501559598714,1024,64,16,128,8
1512501559602583,1512501559602590,1024,64,16,146,7
1512501559606513,1512501559606521,1024,64,16,128,8
1512501559610469,1512501559610478,1024,64,16,113,9
1512501559614417,1512501559614426,1024,64,16,113,9
1512501559618375,1512501559618384,1024,64,16,113,9
1512501559622293,1512501559622302,1024,64,16,113,9
1512501559626221,1512501559626229,1024,64,16,128,8
1512501559630171,1512501559630178,1024,64,16,146,7
1512501559634086,1512501559634094,1024,64,16,128,8
1512501559638008,1512501559638017,1024,64,16,113,9
1512501559641929,1512501559641937,1024,64,16,128,8
1512501559645848,1512501559645857,1024,64,16,113,9
1512501559649782,1512501559649791,1024,64,16,113,9
1512501559653761,1512501559653769,1024,64,16,128,8
1512501559657735,1512501559657742,1024,64,16,146,7
1512501559661691,1512501559661699,1024,64,16,128,8
1512501559665640,1512501559665647,1024,64,16,146,7
1512501559669593,1512501559669601,1024,64,16,128,8
1512501559673520,1512501559673528,1024,64,16,128,8
1512501559677462,1512501559677471,1024,64,16,113,9
1512501559681439,1512501559681448,1024,64,16,113,9
1512501559685427,1512501559685435,1024,64,16,128,8
1512501559689389,1512501559689396,1024,64,16,146,7
1512501559693363,1512501559693371,1024,64,16,128,8
1512501559697325,1512501559697333,1024,64,16,128,8
1512501559701250,1512501559701259,1024,64,16,113,9
1512501559705169,1512501559705176,1024,64,16,146,7
1512501559709117,1512501559709124,1024,64,16,146,7
1512501559713015,1512501559713023,1024,64,16,128,8
1512501559716910,1512501559716917,1024,64,16,146,7
1512501559720844,1512501559720853,1024,64,16,113,9
1512501559724799,1512501559724807,1024,64,16,128,8
1512501559728759,1512501559728767,1024,64,16,128,8
1512501559732687,1512501559732695,1024,64,16,128,8
1512501559736624,1512501559736632,1024,64,16,128,8
1512501559740564,1512501559740572,1024,64,16,128,8
1512501559744485,1512501559744492,1024,64,16,146,7
1512501559748450,1512501559748457,1024,64,16,146,7
1512501559752371,1512501559752379,1024,64,16,128,8
1512501559756330,1512501559756338,1024,64,16,128,8
1512501559760266,1512501559760274,1024,64,16,128,8
1512501559764216,1512501559764224,1024,64,16,128,8
1512501559768178,1512501559768186,1024,64,16,128,8
1512501559772080,1512501559772088,1024,64,16,128,8
1512501559776016,1512501559776024,1024,64,16,128,8
1512501559779926,1512501559779934,1024,64,16,128,8
1512501559783865,1512501559783874,1024,64,16,113,9
1512501559787795,1512501559787803,1024,64,16,128,8
1512501559791762,1512501559791770,1024,64,16,128,8
1512501559795735,1512501559795744,1024,64,16,113,9
1512501559799634,1512501559799641,1024,64,16,146,7
1512501559803542,1512501559803549,1024,64,16,146,7
1512501559807474,1512501559807483,1024,64,16,113,9
1512501559811425,1512501559811432,1024,64,16,146,7
1512501559815330,1512501559815339,1024,64,16,113,9
1512501559819292,1512501559819301,1024,64,16,113,9
1512501559823297,1512501559823304,1024,64,16,146,7
1512501559827276,1512501559827284,1024,64,16,128,8
1512501559831213,1512501559831221,1024,64,16,128,8
1512501559835156,1512501559835164,1024,64,16,128,8
1512501559839079,1512501559839088,1024,64,16,113,9
1512501559843051,1512501559843059,1024,64,16,128,8
1512501559847008,1512501559847015,1024,64,16,146,7
1512501559850962,1512501559850970,1024,64,16,128,8
1512501559854888,1512501559854896,1024,64,16,128,8
1512501559858864,1512501559858872,1024,64,16,128,8
1512501559862806,1512501559862814,1024,64,16,128,8
1512501559866737,1512501559866746,1024,64,16,113,9
1512501559870703,1512501559870712,1024,64,16,113,9
1512501559874647,1512501559874656,1024,64,16,113,9
1512501559878607,1512501559878615,1024,64,16,128,8
1512501559882513,1512501559882520,1024,64,16,146,7
1512501559886448,1512501559886456,1024,64,16,128,8
1512501559890345,1512501559890353,1024,64,16,128,8
1512501559894298,1512501559894305,1024,64,16,146,7
1512501559898246,1512501559898254,1024,64,16,128,8
1512501559902238,1512501559902246,1024,64,16,128,8
1512501559906150,1512501559906159,1024,64,16,113,9
1512501559910083,1512501559910092,1024,64,16,113,9
1512501559914016,1512501559914025,1024,64,16,113,9
1512501559917974,1512501559917982,1024,64,16,128,8
1512501559921944,1512501559921952,1024,64,16,128,8
1512501559925855,1512501559925863,1024,64,16,128,8
1512501559929816,1512501559929824,1024,64,16,128,8
1512501559933782,1512501559933791,1024,64,16,113,9
1512501559937704,1512501559937711,1024,64,16,146,7
1512501559941647,1512501559941656,1024,64,16,113,9
1512501559945547,1512501559945556,1024,64,16,113,9
1512501559949471,1512501559949480,1024,64,16,113,9
1512501559953376,1512501559953384,1024,64,16,128,8
1512501559957300,1512501559957308,1024,64,16,128,8
1512501559961288,1512501559961297,1024,64,16,113,9
1512501559965262,1512501559965270,1024,64,16,128,8
1512501559969187,1512501559969195,1024,64,16,128,8
1512501559973094,1512501559973103,1024,64,16,113,9
1512501559977073,1512501559977081,1024,64,16,128,8
1512501559981016,1512501559981023,1024,64,16,146,7
1512501559984966,1512501559984975,1024,64,16,113,9
1512501559988902,1512501559988911,1024,64,16,113,9
1512501559992803,1512501559992810,1024,64,16,146,7
1512501559996751,1512501559996760,1024,64,16,113,9
1512501560000721,1512501560000730,1024,64,16,113,9
1512501560004677,1512501560004686,1024,64,16,113,9
1512501560008561,1512501560008570,1024,64,16,113,9
1512501560012450,1512501560012458,1024,64,16,128,8
1512501560016357,1512501560016365,1024,64,16,128,8
1512501560020283,1512501560020291,1024,64,16,128,8
1512501560024206,1512501560024216,1024,64,16,102,10
1512501560028147,1512501560028156,1024,64,16,113,9
1512501560032046,1512501560032054,1024,64,16,128,8
1512501560035940,1512501560035948,1024,64,16,128,8
1512501560039834,1512501560039842,1024,64,16,128,8
1512501560043821,1512501560043829,1024,64,16,128,8
1512501560047703,1512501560047711,1024,64,16,128,8
1512501560051602,1512501560051610,1024,64,16,128,8
1512501560055516,1512501560055524,1024,64,16,128,8
1512501560059455,1512501560059463,1024,64,16,128,8
1512501560063370,1512501560063378,1024,64,16,128,8
1512501560067283,1512501560067291,1024,64,16,128,8
1512501560071240,1512501560071248,1024,64,16,128,8
1512501560075129,1512501560075137,1024,64,16,128,8
1512501560079038,1512501560079045,1024,64,16,146,7
1512501560082928,1512501560082937,1024,64,16,113,9
1512501560086860,1512501560086869,1024,64,16,113,9
1512501560090744,1512501560090751,1024,64,16,146,7
1512501560094626,1512501560094635,1024,64,16,113,9
1512501560098563,1512501560098571,1024,64,16,128,8
1512501560102483,1512501560102490,1024,64,16,146,7
1512501560106376,1512501560106384,1024,64,16,128,8
1512501560110365,1512501560110374,1024,64,16,113,9
1512501560114280,1512501560114289,1024,64,16,113,9
1512501560118178,1512501560118187,1024,64,16,113,9
1512501560122116,1512501560122124,1024,64,16,128,8
1512501560126025,1512501560126033,1024,64,16,128,8
1512501560129931,1512501560129940,1024,64,16,113,9
1512501560133861,1512501560133869,1024,64,16,128,8
1512501560137748,1512501560137756,1024,64,16,128,8
1512501560141649,1512501560141659,1024,64,16,102,10
1512501560145583,1512501560145590,1024,64,16,146,7
1512501560149532,1512501560149541,1024,64,16,113,9
1512501560153439,1512501560153446,1024,64,16,146,7
1512501560157359,1512501560157367,1024,64,16,128,8
1512501560161286,1512501560161294,1024,64,16,128,8
1512501560165190,1512501560165199,1024,64,16,113,9
1512501560169087,1512501560169095,1024,64,16,128,8
1512501560173011,1512501560173019,1024,64,16,128,8
1512501560176984,1512501560176992,1024,64,16,128,8
1512501560180898,1512501560180907,1024,64,16,113,9
1512501560184835,1512501560184843,1024,64,16,128,8
1512501560188730,1512501560188738,1024,64,16,128,8
1512501560192632,1512501560192640,1024,64,16,128,8
1512501560196586,1512501560196594,1024,64,16,128,8
1512501560200565,1512501560200574,1024,64,16,113,9
1512501560204505,1512501560204513,1024,64,16,128,8
1512501560208460,1512501560208468,1024,64,16,128,8
1512501560212391,1512501560212399,1024,64,16,128,8
1512501560216357,1512501560216366,1024,64,16,113,9
1512501560220287,1512501560220295,1024,64,16,128,8
1512501560224250,1512501560224258,1024,64,16,128,8
1512501560228155,1512501560228163,1024,64,16,128,8
1512501560232141,1512501560232150,1024,64,16,113,9
1512501560236094,1512501560236101,1024,64,16,146,7
1512501560240043,1512501560240050,1024,64,16,146,7
1512501560243969,1512501560243979,1024,64,16,102,10
1512501560247905,1512501560247913,1024,64,16,128,8
1512501560251865,1512501560251873,1024,64,16,128,8
1512501560255866,1512501560255874,1024,64,16,128,8
1512501560259832,1512501560259840,1024,64,16,128,8
1512501560263810,1512501560263818,1024,64,16,128,8
1512501560267798,1512501560267806,1024,64,16,128,8
1512501560271706,1512501560271713,1024,64,16,146,7
1512501560275656,1512501560275665,1024,64,16,113,9
1512501560279608,1512501560279616,1024,64,16,128,8
1512501560283595,1512501560283603,1024,64,16,128,8
1512501560287571,1512501560287580,1024,64,16,113,9
1512501560291475,1512501560291484,1024,64,16,113,9
1512501560295435,1512501560295443,1024,64,16,128,8
1512501560299375,1512501560299383,1024,64,16,128,8
1512501560303298,1512501560303307,1024,64,16,113,9
1512501560307226,1512501560307234,1024,64,16,128,8
1512501560311118,1512501560311127,1024,64,16,113,9
1512501560315028,1512501560315036,1024,64,16,128,8
1512501560318991,1512501560318999,1024,64,16,128,8
1512501560322932,1512501560322940,1024,64,16,128,8
1512501560326825,1512501560326834,1024,64,16,113,9
1512501560330745,1512501560330754,1024,64,16,113,9
1512501560334711,1512501560334720,1024,64,16,113,9
1512501560338667,1512501560338675,1024,64,16,128,8
1512501560342642,1512501560342650,1024,64,16,128,8
1512501560346565,1512501560346573,1024,64,16,128,8
1512501560350489,1512501560350497,1024,64,16,128,8
1512501560354453,1512501560354461,1024,64,16,128,8
1512501560358381,1512501560358391,1024,64,16,102,10
1512501560362361,1512501560362371,1024,64,16,102,10
1512501560366276,1512501560366283,1024,64,16,146,7
1512501560370203,1512501560370212,1024,64,16,113,9
1512501560374105,1512501560374112,1024,64,16,146,7
1512501560378062,1512501560378071,1024,64,16,113,9
1512501560382038,1512501560382046,1024,64,16,128,8
1512501560385967,1512501560385975,1024,64,16,128,8
1512501560389914,1512501560389923,1024,64,16,113,9
1512501560393873,1512501560393881,1024,64,16,128,8
1512501560397867,1512501560397875,1024,64,16,128,8
1512501560401830,1512501560401838,1024,64,16,128,8
1512501560405780,1512501560405787,1024,64,16,146,7
1512501560409669,1512501560409679,1024,64,16,102,10
1512501560413630,1512501560413638,1024,64,16,128,8
1512501560417564,1512501560417571,1024,64,16,146,7
1512501560421499,1512501560421507,1024,64,16,128,8
1512501560425389,1512501560425397,1024,64,16,128,8
1512501560429356,1512501560429365,1024,64,16,113,9
1512501560433299,1512501560433307,1024,64,16,128,8
1512501560437244,1512501560437253,1024,64,16,113,9
1512501560441206,1512501560441215,1024,64,16,113,9
1512501560445143,1512501560445151,1024,64,16,128,8
1512501560449073,1512501560449081,1024,64,16,128,8
1512501560453007,1512501560453015,1024,64,16,128,8
1512501560457003,1512501560457011,1024,64,16,128,8
1512501560460957,1512501560460967,1024,64,16,102,10
1512501560464894,1512501560464902,1024,64,16,128,8
1512501560468820,1512501560468829,1024,64,16,113,9
1512501560472757,1512501560472766,1024,64,16,113,9
1512501560476661,1512501560476669,1024,64,16,128,8
1512501560480547,1512501560480556,1024,64,16,113,9
1512501560484489,1512501560484497,1024,64,16,128,8
1512501560488394,1512501560488401,1024,64,16,146,7
1512501560492319,1512501560492328,1024,64,16,113,9
1512501560496263,1512501560496270,1024,64,16,146,7
1512501560500240,1512501560500247,1024,64,16,146,7
1512501560504165,1512501560504173,1024,64,16,128,8
1512501560508102,1512501560508110,1024,64,16,128,8
1512501560512006,1512501560512014,1024,64,16,128,8
1512501560515977,1512501560515986,1024,64,16,113,9
1512501560519963,1512501560519970,1024,64,16,146,7
1512501560523944,1512501560523953,1024,64,16,113,9
1512501560527875,1512501560527883,1024,64,16,128,8
1512501560531837,1512501560531846,1024,64,16,113,9
1512501560535757,1512501560535766,1024,64,16,113,9
1512501560539667,1512501560539674,1024,64,16,146,7
1512501560543576,1512501560543584,1024,64,16,128,8
1512501560547545,1512501560547552,1024,64,16,146,7
1512501560551545,1512501560551552,1024,64,16,146,7
1512501560555482,1512501560555490,1024,64,16,128,8
1512501560559398,1512501560559406,1024,64,16,128,8
1512501560563341,1512501560563351,1024,64,16,102,10
1512501560567303,1512501560567311,1024,64,16,128,8
1512501560571233,1512501560571241,1024,64,16,128,8
1512501560575200,1512501560575208,1024,64,16,128,8
1512501560579200,1512501560579208,1024,64,16,128,8
1512501560583145,1512501560583153,1024,64,16,128,8
1512501560587093,1512501560587102,1024,64,16,113,9
1512501560591018,1512501560591028,1024,64,16,102,10
1512501560594979,1512501560594988,1024,64,16,113,9
1512501560598945,1512501560598952,1024,64,16,146,7
1512501560602905,1512501560602913,1024,64,16,128,8
1512501560606831,1512501560606839,1024,64,16,128,8
1512501560610772,1512501560610779,1024,64,16,146,7
1512501560614703,1512501560614712,1024,64,16,113,9
1512501560618605,1512501560618613,1024,64,16,128,8
1512501560622513,1512501560622521,1024,64,16,128,8
1512501560626437,1512501560626445,1024,64,16,128,8
1512501560630390,1512501560630398,1024,64,16,128,8
1512501560634306,1512501560634314,1024,64,16,128,8
1512501560638245,1512501560638252,1024,64,16,146,7
1512501560642149,1512501560642156,1024,64,16,146,7
1512501560646068,1512501560646075,1024,64,16,146,7
1512501560649980,1512501560649987,1024,64,16,146,7
1512501560653897,1512501560653905,1024,64,16,128,8
1512501560657795,1512501560657803,1024,64,16,128,8
1512501560661734,1512501560661742,1024,64,16,128,8
1512501560665704,1512501560665712,1024,64,16,128,8
1512501560669634,1512501560669642,1024,64,16,128,8
1512501560673541,1512501560673549,1024,64,16,128,8
1512501560677459,1512501560677467,1024,64,16,128,8
1512501560681366,1512501560681373,1024,64,16,146,7
1512501560685306,1512501560685313,1024,64,16,146,7
1512501560689202,1512501560689209,1024,64,16,146,7
1512501560693105,1512501560693114,1024,64,16,113,9
1512501560697042,1512501560697051,1024,64,16,113,9
1512501560701015,1512501560701023,1024,64,16,128,8
1512501560704969,1512501560704977,1024,64,16,128,8
1512501560708886,1512501560708893,1024,64,16,146,7
1512501560712776,1512501560712784,1024,64,16,128,8
1512501560716758,1512501560716766,1024,64,16,128,8
1512501560720694,1512501560720702,1024,64,16,128,8
1512501560724639,1512501560724647,1024,64,16,128,8
1512501560728602,1512501560728611,1024,64,16,113,9
1512501560732516,1512501560732524,1024,64,16,128,8
1512501560736478,1512501560736486,1024,64,16,128,8
1512501560740408,1512501560740416,1024,64,16,128,8
1512501560744342,1512501560744350,1024,64,16,128,8
1512501560748250,1512501560748258,1024,64,16,128,8
1512501560752165,1512501560752174,1024,64,16,113,9
1512501560756079,1512501560756087,1024,64,16,128,8
1512501560759970,1512501560759979,1024,64,16,113,9
1512501560763899,1512501560763908,1024,64,16,113,9
1512501560767867,1512501560767876,1024,64,16,113,9
1512501560771821,1512501560771828,1024,64,16,146,7
1512501560775760,1512501560775768,1024,64,16,128,8
1512501560779716,1512501560779724,1024,64,16,128,8
1512501560783695,1512501560783704,1024,64,16,113,9
1512501560787594,1512501560787601,1024,64,16,146,7
1512501560791543,1512501560791552,1024,64,16,113,9
1512501560795490,1512501560795498,1024,64,16,128,8
1512501560799436,1512501560799445,1024,64,16,113,9
1512501560803376,1512501560803383,1024,64,16,146,7
1512501560807320,1512501560807328,1024,64,16,128,8
1512501560811248,1512501560811256,1024,64,16,128,8
1512501560815232,1512501560815240,1024,64,16,128,8
1512501560819244,1512501560819253,1024,64,16,113,9
1512501560823230,1512501560823238,1024,64,16,128,8
1512501560827184,1512501560827192,1024,64,16,128,8
1512501560831180,1512501560831189,1024,64,16,113,9
1512501560835130,1512501560835140,1024,64,16,102,10
1512501560839049,1512501560839058,1024,64,16,113,9
1512501560842953,1512501560842961,1024,64,16,128,8
1512501560846880,1512501560846888,1024,64,16,128,8
1512501560850845,1512501560850853,1024,64,16,128,8
1512501560854780,1512501560854788,1024,64,16,128,8
1512501560858702,1512501560858710,1024,64,16,128,8
1512501560862660,1512501560862668,1024,64,16,128,8
1512501560866585,1512501560866592,1024,64,16,146,7
1512501560870533,1512501560870541,1024,64,16,128,8
1512501560874446,1512501560874454,1024,64,16,128,8
1512501560878367,1512501560878376,1024,64,16,113,9
1512501560882323,1512501560882330,1024,64,16,146,7
1512501560886212,1512501560886221,1024,64,16,113,9
1512501560890136,1512501560890144,1024,64,16,128,8
1512501560894061,1512501560894068,1024,64,16,146,7
1512501560898012,1512501560898019,1024,64,16,146,7
1512501560901974,1512501560901982,1024,64,16,128,8
1512501560905866,1512501560905874,1024,64,16,128,8
1512501560909837,1512501560909845,1024,64,16,128,8
1512501560913786,1512501560913796,1024,64,16,102,10
1512501560917730,1512501560917738,1024,64,16,128,8
1512501560921692,1512501560921699,1024,64,16,146,7
1512501560925613,1512501560925621,1024,64,16,128,8
1512501560929506,1512501560929514,1024,64,16,128,8
1512501560933391,1512501560933398,1024,64,16,146,7
1512501560937343,1512501560937352,1024,64,16,113,9
1512501560941316,1512501560941324,1024,64,16,128,8
1512501560945262,1512501560945270,1024,64,16,128,8
1512501560949203,1512501560949212,1024,64,16,113,9
1512501560953132,1512501560953141,1024,64,16,113,9
1512501560957072,1512501560957080,1024,64,16,128,8
1512501560961030,1512501560961038,1024,64,16,128,8
1512501560964952,1512501560964961,1024,64,16,113,9
1512501560968870,1512501560968879,1024,64,16,113,9
1512501560972800,1512501560972809,1024,64,16,113,9
1512501560976752,1512501560976759,1024,64,16,146,7
1512501560980698,1512501560980707,1024,64,16,113,9
1512501560984660,1512501560984667,1024,64,16,146,7
1512501560988583,1512501560988592,1024,64,16,113,9
1512501560992568,1512501560992576,1024,64,16,128,8
1512501560996485,1512501560996493,1024,64,16,128,8
1512501561000414,1512501561000421,1024,64,16,146,7
1512501561004360,1512501561004369,1024,64,16,113,9
1512501561008343,1512501561008351,1024,64,16,128,8
1512501561012277,1512501561012285,1024,64,16,128,8
1512501561016258,1512501561016265,1024,64,16,146,7
1512501561020219,1512501561020229,1024,64,16,102,10
1512501561024180,1512501561024190,1024,64,16,102,10
1512501561028166,1512501561028174,1024,64,16,128,8
1512501561032118,1512501561032127,1024,64,16,113,9
1512501561036105,1512501561036113,1024,64,16,128,8
1512501561039991,1512501561040001,1024,64,16,102,10
1512501561043941,1512501561043949,1024,64,16,128,8
1512501561047831,1512501561047839,1024,64,16,128,8
1512501561051772,1512501561051781,1024,64,16,113,9
1512501561055683,1512501561055691,1024,64,16,128,8
1512501561059610,1512501561059618,1024,64,16,128,8
1512501561063578,1512501561063586,1024,64,16,128,8
1512501561067517,1512501561067526,1024,64,16,113,9
1512501561071490,1512501561071499,1024,64,16,113,9
1512501561075413,1512501561075421,1024,64,16,128,8
1512501561079331,1512501561079338,1024,64,16,146,7
1512501561083258,1512501561083267,1024,64,16,113,9
1512501561087194,1512501561087203,1024,64,16,113,9
1512501561091111,1512501561091116,1024,64,16,204,5
1512501561095044,1512501561095053,1024,64,16,113,9
1512501561098974,1512501561098982,1024,64,16,128,8
1512501561102881,1512501561102888,1024,64,16,146,7
1512501561106779,1512501561106788,1024,64,16,113,9
1512501561110699,1512501561110709,1024,64,16,102,10
1512501561114682,1512501561114691,1024,64,16,113,9
1512501561118692,1512501561118700,1024,64,16,128,8
1512501561122641,1512501561122650,1024,64,16,113,9
1512501561126633,1512501561126641,1024,64,16,128,8
1512501561130604,1512501561130612,1024,64,16,128,8
1512501561134532,1512501561134540,1024,64,16,128,8
1512501561138463,1512501561138471,1024,64,16,128,8
1512501561142448,1512501561142457,1024,64,16,113,9
1512501561146380,1512501561146387,1024,64,16,146,7
1512501561150361,1512501561150369,1024,64,16,128,8
1512501561154309,1512501561154316,1024,64,16,146,7
1512501561158209,1512501561158217,1024,64,16,128,8
1512501561162135,1512501561162144,1024,64,16,113,9
1512501561166062,1512501561166070,1024,64,16,128,8
1512501561170047,1512501561170055,1024,64,16,128,8
1512501561173985,1512501561173994,1024,64,16,113,9
1512501561177983,1512501561177992,1024,64,16,113,9
1512501561181939,1512501561181949,1024,64,16,102,10
1512501561185861,1512501561185869,1024,64,16,128,8
1512501561189820,1512501561189827,1024,64,16,146,7
1512501561193771,1512501561193779,1024,64,16,128,8
1512501561197739,1512501561197748,1024,64,16,113,9
1512501561201721,1512501561201729,1024,64,16,128,8
1512501561205662,1512501561205670,1024,64,16,128,8
1512501561209579,1512501561209587,1024,64,16,128,8
1512501561213515,1512501561213522,1024,64,16,146,7
1512501561217455,1512501561217463,1024,64,16,128,8
1512501561221413,1512501561221422,1024,64,16,113,9
1512501561225390,1512501561225399,1024,64,16,113,9
1512501561229338,1512501561229345,1024,64,16,146,7
1512501561233288,1512501561233297,1024,64,16,113,9
1512501561237279,1512501561237287,1024,64,16,128,8
1512501561241203,1512501561241212,1024,64,16,113,9
1512501561245187,1512501561245195,1024,64,16,128,8
1512501561249143,1512501561249151,1024,64,16,128,8
1512501561253091,1512501561253099,1024,64,16,128,8
1512501561257025,1512501561257033,1024,64,16,128,8
1512501561260986,1512501561260994,1024,64,16,128,8
1512501561264881,1512501561264889,1024,64,16,128,8
1512501561268830,1512501561268837,1024,64,16,146,7
1512501561272805,1512501561272813,1024,64,16,128,8
1512501561276742,1512501561276751,1024,64,16,113,9
1512501561280696,1512501561280704,1024,64,16,128,8
1512501561284696,1512501561284706,1024,64,16,102,10
1512501561288631,1512501561288639,1024,64,16,128,8
1512501561292603,1512501561292611,1024,64,16,128,8
1512501561296535,1512501561296543,1024,64,16,128,8
1512501561300486,1512501561300493,1024,64,16,146,7
1512501561304410,1512501561304418,1024,64,16,128,8
1512501561308396,1512501561308404,1024,64,16,128,8
1512501561312352,1512501561312360,1024,64,16,128,8
1512501561316262,1512501561316269,1024,64,16,146,7
1512501561320125,1512501561320133,1024,64,16,128,8
1512501561324023,1512501561324031,1024,64,16,128,8
1512501561327969,1512501561327977,1024,64,16,128,8
1512501561331891,1512501561331900,1024,64,16,113,9
1512501561335869,1512501561335877,1024,64,16,128,8
1512501561339808,1512501561339816,1024,64,16,128,8
1512501561343700,1512501561343709,1024,64,16,113,9
1512501561347626,1512501561347635,1024,64,16,113,9
1512501561351536,1512501561351544,1024,64,16,128,8
1512501561355488,1512501561355496,1024,64,16,128,8
1512501561359408,1512501561359416,1024,64,16,128,8
1512501561363305,1512501561363313,1024,64,16,128,8
1512501561367193,1512501561367201,1024,64,16,128,8
1512501561371177,1512501561371186,1024,64,16,113,9
1512501561375114,1512501561375122,1024,64,16,128,8
1512501561379082,1512501561379090,1024,64,16,128,8
1512501561383017,1512501561383025,1024,64,16,128,8
1512501561386926,1512501561386934,1024,64,16,128,8
1512501561390880,1512501561390890,1024,64,16,102,10
1512501561394855,1512501561394864,1024,64,16,113,9
1512501561398841,1512501561398849,1024,64,16,128,8
1512501561402738,1512501561402747,1024,64,16,113,9
1512501561406688,1512501561406696,1024,64,16,128,8
1512501561410591,1512501561410598,1024,64,16,146,7
1512501561414560,1512501561414567,1024,64,16,146,7
1512501561418481,1512501561418489,1024,64,16,128,8
1512501561422403,1512501561422411,1024,64,16,128,8
1512501561426352,1512501561426361,1024,64,16,113,9
1512501561430264,1512501561430273,1024,64,16,113,9
1512501561434201,1512501561434209,1024,64,16,128,8
1512501561438132,1512501561438140,1024,64,16,128,8
1512501561442052,1512501561442059,1024,64,16,146,7
1512501561445995,1512501561446003,1024,64,16,128,8
1512501561449972,1512501561449980,1024,64,16,128,8
1512501561453907,1512501561453916,1024,64,16,113,9
1512501561457855,1512501561457862,1024,64,16,146,7
1512501561461791,1512501561461799,1024,64,16,128,8
1512501561465764,1512501561465774,1024,64,16,102,10
1512501561469703,1512501561469711,1024,64,16,128,8
1512501561473606,1512501561473614,1024,64,16,128,8
1512501561477571,1512501561477579,1024,64,16,128,8
1512501561481474,1512501561481482,1024,64,16,128,8
1512501561485384,1512501561485392,1024,64,16,128,8
1512501561489324,1512501561489332,1024,64,16,128,8
1512501561493285,1512501561493294,1024,64,16,113,9
1512501561497209,1512501561497216,1024,64,16,146,7
1512501561501132,1512501561501139,1024,64,16,146,7
1512501561505025,1512501561505033,1024,64,16,128,8
1512501561508997,1512501561509005,1024,64,16,128,8
1512501561512915,1512501561512922,1024,64,16,146,7
1512501561516817,1512501561516825,1024,64,16,128,8
1512501561520754,1512501561520762,1024,64,16,128,8
1512501561524674,1512501561524682,1024,64,16,128,8
1512501561528568,1512501561528578,1024,64,16,102,10
1512501561532480,1512501561532488,1024,64,16,128,8
1512501561536404,1512501561536413,1024,64,16,113,9
1512501561540376,1512501561540384,1024,64,16,128,8
1512501561544313,1512501561544321,1024,64,16,128,8
1512501561548232,1512501561548241,1024,64,16,113,9
1512501561552154,1512501561552162,1024,64,16,128,8
1512501561556047,1512501561556055,1024,64,16,128,8
1512501561559950,1512501561559957,1024,64,16,146,7
1512501561563885,1512501561563893,1024,64,16,128,8
1512501561567798,1512501561567807,1024,64,16,113,9
1512501561571768,1512501561571775,1024,64,16,146,7
1512501561575705,1512501561575713,1024,64,16,128,8
1512501561579606,1512501561579614,1024,64,16,128,8
1512501561583551,1512501561583559,1024,64,16,128,8
1512501561587480,1512501561587488,1024,64,16,128,8
1512501561591376,1512501561591383,1024,64,16,146,7
1512501561595316,1512501561595325,1024,64,16,113,9
1512501561599341,1512501561599348,1024,64,16,146,7
1512501561603299,1512501561603307,1024,64,16,128,8
1512501561607245,1512501561607252,1024,64,16,146,7
1512501561611158,1512501561611166,1024,64,16,128,8
1512501561615064,1512501561615073,1024,64,16,113,9
1512501561618991,1512501561619000,1024,64,16,113,9
1512501561622911,1512501561622920,1024,64,16,113,9
1512501561626913,1512501561626921,1024,64,16,128,8
1512501561630916,1512501561630924,1024,64,16,128,8
1512501561634870,1512501561634879,1024,64,16,113,9
1512501561638776,1512501561638785,1024,64,16,113,9
1512501561642718,1512501561642725,1024,64,16,146,7
1512501561646661,1512501561646668,1024,64,16,146,7
1512501561650565,1512501561650574,1024,64,16,113,9
1512501561654542,1512501561654550,1024,64,16,128,8
1512501561658523,1512501561658531,1024,64,16,128,8
1512501561662447,1512501561662454,1024,64,16,146,7
1512501561666392,1512501561666401,1024,64,16,113,9
1512501561670317,1512501561670326,1024,64,16,113,9
1512501561674263,1512501561674271,1024,64,16,128,8
1512501561678207,1512501561678216,1024,64,16,113,9
1512501561682180,1512501561682189,1024,64,16,113,9
1512501561686118,1512501561686125,1024,64,16,146,7
1512501561690072,1512501561690079,1024,64,16,146,7
1512501561694000,1512501561694008,1024,64,16,128,8
1512501561697958,1512501561697966,1024,64,16,128,8
1512501561701871,1512501561701879,1024,64,16,128,8
1512501561705838,1512501561705847,1024,64,16,113,9
1512501561709764,1512501561709772,1024,64,16,128,8
1512501561713670,1512501561713679,1024,64,16,113,9
1512501561717609,1512501561717618,1024,64,16,113,9
1512501561721592,1512501561721601,1024,64,16,113,9
1512501561725542,1512501561725549,1024,64,16,146,7
1512501561729457,1512501561729465,1024,64,16,128,8
1512501561733408,1512501561733416,1024,64,16,128,8
1512501561737319,1512501561737326,1024,64,16,146,7
1512501561741239,1512501561741246,1024,64,16,146,7
1512501561745132,1512501561745140,1024,64,16,128,8
1512501561749066,1512501561749074,1024,64,16,128,8
1512501561752990,1512501561752997,1024,64,16,146,7
1512501561756930,1512501561756937,1024,64,16,146,7
1512501561760835,1512501561760843,1024,64,16,128,8
1512501561764775,1512501561764783,1024,64,16,128,8
1512501561768743,1512501561768751,1024,64,16,128,8
1512501561772659,1512501561772666,1024,64,16,146,7
1512501561776592,1512501561776600,1024,64,16,128,8
1512501561780510,1512501561780517,1024,64,16,146,7
1512501561784441,1512501561784449,1024,64,16,128,8
1512501561788352,1512501561788360,1024,64,16,128,8
1512501561792258,1512501561792266,1024,64,16,128,8
1512501561796201,1512501561796209,1024,64,16,128,8
1512501561800161,1512501561800169,1024,64,16,128,8
1512501561804108,1512501561804115,1024,64,16,146,7
1512501561808011,1512501561808020,1024,64,16,113,9
1512501561811989,1512501561811996,1024,64,16,146,7
1512501561815934,1512501561815942,1024,64,16,128,8
1512501561819895,1512501561819903,1024,64,16,128,8
1512501561823802,1512501561823810,1024,64,16,128,8
1512501561827719,1512501561827728,1024,64,16,113,9
1512501561831682,1512501561831689,1024,64,16,146,7
1512501561835585,1512501561835594,1024,64,16,113,9
1512501561839542,1512501561839551,1024,64,16,113,9
1512501561843441,1512501561843449,1024,64,16,128,8
1512501561847387,1512501561847394,1024,64,16,146,7
1512501561851337,1512501561851345,1024,64,16,128,8
1512501561855299,1512501561855306,1024,64,16,146,7
1512501561859211,1512501561859218,1024,64,16,146,7
1512501561863135,1512501561863143,1024,64,16,128,8
1512501561867012,1512501561867021,1024,64,16,113,9
1512501561870970,1512501561870979,1024,64,16,113,9
1512501561874874,1512501561874882,1024,64,16,128,8
1512501561878753,1512501561878763,1024,64,16,102,10
1512501561882644,1512501561882651,1024,64,16,146,7
1512501561886589,1512501561886596,1024,64,16,146,7
1512501561890514,1512501561890523,1024,64,16,113,9
1512501561894439,1512501561894447,1024,64,16,128,8
1512501561898367,1512501561898375,1024,64,16,128,8
1512501561902364,1512501561902371,1024,64,16,146,7
1512501561906340,1512501561906348,1024,64,16,128,8
1512501561910282,1512501561910291,1024,64,16,113,9
1512501561914232,1512501561914240,1024,64,16,128,8
1512501561918157,1512501561918165,1024,64,16,128,8
1512501561922038,1512501561922046,1024,64,16,128,8
1512501561925981,1512501561925990,1024,64,16,113,9
1512501561929890,1512501561929898,1024,64,16,128,8
1512501561933858,1512501561933865,1024,64,16,146,7
1512501561937743,1512501561937751,1024,64,16,128,8
1512501561941671,1512501561941679,1024,64,16,128,8
1512501561945573,1512501561945581,1024,64,16,128,8
1512501561949491,1512501561949499,1024,64,16,128,8
1512501561953418,1512501561953426,1024,64,16,128,8
1512501561957315,1512501561957324,1024,64,16,113,9
1512501561961228,1512501561961237,1024,64,16,113,9
1512501561965196,1512501561965205,1024,64,16,113,9
1512501561969170,1512501561969177,1024,64,16,146,7
1512501561973098,1512501561973106,1024,64,16,128,8
1512501561977037,1512501561977046,1024,64,16,113,9
1512501561980971,1512501561980978,1024,64,16,146,7
1512501561984940,1512501561984950,1024,64,16,102,10
1512501561988927,1512501561988935,1024,64,16,128,8
1512501561992851,1512501561992858,1024,64,16,146,7
1512501561996749,1512501561996756,1024,64,16,146,7
1512501562000723,1512501562000731,1024,64,16,128,8
1512501562004616,1512501562004624,1024,64,16,128,8
1512501562008586,1512501562008595,1024,64,16,113,9
1512501562012531,1512501562012539,1024,64,16,128,8
1512501562016465,1512501562016473,1024,64,16,128,8
1512501562020417,1512501562020425,1024,64,16,128,8
1512501562024373,1512501562024381,1024,64,16,128,8
1512501562028302,1512501562028310,1024,64,16,128,8
1512501562032250,1512501562032257,1024,64,16,146,7
1512501562036205,1512501562036213,1024,64,16,128,8
1512501562040113,1512501562040121,1024,64,16,128,8
1512501562044072,1512501562044080,1024,64,16,128,8
1512501562047953,1512501562047961,1024,64,16,128,8
1512501562051823,1512501562051831,1024,64,16,128,8
1512501562055736,1512501562055745,1024,64,16,113,9
1512501562059665,1512501562059673,1024,64,16,128,8
1512501562063560,1512501562063568,1024,64,16,128,8
1512501562067493,1512501562067502,1024,64,16,113,9
1512501562071400,1512501562071408,1024,64,16,128,8
1512501562075333,1512501562075341,1024,64,16,128,8
1512501562079282,1512501562079291,1024,64,16,113,9
1512501562083241,1512501562083249,1024,64,16,128,8
1512501562087181,1512501562087188,1024,64,16,146,7
1512501562091115,1512501562091122,1024,64,16,146,7
1512501562095071,1512501562095079,1024,64,16,128,8
1512501562099013,1512501562099021,1024,64,16,128,8
1512501562102949,1512501562102957,1024,64,16,128,8
1512501562106883,1512501562106892,1024,64,16,113,9
1512501562110834,1512501562110842,1024,64,16,128,8
1512501562114825,1512501562114834,1024,64,16,113,9
1512501562118789,1512501562118797,1024,64,16,128,8
1512501562122696,1512501562122705,1024,64,16,113,9
1512501562126697,1512501562126704,1024,64,16,146,7
1512501562130629,1512501562130637,1024,64,16,128,8
1512501562134579,1512501562134587,1024,64,16,128,8
1512501562138482,1512501562138490,1024,64,16,128,8
1512501562142400,1512501562142408,1024,64,16,128,8
1512501562146330,1512501562146337,1024,64,16,146,7
1512501562150262,1512501562150271,1024,64,16,113,9
1512501562154172,1512501562154181,1024,64,16,113,9
1512501562158084,1512501562158093,1024,64,16,113,9
1512501562162042,1512501562162050,1024,64,16,128,8
1512501562165986,1512501562165995,1024,64,16,113,9
1512501562169926,1512501562169935,1024,64,16,113,9
1512501562173868,1512501562173876,1024,64,16,128,8
1512501562177812,1512501562177820,1024,64,16,128,8
1512501562181753,1512501562181761,1024,64,16,128,8
1512501562185692,1512501562185700,1024,64,16,128,8
1512501562189565,1512501562189573,1024,64,16,128,8
1512501562193451,1512501562193459,1024,64,16,128,8
1512501562197370,1512501562197378,1024,64,16,128,8
1512501562201317,1512501562201326,1024,64,16,113,9
1512501562205258,1512501562205266,1024,64,16,128,8
1512501562209200,1512501562209209,1024,64,16,113,9
1512501562213098,1512501562213106,1024,64,16,128,8
1512501562217025,1512501562217033,1024,64,16,128,8
1512501562220919,1512501562220928,1024,64,16,113,9
1512501562224875,1512501562224883,1024,64,16,128,8
1512501562228797,1512501562228805,1024,64,16,128,8
1512501562232708,1512501562232717,1024,64,16,113,9
1512501562236663,1512501562236672,1024,64,16,113,9
1512501562240603,1512501562240611,1024,64,16,128,8
1512501562244515,1512501562244523,1024,64,16,128,8
1512501562248457,1512501562248466,1024,64,16,113,9
1512501562252405,1512501562252413,1024,64,16,128,8
1512501562256345,1512501562256352,1024,64,16,146,7
1512501562260293,1512501562260302,1024,64,16,113,9
1512501562264236,1512501562264244,1024,64,16,128,8
1512501562268185,1512501562268193,1024,64,16,128,8
1512501562272092,1512501562272101,1024,64,16,113,9
1512501562276027,1512501562276036,1024,64,16,113,9
1512501562279950,1512501562279958,1024,64,16,128,8
1512501562283926,1512501562283935,1024,64,16,113,9
1512501562287832,1512501562287840,1024,64,16,128,8
1512501562291749,1512501562291757,1024,64,16,128,8
1512501562295676,1512501562295683,1024,64,16,146,7
1512501562299569,1512501562299578,1024,64,16,113,9
1512501562303506,1512501562303515,1024,64,16,113,9
1512501562307448,1512501562307455,1024,64,16,146,7
1512501562311330,1512501562311339,1024,64,16,113,9
1512501562315261,1512501562315269,1024,64,16,128,8
1512501562319209,1512501562319217,1024,64,16,128,8
1512501562323132,1512501562323141,1024,64,16,113,9
1512501562327117,1512501562327125,1024,64,16,128,8
1512501562331045,1512501562331053,1024,64,16,128,8
1512501562334969,1512501562334978,1024,64,16,113,9
1512501562338926,1512501562338934,1024,64,16,128,8
1512501562342868,1512501562342876,1024,64,16,128,8
1512501562346773,1512501562346780,1024,64,16,146,7
1512501562350749,1512501562350756,1024,64,16,146,7
1512501562354648,1512501562354657,1024,64,16,113,9
1512501562358619,1512501562358628,1024,64,16,113,9
1512501562362542,1512501562362550,1024,64,16,128,8
1512501562366470,1512501562366479,1024,64,16,113,9
1512501562370392,1512501562370401,1024,64,16,113,9
1512501562374322,1512501562374331,1024,64,16,113,9
1512501562378287,1512501562378294,1024,64,16,146,7
1512501562382255,1512501562382262,1024,64,16,146,7
1512501562386207,1512501562386215,1024,64,16,128,8
1512501562390099,1512501562390107,1024,64,16,128,8
1512501562394003,1512501562394012,1024,64,16,113,9
1512501562397910,1512501562397918,1024,64,16,128,8
1512501562401864,1512501562401873,1024,64,16,113,9
1512501562405754,1512501562405762,1024,64,16,128,8
1512501562409679,1512501562409686,1024,64,16,146,7
1512501562413613,1512501562413621,1024,64,16,128,8
1512501562417564,1512501562417572,1024,64,16,128,8
1512501562421501,1512501562421509,1024,64,16,128,8
1512501562425368,1512501562425375,1024,64,16,146,7
1512501562429292,1512501562429299,1024,64,16,146,7
1512501562433254,1512501562433263,1024,64,16,113,9
1512501562437184,1512501562437192,1024,64,16,128,8
1512501562441076,1512501562441083,1024,64,16,146,7
1512501562445013,1512501562445021,1024,64,16,128,8
1512501562448947,1512501562448956,1024,64,16,113,9
1512501562452871,1512501562452880,1024,64,16,113,9
1512501562456803,1512501562456812,1024,64,16,113,9
1512501562460735,1512501562460744,1024,64,16,113,9
1512501562464665,1512501562464673,1024,64,16,128,8
1512501562468574,1512501562468583,1024,64,16,113,9
1512501562472474,1512501562472482,1024,64,16,128,8
1512501562476384,1512501562476393,1024,64,16,113,9
1512501562480278,1512501562480287,1024,64,16,113,9
1512501562484192,1512501562484200,1024,64,16,128,8
1512501562488094,1512501562488102,1024,64,16,128,8
1512501562491998,1512501562492006,1024,64,16,128,8
1512501562495924,1512501562495932,1024,64,16,128,8
1512501562499848,1512501562499856,1024,64,16,128,8
1512501562503811,1512501562503819,1024,64,16,128,8
1512501562507734,1512501562507741,1024,64,16,146,7
1512501562511664,1512501562511670,1024,64,16,170,6
1512501562515604,1512501562515611,1024,64,16,146,7
1512501562519557,1512501562519565,1024,64,16,128,8
1512501562523518,1512501562523526,1024,64,16,128,8
1512501562527480,1512501562527488,1024,64,16,128,8
1512501562531440,1512501562531449,1024,64,16,113,9
1512501562535378,1512501562535386,1024,64,16,128,8
1512501562539339,1512501562539347,1024,64,16,128,8
1512501562543273,1512501562543281,1024,64,16,128,8
1512501562547188,1512501562547196,1024,64,16,128,8
1512501562551174,1512501562551182,1024,64,16,128,8
1512501562555091,1512501562555098,1024,64,16,146,7
1512501562559023,1512501562559031,1024,64,16,128,8
1512501562562971,1512501562562979,1024,64,16,128,8
1512501562566885,1512501562566894,1024,64,16,113,9
1512501562570805,1512501562570814,1024,64,16,113,9
1512501562574706,1512501562574713,1024,64,16,146,7
1512501562578673,1512501562578681,1024,64,16,128,8
1512501562582573,1512501562582581,1024,64,16,128,8
1512501562586542,1512501562586550,1024,64,16,128,8
1512501562590469,1512501562590476,1024,64,16,146,7
1512501562594402,1512501562594409,1024,64,16,146,7
1512501562598357,1512501562598365,1024,64,16,128,8
1512501562602307,1512501562602315,1024,64,16,128,8
1512501562606262,1512501562606271,1024,64,16,113,9
1512501562610191,1512501562610200,1024,64,16,113,9
1512501562614126,1512501562614134,1024,64,16,128,8
1512501562618025,1512501562618033,1024,64,16,128,8
1512501562621942,1512501562621951,1024,64,16,113,9
1512501562625897,1512501562625906,1024,64,16,113,9
1512501562629771,1512501562629780,1024,64,16,113,9
1512501562633722,1512501562633730,1024,64,16,128,8
1512501562637674,1512501562637683,1024,64,16,113,9
1512501562641605,1512501562641613,1024,64,16,128,8
1512501562645535,1512501562645543,1024,64,16,128,8
1512501562649457,1512501562649465,1024,64,16,128,8
1512501562653394,1512501562653402,1024,64,16,128,8
1512501562657343,1512501562657352,1024,64,16,113,9
1512501562661233,1512501562661240,1024,64,16,146,7
1512501562665169,1512501562665177,1024,64,16,128,8
1512501562669092,1512501562669100,1024,64,16,128,8
1512501562673052,1512501562673059,1024,64,16,146,7
1512501562677012,1512501562677020,1024,64,16,128,8
1512501562680939,1512501562680947,1024,64,16,128,8
1512501562684899,1512501562684908,1024,64,16,113,9
1512501562688784,1512501562688792,1024,64,16,128,8
1512501562692677,1512501562692685,1024,64,16,128,8
1512501562696586,1512501562696595,1024,64,16,113,9
1512501562700546,1512501562700554,1024,64,16,128,8
1512501562704433,1512501562704441,1024,64,16,128,8
1512501562708374,1512501562708382,1024,64,16,128,8
1512501562712305,1512501562712314,1024,64,16,113,9
1512501562716251,1512501562716260,1024,64,16,113,9
1512501562720176,1512501562720184,1024,64,16,128,8
1512501562724135,1512501562724143,1024,64,16,128,8
1512501562728098,1512501562728106,1024,64,16,128,8
1512501562732024,1512501562732033,1024,64,16,113,9
1512501562735975,1512501562735984,1024,64,16,113,9
1512501562739859,1512501562739867,1024,64,16,128,8
1512501562743799,1512501562743808,1024,64,16,113,9
1512501562747780,1512501562747788,1024,64,16,128,8
1512501562751697,1512501562751705,1024,64,16,128,8
1512501562755600,1512501562755609,1024,64,16,113,9
1512501562759491,1512501562759499,1024,64,16,128,8
1512501562763391,1512501562763399,1024,64,16,128,8
1512501562767360,1512501562767368,1024,64,16,128,8
1512501562771274,1512501562771284,1024,64,16,102,10
1512501562775172,1512501562775179,1024,64,16,146,7
1512501562779129,1512501562779137,1024,64,16,128,8
1512501562783063,1512501562783072,1024,64,16,113,9
1512501562786990,1512501562786997,1024,64,16,146,7
1512501562790927,1512501562790937,1024,64,16,102,10
1512501562794855,1512501562794864,1024,64,16,113,9
1512501562798782,1512501562798790,1024,64,16,128,8
1512501562802712,1512501562802720,1024,64,16,128,8
1512501562806627,1512501562806636,1024,64,16,113,9
1512501562810621,1512501562810629,1024,64,16,128,8
1512501562814598,1512501562814606,1024,64,16,128,8
1512501562818546,1512501562818554,1024,64,16,128,8
1512501562822454,1512501562822462,1024,64,16,128,8
1512501562826433,1512501562826442,1024,64,16,113,9
1512501562830397,1512501562830407,1024,64,16,102,10
1512501562834380,1512501562834389,1024,64,16,113,9
1512501562838265,1512501562838273,1024,64,16,128,8
1512501562842200,1512501562842209,1024,64,16,113,9
1512501562846146,1512501562846153,1024,64,16,146,7
1512501562850102,1512501562850110,1024,64,16,128,8
1512501562854027,1512501562854035,1024,64,16,128,8
1512501562857947,1512501562857956,1024,64,16,113,9
1512501562861887,1512501562861896,1024,64,16,113,9
1512501562865775,1512501562865783,1024,64,16,128,8
1512501562869679,1512501562869687,1024,64,16,128,8
1512501562873592,1512501562873600,1024,64,16,128,8
1512501562877555,1512501562877563,1024,64,16,128,8
1512501562881476,1512501562881484,1024,64,16,128,8
1512501562885393,1512501562885400,1024,64,16,146,7
1512501562889285,1512501562889295,1024,64,16,102,10
1512501562893220,1512501562893229,1024,64,16,113,9
1512501562897193,1512501562897200,1024,64,16,146,7
1512501562901191,1512501562901198,1024,64,16,146,7
1512501562905139,1512501562905148,1024,64,16,113,9
1512501562909043,1512501562909051,1024,64,16,128,8
1512501562912969,1512501562912977,1024,64,16,128,8
1512501562916883,1512501562916892,1024,64,16,113,9
1512501562920799,1512501562920807,1024,64,16,128,8
1512501562924782,1512501562924791,1024,64,16,113,9
1512501562928718,1512501562928727,1024,64,16,113,9
1512501562932628,1512501562932636,1024,64,16,128,8
1512501562936579,1512501562936587,1024,64,16,128,8
1512501562940499,1512501562940509,1024,64,16,102,10
1512501562944454,1512501562944462,1024,64,16,128,8
1512501562948394,1512501562948402,1024,64,16,128,8
1512501562952320,1512501562952328,1024,64,16,128,8
1512501562956304,1512501562956313,1024,64,16,113,9
1512501562960293,1512501562960301,1024,64,16,128,8
1512501562964246,1512501562964254,1024,64,16,128,8
1512501562968174,1512501562968182,1024,64,16,128,8
1512501562972126,1512501562972133,1024,64,16,146,7
1512501562976068,1512501562976076,1024,64,16,128,8
1512501562980016,1512501562980024,1024,64,16,128,8
1512501562983979,1512501562983987,1024,64,16,128,8
1512501562987966,1512501562987974,1024,64,16,128,8
1512501562991929,1512501562991937,1024,64,16,128,8
1512501562995841,1512501562995850,1024,64,16,113,9
1512501562999812,1512501562999819,1024,64,16,146,7
1512501563003781,1512501563003789,1024,64,16,128,8
1512501563007676,1512501563007684,1024,64,16,128,8
1512501563011613,1512501563011621,1024,64,16,128,8
1512501563015526,1512501563015535,1024,64,16,113,9
1512501563019515,1512501563019524,1024,64,16,113,9
1512501563023424,1512501563023432,1024,64,16,128,8
1512501563027371,1512501563027378,1024,64,16,146,7
1512501563031325,1512501563031333,1024,64,16,128,8
1512501563035312,1512501563035321,1024,64,16,113,9
1512501563039248,1512501563039257,1024,64,16,113,9
1512501563043152,1512501563043160,1024,64,16,128,8
1512501563047084,1512501563047092,1024,64,16,128,8
1512501563051063,1512501563051073,1024,64,16,102,10
1512501563055006,1512501563055014,1024,64,16,128,8
1512501563058915,1512501563058924,1024,64,16,113,9
1512501563062825,1512501563062833,1024,64,16,128,8
1512501563066814,1512501563066822,1024,64,16,128,8
1512501563070733,1512501563070741,1024,64,16,128,8
1512501563074703,1512501563074711,1024,64,16,128,8
1512501563078652,1512501563078660,1024,64,16,128,8
