1512779444738485,1512779444745742,20971520,655360,32,2889,7257
1512779444897524,1512779444904730,20971520,655360,32,2910,7206
1512779445057066,1512779445064294,20971520,655360,32,2901,7228
1512779445214138,1512779445221237,20971520,655360,32,2954,7099
1512779445370822,1512779445377984,20971520,655360,32,2928,7162
1512779445527890,1512779445534930,20971520,655360,32,2978,7040
1512779445684523,1512779445691579,20971520,655360,32,2972,7056
1512779445841096,1512779445848205,20971520,655360,32,2949,7109
1512779445998136,1512779446005164,20971520,655360,32,2983,7028
1512779446154677,1512779446161806,20971520,655360,32,2941,7129
1512779446310659,1512779446317795,20971520,655360,32,2938,7136
1512779446466916,1512779446473976,20971520,655360,32,2970,7060
1512779446622804,1512779446629901,20971520,655360,32,2954,7097
1512779446779209,1512779446786342,20971520,655360,32,2940,7133
1512779446935082,1512779446942183,20971520,655360,32,2953,7101
1512779447090481,1512779447097553,20971520,655360,32,2965,7072
1512779447245607,1512779447252812,20971520,655360,32,2910,7205
1512779447402575,1512779447409633,20971520,655360,32,2971,7058
1512779447558523,1512779447565642,20971520,655360,32,2945,7119
1512779447714601,1512779447721748,20971520,655360,32,2934,7147
1512779447871063,1512779447878036,20971520,655360,32,3007,6973
1512779448026907,1512779448034008,20971520,655360,32,2953,7101
1512779448183595,1512779448190763,20971520,655360,32,2925,7168
1512779448339774,1512779448346844,20971520,655360,32,2966,7070
1512779448496138,1512779448503268,20971520,655360,32,2941,7130
1512779448652397,1512779448659468,20971520,655360,32,2965,7071
1512779448807889,1512779448815049,20971520,655360,32,2928,7160
1512779448963760,1512779448970928,20971520,655360,32,2925,7168
1512779449119701,1512779449126720,20971520,655360,32,2987,7019
1512779449275609,1512779449282816,20971520,655360,32,2909,7207
1512779449431493,1512779449438552,20971520,655360,32,2970,7059
1512779449587442,1512779449594576,20971520,655360,32,2939,7134
1512779449743844,1512779449751020,20971520,655360,32,2922,7176
1512779449899723,1512779449906911,20971520,655360,32,2917,7188
1512779450055549,1512779450062793,20971520,655360,32,2895,7244
1512779450213389,1512779450220572,20971520,655360,32,2919,7183
1512779450369299,1512779450376399,20971520,655360,32,2953,7100
1512779450524741,1512779450531939,20971520,655360,32,2913,7198
1512779450680525,1512779450687569,20971520,655360,32,2977,7044
1512779450835909,1512779450843083,20971520,655360,32,2923,7174
1512779450991047,1512779450998154,20971520,655360,32,2950,7107
1512779451147231,1512779451154300,20971520,655360,32,2966,7069
1512779451303662,1512779451310830,20971520,655360,32,2925,7168
1512779451459807,1512779451466855,20971520,655360,32,2975,7048
1512779451616304,1512779451623397,20971520,655360,32,2956,7093
1512779451771510,1512779451778521,20971520,655360,32,2991,7011
1512779451926732,1512779451933977,20971520,655360,32,2894,7245
1512779452082467,1512779452089558,20971520,655360,32,2957,7091
1512779452237805,1512779452244943,20971520,655360,32,2938,7138
1512779452393907,1512779452401024,20971520,655360,32,2946,7117
1512779452549233,1512779452556343,20971520,655360,32,2949,7110
1512779452704593,1512779452711705,20971520,655360,32,2948,7112
1512779452859801,1512779452866963,20971520,655360,32,2928,7162
1512779453015521,1512779453022667,20971520,655360,32,2934,7146
1512779453171669,1512779453178679,20971520,655360,32,2991,7010
1512779453327213,1512779453334271,20971520,655360,32,2971,7058
1512779453483610,1512779453490667,20971520,655360,32,2971,7057
1512779453639593,1512779453646688,20971520,655360,32,2955,7095
1512779453795775,1512779453802874,20971520,655360,32,2954,7099
1512779453951665,1512779453958800,20971520,655360,32,2939,7135
1512779454108400,1512779454115490,20971520,655360,32,2957,7090
1512779454263796,1512779454270980,20971520,655360,32,2919,7184
1512779454419869,1512779454426998,20971520,655360,32,2941,7129
1512779454575634,1512779454582749,20971520,655360,32,2947,7115
1512779454732200,1512779454739319,20971520,655360,32,2945,7119
1512779454887957,1512779454895204,20971520,655360,32,2893,7247
1512779455043923,1512779455051102,20971520,655360,32,2921,7179
1512779455199464,1512779455206549,20971520,655360,32,2959,7085
1512779455354586,1512779455361739,20971520,655360,32,2931,7153
1512779455510139,1512779455517325,20971520,655360,32,2918,7186
1512779455666359,1512779455673517,20971520,655360,32,2929,7158
1512779455822644,1512779455829877,20971520,655360,32,2899,7233
1512779455978555,1512779455985722,20971520,655360,32,2926,7167
1512779456135224,1512779456142285,20971520,655360,32,2970,7061
1512779456291716,1512779456298758,20971520,655360,32,2978,7042
1512779456447605,1512779456454706,20971520,655360,32,2953,7101
1512779456604250,1512779456611333,20971520,655360,32,2960,7083
1512779456760257,1512779456767489,20971520,655360,32,2899,7232
1512779456915632,1512779456922804,20971520,655360,32,2924,7172
1512779457071337,1512779457078500,20971520,655360,32,2927,7163
1512779457226908,1512779457234117,20971520,655360,32,2909,7209
1512779457382140,1512779457389370,20971520,655360,32,2900,7230
1512779457538089,1512779457545244,20971520,655360,32,2931,7155
1512779457694122,1512779457701235,20971520,655360,32,2948,7113
1512779457849624,1512779457856749,20971520,655360,32,2943,7125
1512779458005324,1512779458012481,20971520,655360,32,2930,7157
1512779458160603,1512779458167768,20971520,655360,32,2926,7165
1512779458316497,1512779458323542,20971520,655360,32,2976,7045
1512779458472263,1512779458479369,20971520,655360,32,2951,7106
1512779458627930,1512779458635129,20971520,655360,32,2913,7199
1512779458784368,1512779458791548,20971520,655360,32,2920,7180
1512779458940560,1512779458947726,20971520,655360,32,2926,7166
1512779459096501,1512779459103705,20971520,655360,32,2911,7204
1512779459252383,1512779459259391,20971520,655360,32,2992,7008
1512779459408831,1512779459415921,20971520,655360,32,2957,7090
1512779459564652,1512779459571787,20971520,655360,32,2939,7135
1512779459720979,1512779459728089,20971520,655360,32,2949,7110
1512779459876028,1512779459883251,20971520,655360,32,2903,7223
1512779460031928,1512779460039001,20971520,655360,32,2965,7073
1512779460188003,1512779460195076,20971520,655360,32,2965,7073
1512779460343913,1512779460351065,20971520,655360,32,2932,7152
1512779460499510,1512779460506769,20971520,655360,32,2889,7259
1512779460655686,1512779460662898,20971520,655360,32,2907,7212
1512779460811954,1512779460819088,20971520,655360,32,2939,7134
1512779460967907,1512779460975127,20971520,655360,32,2904,7220
1512779461123345,1512779461130540,20971520,655360,32,2914,7195
1512779461278979,1512779461286164,20971520,655360,32,2918,7185
1512779461435462,1512779461442542,20971520,655360,32,2962,7080
1512779461591435,1512779461598626,20971520,655360,32,2916,7191
1512779461747604,1512779461754739,20971520,655360,32,2939,7135
1512779461903518,1512779461910672,20971520,655360,32,2931,7154
1512779462059690,1512779462066779,20971520,655360,32,2958,7089
1512779462215258,1512779462222427,20971520,655360,32,2925,7169
1512779462371925,1512779462379054,20971520,655360,32,2941,7129
1512779462527444,1512779462534663,20971520,655360,32,2905,7219
1512779462682903,1512779462690040,20971520,655360,32,2938,7137
1512779462839070,1512779462846242,20971520,655360,32,2924,7172
1512779462994987,1512779463002205,20971520,655360,32,2905,7218
1512779463150518,1512779463157712,20971520,655360,32,2915,7194
1512779463306270,1512779463313374,20971520,655360,32,2952,7104
1512779463462512,1512779463469721,20971520,655360,32,2909,7209
1512779463617831,1512779463625025,20971520,655360,32,2915,7194
1512779463773611,1512779463780808,20971520,655360,32,2913,7197
1512779463930000,1512779463937125,20971520,655360,32,2943,7125
1512779464085824,1512779464092953,20971520,655360,32,2941,7129
1512779464241848,1512779464248991,20971520,655360,32,2935,7143
1512779464398406,1512779464405541,20971520,655360,32,2939,7135
1512779464553960,1512779464561056,20971520,655360,32,2955,7096
1512779464709595,1512779464716786,20971520,655360,32,2916,7191
1512779464865619,1512779464872689,20971520,655360,32,2966,7070
1512779465020760,1512779465027784,20971520,655360,32,2985,7024
1512779465176295,1512779465183433,20971520,655360,32,2938,7138
1512779465331682,1512779465338800,20971520,655360,32,2946,7118
1512779465487128,1512779465494256,20971520,655360,32,2942,7128
1512779465642896,1512779465650021,20971520,655360,32,2943,7125
1512779465798620,1512779465805832,20971520,655360,32,2907,7212
1512779465954712,1512779465961863,20971520,655360,32,2932,7151
1512779466110524,1512779466117679,20971520,655360,32,2931,7155
1512779466265885,1512779466272982,20971520,655360,32,2954,7097
1512779466421123,1512779466428280,20971520,655360,32,2930,7157
1512779466576749,1512779466583953,20971520,655360,32,2911,7204
1512779466732085,1512779466739200,20971520,655360,32,2947,7115
1512779466887871,1512779466895087,20971520,655360,32,2906,7216
1512779467043732,1512779467050878,20971520,655360,32,2934,7146
1512779467199737,1512779467206880,20971520,655360,32,2935,7143
1512779467355927,1512779467363089,20971520,655360,32,2928,7162
1512779467511886,1512779467519103,20971520,655360,32,2905,7217
1512779467667774,1512779467674939,20971520,655360,32,2926,7165
1512779467824325,1512779467831398,20971520,655360,32,2965,7073
1512779467979964,1512779467987090,20971520,655360,32,2942,7126
1512779468136911,1512779468144104,20971520,655360,32,2915,7193
1512779468293193,1512779468300278,20971520,655360,32,2959,7085
1512779468449108,1512779468456219,20971520,655360,32,2949,7111
1512779468605055,1512779468612202,20971520,655360,32,2934,7147
1512779468760978,1512779468768102,20971520,655360,32,2943,7124
1512779468916501,1512779468923548,20971520,655360,32,2975,7047
1512779469072791,1512779469079967,20971520,655360,32,2922,7176
1512779469228246,1512779469235265,20971520,655360,32,2987,7019
1512779469383714,1512779469390669,20971520,655360,32,3015,6955
1512779469539909,1512779469547057,20971520,655360,32,2933,7148
1512779469695290,1512779469702340,20971520,655360,32,2974,7050
1512779469851419,1512779469858692,20971520,655360,32,2883,7273
1512779470007819,1512779470015071,20971520,655360,32,2891,7252
1512779470163909,1512779470171067,20971520,655360,32,2929,7158
1512779470319610,1512779470326817,20971520,655360,32,2909,7207
1512779470475792,1512779470482961,20971520,655360,32,2925,7169
1512779470631737,1512779470638875,20971520,655360,32,2938,7138
1512779470787188,1512779470794343,20971520,655360,32,2931,7155
1512779470942872,1512779470950047,20971520,655360,32,2922,7175
1512779471098596,1512779471105766,20971520,655360,32,2924,7170
1512779471254496,1512779471261608,20971520,655360,32,2948,7112
1512779471410679,1512779471417839,20971520,655360,32,2928,7160
1512779471566239,1512779471573370,20971520,655360,32,2940,7131
1512779471721735,1512779471728975,20971520,655360,32,2896,7240
1512779471877535,1512779471884600,20971520,655360,32,2968,7065
1512779472032958,1512779472040201,20971520,655360,32,2895,7243
1512779472188567,1512779472195724,20971520,655360,32,2930,7157
1512779472344640,1512779472351809,20971520,655360,32,2925,7169
1512779472500264,1512779472507481,20971520,655360,32,2905,7217
1512779472655870,1512779472663084,20971520,655360,32,2907,7214
1512779472811971,1512779472819204,20971520,655360,32,2899,7233
1512779472968630,1512779472975844,20971520,655360,32,2907,7214
1512779473124557,1512779473131613,20971520,655360,32,2972,7056
1512779473280190,1512779473287370,20971520,655360,32,2920,7180
1512779473435887,1512779473443054,20971520,655360,32,2926,7167
1512779473591872,1512779473598991,20971520,655360,32,2945,7119
1512779473747706,1512779473754787,20971520,655360,32,2961,7081
1512779473903845,1512779473911003,20971520,655360,32,2929,7158
1512779474059711,1512779474066949,20971520,655360,32,2897,7238
1512779474215515,1512779474222718,20971520,655360,32,2911,7203
1512779474371382,1512779474378477,20971520,655360,32,2955,7095
1512779474527785,1512779474534979,20971520,655360,32,2915,7194
1512779474683920,1512779474691020,20971520,655360,32,2953,7100
1512779474839719,1512779474846851,20971520,655360,32,2940,7132
1512779474995810,1512779475002822,20971520,655360,32,2990,7012
1512779475151342,1512779475158485,20971520,655360,32,2935,7143
1512779475307627,1512779475314763,20971520,655360,32,2938,7136
1512779475463186,1512779475470325,20971520,655360,32,2937,7139
1512779475619243,1512779475626328,20971520,655360,32,2959,7085
1512779475775880,1512779475783055,20971520,655360,32,2922,7175
1512779475932323,1512779475939444,20971520,655360,32,2945,7121
1512779476088346,1512779476095472,20971520,655360,32,2942,7126
1512779476244504,1512779476251551,20971520,655360,32,2975,7047
1512779476400640,1512779476407729,20971520,655360,32,2958,7089
1512779476556431,1512779476563527,20971520,655360,32,2955,7096
1512779476711754,1512779476718803,20971520,655360,32,2975,7049
1512779476867151,1512779476874366,20971520,655360,32,2906,7215
1512779477023069,1512779477030301,20971520,655360,32,2899,7232
1512779477178393,1512779477185567,20971520,655360,32,2923,7174
1512779477333580,1512779477340786,20971520,655360,32,2910,7206
1512779477488971,1512779477496003,20971520,655360,32,2982,7032
1512779477644406,1512779477651572,20971520,655360,32,2926,7166
1512779477799967,1512779477807219,20971520,655360,32,2891,7252
1512779477955548,1512779477962736,20971520,655360,32,2917,7188
1512779478110826,1512779478117995,20971520,655360,32,2925,7169
1512779478266200,1512779478273363,20971520,655360,32,2927,7163
1512779478422242,1512779478429334,20971520,655360,32,2957,7092
1512779478577968,1512779478585039,20971520,655360,32,2965,7071
1512779478733928,1512779478741055,20971520,655360,32,2942,7127
1512779478890161,1512779478897199,20971520,655360,32,2979,7038
1512779479046094,1512779479053209,20971520,655360,32,2947,7115
1512779479202692,1512779479209844,20971520,655360,32,2932,7152
1512779479358965,1512779479366198,20971520,655360,32,2899,7233
1512779479515530,1512779479522695,20971520,655360,32,2926,7165
1512779479671258,1512779479678344,20971520,655360,32,2959,7086
1512779479827117,1512779479834344,20971520,655360,32,2901,7227
1512779479983267,1512779479990420,20971520,655360,32,2931,7153
1512779480139301,1512779480146380,20971520,655360,32,2962,7079
1512779480294987,1512779480302142,20971520,655360,32,2931,7155
1512779480451086,1512779480458254,20971520,655360,32,2925,7168
1512779480607554,1512779480614548,20971520,655360,32,2998,6994
1512779480763578,1512779480770760,20971520,655360,32,2920,7182
1512779480920329,1512779480927397,20971520,655360,32,2967,7068
1512779481077324,1512779481084509,20971520,655360,32,2918,7185
1512779481233502,1512779481240699,20971520,655360,32,2913,7197
1512779481388818,1512779481395994,20971520,655360,32,2922,7176
1512779481545476,1512779481552712,20971520,655360,32,2898,7236
1512779481701522,1512779481708680,20971520,655360,32,2929,7158
1512779481856840,1512779481863992,20971520,655360,32,2932,7152
1512779482012767,1512779482019971,20971520,655360,32,2911,7204
1512779482169404,1512779482176463,20971520,655360,32,2970,7059
1512779482325339,1512779482332517,20971520,655360,32,2921,7178
1512779482481279,1512779482488326,20971520,655360,32,2975,7047
1512779482636984,1512779482644119,20971520,655360,32,2939,7135
1512779482792879,1512779482800046,20971520,655360,32,2926,7167
1512779482949199,1512779482956322,20971520,655360,32,2944,7123
1512779483104755,1512779483111738,20971520,655360,32,3003,6983
1512779483260331,1512779483267486,20971520,655360,32,2931,7155
1512779483415678,1512779483422889,20971520,655360,32,2908,7211
1512779483571160,1512779483578350,20971520,655360,32,2916,7190
1512779483726548,1512779483733730,20971520,655360,32,2920,7182
1512779483881833,1512779483889041,20971520,655360,32,2909,7208
1512779484037629,1512779484044814,20971520,655360,32,2918,7185
1512779484194151,1512779484201377,20971520,655360,32,2902,7226
1512779484349663,1512779484356741,20971520,655360,32,2962,7078
1512779484504960,1512779484512084,20971520,655360,32,2943,7124
1512779484661476,1512779484668649,20971520,655360,32,2923,7173
1512779484818175,1512779484825276,20971520,655360,32,2953,7101
1512779484974274,1512779484981474,20971520,655360,32,2912,7200
1512779485131749,1512779485138897,20971520,655360,32,2933,7148
1512779485288438,1512779485295552,20971520,655360,32,2947,7114
1512779485444651,1512779485451805,20971520,655360,32,2931,7154
1512779485600472,1512779485607486,20971520,655360,32,2989,7014
1512779485755472,1512779485762617,20971520,655360,32,2935,7145
1512779485911675,1512779485918746,20971520,655360,32,2965,7071
1512779486067823,1512779486074904,20971520,655360,32,2961,7081
1512779486223507,1512779486230607,20971520,655360,32,2953,7100
1512779486379363,1512779486386488,20971520,655360,32,2943,7125
1512779486535416,1512779486542556,20971520,655360,32,2937,7140
1512779486691695,1512779486698789,20971520,655360,32,2956,7094
1512779486847648,1512779486854763,20971520,655360,32,2947,7115
1512779487003860,1512779487010920,20971520,655360,32,2970,7060
1512779487159326,1512779487166432,20971520,655360,32,2951,7106
1512779487315458,1512779487322652,20971520,655360,32,2915,7194
1512779487471203,1512779487478282,20971520,655360,32,2962,7079
1512779487627726,1512779487634816,20971520,655360,32,2957,7090
1512779487783709,1512779487790905,20971520,655360,32,2914,7196
1512779487939846,1512779487946904,20971520,655360,32,2971,7058
1512779488095390,1512779488102521,20971520,655360,32,2940,7131
1512779488251459,1512779488258479,20971520,655360,32,2987,7020
1512779488408281,1512779488415343,20971520,655360,32,2969,7062
1512779488564343,1512779488571474,20971520,655360,32,2940,7131
1512779488720634,1512779488727732,20971520,655360,32,2954,7098
1512779488876132,1512779488883334,20971520,655360,32,2911,7202
1512779489032830,1512779489039937,20971520,655360,32,2950,7107
1512779489188722,1512779489195754,20971520,655360,32,2982,7032
1512779489344608,1512779489351701,20971520,655360,32,2956,7093
1512779489500369,1512779489507502,20971520,655360,32,2940,7133
1512779489655972,1512779489663116,20971520,655360,32,2935,7144
1512779489812222,1512779489819308,20971520,655360,32,2959,7086
1512779489968199,1512779489975320,20971520,655360,32,2945,7121
1512779490124502,1512779490131588,20971520,655360,32,2959,7086
1512779490280708,1512779490287756,20971520,655360,32,2975,7048
1512779490436299,1512779490443393,20971520,655360,32,2956,7094
1512779490592374,1512779490599441,20971520,655360,32,2967,7067
1512779490747860,1512779490754959,20971520,655360,32,2954,7099
1512779490904356,1512779490911357,20971520,655360,32,2995,7001
1512779491060103,1512779491067205,20971520,655360,32,2952,7102
1512779491215581,1512779491222700,20971520,655360,32,2945,7119
1512779491371058,1512779491378095,20971520,655360,32,2980,7037
1512779491526691,1512779491533790,20971520,655360,32,2954,7099
1512779491683378,1512779491690467,20971520,655360,32,2958,7089
1512779491839291,1512779491846396,20971520,655360,32,2951,7105
1512779491995552,1512779492002672,20971520,655360,32,2945,7120
1512779492151932,1512779492158975,20971520,655360,32,2977,7043
1512779492307637,1512779492314756,20971520,655360,32,2945,7119
1512779492463830,1512779492470844,20971520,655360,32,2989,7014
1512779492619774,1512779492626864,20971520,655360,32,2957,7090
1512779492775784,1512779492782913,20971520,655360,32,2941,7129
1512779492932183,1512779492939345,20971520,655360,32,2928,7162
1512779493088951,1512779493095999,20971520,655360,32,2975,7048
1512779493245132,1512779493252269,20971520,655360,32,2938,7137
1512779493401226,1512779493408258,20971520,655360,32,2982,7032
1512779493556880,1512779493563935,20971520,655360,32,2972,7055
1512779493712346,1512779493719502,20971520,655360,32,2930,7156
1512779493867985,1512779493875090,20971520,655360,32,2951,7105
1512779494023845,1512779494030986,20971520,655360,32,2936,7141
1512779494179733,1512779494186769,20971520,655360,32,2980,7036
1512779494335982,1512779494343060,20971520,655360,32,2962,7078
1512779494492372,1512779494499454,20971520,655360,32,2961,7082
1512779494647950,1512779494655095,20971520,655360,32,2935,7145
1512779494803940,1512779494811107,20971520,655360,32,2926,7167
1512779494959762,1512779494966675,20971520,655360,32,3033,6913
1512779495115480,1512779495122552,20971520,655360,32,2965,7072
1512779495271066,1512779495278192,20971520,655360,32,2942,7126
1512779495427284,1512779495434479,20971520,655360,32,2914,7195
1512779495582879,1512779495589918,20971520,655360,32,2979,7039
1512779495738965,1512779495746127,20971520,655360,32,2928,7162
1512779495895045,1512779495902130,20971520,655360,32,2959,7085
1512779496051276,1512779496058321,20971520,655360,32,2976,7045
1512779496206906,1512779496214084,20971520,655360,32,2921,7178
1512779496362992,1512779496370080,20971520,655360,32,2958,7088
1512779496518849,1512779496525958,20971520,655360,32,2949,7109
1512779496674735,1512779496681720,20971520,655360,32,3002,6985
1512779496830267,1512779496837297,20971520,655360,32,2983,7030
1512779496986420,1512779496993510,20971520,655360,32,2957,7090
1512779497142971,1512779497149976,20971520,655360,32,2993,7005
1512779497299318,1512779497306381,20971520,655360,32,2969,7063
1512779497455163,1512779497462239,20971520,655360,32,2963,7076
1512779497610876,1512779497617922,20971520,655360,32,2976,7046
1512779497766871,1512779497773957,20971520,655360,32,2959,7086
1512779497923015,1512779497930142,20971520,655360,32,2942,7127
1512779498079334,1512779498086379,20971520,655360,32,2976,7045
1512779498235623,1512779498242686,20971520,655360,32,2969,7063
1512779498391812,1512779498398866,20971520,655360,32,2972,7054
1512779498547905,1512779498555121,20971520,655360,32,2906,7216
1512779498703745,1512779498710814,20971520,655360,32,2966,7069
1512779498859683,1512779498866737,20971520,655360,32,2972,7054
1512779499015446,1512779499022475,20971520,655360,32,2983,7029
1512779499171403,1512779499178498,20971520,655360,32,2955,7095
1512779499327282,1512779499334364,20971520,655360,32,2961,7082
1512779499483357,1512779499490347,20971520,655360,32,3000,6990
1512779499639039,1512779499646143,20971520,655360,32,2952,7104
1512779499795090,1512779499802187,20971520,655360,32,2954,7097
1512779499951054,1512779499958168,20971520,655360,32,2947,7114
1512779500106999,1512779500114059,20971520,655360,32,2970,7060
1512779500263113,1512779500270201,20971520,655360,32,2958,7088
1512779500419255,1512779500426311,20971520,655360,32,2972,7056
1512779500575369,1512779500582494,20971520,655360,32,2943,7125
1512779500731463,1512779500738502,20971520,655360,32,2979,7039
1512779500887268,1512779500894315,20971520,655360,32,2975,7047
1512779501042780,1512779501049779,20971520,655360,32,2996,6999
1512779501198051,1512779501205148,20971520,655360,32,2954,7097
1512779501353402,1512779501360417,20971520,655360,32,2989,7015
1512779501508640,1512779501515789,20971520,655360,32,2933,7149
1512779501663917,1512779501671077,20971520,655360,32,2928,7160
1512779501820805,1512779501827845,20971520,655360,32,2978,7040
1512779501976717,1512779501983916,20971520,655360,32,2913,7199
1512779502133452,1512779502140600,20971520,655360,32,2933,7148
1512779502289274,1512779502296481,20971520,655360,32,2909,7207
1512779502445448,1512779502452554,20971520,655360,32,2951,7106
1512779502601563,1512779502608669,20971520,655360,32,2951,7106
1512779502757532,1512779502764612,20971520,655360,32,2962,7080
1512779502913242,1512779502920360,20971520,655360,32,2946,7118
1512779503068977,1512779503075977,20971520,655360,32,2995,7000
1512779503225104,1512779503232201,20971520,655360,32,2954,7097
1512779503381350,1512779503388405,20971520,655360,32,2972,7055
1512779503537336,1512779503544543,20971520,655360,32,2909,7207
1512779503693670,1512779503700794,20971520,655360,32,2943,7124
1512779503850133,1512779503857251,20971520,655360,32,2946,7118
1512779504006609,1512779504013670,20971520,655360,32,2970,7061
1512779504162656,1512779504169688,20971520,655360,32,2982,7032
1512779504319208,1512779504326361,20971520,655360,32,2931,7153
1512779504474776,1512779504481919,20971520,655360,32,2935,7143
1512779504630803,1512779504637948,20971520,655360,32,2935,7145
1512779504787973,1512779504795114,20971520,655360,32,2936,7141
1512779504943843,1512779504950985,20971520,655360,32,2936,7142
1512779505099876,1512779505107033,20971520,655360,32,2930,7157
1512779505255561,1512779505262680,20971520,655360,32,2945,7119
1512779505411210,1512779505418230,20971520,655360,32,2987,7020
1512779505567440,1512779505574533,20971520,655360,32,2956,7093
1512779505723547,1512779505730605,20971520,655360,32,2971,7058
1512779505879529,1512779505886615,20971520,655360,32,2959,7086
1512779506035920,1512779506043069,20971520,655360,32,2933,7149
1512779506191407,1512779506198538,20971520,655360,32,2940,7131
1512779506347607,1512779506354699,20971520,655360,32,2957,7092
1512779506503135,1512779506510261,20971520,655360,32,2942,7126
1512779506659253,1512779506666308,20971520,655360,32,2972,7055
1512779506815451,1512779506822632,20971520,655360,32,2920,7181
1512779506971656,1512779506978753,20971520,655360,32,2954,7097
1512779507127638,1512779507134822,20971520,655360,32,2919,7184
1512779507283816,1512779507290943,20971520,655360,32,2942,7127
1512779507439265,1512779507446328,20971520,655360,32,2969,7063
1512779507594984,1512779507602181,20971520,655360,32,2913,7197
1512779507750516,1512779507757600,20971520,655360,32,2960,7084
1512779507906378,1512779507913291,20971520,655360,32,3033,6913
1512779508062399,1512779508069499,20971520,655360,32,2953,7100
1512779508218498,1512779508225662,20971520,655360,32,2927,7164
1512779508374251,1512779508381365,20971520,655360,32,2947,7114
1512779508530226,1512779508537299,20971520,655360,32,2965,7073
1512779508686505,1512779508693670,20971520,655360,32,2926,7165
1512779508842305,1512779508849470,20971520,655360,32,2926,7165
1512779508999104,1512779509006235,20971520,655360,32,2940,7131
1512779509154828,1512779509161822,20971520,655360,32,2998,6994
1512779509310289,1512779509317324,20971520,655360,32,2981,7035
1512779509466395,1512779509473342,20971520,655360,32,3018,6947
1512779509621570,1512779509628684,20971520,655360,32,2947,7114
1512779509777645,1512779509784740,20971520,655360,32,2955,7095
1512779509933568,1512779509940694,20971520,655360,32,2942,7126
1512779510089324,1512779510096375,20971520,655360,32,2974,7051
1512779510245634,1512779510252587,20971520,655360,32,3016,6953
1512779510402635,1512779510409731,20971520,655360,32,2955,7096
1512779510558664,1512779510565799,20971520,655360,32,2939,7135
1512779510714322,1512779510721427,20971520,655360,32,2951,7105
1512779510870174,1512779510877323,20971520,655360,32,2933,7149
1512779511025594,1512779511032691,20971520,655360,32,2954,7097
1512779511181023,1512779511188178,20971520,655360,32,2931,7155
1512779511336574,1512779511343703,20971520,655360,32,2941,7129
1512779511491801,1512779511498883,20971520,655360,32,2961,7082
1512779511647475,1512779511654688,20971520,655360,32,2907,7213
1512779511803445,1512779511810502,20971520,655360,32,2971,7057
1512779511959448,1512779511966743,20971520,655360,32,2874,7295
1512779512114962,1512779512122145,20971520,655360,32,2919,7183
1512779512270266,1512779512277331,20971520,655360,32,2968,7065
1512779512425794,1512779512432856,20971520,655360,32,2969,7062
1512779512581540,1512779512588566,20971520,655360,32,2984,7026
1512779512737487,1512779512744669,20971520,655360,32,2920,7182
1512779512893419,1512779512900391,20971520,655360,32,3007,6972
1512779513048911,1512779513056034,20971520,655360,32,2944,7123
1512779513204781,1512779513211968,20971520,655360,32,2917,7187
1512779513360524,1512779513367595,20971520,655360,32,2965,7071
1512779513516689,1512779513523819,20971520,655360,32,2941,7130
1512779513672713,1512779513679830,20971520,655360,32,2946,7117
1512779513828803,1512779513835837,20971520,655360,32,2981,7034
1512779513984446,1512779513991580,20971520,655360,32,2939,7134
1512779514140849,1512779514147968,20971520,655360,32,2945,7119
1512779514296593,1512779514303691,20971520,655360,32,2954,7098
1512779514452578,1512779514459625,20971520,655360,32,2975,7047
1512779514607989,1512779514615138,20971520,655360,32,2933,7149
1512779514764331,1512779514771516,20971520,655360,32,2918,7185
1512779514920121,1512779514927246,20971520,655360,32,2943,7125
1512779515077119,1512779515084311,20971520,655360,32,2915,7192
1512779515232989,1512779515240178,20971520,655360,32,2917,7189
1512779515388828,1512779515395844,20971520,655360,32,2989,7016
1512779515544326,1512779515551334,20971520,655360,32,2992,7008
1512779515700358,1512779515707508,20971520,655360,32,2933,7150
1512779515855820,1512779515862900,20971520,655360,32,2962,7080
1512779516011532,1512779516018571,20971520,655360,32,2979,7039
1512779516167323,1512779516174316,20971520,655360,32,2998,6993
1512779516322965,1512779516330164,20971520,655360,32,2913,7199
1512779516478523,1512779516485693,20971520,655360,32,2924,7170
1512779516634460,1512779516641413,20971520,655360,32,3016,6953
1512779516790420,1512779516797463,20971520,655360,32,2977,7043
1512779516947038,1512779516954205,20971520,655360,32,2926,7167
1512779517103459,1512779517110578,20971520,655360,32,2945,7119
1512779517259278,1512779517266344,20971520,655360,32,2967,7066
1512779517414869,1512779517421968,20971520,655360,32,2954,7099
1512779517570957,1512779517578029,20971520,655360,32,2965,7072
1512779517726592,1512779517733609,20971520,655360,32,2988,7017
1512779517882206,1512779517889301,20971520,655360,32,2955,7095
1512779518037795,1512779518044898,20971520,655360,32,2952,7103
1512779518193380,1512779518200581,20971520,655360,32,2912,7201
1512779518348683,1512779518355577,20971520,655360,32,3041,6894
1512779518503946,1512779518511116,20971520,655360,32,2924,7170
1512779518659205,1512779518666298,20971520,655360,32,2956,7093
1512779518814973,1512779518822134,20971520,655360,32,2928,7161
1512779518970180,1512779518977288,20971520,655360,32,2950,7108
1512779519125648,1512779519132861,20971520,655360,32,2907,7213
1512779519281406,1512779519288490,20971520,655360,32,2960,7084
1512779519436597,1512779519443670,20971520,655360,32,2965,7073
1512779519592691,1512779519599823,20971520,655360,32,2940,7132
1512779519748481,1512779519755647,20971520,655360,32,2926,7166
1512779519904317,1512779519911491,20971520,655360,32,2923,7174
1512779520060141,1512779520067130,20971520,655360,32,3000,6989
1512779520216298,1512779520223488,20971520,655360,32,2916,7190
1512779520372422,1512779520379408,20971520,655360,32,3001,6986
1512779520528848,1512779520535929,20971520,655360,32,2961,7081
1512779520685042,1512779520692107,20971520,655360,32,2968,7065
1512779520841115,1512779520848307,20971520,655360,32,2915,7192
1512779520996730,1512779521003804,20971520,655360,32,2964,7074
1512779521152343,1512779521159500,20971520,655360,32,2930,7157
1512779521308183,1512779521315310,20971520,655360,32,2942,7127
1512779521463673,1512779521470811,20971520,655360,32,2938,7138
1512779521620280,1512779521627449,20971520,655360,32,2925,7169
1512779521776373,1512779521783499,20971520,655360,32,2942,7126
1512779521931669,1512779521938745,20971520,655360,32,2963,7076
1512779522087745,1512779522094873,20971520,655360,32,2942,7128
1512779522243821,1512779522250956,20971520,655360,32,2939,7135
1512779522399762,1512779522406972,20971520,655360,32,2908,7210
1512779522555340,1512779522562324,20971520,655360,32,3002,6984
1512779522710956,1512779522718063,20971520,655360,32,2950,7107
1512779522867137,1512779522874137,20971520,655360,32,2995,7000
1512779523023437,1512779523030548,20971520,655360,32,2949,7111
1512779523179191,1512779523186324,20971520,655360,32,2940,7133
1512779523335390,1512779523342467,20971520,655360,32,2963,7077
1512779523491177,1512779523498280,20971520,655360,32,2952,7103
1512779523647347,1512779523654412,20971520,655360,32,2968,7065
1512779523802832,1512779523809987,20971520,655360,32,2931,7155
1512779523958140,1512779523965282,20971520,655360,32,2936,7142
1512779524114265,1512779524121445,20971520,655360,32,2920,7180
1512779524270324,1512779524277411,20971520,655360,32,2959,7087
1512779524426006,1512779524433037,20971520,655360,32,2982,7031
1512779524581663,1512779524588854,20971520,655360,32,2916,7191
1512779524738074,1512779524745186,20971520,655360,32,2948,7112
1512779524893688,1512779524900827,20971520,655360,32,2937,7139
1512779525049166,1512779525056186,20971520,655360,32,2987,7020
1512779525204983,1512779525212078,20971520,655360,32,2955,7095
1512779525360734,1512779525367817,20971520,655360,32,2960,7083
1512779525516900,1512779525524082,20971520,655360,32,2920,7182
1512779525673030,1512779525680091,20971520,655360,32,2970,7061
1512779525829151,1512779525836269,20971520,655360,32,2946,7118
1512779525985511,1512779525992640,20971520,655360,32,2941,7129
1512779526141801,1512779526148813,20971520,655360,32,2990,7012
1512779526297839,1512779526304980,20971520,655360,32,2936,7141
1512779526453423,1512779526460461,20971520,655360,32,2979,7038
1512779526609241,1512779526616394,20971520,655360,32,2931,7153
1512779526764756,1512779526771734,20971520,655360,32,3005,6978
1512779526920304,1512779526927409,20971520,655360,32,2951,7105
1512779527076687,1512779527083648,20971520,655360,32,3012,6961
1512779527232800,1512779527239936,20971520,655360,32,2938,7136
1512779527388865,1512779527396035,20971520,655360,32,2924,7170
1512779527545050,1512779527552187,20971520,655360,32,2938,7137
1512779527700197,1512779527707303,20971520,655360,32,2951,7106
1512779527855557,1512779527862621,20971520,655360,32,2968,7064
1512779528011659,1512779528018738,20971520,655360,32,2962,7079
1512779528167877,1512779528174961,20971520,655360,32,2960,7084
1512779528324131,1512779528331132,20971520,655360,32,2995,7001
1512779528480334,1512779528487378,20971520,655360,32,2977,7044
1512779528636266,1512779528643409,20971520,655360,32,2935,7143
1512779528792675,1512779528799841,20971520,655360,32,2926,7166
1512779528949366,1512779528956450,20971520,655360,32,2960,7084
1512779529104820,1512779529111874,20971520,655360,32,2972,7054
1512779529261044,1512779529268190,20971520,655360,32,2934,7146
1512779529417102,1512779529424216,20971520,655360,32,2947,7114
1512779529573450,1512779529580556,20971520,655360,32,2951,7106
1512779529730024,1512779529737027,20971520,655360,32,2994,7003
1512779529886585,1512779529893724,20971520,655360,32,2937,7139
1512779530042777,1512779530049843,20971520,655360,32,2967,7066
1512779530198166,1512779530205272,20971520,655360,32,2951,7106
1512779530354464,1512779530361634,20971520,655360,32,2924,7170
1512779530510019,1512779530517050,20971520,655360,32,2982,7031
1512779530665782,1512779530673067,20971520,655360,32,2878,7285
1512779530821540,1512779530828554,20971520,655360,32,2989,7014
1512779530976898,1512779530984083,20971520,655360,32,2918,7185
1512779531132611,1512779531139733,20971520,655360,32,2944,7122
1512779531288502,1512779531295593,20971520,655360,32,2957,7091
1512779531444480,1512779531451626,20971520,655360,32,2934,7146
1512779531600385,1512779531607482,20971520,655360,32,2954,7097
1512779531756295,1512779531763323,20971520,655360,32,2983,7028
1512779531911990,1512779531919011,20971520,655360,32,2986,7021
1512779532067656,1512779532074773,20971520,655360,32,2946,7117
1512779532223334,1512779532230457,20971520,655360,32,2944,7123
1512779532379266,1512779532386328,20971520,655360,32,2969,7062
1512779532535004,1512779532542077,20971520,655360,32,2965,7073
1512779532690918,1512779532698052,20971520,655360,32,2939,7134
1512779532847450,1512779532854543,20971520,655360,32,2956,7093
1512779533003456,1512779533010611,20971520,655360,32,2931,7155
1512779533159853,1512779533167024,20971520,655360,32,2924,7171
1512779533315925,1512779533322930,20971520,655360,32,2993,7005
1512779533471610,1512779533478767,20971520,655360,32,2930,7157
1512779533627398,1512779533634490,20971520,655360,32,2957,7092
1512779533782960,1512779533790024,20971520,655360,32,2968,7064
1512779533938539,1512779533945661,20971520,655360,32,2944,7122
1512779534094284,1512779534101390,20971520,655360,32,2951,7106
1512779534250214,1512779534257169,20971520,655360,32,3015,6955
1512779534405512,1512779534412637,20971520,655360,32,2943,7125
1512779534561650,1512779534568699,20971520,655360,32,2975,7049
1512779534718118,1512779534725187,20971520,655360,32,2966,7069
1512779534873830,1512779534880889,20971520,655360,32,2970,7059
1512779535029708,1512779535036750,20971520,655360,32,2978,7042
1512779535185269,1512779535192323,20971520,655360,32,2972,7054
1512779535340965,1512779535348045,20971520,655360,32,2962,7080
1512779535497285,1512779535504357,20971520,655360,32,2965,7072
1512779535653396,1512779535660571,20971520,655360,32,2922,7175
1512779535809384,1512779535816551,20971520,655360,32,2926,7167
1512779535965491,1512779535972442,20971520,655360,32,3017,6951
1512779536121820,1512779536128906,20971520,655360,32,2959,7086
1512779536278211,1512779536285275,20971520,655360,32,2968,7064
1512779536434136,1512779536441149,20971520,655360,32,2990,7013
1512779536589924,1512779536596970,20971520,655360,32,2976,7046
1512779536745598,1512779536752589,20971520,655360,32,2999,6991
1512779536901681,1512779536908765,20971520,655360,32,2960,7084
1512779537057318,1512779537064329,20971520,655360,32,2991,7011
1512779537213484,1512779537220625,20971520,655360,32,2936,7141
1512779537369157,1512779537376274,20971520,655360,32,2946,7117
1512779537525142,1512779537532304,20971520,655360,32,2928,7162
1512779537680725,1512779537687957,20971520,655360,32,2899,7232
1512779537837116,1512779537844230,20971520,655360,32,2947,7114
1512779537992422,1512779537999510,20971520,655360,32,2958,7088
1512779538147961,1512779538155090,20971520,655360,32,2941,7129
1512779538304102,1512779538311252,20971520,655360,32,2933,7150
1512779538459900,1512779538467042,20971520,655360,32,2936,7142
1512779538615236,1512779538622272,20971520,655360,32,2980,7036
1512779538771145,1512779538778269,20971520,655360,32,2943,7124
1512779538927626,1512779538934735,20971520,655360,32,2949,7109
1512779539083924,1512779539091035,20971520,655360,32,2949,7111
1512779539239917,1512779539247035,20971520,655360,32,2946,7118
1512779539396491,1512779539403514,20971520,655360,32,2986,7023
1512779539552470,1512779539559642,20971520,655360,32,2924,7172
1512779539708422,1512779539715416,20971520,655360,32,2998,6994
1512779539864009,1512779539871096,20971520,655360,32,2959,7087
1512779540019706,1512779540026722,20971520,655360,32,2989,7016
1512779540174852,1512779540181935,20971520,655360,32,2960,7083
1512779540330626,1512779540337686,20971520,655360,32,2970,7060
1512779540487391,1512779540494455,20971520,655360,32,2968,7064
1512779540643437,1512779540650515,20971520,655360,32,2962,7078
1512779540799284,1512779540806375,20971520,655360,32,2957,7091
1512779540955323,1512779540962462,20971520,655360,32,2937,7139
1512779541111626,1512779541118709,20971520,655360,32,2960,7083
1512779541267104,1512779541274296,20971520,655360,32,2915,7192
1512779541422642,1512779541429786,20971520,655360,32,2935,7144
1512779541578925,1512779541586085,20971520,655360,32,2928,7160
1512779541735340,1512779541742500,20971520,655360,32,2928,7160
1512779541890635,1512779541897710,20971520,655360,32,2964,7075
1512779542046160,1512779542053271,20971520,655360,32,2949,7111
1512779542202501,1512779542209561,20971520,655360,32,2970,7060
1512779542358615,1512779542365763,20971520,655360,32,2933,7148
1512779542514230,1512779542521308,20971520,655360,32,2962,7078
1512779542670252,1512779542677321,20971520,655360,32,2966,7069
1512779542826347,1512779542833437,20971520,655360,32,2957,7090
1512779542982298,1512779542989369,20971520,655360,32,2965,7071
1512779543138021,1512779543145158,20971520,655360,32,2938,7137
1512779543293570,1512779543300720,20971520,655360,32,2933,7150
1512779543449244,1512779543456261,20971520,655360,32,2988,7017
1512779543604679,1512779543611871,20971520,655360,32,2915,7192
1512779543760432,1512779543767454,20971520,655360,32,2986,7022
1512779543916452,1512779543923475,20971520,655360,32,2986,7023
1512779544072423,1512779544079565,20971520,655360,32,2936,7142
1512779544228699,1512779544235738,20971520,655360,32,2979,7039
1512779544384558,1512779544391757,20971520,655360,32,2913,7199
1512779544540562,1512779544547732,20971520,655360,32,2924,7170
1512779544696304,1512779544703477,20971520,655360,32,2923,7173
1512779544852126,1512779544859297,20971520,655360,32,2924,7171
1512779545007518,1512779545014663,20971520,655360,32,2935,7145
1512779545163538,1512779545170782,20971520,655360,32,2895,7244
1512779545319330,1512779545326368,20971520,655360,32,2979,7038
1512779545475319,1512779545482393,20971520,655360,32,2964,7074
1512779545631389,1512779545638508,20971520,655360,32,2945,7119
1512779545787384,1512779545794540,20971520,655360,32,2930,7156
1512779545943076,1512779545950110,20971520,655360,32,2981,7034
1512779546099106,1512779546106206,20971520,655360,32,2953,7100
1512779546255248,1512779546262426,20971520,655360,32,2921,7178
1512779546411187,1512779546418365,20971520,655360,32,2921,7178
1512779546567385,1512779546574501,20971520,655360,32,2947,7116
1512779546723380,1512779546730551,20971520,655360,32,2924,7171
1512779546879848,1512779546886992,20971520,655360,32,2935,7144
1512779547035691,1512779547042744,20971520,655360,32,2973,7053
1512779547190784,1512779547197913,20971520,655360,32,2941,7129
1512779547347058,1512779547354042,20971520,655360,32,3002,6984
1512779547502815,1512779547509938,20971520,655360,32,2944,7123
1512779547659235,1512779547666306,20971520,655360,32,2965,7071
1512779547815118,1512779547822182,20971520,655360,32,2968,7064
1512779547971074,1512779547978207,20971520,655360,32,2940,7133
1512779548127676,1512779548134779,20971520,655360,32,2952,7103
1512779548283632,1512779548290752,20971520,655360,32,2945,7120
1512779548439751,1512779548446853,20971520,655360,32,2952,7102
1512779548595676,1512779548602619,20971520,655360,32,3020,6943
1512779548751477,1512779548758571,20971520,655360,32,2956,7094
1512779548907130,1512779548914258,20971520,655360,32,2942,7128
1512779549063716,1512779549070835,20971520,655360,32,2945,7119
1512779549219245,1512779549226377,20971520,655360,32,2940,7132
1512779549374535,1512779549381639,20971520,655360,32,2952,7104
1512779549529795,1512779549536843,20971520,655360,32,2975,7048
1512779549685258,1512779549692427,20971520,655360,32,2925,7169
1512779549840422,1512779549847624,20971520,655360,32,2911,7202
1512779549995738,1512779550002899,20971520,655360,32,2928,7161
1512779550151201,1512779550158239,20971520,655360,32,2979,7038
1512779550306390,1512779550313488,20971520,655360,32,2954,7098
1512779550461666,1512779550468734,20971520,655360,32,2967,7068
1512779550616768,1512779550623940,20971520,655360,32,2924,7172
1512779550772172,1512779550779224,20971520,655360,32,2973,7052
1512779550927376,1512779550934398,20971520,655360,32,2986,7022
1512779551083202,1512779551090254,20971520,655360,32,2973,7052
1512779551239183,1512779551246229,20971520,655360,32,2976,7046
1512779551395687,1512779551402834,20971520,655360,32,2934,7147
1512779551552305,1512779551559455,20971520,655360,32,2933,7150
1512779551708422,1512779551715566,20971520,655360,32,2935,7144
1512779551864294,1512779551871453,20971520,655360,32,2929,7159
1512779552020636,1512779552027742,20971520,655360,32,2951,7106
1512779552176581,1512779552183712,20971520,655360,32,2940,7131
1512779552332661,1512779552339865,20971520,655360,32,2911,7204
1512779552488601,1512779552495757,20971520,655360,32,2930,7156
1512779552644097,1512779552651198,20971520,655360,32,2953,7101
1512779552799633,1512779552806746,20971520,655360,32,2948,7113
1512779552954951,1512779552962086,20971520,655360,32,2939,7135
1512779553111309,1512779553118457,20971520,655360,32,2933,7148
1512779553267114,1512779553274187,20971520,655360,32,2965,7073
1512779553423343,1512779553430407,20971520,655360,32,2968,7064
1512779553579651,1512779553586738,20971520,655360,32,2959,7087
1512779553735535,1512779553742557,20971520,655360,32,2986,7022
1512779553891385,1512779553898427,20971520,655360,32,2978,7042
1512779554046536,1512779554053720,20971520,655360,32,2919,7184
1512779554202504,1512779554209592,20971520,655360,32,2958,7088
1512779554358614,1512779554365614,20971520,655360,32,2995,7000
1512779554514060,1512779554521190,20971520,655360,32,2941,7130
1512779554670578,1512779554677555,20971520,655360,32,3005,6977
1512779554826111,1512779554833280,20971520,655360,32,2925,7169
1512779554981532,1512779554988560,20971520,655360,32,2983,7028
1512779555136904,1512779555144066,20971520,655360,32,2928,7162
1512779555293008,1512779555300073,20971520,655360,32,2968,7065
1512779555449013,1512779555456163,20971520,655360,32,2933,7150
1512779555604987,1512779555612076,20971520,655360,32,2958,7089
1512779555760496,1512779555767492,20971520,655360,32,2997,6996
1512779555916294,1512779555923476,20971520,655360,32,2920,7182
1512779556071810,1512779556078966,20971520,655360,32,2930,7156
1512779556227848,1512779556234916,20971520,655360,32,2967,7068
1512779556383306,1512779556390442,20971520,655360,32,2938,7136
1512779556539952,1512779556547018,20971520,655360,32,2967,7066
1512779556695903,1512779556703056,20971520,655360,32,2931,7153
1512779556851758,1512779556858822,20971520,655360,32,2968,7064
1512779557007632,1512779557014875,20971520,655360,32,2895,7243
1512779557163709,1512779557170818,20971520,655360,32,2949,7109
1512779557319502,1512779557326582,20971520,655360,32,2962,7080
1512779557475473,1512779557482580,20971520,655360,32,2950,7107
1512779557631192,1512779557638357,20971520,655360,32,2926,7165
1512779557787024,1512779557794201,20971520,655360,32,2922,7177
1512779557942745,1512779557949881,20971520,655360,32,2938,7136
1512779558098295,1512779558105426,20971520,655360,32,2940,7131
1512779558254328,1512779558261446,20971520,655360,32,2946,7118
1512779558410087,1512779558417142,20971520,655360,32,2972,7055
1512779558565905,1512779558573113,20971520,655360,32,2909,7208
1512779558722248,1512779558729370,20971520,655360,32,2944,7122
1512779558878512,1512779558885527,20971520,655360,32,2989,7015
1512779559033801,1512779559040950,20971520,655360,32,2933,7149
1512779559190291,1512779559197437,20971520,655360,32,2934,7146
1512779559346073,1512779559353139,20971520,655360,32,2967,7066
1512779559501656,1512779559508764,20971520,655360,32,2950,7108
1512779559657757,1512779559664799,20971520,655360,32,2978,7042
1512779559813416,1512779559820584,20971520,655360,32,2925,7168
1512779559970015,1512779559977164,20971520,655360,32,2933,7149
1512779560125867,1512779560132941,20971520,655360,32,2964,7074
1512779560281126,1512779560288152,20971520,655360,32,2984,7026
1512779560437347,1512779560444423,20971520,655360,32,2963,7076
1512779560593322,1512779560600417,20971520,655360,32,2955,7095
1512779560748834,1512779560755941,20971520,655360,32,2950,7107
1512779560904844,1512779560912018,20971520,655360,32,2923,7174
1512779561061244,1512779561068347,20971520,655360,32,2952,7103
1512779561217814,1512779561224961,20971520,655360,32,2934,7147
1512779561373297,1512779561380464,20971520,655360,32,2926,7167
1512779561529245,1512779561536336,20971520,655360,32,2957,7091
1512779561685150,1512779561692259,20971520,655360,32,2949,7109
1512779561841333,1512779561848409,20971520,655360,32,2963,7076
1512779561997235,1512779562004337,20971520,655360,32,2952,7102
1512779562152824,1512779562159893,20971520,655360,32,2966,7069
1512779562308796,1512779562315910,20971520,655360,32,2947,7114
1512779562464268,1512779562471484,20971520,655360,32,2906,7216
1512779562620426,1512779562627538,20971520,655360,32,2948,7112
1512779562776698,1512779562783829,20971520,655360,32,2940,7131
1512779562932193,1512779562939144,20971520,655360,32,3017,6951
1512779563088234,1512779563095236,20971520,655360,32,2995,7002
1512779563243673,1512779563250804,20971520,655360,32,2940,7131
1512779563399087,1512779563406230,20971520,655360,32,2935,7143
1512779563555029,1512779563562104,20971520,655360,32,2964,7075
1512779563710668,1512779563717788,20971520,655360,32,2945,7120
1512779563866833,1512779563873969,20971520,655360,32,2938,7136
1512779564022840,1512779564029880,20971520,655360,32,2978,7040
1512779564178289,1512779564185273,20971520,655360,32,3002,6984
1512779564334194,1512779564341277,20971520,655360,32,2960,7083
1512779564489912,1512779564497119,20971520,655360,32,2909,7207
1512779564646003,1512779564653111,20971520,655360,32,2950,7108
1512779564802872,1512779564809961,20971520,655360,32,2958,7089
1512779564959066,1512779564966129,20971520,655360,32,2969,7063
1512779565115367,1512779565122483,20971520,655360,32,2947,7116
1512779565270661,1512779565277742,20971520,655360,32,2961,7081
1512779565427150,1512779565434269,20971520,655360,32,2945,7119
1512779565583259,1512779565590389,20971520,655360,32,2941,7130
1512779565739710,1512779565746783,20971520,655360,32,2965,7073
1512779565895588,1512779565902680,20971520,655360,32,2957,7092
1512779566051501,1512779566058626,20971520,655360,32,2943,7125
1512779566207539,1512779566214695,20971520,655360,32,2930,7156
1512779566363110,1512779566370219,20971520,655360,32,2949,7109
1512779566519180,1512779566526285,20971520,655360,32,2951,7105
1512779566674970,1512779566682056,20971520,655360,32,2959,7086
1512779566830725,1512779566837792,20971520,655360,32,2967,7067
1512779566986097,1512779566993290,20971520,655360,32,2915,7193
1512779567142471,1512779567149672,20971520,655360,32,2912,7201
1512779567298659,1512779567305798,20971520,655360,32,2937,7139
1512779567454124,1512779567461259,20971520,655360,32,2939,7135
1512779567609937,1512779567617043,20971520,655360,32,2951,7106
1512779567765703,1512779567772794,20971520,655360,32,2957,7091
1512779567921144,1512779567928259,20971520,655360,32,2947,7115
1512779568077006,1512779568084112,20971520,655360,32,2951,7106
1512779568233046,1512779568240164,20971520,655360,32,2946,7118
1512779568389185,1512779568396370,20971520,655360,32,2918,7185
1512779568545651,1512779568552752,20971520,655360,32,2953,7101
1512779568701744,1512779568708807,20971520,655360,32,2969,7063
1512779568857007,1512779568864100,20971520,655360,32,2956,7093
1512779569012142,1512779569019111,20971520,655360,32,3009,6969
1512779569167307,1512779569174511,20971520,655360,32,2911,7204
1512779569323419,1512779569330555,20971520,655360,32,2938,7136
1512779569479748,1512779569486690,20971520,655360,32,3020,6942
1512779569636089,1512779569643147,20971520,655360,32,2971,7058
1512779569792329,1512779569799393,20971520,655360,32,2968,7064
1512779569948264,1512779569955345,20971520,655360,32,2961,7081
1512779570103970,1512779570111080,20971520,655360,32,2949,7110
1512779570260458,1512779570267543,20971520,655360,32,2959,7085
1512779570417124,1512779570424250,20971520,655360,32,2942,7126
1512779570573034,1512779570580103,20971520,655360,32,2966,7069
1512779570728873,1512779570735997,20971520,655360,32,2943,7124
1512779570884884,1512779570892024,20971520,655360,32,2937,7140
1512779571040805,1512779571047826,20971520,655360,32,2986,7021
1512779571197408,1512779571204487,20971520,655360,32,2962,7079
1512779571353272,1512779571360385,20971520,655360,32,2948,7113
1512779571509372,1512779571516523,20971520,655360,32,2932,7151
1512779571665766,1512779571672871,20971520,655360,32,2951,7105
1512779571821454,1512779571828669,20971520,655360,32,2906,7215
1512779571977033,1512779571984185,20971520,655360,32,2932,7152
1512779572133167,1512779572140280,20971520,655360,32,2948,7113
1512779572288792,1512779572295942,20971520,655360,32,2933,7150
1512779572444580,1512779572451647,20971520,655360,32,2967,7067
1512779572600181,1512779572607237,20971520,655360,32,2972,7056
1512779572756134,1512779572763254,20971520,655360,32,2945,7120
1512779572912223,1512779572919315,20971520,655360,32,2957,7092
1512779573068219,1512779573075382,20971520,655360,32,2927,7163
1512779573224371,1512779573231442,20971520,655360,32,2965,7071
1512779573380434,1512779573387614,20971520,655360,32,2920,7180
1512779573536167,1512779573543221,20971520,655360,32,2972,7054
1512779573692007,1512779573699069,20971520,655360,32,2969,7062
1512779573847716,1512779573854807,20971520,655360,32,2957,7091
1512779574003394,1512779574010410,20971520,655360,32,2989,7016
1512779574159167,1512779574166299,20971520,655360,32,2940,7132
1512779574315678,1512779574322843,20971520,655360,32,2926,7165
1512779574471781,1512779574478852,20971520,655360,32,2965,7071
1512779574627000,1512779574634099,20971520,655360,32,2954,7099
1512779574782956,1512779574790103,20971520,655360,32,2934,7147
1512779574939313,1512779574946345,20971520,655360,32,2982,7032
1512779575095471,1512779575102611,20971520,655360,32,2937,7140
1512779575251370,1512779575258479,20971520,655360,32,2949,7109
1512779575408493,1512779575415602,20971520,655360,32,2949,7109
1512779575564241,1512779575571319,20971520,655360,32,2962,7078
1512779575720882,1512779575727982,20971520,655360,32,2953,7100
1512779575876950,1512779575884004,20971520,655360,32,2972,7054
1512779576033101,1512779576040111,20971520,655360,32,2991,7010
1512779576189650,1512779576196729,20971520,655360,32,2962,7079
1512779576345692,1512779576352793,20971520,655360,32,2953,7101
1512779576502121,1512779576509131,20971520,655360,32,2991,7010
1512779576658412,1512779576665536,20971520,655360,32,2943,7124
1512779576814311,1512779576821491,20971520,655360,32,2920,7180
1512779576970375,1512779576977491,20971520,655360,32,2947,7116
1512779577126371,1512779577133480,20971520,655360,32,2949,7109
1512779577282112,1512779577289247,20971520,655360,32,2939,7135
1512779577439299,1512779577446450,20971520,655360,32,2932,7151
1512779577594671,1512779577601733,20971520,655360,32,2969,7062
1512779577750490,1512779577757576,20971520,655360,32,2959,7086
1512779577906880,1512779577914050,20971520,655360,32,2924,7170
1512779578063187,1512779578070354,20971520,655360,32,2926,7167
1512779578219528,1512779578226640,20971520,655360,32,2948,7112
1512779578374900,1512779578381930,20971520,655360,32,2983,7030
1512779578530600,1512779578537596,20971520,655360,32,2997,6996
1512779578686536,1512779578693660,20971520,655360,32,2943,7124
1512779578842234,1512779578849369,20971520,655360,32,2939,7135
1512779578998059,1512779579005144,20971520,655360,32,2959,7085
1512779579153879,1512779579160961,20971520,655360,32,2961,7082
1512779579309798,1512779579316877,20971520,655360,32,2962,7079
1512779579465753,1512779579472913,20971520,655360,32,2928,7160
1512779579622494,1512779579629686,20971520,655360,32,2915,7192
1512779579778144,1512779579785245,20971520,655360,32,2953,7101
1512779579933935,1512779579941014,20971520,655360,32,2962,7079
1512779580089675,1512779580096789,20971520,655360,32,2947,7114
1512779580246089,1512779580253087,20971520,655360,32,2996,6998
1512779580401947,1512779580409093,20971520,655360,32,2934,7146
1512779580557813,1512779580564948,20971520,655360,32,2939,7135
1512779580712854,1512779580719949,20971520,655360,32,2955,7095
1512779580868452,1512779580875539,20971520,655360,32,2959,7087
1512779581023553,1512779581030714,20971520,655360,32,2928,7161
1512779581179777,1512779581186910,20971520,655360,32,2940,7133
1512779581336096,1512779581343224,20971520,655360,32,2942,7128
1512779581492211,1512779581499325,20971520,655360,32,2947,7114
1512779581647976,1512779581654994,20971520,655360,32,2988,7018
1512779581803693,1512779581810690,20971520,655360,32,2997,6997
1512779581959797,1512779581966874,20971520,655360,32,2963,7077
1512779582116575,1512779582123792,20971520,655360,32,2905,7217
1512779582272551,1512779582279612,20971520,655360,32,2970,7061
1512779582428760,1512779582435877,20971520,655360,32,2946,7117
1512779582583982,1512779582591088,20971520,655360,32,2951,7106
1512779582739883,1512779582746959,20971520,655360,32,2963,7076
1512779582894926,1512779582902138,20971520,655360,32,2907,7212
1512779583050500,1512779583057592,20971520,655360,32,2957,7092
1512779583207072,1512779583214242,20971520,655360,32,2924,7170
1512779583363924,1512779583371064,20971520,655360,32,2937,7140
1512779583520579,1512779583527764,20971520,655360,32,2918,7185
1512779583676836,1512779583683863,20971520,655360,32,2984,7027
1512779583832573,1512779583839683,20971520,655360,32,2949,7110
1512779583989099,1512779583996182,20971520,655360,32,2960,7083
1512779584145122,1512779584152144,20971520,655360,32,2986,7022
1512779584301094,1512779584308318,20971520,655360,32,2903,7224
1512779584457529,1512779584464662,20971520,655360,32,2940,7133
1512779584614148,1512779584621223,20971520,655360,32,2964,7075
1512779584770484,1512779584777590,20971520,655360,32,2951,7106
1512779584926332,1512779584933383,20971520,655360,32,2974,7051
1512779585082272,1512779585089408,20971520,655360,32,2938,7136
1512779585237960,1512779585245127,20971520,655360,32,2926,7167
1512779585394164,1512779585401194,20971520,655360,32,2983,7030
1512779585550774,1512779585557816,20971520,655360,32,2978,7042
1512779585706637,1512779585713745,20971520,655360,32,2950,7108
1512779585862680,1512779585869795,20971520,655360,32,2947,7115
1512779586018564,1512779586025641,20971520,655360,32,2963,7077
1512779586174745,1512779586181867,20971520,655360,32,2944,7122
1512779586330634,1512779586337788,20971520,655360,32,2931,7154
1512779586486795,1512779586493892,20971520,655360,32,2954,7097
1512779586642687,1512779586649813,20971520,655360,32,2942,7126
1512779586798576,1512779586805752,20971520,655360,32,2922,7176
1512779586955208,1512779586962246,20971520,655360,32,2979,7038
1512779587111425,1512779587118542,20971520,655360,32,2946,7117
1512779587267436,1512779587274419,20971520,655360,32,3003,6983
1512779587422760,1512779587429938,20971520,655360,32,2921,7178
1512779587579060,1512779587586158,20971520,655360,32,2954,7098
1512779587734684,1512779587741726,20971520,655360,32,2978,7042
1512779587890170,1512779587897298,20971520,655360,32,2942,7128
1512779588045734,1512779588052910,20971520,655360,32,2922,7176
1512779588202362,1512779588209465,20971520,655360,32,2952,7103
1512779588358812,1512779588365931,20971520,655360,32,2945,7119
1512779588514838,1512779588521942,20971520,655360,32,2952,7104
1512779588670473,1512779588677630,20971520,655360,32,2930,7157
1512779588826154,1512779588833165,20971520,655360,32,2991,7011
1512779588981947,1512779588989009,20971520,655360,32,2969,7062
1512779589138074,1512779589145151,20971520,655360,32,2963,7077
1512779589294859,1512779589302041,20971520,655360,32,2920,7182
1512779589452001,1512779589459118,20971520,655360,32,2946,7117
1512779589608038,1512779589615157,20971520,655360,32,2945,7119
1512779589764064,1512779589771209,20971520,655360,32,2935,7145
1512779589920445,1512779589927519,20971520,655360,32,2964,7074
1512779590078423,1512779590085561,20971520,655360,32,2938,7138
1512779590234418,1512779590241476,20971520,655360,32,2971,7058
1512779590390189,1512779590397254,20971520,655360,32,2968,7065
1512779590546120,1512779590553114,20971520,655360,32,2998,6994
1512779590701689,1512779590708698,20971520,655360,32,2992,7009
1512779590858294,1512779590865427,20971520,655360,32,2940,7133
1512779591013863,1512779591020922,20971520,655360,32,2970,7059
1512779591169885,1512779591176873,20971520,655360,32,3001,6988
1512779591325867,1512779591332948,20971520,655360,32,2961,7081
1512779591481753,1512779591488941,20971520,655360,32,2917,7188
1512779591637190,1512779591644285,20971520,655360,32,2955,7095
1512779591792739,1512779591799885,20971520,655360,32,2934,7146
1512779591947880,1512779591954991,20971520,655360,32,2949,7111
1512779592103348,1512779592110414,20971520,655360,32,2967,7066
1512779592259743,1512779592266912,20971520,655360,32,2925,7169
1512779592415754,1512779592422789,20971520,655360,32,2981,7035
1512779592572148,1512779592579150,20971520,655360,32,2995,7002
1512779592727691,1512779592734663,20971520,655360,32,3007,6972
1512779592883308,1512779592890403,20971520,655360,32,2955,7095
1512779593039185,1512779593046214,20971520,655360,32,2983,7029
1512779593195138,1512779593202195,20971520,655360,32,2971,7057
1512779593351115,1512779593358250,20971520,655360,32,2939,7135
1512779593506279,1512779593513286,20971520,655360,32,2992,7007
1512779593661773,1512779593668891,20971520,655360,32,2946,7118
1512779593817485,1512779593824530,20971520,655360,32,2976,7045
1512779593973051,1512779593980206,20971520,655360,32,2931,7155
1512779594129748,1512779594136920,20971520,655360,32,2924,7172
1512779594285813,1512779594292903,20971520,655360,32,2957,7090
1512779594441629,1512779594448732,20971520,655360,32,2952,7103
1512779594597843,1512779594604948,20971520,655360,32,2951,7105
1512779594753953,1512779594761101,20971520,655360,32,2933,7148
1512779594909781,1512779594916821,20971520,655360,32,2978,7040
1512779595065568,1512779595072684,20971520,655360,32,2947,7116
1512779595220985,1512779595228002,20971520,655360,32,2988,7017
1512779595377025,1512779595384140,20971520,655360,32,2947,7115
1512779595533089,1512779595540204,20971520,655360,32,2947,7115
1512779595689029,1512779595696048,20971520,655360,32,2987,7019
1512779595845184,1512779595852227,20971520,655360,32,2977,7043
1512779596001009,1512779596007949,20971520,655360,32,3021,6940
1512779596156451,1512779596163529,20971520,655360,32,2962,7078
1512779596312652,1512779596319718,20971520,655360,32,2967,7066
1512779596467949,1512779596474982,20971520,655360,32,2981,7033
1512779596623517,1512779596630659,20971520,655360,32,2936,7142
1512779596779779,1512779596786793,20971520,655360,32,2989,7014
1512779596935560,1512779596942596,20971520,655360,32,2980,7036
1512779597091287,1512779597098243,20971520,655360,32,3014,6956
1512779597247152,1512779597254287,20971520,655360,32,2939,7135
1512779597403592,1512779597410620,20971520,655360,32,2983,7028
1512779597559722,1512779597566905,20971520,655360,32,2919,7183
1512779597715666,1512779597722643,20971520,655360,32,3005,6977
1512779597870982,1512779597878100,20971520,655360,32,2946,7118
1512779598026237,1512779598033263,20971520,655360,32,2984,7026
1512779598181924,1512779598188986,20971520,655360,32,2969,7062
1512779598337352,1512779598344494,20971520,655360,32,2936,7142
1512779598493359,1512779598500554,20971520,655360,32,2914,7195
1512779598649539,1512779598656676,20971520,655360,32,2938,7137
1512779598805519,1512779598812670,20971520,655360,32,2932,7151
1512779598961495,1512779598968624,20971520,655360,32,2941,7129
1512779599117282,1512779599124384,20971520,655360,32,2952,7102
1512779599273305,1512779599280400,20971520,655360,32,2955,7095
1512779599429186,1512779599436300,20971520,655360,32,2947,7114
1512779599584550,1512779599591645,20971520,655360,32,2955,7095
1512779599740567,1512779599747642,20971520,655360,32,2964,7075
1512779599896417,1512779599903440,20971520,655360,32,2986,7023
1512779600052089,1512779600059245,20971520,655360,32,2930,7156
1512779600207814,1512779600214938,20971520,655360,32,2943,7124
1512779600363977,1512779600371144,20971520,655360,32,2926,7167
1512779600520246,1512779600527264,20971520,655360,32,2988,7018
