1512597293880961,1512597293881080,1048576,131072,8,8811,119
1512597293895592,1512597293895717,1048576,131072,8,8388,125
1512597293908173,1512597293908269,1048576,131072,8,10922,96
1512597293919633,1512597293919738,1048576,131072,8,9986,105
1512597293931180,1512597293931285,1048576,131072,8,9986,105
1512597293942630,1512597293942736,1048576,131072,8,9892,106
1512597293954068,1512597293954172,1048576,131072,8,10082,104
1512597293965489,1512597293965594,1048576,131072,8,9986,105
1512597293976890,1512597293976984,1048576,131072,8,11155,94
1512597293988038,1512597293988139,1048576,131072,8,10381,101
1512597293999181,1512597293999282,1048576,131072,8,10381,101
1512597294010329,1512597294010431,1048576,131072,8,10280,102
1512597294021494,1512597294021596,1048576,131072,8,10280,102
1512597294032636,1512597294032739,1048576,131072,8,10180,103
1512597294043795,1512597294043897,1048576,131072,8,10280,102
1512597294054956,1512597294055058,1048576,131072,8,10280,102
1512597294066123,1512597294066225,1048576,131072,8,10280,102
1512597294077316,1512597294077418,1048576,131072,8,10280,102
1512597294088470,1512597294088571,1048576,131072,8,10381,101
1512597294099638,1512597294099740,1048576,131072,8,10280,102
1512597294110808,1512597294110909,1048576,131072,8,10381,101
1512597294121969,1512597294122071,1048576,131072,8,10280,102
1512597294133132,1512597294133233,1048576,131072,8,10381,101
1512597294144286,1512597294144388,1048576,131072,8,10280,102
1512597294155441,1512597294155544,1048576,131072,8,10180,103
1512597294166575,1512597294166679,1048576,131072,8,10082,104
1512597294177728,1512597294177830,1048576,131072,8,10280,102
1512597294188887,1512597294188989,1048576,131072,8,10280,102
1512597294200130,1512597294200233,1048576,131072,8,10180,103
1512597294211290,1512597294211384,1048576,131072,8,11155,94
1512597294222447,1512597294222548,1048576,131072,8,10381,101
1512597294233608,1512597294233711,1048576,131072,8,10180,103
1512597294244745,1512597294244847,1048576,131072,8,10280,102
1512597294255885,1512597294255986,1048576,131072,8,10381,101
1512597294267032,1512597294267134,1048576,131072,8,10280,102
1512597294278161,1512597294278263,1048576,131072,8,10280,102
1512597294289311,1512597294289412,1048576,131072,8,10381,101
1512597294300437,1512597294300538,1048576,131072,8,10381,101
1512597294311573,1512597294311676,1048576,131072,8,10180,103
1512597294322715,1512597294322816,1048576,131072,8,10381,101
1512597294333854,1512597294333955,1048576,131072,8,10381,101
1512597294344985,1512597294345087,1048576,131072,8,10280,102
1512597294356176,1512597294356279,1048576,131072,8,10180,103
1512597294367316,1512597294367417,1048576,131072,8,10381,101
1512597294378466,1512597294378569,1048576,131072,8,10180,103
1512597294389611,1512597294389714,1048576,131072,8,10180,103
1512597294400750,1512597294400851,1048576,131072,8,10381,101
1512597294411891,1512597294411992,1048576,131072,8,10381,101
1512597294423163,1512597294423264,1048576,131072,8,10381,101
1512597294434343,1512597294434445,1048576,131072,8,10280,102
1512597294445525,1512597294445627,1048576,131072,8,10280,102
1512597294456713,1512597294456807,1048576,131072,8,11155,94
1512597294467898,1512597294468000,1048576,131072,8,10280,102
1512597294479092,1512597294479194,1048576,131072,8,10280,102
1512597294490280,1512597294490382,1048576,131072,8,10280,102
1512597294501474,1512597294501575,1048576,131072,8,10381,101
1512597294512673,1512597294512775,1048576,131072,8,10280,102
1512597294523796,1512597294523898,1048576,131072,8,10280,102
1512597294534947,1512597294535049,1048576,131072,8,10280,102
1512597294546177,1512597294546279,1048576,131072,8,10280,102
1512597294557406,1512597294557508,1048576,131072,8,10280,102
1512597294568582,1512597294568697,1048576,131072,8,9118,115
1512597294579794,1512597294579896,1048576,131072,8,10280,102
1512597294590935,1512597294591038,1048576,131072,8,10180,103
1512597294602171,1512597294602272,1048576,131072,8,10381,101
1512597294613368,1512597294613469,1048576,131072,8,10381,101
1512597294624565,1512597294624668,1048576,131072,8,10180,103
1512597294635729,1512597294635831,1048576,131072,8,10280,102
1512597294646924,1512597294647025,1048576,131072,8,10381,101
1512597294658091,1512597294658193,1048576,131072,8,10280,102
1512597294669237,1512597294669339,1048576,131072,8,10280,102
1512597294680480,1512597294680582,1048576,131072,8,10280,102
1512597294691653,1512597294691757,1048576,131072,8,10082,104
1512597294702809,1512597294702911,1048576,131072,8,10280,102
1512597294713951,1512597294714053,1048576,131072,8,10280,102
1512597294725181,1512597294725283,1048576,131072,8,10280,102
1512597294736326,1512597294736428,1048576,131072,8,10280,102
1512597294747489,1512597294747591,1048576,131072,8,10280,102
1512597294758664,1512597294758766,1048576,131072,8,10280,102
1512597294769892,1512597294769985,1048576,131072,8,11275,93
1512597294781044,1512597294781138,1048576,131072,8,11155,94
1512597294792213,1512597294792314,1048576,131072,8,10381,101
1512597294803408,1512597294803509,1048576,131072,8,10381,101
1512597294814570,1512597294814674,1048576,131072,8,10082,104
1512597294825731,1512597294825832,1048576,131072,8,10381,101
1512597294836878,1512597294836979,1048576,131072,8,10381,101
1512597294848065,1512597294848167,1048576,131072,8,10280,102
1512597294859223,1512597294859324,1048576,131072,8,10381,101
1512597294870405,1512597294870506,1048576,131072,8,10381,101
1512597294881585,1512597294881688,1048576,131072,8,10180,103
1512597294892748,1512597294892849,1048576,131072,8,10381,101
1512597294903968,1512597294904069,1048576,131072,8,10381,101
1512597294915138,1512597294915239,1048576,131072,8,10381,101
1512597294926315,1512597294926418,1048576,131072,8,10180,103
1512597294937477,1512597294937579,1048576,131072,8,10280,102
1512597294948638,1512597294948741,1048576,131072,8,10180,103
1512597294959794,1512597294959895,1048576,131072,8,10381,101
1512597294970950,1512597294971052,1048576,131072,8,10280,102
1512597294982094,1512597294982195,1048576,131072,8,10381,101
1512597294993222,1512597294993324,1048576,131072,8,10280,102
1512597295004353,1512597295004455,1048576,131072,8,10280,102
1512597295015504,1512597295015606,1048576,131072,8,10280,102
1512597295026634,1512597295026736,1048576,131072,8,10280,102
1512597295037781,1512597295037883,1048576,131072,8,10280,102
1512597295048921,1512597295049022,1048576,131072,8,10381,101
1512597295060056,1512597295060158,1048576,131072,8,10280,102
1512597295071196,1512597295071298,1048576,131072,8,10280,102
1512597295082322,1512597295082424,1048576,131072,8,10280,102
1512597295093477,1512597295093578,1048576,131072,8,10381,101
1512597295104629,1512597295104732,1048576,131072,8,10180,103
1512597295115760,1512597295115862,1048576,131072,8,10280,102
1512597295126897,1512597295126999,1048576,131072,8,10280,102
1512597295138036,1512597295138138,1048576,131072,8,10280,102
1512597295149181,1512597295149275,1048576,131072,8,11155,94
1512597295160300,1512597295160402,1048576,131072,8,10280,102
1512597295171456,1512597295171558,1048576,131072,8,10280,102
1512597295182593,1512597295182696,1048576,131072,8,10180,103
1512597295193734,1512597295193836,1048576,131072,8,10280,102
1512597295204883,1512597295204985,1048576,131072,8,10280,102
1512597295216036,1512597295216138,1048576,131072,8,10280,102
1512597295227194,1512597295227296,1048576,131072,8,10280,102
1512597295238353,1512597295238455,1048576,131072,8,10280,102
1512597295249508,1512597295249610,1048576,131072,8,10280,102
1512597295260690,1512597295260791,1048576,131072,8,10381,101
1512597295271868,1512597295271970,1048576,131072,8,10280,102
1512597295283048,1512597295283149,1048576,131072,8,10381,101
1512597295294189,1512597295294292,1048576,131072,8,10180,103
1512597295305326,1512597295305428,1048576,131072,8,10280,102
1512597295316475,1512597295316577,1048576,131072,8,10280,102
1512597295327607,1512597295327711,1048576,131072,8,10082,104
1512597295338826,1512597295338928,1048576,131072,8,10280,102
1512597295349988,1512597295350090,1048576,131072,8,10280,102
1512597295361147,1512597295361249,1048576,131072,8,10280,102
1512597295372288,1512597295372390,1048576,131072,8,10280,102
1512597295383453,1512597295383554,1048576,131072,8,10381,101
1512597295394596,1512597295394699,1048576,131072,8,10180,103
1512597295405861,1512597295405963,1048576,131072,8,10280,102
1512597295417041,1512597295417136,1048576,131072,8,11037,95
1512597295428180,1512597295428281,1048576,131072,8,10381,101
1512597295439349,1512597295439452,1048576,131072,8,10180,103
1512597295450524,1512597295450625,1048576,131072,8,10381,101
1512597295461692,1512597295461795,1048576,131072,8,10180,103
1512597295472873,1512597295472975,1048576,131072,8,10280,102
1512597295484036,1512597295484137,1048576,131072,8,10381,101
1512597295495175,1512597295495276,1048576,131072,8,10381,101
1512597295506419,1512597295506521,1048576,131072,8,10280,102
1512597295517567,1512597295517670,1048576,131072,8,10180,103
1512597295528828,1512597295528930,1048576,131072,8,10280,102
1512597295539991,1512597295540093,1048576,131072,8,10280,102
1512597295551148,1512597295551250,1048576,131072,8,10280,102
1512597295562303,1512597295562405,1048576,131072,8,10280,102
1512597295573463,1512597295573565,1048576,131072,8,10280,102
1512597295584633,1512597295584737,1048576,131072,8,10082,104
1512597295595797,1512597295595898,1048576,131072,8,10381,101
1512597295606960,1512597295607061,1048576,131072,8,10381,101
1512597295618119,1512597295618222,1048576,131072,8,10180,103
1512597295629261,1512597295629363,1048576,131072,8,10280,102
1512597295640429,1512597295640530,1048576,131072,8,10381,101
1512597295651579,1512597295651683,1048576,131072,8,10082,104
1512597295662740,1512597295662842,1048576,131072,8,10280,102
1512597295673886,1512597295673987,1048576,131072,8,10381,101
1512597295685043,1512597295685144,1048576,131072,8,10381,101
1512597295696187,1512597295696289,1048576,131072,8,10280,102
1512597295707343,1512597295707446,1048576,131072,8,10180,103
1512597295718500,1512597295718602,1048576,131072,8,10280,102
1512597295729646,1512597295729749,1048576,131072,8,10180,103
1512597295740781,1512597295740883,1048576,131072,8,10280,102
1512597295751921,1512597295752023,1048576,131072,8,10280,102
1512597295763069,1512597295763171,1048576,131072,8,10280,102
1512597295774231,1512597295774332,1048576,131072,8,10381,101
1512597295785383,1512597295785485,1048576,131072,8,10280,102
1512597295796668,1512597295796769,1048576,131072,8,10381,101
1512597295807833,1512597295807935,1048576,131072,8,10280,102
1512597295818994,1512597295819095,1048576,131072,8,10381,101
1512597295830145,1512597295830246,1048576,131072,8,10381,101
1512597295841309,1512597295841411,1048576,131072,8,10280,102
1512597295852452,1512597295852553,1048576,131072,8,10381,101
1512597295863593,1512597295863696,1048576,131072,8,10180,103
1512597295874724,1512597295874827,1048576,131072,8,10180,103
1512597295885839,1512597295885941,1048576,131072,8,10280,102
1512597295896977,1512597295897079,1048576,131072,8,10280,102
1512597295908115,1512597295908216,1048576,131072,8,10381,101
1512597295919236,1512597295919337,1048576,131072,8,10381,101
1512597295930352,1512597295930454,1048576,131072,8,10280,102
1512597295941491,1512597295941593,1048576,131072,8,10280,102
1512597295952604,1512597295952707,1048576,131072,8,10180,103
1512597295963737,1512597295963839,1048576,131072,8,10280,102
1512597295974912,1512597295975013,1048576,131072,8,10381,101
1512597295986048,1512597295986150,1048576,131072,8,10280,102
1512597295997195,1512597295997296,1048576,131072,8,10381,101
1512597296008313,1512597296008415,1048576,131072,8,10280,102
1512597296019456,1512597296019558,1048576,131072,8,10280,102
1512597296030677,1512597296030779,1048576,131072,8,10280,102
1512597296041828,1512597296041929,1048576,131072,8,10381,101
1512597296052944,1512597296053045,1048576,131072,8,10381,101
1512597296064070,1512597296064172,1048576,131072,8,10280,102
1512597296075219,1512597296075321,1048576,131072,8,10280,102
1512597296086372,1512597296086474,1048576,131072,8,10280,102
1512597296097534,1512597296097635,1048576,131072,8,10381,101
1512597296108672,1512597296108774,1048576,131072,8,10280,102
1512597296119792,1512597296119894,1048576,131072,8,10280,102
1512597296130932,1512597296131033,1048576,131072,8,10381,101
1512597296142108,1512597296142209,1048576,131072,8,10381,101
1512597296153301,1512597296153403,1048576,131072,8,10280,102
1512597296164465,1512597296164566,1048576,131072,8,10381,101
1512597296175628,1512597296175731,1048576,131072,8,10180,103
1512597296186789,1512597296186891,1048576,131072,8,10280,102
1512597296197953,1512597296198054,1048576,131072,8,10381,101
1512597296209122,1512597296209223,1048576,131072,8,10381,101
1512597296220358,1512597296220460,1048576,131072,8,10280,102
1512597296231527,1512597296231629,1048576,131072,8,10280,102
1512597296242676,1512597296242777,1048576,131072,8,10381,101
1512597296253853,1512597296253954,1048576,131072,8,10381,101
1512597296264999,1512597296265100,1048576,131072,8,10381,101
1512597296276144,1512597296276246,1048576,131072,8,10280,102
1512597296287274,1512597296287377,1048576,131072,8,10180,103
1512597296298422,1512597296298524,1048576,131072,8,10280,102
1512597296309604,1512597296309708,1048576,131072,8,10082,104
1512597296320748,1512597296320849,1048576,131072,8,10381,101
1512597296331893,1512597296331995,1048576,131072,8,10280,102
1512597296343023,1512597296343126,1048576,131072,8,10180,103
1512597296354250,1512597296354352,1048576,131072,8,10280,102
1512597296365361,1512597296365462,1048576,131072,8,10381,101
1512597296376491,1512597296376594,1048576,131072,8,10180,103
1512597296387642,1512597296387744,1048576,131072,8,10280,102
1512597296398757,1512597296398859,1048576,131072,8,10280,102
1512597296409883,1512597296409985,1048576,131072,8,10280,102
1512597296421030,1512597296421131,1048576,131072,8,10381,101
1512597296432159,1512597296432263,1048576,131072,8,10082,104
1512597296443305,1512597296443407,1048576,131072,8,10280,102
1512597296454444,1512597296454546,1048576,131072,8,10280,102
1512597296465572,1512597296465674,1048576,131072,8,10280,102
1512597296476706,1512597296476808,1048576,131072,8,10280,102
1512597296487847,1512597296487949,1048576,131072,8,10280,102
1512597296499064,1512597296499166,1048576,131072,8,10280,102
1512597296510211,1512597296510313,1048576,131072,8,10280,102
1512597296521348,1512597296521450,1048576,131072,8,10280,102
1512597296532501,1512597296532602,1048576,131072,8,10381,101
1512597296543652,1512597296543754,1048576,131072,8,10280,102
1512597296554810,1512597296554913,1048576,131072,8,10180,103
1512597296565965,1512597296566067,1048576,131072,8,10280,102
1512597296577097,1512597296577199,1048576,131072,8,10280,102
1512597296588260,1512597296588361,1048576,131072,8,10381,101
1512597296599408,1512597296599510,1048576,131072,8,10280,102
1512597296610568,1512597296610671,1048576,131072,8,10180,103
1512597296621724,1512597296621825,1048576,131072,8,10381,101
1512597296632855,1512597296632957,1048576,131072,8,10280,102
1512597296644002,1512597296644097,1048576,131072,8,11037,95
1512597296655133,1512597296655236,1048576,131072,8,10180,103
1512597296666464,1512597296666567,1048576,131072,8,10180,103
1512597296677615,1512597296677717,1048576,131072,8,10280,102
1512597296688775,1512597296688877,1048576,131072,8,10280,102
1512597296699903,1512597296700004,1048576,131072,8,10381,101
1512597296711053,1512597296711155,1048576,131072,8,10280,102
1512597296722189,1512597296722291,1048576,131072,8,10280,102
1512597296733310,1512597296733411,1048576,131072,8,10381,101
1512597296744463,1512597296744564,1048576,131072,8,10381,101
1512597296755619,1512597296755722,1048576,131072,8,10180,103
1512597296766774,1512597296766876,1048576,131072,8,10280,102
1512597296777918,1512597296778020,1048576,131072,8,10280,102
1512597296789075,1512597296789176,1048576,131072,8,10381,101
1512597296800227,1512597296800328,1048576,131072,8,10381,101
1512597296811381,1512597296811483,1048576,131072,8,10280,102
1512597296822539,1512597296822641,1048576,131072,8,10280,102
1512597296833712,1512597296833813,1048576,131072,8,10381,101
1512597296844880,1512597296844981,1048576,131072,8,10381,101
1512597296856035,1512597296856136,1048576,131072,8,10381,101
1512597296867204,1512597296867305,1048576,131072,8,10381,101
1512597296878369,1512597296878471,1048576,131072,8,10280,102
1512597296889509,1512597296889611,1048576,131072,8,10280,102
1512597296900716,1512597296900817,1048576,131072,8,10381,101
1512597296911866,1512597296911968,1048576,131072,8,10280,102
1512597296923023,1512597296923125,1048576,131072,8,10280,102
1512597296934155,1512597296934258,1048576,131072,8,10180,103
1512597296945285,1512597296945387,1048576,131072,8,10280,102
1512597296956389,1512597296956490,1048576,131072,8,10381,101
1512597296967506,1512597296967607,1048576,131072,8,10381,101
1512597296978631,1512597296978734,1048576,131072,8,10180,103
1512597296989757,1512597296989860,1048576,131072,8,10180,103
1512597297000880,1512597297000983,1048576,131072,8,10180,103
1512597297012015,1512597297012117,1048576,131072,8,10280,102
1512597297023153,1512597297023254,1048576,131072,8,10381,101
1512597297034282,1512597297034384,1048576,131072,8,10280,102
1512597297045461,1512597297045562,1048576,131072,8,10381,101
1512597297056604,1512597297056707,1048576,131072,8,10180,103
1512597297067735,1512597297067837,1048576,131072,8,10280,102
1512597297078857,1512597297078958,1048576,131072,8,10381,101
1512597297089963,1512597297090064,1048576,131072,8,10381,101
1512597297101099,1512597297101200,1048576,131072,8,10381,101
1512597297112225,1512597297112326,1048576,131072,8,10381,101
1512597297123343,1512597297123444,1048576,131072,8,10381,101
1512597297134486,1512597297134588,1048576,131072,8,10280,102
1512597297145603,1512597297145706,1048576,131072,8,10180,103
1512597297156729,1512597297156830,1048576,131072,8,10381,101
1512597297167854,1512597297167955,1048576,131072,8,10381,101
1512597297179007,1512597297179108,1048576,131072,8,10381,101
1512597297190134,1512597297190235,1048576,131072,8,10381,101
1512597297201252,1512597297201354,1048576,131072,8,10280,102
1512597297212384,1512597297212485,1048576,131072,8,10381,101
1512597297223514,1512597297223616,1048576,131072,8,10280,102
1512597297234633,1512597297234735,1048576,131072,8,10280,102
1512597297245765,1512597297245867,1048576,131072,8,10280,102
1512597297256919,1512597297257020,1048576,131072,8,10381,101
1512597297268072,1512597297268173,1048576,131072,8,10381,101
1512597297279227,1512597297279329,1048576,131072,8,10280,102
1512597297290373,1512597297290475,1048576,131072,8,10280,102
1512597297301502,1512597297301603,1048576,131072,8,10381,101
1512597297312647,1512597297312749,1048576,131072,8,10280,102
1512597297323777,1512597297323879,1048576,131072,8,10280,102
1512597297334900,1512597297335002,1048576,131072,8,10280,102
1512597297346046,1512597297346148,1048576,131072,8,10280,102
1512597297357194,1512597297357295,1048576,131072,8,10381,101
1512597297368338,1512597297368439,1048576,131072,8,10381,101
1512597297379463,1512597297379565,1048576,131072,8,10280,102
1512597297390614,1512597297390717,1048576,131072,8,10180,103
1512597297401761,1512597297401863,1048576,131072,8,10280,102
1512597297412911,1512597297413013,1048576,131072,8,10280,102
1512597297424062,1512597297424164,1048576,131072,8,10280,102
1512597297435188,1512597297435289,1048576,131072,8,10381,101
1512597297446326,1512597297446428,1048576,131072,8,10280,102
1512597297457463,1512597297457564,1048576,131072,8,10381,101
1512597297468600,1512597297468704,1048576,131072,8,10082,104
1512597297479743,1512597297479844,1048576,131072,8,10381,101
1512597297490915,1512597297491017,1048576,131072,8,10280,102
1512597297502087,1512597297502189,1048576,131072,8,10280,102
1512597297513217,1512597297513319,1048576,131072,8,10280,102
1512597297524456,1512597297524558,1048576,131072,8,10280,102
1512597297535674,1512597297535776,1048576,131072,8,10280,102
1512597297546803,1512597297546905,1048576,131072,8,10280,102
1512597297557950,1512597297558052,1048576,131072,8,10280,102
1512597297569086,1512597297569187,1048576,131072,8,10381,101
1512597297580224,1512597297580326,1048576,131072,8,10280,102
1512597297591374,1512597297591475,1048576,131072,8,10381,101
1512597297602507,1512597297602609,1048576,131072,8,10280,102
1512597297613653,1512597297613755,1048576,131072,8,10280,102
1512597297624785,1512597297624887,1048576,131072,8,10280,102
1512597297635906,1512597297636007,1048576,131072,8,10381,101
1512597297647053,1512597297647155,1048576,131072,8,10280,102
1512597297658188,1512597297658289,1048576,131072,8,10381,101
1512597297669333,1512597297669434,1048576,131072,8,10381,101
1512597297680484,1512597297680585,1048576,131072,8,10381,101
1512597297691637,1512597297691739,1048576,131072,8,10280,102
1512597297702775,1512597297702876,1048576,131072,8,10381,101
1512597297713914,1512597297714015,1048576,131072,8,10381,101
1512597297725055,1512597297725156,1048576,131072,8,10381,101
1512597297736194,1512597297736296,1048576,131072,8,10280,102
1512597297747344,1512597297747445,1048576,131072,8,10381,101
1512597297758474,1512597297758576,1048576,131072,8,10280,102
1512597297769614,1512597297769716,1048576,131072,8,10280,102
1512597297780727,1512597297780828,1048576,131072,8,10381,101
1512597297791935,1512597297792037,1048576,131072,8,10280,102
1512597297803078,1512597297803179,1048576,131072,8,10381,101
1512597297814225,1512597297814328,1048576,131072,8,10180,103
1512597297825358,1512597297825459,1048576,131072,8,10381,101
1512597297836492,1512597297836593,1048576,131072,8,10381,101
1512597297847624,1512597297847727,1048576,131072,8,10180,103
1512597297858749,1512597297858851,1048576,131072,8,10280,102
1512597297869870,1512597297869972,1048576,131072,8,10280,102
1512597297880977,1512597297881080,1048576,131072,8,10180,103
1512597297892113,1512597297892214,1048576,131072,8,10381,101
1512597297903233,1512597297903334,1048576,131072,8,10381,101
1512597297914360,1512597297914461,1048576,131072,8,10381,101
1512597297925515,1512597297925617,1048576,131072,8,10280,102
1512597297936640,1512597297936742,1048576,131072,8,10280,102
1512597297947759,1512597297947861,1048576,131072,8,10280,102
1512597297958871,1512597297958966,1048576,131072,8,11037,95
1512597297969990,1512597297970092,1048576,131072,8,10280,102
1512597297981112,1512597297981214,1048576,131072,8,10280,102
1512597297992236,1512597297992339,1048576,131072,8,10180,103
1512597298003353,1512597298003455,1048576,131072,8,10280,102
1512597298014528,1512597298014630,1048576,131072,8,10280,102
1512597298025648,1512597298025751,1048576,131072,8,10180,103
1512597298036786,1512597298036887,1048576,131072,8,10381,101
1512597298047925,1512597298048026,1048576,131072,8,10381,101
1512597298059068,1512597298059170,1048576,131072,8,10280,102
1512597298070209,1512597298070310,1048576,131072,8,10381,101
1512597298081328,1512597298081430,1048576,131072,8,10280,102
1512597298092467,1512597298092569,1048576,131072,8,10280,102
1512597298103627,1512597298103730,1048576,131072,8,10180,103
1512597298114769,1512597298114870,1048576,131072,8,10381,101
1512597298125892,1512597298125994,1048576,131072,8,10280,102
1512597298137047,1512597298137150,1048576,131072,8,10180,103
1512597298148195,1512597298148296,1048576,131072,8,10381,101
1512597298159338,1512597298159441,1048576,131072,8,10180,103
1512597298170483,1512597298170585,1048576,131072,8,10280,102
1512597298181605,1512597298181707,1048576,131072,8,10280,102
1512597298192733,1512597298192836,1048576,131072,8,10180,103
1512597298203868,1512597298203969,1048576,131072,8,10381,101
1512597298214993,1512597298215094,1048576,131072,8,10381,101
1512597298226117,1512597298226219,1048576,131072,8,10280,102
1512597298237223,1512597298237324,1048576,131072,8,10381,101
1512597298248341,1512597298248443,1048576,131072,8,10280,102
1512597298259472,1512597298259573,1048576,131072,8,10381,101
1512597298270635,1512597298270738,1048576,131072,8,10180,103
1512597298281786,1512597298281880,1048576,131072,8,11155,94
1512597298292939,1512597298293041,1048576,131072,8,10280,102
1512597298304075,1512597298304177,1048576,131072,8,10280,102
1512597298315205,1512597298315306,1048576,131072,8,10381,101
1512597298326361,1512597298326463,1048576,131072,8,10280,102
1512597298337519,1512597298337621,1048576,131072,8,10280,102
1512597298348667,1512597298348768,1048576,131072,8,10381,101
1512597298359839,1512597298359941,1048576,131072,8,10280,102
1512597298370994,1512597298371095,1048576,131072,8,10381,101
1512597298382215,1512597298382316,1048576,131072,8,10381,101
1512597298393341,1512597298393442,1048576,131072,8,10381,101
1512597298404485,1512597298404587,1048576,131072,8,10280,102
1512597298415709,1512597298415811,1048576,131072,8,10280,102
1512597298426852,1512597298426953,1048576,131072,8,10381,101
1512597298437987,1512597298438088,1048576,131072,8,10381,101
1512597298449208,1512597298449310,1048576,131072,8,10280,102
1512597298460345,1512597298460447,1048576,131072,8,10280,102
1512597298471476,1512597298471577,1048576,131072,8,10381,101
1512597298482594,1512597298482697,1048576,131072,8,10180,103
1512597298493717,1512597298493819,1048576,131072,8,10280,102
1512597298504939,1512597298505040,1048576,131072,8,10381,101
1512597298516084,1512597298516185,1048576,131072,8,10381,101
1512597298527299,1512597298527401,1048576,131072,8,10280,102
1512597298538425,1512597298538526,1048576,131072,8,10381,101
1512597298549545,1512597298549646,1048576,131072,8,10381,101
1512597298560672,1512597298560773,1048576,131072,8,10381,101
1512597298571803,1512597298571905,1048576,131072,8,10280,102
1512597298582939,1512597298583040,1048576,131072,8,10381,101
1512597298594069,1512597298594170,1048576,131072,8,10381,101
1512597298605191,1512597298605292,1048576,131072,8,10381,101
1512597298616311,1512597298616412,1048576,131072,8,10381,101
1512597298627430,1512597298627532,1048576,131072,8,10280,102
1512597298638530,1512597298638631,1048576,131072,8,10381,101
1512597298649664,1512597298649765,1048576,131072,8,10381,101
1512597298660775,1512597298660876,1048576,131072,8,10381,101
1512597298671902,1512597298672004,1048576,131072,8,10280,102
1512597298683018,1512597298683119,1048576,131072,8,10381,101
1512597298694162,1512597298694256,1048576,131072,8,11155,94
1512597298705303,1512597298705405,1048576,131072,8,10280,102
1512597298716441,1512597298716543,1048576,131072,8,10280,102
1512597298727593,1512597298727695,1048576,131072,8,10280,102
1512597298738726,1512597298738828,1048576,131072,8,10280,102
1512597298749836,1512597298749937,1048576,131072,8,10381,101
1512597298760955,1512597298761057,1048576,131072,8,10280,102
1512597298772101,1512597298772202,1048576,131072,8,10381,101
1512597298783254,1512597298783356,1048576,131072,8,10280,102
1512597298794381,1512597298794482,1048576,131072,8,10381,101
1512597298805505,1512597298805606,1048576,131072,8,10381,101
1512597298816657,1512597298816758,1048576,131072,8,10381,101
1512597298827786,1512597298827888,1048576,131072,8,10280,102
1512597298838928,1512597298839029,1048576,131072,8,10381,101
1512597298850075,1512597298850176,1048576,131072,8,10381,101
1512597298861248,1512597298861349,1048576,131072,8,10381,101
1512597298872380,1512597298872481,1048576,131072,8,10381,101
1512597298883506,1512597298883609,1048576,131072,8,10180,103
1512597298894639,1512597298894741,1048576,131072,8,10280,102
1512597298905758,1512597298905859,1048576,131072,8,10381,101
1512597298916883,1512597298916984,1048576,131072,8,10381,101
1512597298928000,1512597298928102,1048576,131072,8,10280,102
1512597298939131,1512597298939233,1048576,131072,8,10280,102
1512597298950259,1512597298950360,1048576,131072,8,10381,101
1512597298961399,1512597298961500,1048576,131072,8,10381,101
1512597298972551,1512597298972652,1048576,131072,8,10381,101
1512597298983724,1512597298983825,1048576,131072,8,10381,101
1512597298994886,1512597298994989,1048576,131072,8,10180,103
1512597299006052,1512597299006154,1048576,131072,8,10280,102
1512597299017181,1512597299017282,1048576,131072,8,10381,101
1512597299028315,1512597299028416,1048576,131072,8,10381,101
1512597299039448,1512597299039550,1048576,131072,8,10280,102
1512597299050586,1512597299050689,1048576,131072,8,10180,103
1512597299061714,1512597299061816,1048576,131072,8,10280,102
1512597299072886,1512597299072987,1048576,131072,8,10381,101
1512597299084037,1512597299084138,1048576,131072,8,10381,101
1512597299095162,1512597299095264,1048576,131072,8,10280,102
1512597299106311,1512597299106413,1048576,131072,8,10280,102
1512597299117474,1512597299117575,1048576,131072,8,10381,101
1512597299128603,1512597299128705,1048576,131072,8,10280,102
1512597299139759,1512597299139861,1048576,131072,8,10280,102
1512597299150886,1512597299150988,1048576,131072,8,10280,102
1512597299162011,1512597299162112,1048576,131072,8,10381,101
1512597299173137,1512597299173238,1048576,131072,8,10381,101
1512597299184254,1512597299184355,1048576,131072,8,10381,101
1512597299195413,1512597299195515,1048576,131072,8,10280,102
1512597299206552,1512597299206653,1048576,131072,8,10381,101
1512597299217670,1512597299217771,1048576,131072,8,10381,101
1512597299228805,1512597299228907,1048576,131072,8,10280,102
1512597299239943,1512597299240045,1048576,131072,8,10280,102
1512597299251082,1512597299251184,1048576,131072,8,10280,102
1512597299262201,1512597299262303,1048576,131072,8,10280,102
1512597299273364,1512597299273459,1048576,131072,8,11037,95
1512597299284502,1512597299284604,1048576,131072,8,10280,102
1512597299295656,1512597299295758,1048576,131072,8,10280,102
1512597299306814,1512597299306915,1048576,131072,8,10381,101
1512597299317952,1512597299318054,1048576,131072,8,10280,102
1512597299329101,1512597299329203,1048576,131072,8,10280,102
1512597299340290,1512597299340392,1048576,131072,8,10280,102
1512597299351470,1512597299351571,1048576,131072,8,10381,101
1512597299362626,1512597299362729,1048576,131072,8,10180,103
1512597299373773,1512597299373874,1048576,131072,8,10381,101
1512597299384991,1512597299385093,1048576,131072,8,10280,102
1512597299396132,1512597299396234,1048576,131072,8,10280,102
1512597299407262,1512597299407364,1048576,131072,8,10280,102
1512597299418406,1512597299418502,1048576,131072,8,10922,96
1512597299429534,1512597299429636,1048576,131072,8,10280,102
1512597299440692,1512597299440794,1048576,131072,8,10280,102
1512597299451851,1512597299451952,1048576,131072,8,10381,101
1512597299462984,1512597299463085,1048576,131072,8,10381,101
1512597299474120,1512597299474221,1048576,131072,8,10381,101
1512597299485269,1512597299485370,1048576,131072,8,10381,101
1512597299496433,1512597299496535,1048576,131072,8,10280,102
1512597299507569,1512597299507673,1048576,131072,8,10082,104
1512597299518712,1512597299518813,1048576,131072,8,10381,101
1512597299529840,1512597299529941,1048576,131072,8,10381,101
1512597299540968,1512597299541069,1048576,131072,8,10381,101
1512597299552091,1512597299552193,1048576,131072,8,10280,102
1512597299563243,1512597299563344,1048576,131072,8,10381,101
1512597299574395,1512597299574497,1048576,131072,8,10280,102
1512597299585518,1512597299585620,1048576,131072,8,10280,102
1512597299596664,1512597299596767,1048576,131072,8,10180,103
1512597299607804,1512597299607905,1048576,131072,8,10381,101
1512597299618932,1512597299619033,1048576,131072,8,10381,101
1512597299630054,1512597299630157,1048576,131072,8,10180,103
1512597299641207,1512597299641310,1048576,131072,8,10180,103
1512597299652346,1512597299652448,1048576,131072,8,10280,102
1512597299663477,1512597299663579,1048576,131072,8,10280,102
1512597299674619,1512597299674723,1048576,131072,8,10082,104
1512597299685772,1512597299685873,1048576,131072,8,10381,101
1512597299696914,1512597299697016,1048576,131072,8,10280,102
1512597299708043,1512597299708145,1048576,131072,8,10280,102
1512597299719193,1512597299719294,1048576,131072,8,10381,101
1512597299730343,1512597299730444,1048576,131072,8,10381,101
1512597299741492,1512597299741594,1048576,131072,8,10280,102
1512597299752659,1512597299752761,1048576,131072,8,10280,102
1512597299763854,1512597299763956,1048576,131072,8,10280,102
1512597299774999,1512597299775102,1048576,131072,8,10180,103
1512597299786166,1512597299786267,1048576,131072,8,10381,101
1512597299797300,1512597299797401,1048576,131072,8,10381,101
1512597299808471,1512597299808573,1048576,131072,8,10280,102
1512597299819628,1512597299819731,1048576,131072,8,10180,103
1512597299830792,1512597299830893,1048576,131072,8,10381,101
1512597299841953,1512597299842055,1048576,131072,8,10280,102
1512597299853094,1512597299853196,1048576,131072,8,10280,102
1512597299864242,1512597299864345,1048576,131072,8,10180,103
1512597299875385,1512597299875486,1048576,131072,8,10381,101
1512597299886517,1512597299886619,1048576,131072,8,10280,102
1512597299897665,1512597299897766,1048576,131072,8,10381,101
1512597299908806,1512597299908907,1048576,131072,8,10381,101
1512597299919947,1512597299920049,1048576,131072,8,10280,102
1512597299931133,1512597299931236,1048576,131072,8,10180,103
1512597299942343,1512597299942445,1048576,131072,8,10280,102
1512597299953486,1512597299953588,1048576,131072,8,10280,102
1512597299964639,1512597299964742,1048576,131072,8,10180,103
1512597299975773,1512597299975875,1048576,131072,8,10280,102
1512597299986911,1512597299987013,1048576,131072,8,10280,102
1512597299998065,1512597299998166,1048576,131072,8,10381,101
1512597300009293,1512597300009400,1048576,131072,8,9799,107
1512597300020520,1512597300020622,1048576,131072,8,10280,102
1512597300031696,1512597300031799,1048576,131072,8,10180,103
1512597300042860,1512597300042962,1048576,131072,8,10280,102
1512597300054133,1512597300054235,1048576,131072,8,10280,102
1512597300065296,1512597300065398,1048576,131072,8,10280,102
1512597300076523,1512597300076624,1048576,131072,8,10381,101
1512597300087666,1512597300087768,1048576,131072,8,10280,102
1512597300098812,1512597300098913,1048576,131072,8,10381,101
1512597300109955,1512597300110058,1048576,131072,8,10180,103
1512597300121116,1512597300121217,1048576,131072,8,10381,101
1512597300132276,1512597300132378,1048576,131072,8,10280,102
1512597300143436,1512597300143537,1048576,131072,8,10381,101
1512597300154618,1512597300154720,1048576,131072,8,10280,102
1512597300165774,1512597300165876,1048576,131072,8,10280,102
1512597300176931,1512597300177033,1048576,131072,8,10280,102
1512597300188083,1512597300188185,1048576,131072,8,10280,102
1512597300199235,1512597300199337,1048576,131072,8,10280,102
1512597300210392,1512597300210493,1048576,131072,8,10381,101
1512597300221527,1512597300221629,1048576,131072,8,10280,102
1512597300232678,1512597300232780,1048576,131072,8,10280,102
1512597300243804,1512597300243905,1048576,131072,8,10381,101
1512597300254988,1512597300255091,1048576,131072,8,10180,103
1512597300266143,1512597300266245,1048576,131072,8,10280,102
1512597300277312,1512597300277413,1048576,131072,8,10381,101
1512597300288551,1512597300288652,1048576,131072,8,10381,101
1512597300299807,1512597300299909,1048576,131072,8,10280,102
1512597300310937,1512597300311038,1048576,131072,8,10381,101
1512597300322105,1512597300322206,1048576,131072,8,10381,101
1512597300333292,1512597300333393,1048576,131072,8,10381,101
1512597300344482,1512597300344583,1048576,131072,8,10381,101
1512597300355625,1512597300355730,1048576,131072,8,9986,105
1512597300366791,1512597300366892,1048576,131072,8,10381,101
1512597300377951,1512597300378052,1048576,131072,8,10381,101
1512597300389110,1512597300389211,1048576,131072,8,10381,101
1512597300400354,1512597300400456,1048576,131072,8,10280,102
1512597300411497,1512597300411599,1048576,131072,8,10280,102
1512597300422633,1512597300422736,1048576,131072,8,10180,103
1512597300433776,1512597300433878,1048576,131072,8,10280,102
1512597300444921,1512597300445023,1048576,131072,8,10280,102
1512597300456059,1512597300456161,1048576,131072,8,10280,102
1512597300467214,1512597300467315,1048576,131072,8,10381,101
1512597300478340,1512597300478442,1048576,131072,8,10280,102
1512597300489573,1512597300489676,1048576,131072,8,10180,103
1512597300500732,1512597300500833,1048576,131072,8,10381,101
1512597300511892,1512597300511993,1048576,131072,8,10381,101
1512597300523019,1512597300523120,1048576,131072,8,10381,101
1512597300534155,1512597300534257,1048576,131072,8,10280,102
1512597300545304,1512597300545407,1048576,131072,8,10180,103
1512597300556442,1512597300556544,1048576,131072,8,10280,102
1512597300567582,1512597300567684,1048576,131072,8,10280,102
1512597300578737,1512597300578838,1048576,131072,8,10381,101
1512597300589875,1512597300589976,1048576,131072,8,10381,101
1512597300601025,1512597300601127,1048576,131072,8,10280,102
1512597300612173,1512597300612274,1048576,131072,8,10381,101
1512597300623296,1512597300623398,1048576,131072,8,10280,102
1512597300634435,1512597300634536,1048576,131072,8,10381,101
1512597300645584,1512597300645687,1048576,131072,8,10180,103
1512597300656704,1512597300656805,1048576,131072,8,10381,101
1512597300667832,1512597300667934,1048576,131072,8,10280,102
1512597300679006,1512597300679109,1048576,131072,8,10180,103
1512597300690171,1512597300690272,1048576,131072,8,10381,101
1512597300701320,1512597300701421,1048576,131072,8,10381,101
1512597300712555,1512597300712658,1048576,131072,8,10180,103
1512597300723694,1512597300723796,1048576,131072,8,10280,102
1512597300734860,1512597300734961,1048576,131072,8,10381,101
1512597300746018,1512597300746119,1048576,131072,8,10381,101
1512597300757168,1512597300757271,1048576,131072,8,10180,103
1512597300768308,1512597300768410,1048576,131072,8,10280,102
1512597300779454,1512597300779556,1048576,131072,8,10280,102
1512597300790615,1512597300790718,1048576,131072,8,10180,103
1512597300801784,1512597300801885,1048576,131072,8,10381,101
1512597300812941,1512597300813043,1048576,131072,8,10280,102
1512597300824083,1512597300824185,1048576,131072,8,10280,102
1512597300835236,1512597300835337,1048576,131072,8,10381,101
1512597300846408,1512597300846510,1048576,131072,8,10280,102
1512597300857560,1512597300857664,1048576,131072,8,10082,104
1512597300868718,1512597300868819,1048576,131072,8,10381,101
1512597300879851,1512597300879952,1048576,131072,8,10381,101
1512597300890994,1512597300891096,1048576,131072,8,10280,102
1512597300902178,1512597300902280,1048576,131072,8,10280,102
1512597300913327,1512597300913428,1048576,131072,8,10381,101
1512597300924479,1512597300924580,1048576,131072,8,10381,101
1512597300935638,1512597300935742,1048576,131072,8,10082,104
1512597300946785,1512597300946887,1048576,131072,8,10280,102
1512597300957921,1512597300958023,1048576,131072,8,10280,102
1512597300969057,1512597300969158,1048576,131072,8,10381,101
1512597300980188,1512597300980288,1048576,131072,8,10485,100
1512597300991314,1512597300991415,1048576,131072,8,10381,101
1512597301002453,1512597301002554,1048576,131072,8,10381,101
1512597301013590,1512597301013692,1048576,131072,8,10280,102
1512597301024719,1512597301024821,1048576,131072,8,10280,102
1512597301035859,1512597301035960,1048576,131072,8,10381,101
1512597301047029,1512597301047131,1048576,131072,8,10280,102
1512597301058155,1512597301058256,1048576,131072,8,10381,101
1512597301069276,1512597301069378,1048576,131072,8,10280,102
1512597301080420,1512597301080521,1048576,131072,8,10381,101
1512597301091569,1512597301091672,1048576,131072,8,10180,103
1512597301102703,1512597301102806,1048576,131072,8,10180,103
1512597301113844,1512597301113945,1048576,131072,8,10381,101
1512597301124970,1512597301125072,1048576,131072,8,10280,102
1512597301136099,1512597301136201,1048576,131072,8,10280,102
1512597301147233,1512597301147336,1048576,131072,8,10180,103
1512597301158365,1512597301158467,1048576,131072,8,10280,102
1512597301169513,1512597301169614,1048576,131072,8,10381,101
1512597301180656,1512597301180757,1048576,131072,8,10381,101
1512597301191793,1512597301191895,1048576,131072,8,10280,102
1512597301202938,1512597301203039,1048576,131072,8,10381,101
1512597301214098,1512597301214200,1048576,131072,8,10280,102
1512597301225269,1512597301225372,1048576,131072,8,10180,103
1512597301236414,1512597301236515,1048576,131072,8,10381,101
1512597301247572,1512597301247682,1048576,131072,8,9532,110
1512597301258729,1512597301258831,1048576,131072,8,10280,102
1512597301269860,1512597301269962,1048576,131072,8,10280,102
1512597301281011,1512597301281113,1048576,131072,8,10280,102
1512597301292151,1512597301292252,1048576,131072,8,10381,101
1512597301303289,1512597301303391,1048576,131072,8,10280,102
1512597301314437,1512597301314539,1048576,131072,8,10280,102
1512597301325573,1512597301325675,1048576,131072,8,10280,102
1512597301336713,1512597301336814,1048576,131072,8,10381,101
1512597301347861,1512597301347963,1048576,131072,8,10280,102
1512597301359017,1512597301359117,1048576,131072,8,10485,100
1512597301370249,1512597301370349,1048576,131072,8,10485,100
1512597301381415,1512597301381515,1048576,131072,8,10485,100
1512597301392558,1512597301392660,1048576,131072,8,10280,102
1512597301403684,1512597301403785,1048576,131072,8,10381,101
1512597301414840,1512597301414934,1048576,131072,8,11155,94
1512597301425982,1512597301426083,1048576,131072,8,10381,101
1512597301437107,1512597301437209,1048576,131072,8,10280,102
1512597301448224,1512597301448326,1048576,131072,8,10280,102
1512597301459350,1512597301459451,1048576,131072,8,10381,101
1512597301470473,1512597301470574,1048576,131072,8,10381,101
1512597301481589,1512597301481691,1048576,131072,8,10280,102
1512597301492702,1512597301492804,1048576,131072,8,10280,102
1512597301503820,1512597301503921,1048576,131072,8,10381,101
1512597301515021,1512597301515123,1048576,131072,8,10280,102
1512597301526175,1512597301526276,1048576,131072,8,10381,101
1512597301537374,1512597301537476,1048576,131072,8,10280,102
1512597301548526,1512597301548628,1048576,131072,8,10280,102
1512597301559698,1512597301559800,1048576,131072,8,10280,102
1512597301570844,1512597301570945,1048576,131072,8,10381,101
1512597301581988,1512597301582089,1048576,131072,8,10381,101
1512597301593099,1512597301593200,1048576,131072,8,10381,101
1512597301604320,1512597301604421,1048576,131072,8,10381,101
1512597301615448,1512597301615549,1048576,131072,8,10381,101
1512597301626596,1512597301626699,1048576,131072,8,10180,103
1512597301637760,1512597301637861,1048576,131072,8,10381,101
1512597301648875,1512597301648977,1048576,131072,8,10280,102
1512597301660006,1512597301660108,1048576,131072,8,10280,102
1512597301671129,1512597301671232,1048576,131072,8,10180,103
1512597301682233,1512597301682334,1048576,131072,8,10381,101
1512597301693356,1512597301693457,1048576,131072,8,10381,101
1512597301704484,1512597301704585,1048576,131072,8,10381,101
1512597301715607,1512597301715710,1048576,131072,8,10180,103
1512597301726742,1512597301726843,1048576,131072,8,10381,101
1512597301737890,1512597301737993,1048576,131072,8,10180,103
1512597301749042,1512597301749143,1048576,131072,8,10381,101
1512597301760155,1512597301760255,1048576,131072,8,10485,100
1512597301771264,1512597301771367,1048576,131072,8,10180,103
1512597301782391,1512597301782492,1048576,131072,8,10381,101
1512597301793506,1512597301793608,1048576,131072,8,10280,102
1512597301804629,1512597301804732,1048576,131072,8,10180,103
1512597301815754,1512597301815856,1048576,131072,8,10280,102
1512597301826870,1512597301826972,1048576,131072,8,10280,102
1512597301837990,1512597301838091,1048576,131072,8,10381,101
1512597301849109,1512597301849210,1048576,131072,8,10381,101
1512597301860262,1512597301860363,1048576,131072,8,10381,101
1512597301871401,1512597301871504,1048576,131072,8,10180,103
1512597301882547,1512597301882648,1048576,131072,8,10381,101
1512597301893701,1512597301893804,1048576,131072,8,10180,103
1512597301904898,1512597301904999,1048576,131072,8,10381,101
1512597301916026,1512597301916127,1048576,131072,8,10381,101
1512597301927162,1512597301927263,1048576,131072,8,10381,101
1512597301938293,1512597301938394,1048576,131072,8,10381,101
1512597301949451,1512597301949552,1048576,131072,8,10381,101
1512597301960611,1512597301960714,1048576,131072,8,10180,103
1512597301971762,1512597301971863,1048576,131072,8,10381,101
1512597301982915,1512597301983016,1048576,131072,8,10381,101
1512597301994058,1512597301994160,1048576,131072,8,10280,102
1512597302005198,1512597302005300,1048576,131072,8,10280,102
1512597302016338,1512597302016439,1048576,131072,8,10381,101
1512597302027454,1512597302027556,1048576,131072,8,10280,102
1512597302038588,1512597302038692,1048576,131072,8,10082,104
1512597302049741,1512597302049842,1048576,131072,8,10381,101
1512597302060887,1512597302060989,1048576,131072,8,10280,102
1512597302072040,1512597302072142,1048576,131072,8,10280,102
1512597302083201,1512597302083302,1048576,131072,8,10381,101
1512597302094351,1512597302094452,1048576,131072,8,10381,101
1512597302105493,1512597302105594,1048576,131072,8,10381,101
1512597302116619,1512597302116721,1048576,131072,8,10280,102
1512597302127760,1512597302127863,1048576,131072,8,10180,103
1512597302138905,1512597302139006,1048576,131072,8,10381,101
1512597302150020,1512597302150121,1048576,131072,8,10381,101
1512597302161134,1512597302161236,1048576,131072,8,10280,102
1512597302172257,1512597302172359,1048576,131072,8,10280,102
1512597302183383,1512597302183484,1048576,131072,8,10381,101
1512597302194512,1512597302194613,1048576,131072,8,10381,101
1512597302205637,1512597302205741,1048576,131072,8,10082,104
1512597302216776,1512597302216877,1048576,131072,8,10381,101
1512597302227892,1512597302227994,1048576,131072,8,10280,102
1512597302239026,1512597302239127,1048576,131072,8,10381,101
1512597302250162,1512597302250263,1048576,131072,8,10381,101
1512597302261293,1512597302261394,1048576,131072,8,10381,101
1512597302272411,1512597302272512,1048576,131072,8,10381,101
1512597302283547,1512597302283642,1048576,131072,8,11037,95
1512597302294677,1512597302294779,1048576,131072,8,10280,102
1512597302305821,1512597302305922,1048576,131072,8,10381,101
1512597302316961,1512597302317063,1048576,131072,8,10280,102
1512597302328107,1512597302328209,1048576,131072,8,10280,102
1512597302339310,1512597302339412,1048576,131072,8,10280,102
1512597302350444,1512597302350546,1048576,131072,8,10280,102
1512597302361594,1512597302361696,1048576,131072,8,10280,102
1512597302372741,1512597302372843,1048576,131072,8,10280,102
1512597302383890,1512597302383992,1048576,131072,8,10280,102
1512597302395064,1512597302395165,1048576,131072,8,10381,101
1512597302406206,1512597302406307,1048576,131072,8,10381,101
1512597302417348,1512597302417450,1048576,131072,8,10280,102
1512597302428504,1512597302428606,1048576,131072,8,10280,102
1512597302439642,1512597302439744,1048576,131072,8,10280,102
1512597302450778,1512597302450880,1048576,131072,8,10280,102
1512597302461914,1512597302462015,1048576,131072,8,10381,101
1512597302473051,1512597302473153,1048576,131072,8,10280,102
1512597302484197,1512597302484298,1048576,131072,8,10381,101
1512597302495347,1512597302495449,1048576,131072,8,10280,102
1512597302506496,1512597302506598,1048576,131072,8,10280,102
1512597302517630,1512597302517732,1048576,131072,8,10280,102
1512597302528770,1512597302528872,1048576,131072,8,10280,102
1512597302539902,1512597302540004,1048576,131072,8,10280,102
1512597302551024,1512597302551125,1048576,131072,8,10381,101
1512597302562159,1512597302562261,1048576,131072,8,10280,102
1512597302573323,1512597302573425,1048576,131072,8,10280,102
1512597302584441,1512597302584542,1048576,131072,8,10381,101
1512597302595571,1512597302595675,1048576,131072,8,10082,104
1512597302606700,1512597302606801,1048576,131072,8,10381,101
1512597302617916,1512597302618017,1048576,131072,8,10381,101
1512597302629047,1512597302629148,1048576,131072,8,10381,101
1512597302640169,1512597302640271,1048576,131072,8,10280,102
1512597302651345,1512597302651447,1048576,131072,8,10280,102
1512597302662485,1512597302662587,1048576,131072,8,10280,102
1512597302673640,1512597302673742,1048576,131072,8,10280,102
1512597302684792,1512597302684893,1048576,131072,8,10381,101
1512597302695924,1512597302696026,1048576,131072,8,10280,102
1512597302707043,1512597302707145,1048576,131072,8,10280,102
1512597302718165,1512597302718267,1048576,131072,8,10280,102
1512597302729309,1512597302729411,1048576,131072,8,10280,102
1512597302740458,1512597302740560,1048576,131072,8,10280,102
1512597302751600,1512597302751703,1048576,131072,8,10180,103
1512597302762765,1512597302762866,1048576,131072,8,10381,101
1512597302773921,1512597302774023,1048576,131072,8,10280,102
1512597302785099,1512597302785206,1048576,131072,8,9799,107
1512597302796275,1512597302796376,1048576,131072,8,10381,101
1512597302807449,1512597302807551,1048576,131072,8,10280,102
1512597302818608,1512597302818711,1048576,131072,8,10180,103
1512597302829764,1512597302829865,1048576,131072,8,10381,101
1512597302840932,1512597302841035,1048576,131072,8,10180,103
1512597302852090,1512597302852191,1048576,131072,8,10381,101
1512597302863234,1512597302863335,1048576,131072,8,10381,101
1512597302874368,1512597302874470,1048576,131072,8,10280,102
1512597302885508,1512597302885609,1048576,131072,8,10381,101
1512597302896686,1512597302896787,1048576,131072,8,10381,101
1512597302907823,1512597302907925,1048576,131072,8,10280,102
1512597302919048,1512597302919149,1048576,131072,8,10381,101
1512597302930170,1512597302930272,1048576,131072,8,10280,102
1512597302941288,1512597302941389,1048576,131072,8,10381,101
1512597302952411,1512597302952513,1048576,131072,8,10280,102
1512597302963537,1512597302963638,1048576,131072,8,10381,101
1512597302974657,1512597302974759,1048576,131072,8,10280,102
1512597302985799,1512597302985901,1048576,131072,8,10280,102
1512597302996924,1512597302997026,1048576,131072,8,10280,102
1512597303008036,1512597303008138,1048576,131072,8,10280,102
1512597303019251,1512597303019354,1048576,131072,8,10180,103
1512597303030358,1512597303030460,1048576,131072,8,10280,102
1512597303041481,1512597303041584,1048576,131072,8,10180,103
1512597303052581,1512597303052684,1048576,131072,8,10180,103
1512597303063692,1512597303063794,1048576,131072,8,10280,102
1512597303074816,1512597303074917,1048576,131072,8,10381,101
1512597303085966,1512597303086067,1048576,131072,8,10381,101
1512597303097092,1512597303097194,1048576,131072,8,10280,102
1512597303108226,1512597303108327,1048576,131072,8,10381,101
1512597303119359,1512597303119461,1048576,131072,8,10280,102
1512597303130495,1512597303130596,1048576,131072,8,10381,101
1512597303141625,1512597303141728,1048576,131072,8,10180,103
1512597303152777,1512597303152879,1048576,131072,8,10280,102
1512597303163912,1512597303164014,1048576,131072,8,10280,102
1512597303175071,1512597303175172,1048576,131072,8,10381,101
1512597303186215,1512597303186317,1048576,131072,8,10280,102
1512597303197391,1512597303197493,1048576,131072,8,10280,102
1512597303208546,1512597303208647,1048576,131072,8,10381,101
1512597303219692,1512597303219793,1048576,131072,8,10381,101
1512597303230830,1512597303230931,1048576,131072,8,10381,101
1512597303241970,1512597303242071,1048576,131072,8,10381,101
1512597303253119,1512597303253220,1048576,131072,8,10381,101
1512597303264237,1512597303264337,1048576,131072,8,10485,100
1512597303275359,1512597303275460,1048576,131072,8,10381,101
1512597303286481,1512597303286582,1048576,131072,8,10381,101
1512597303297594,1512597303297698,1048576,131072,8,10082,104
1512597303308726,1512597303308828,1048576,131072,8,10280,102
1512597303319858,1512597303319960,1048576,131072,8,10280,102
1512597303331019,1512597303331121,1048576,131072,8,10280,102
1512597303342165,1512597303342266,1048576,131072,8,10381,101
1512597303353379,1512597303353480,1048576,131072,8,10381,101
1512597303364530,1512597303364632,1048576,131072,8,10280,102
1512597303375667,1512597303375769,1048576,131072,8,10280,102
1512597303386791,1512597303386893,1048576,131072,8,10280,102
1512597303397932,1512597303398033,1048576,131072,8,10381,101
1512597303409056,1512597303409159,1048576,131072,8,10180,103
1512597303420183,1512597303420286,1048576,131072,8,10180,103
1512597303431315,1512597303431416,1048576,131072,8,10381,101
1512597303442459,1512597303442560,1048576,131072,8,10381,101
1512597303453677,1512597303453778,1048576,131072,8,10381,101
1512597303464838,1512597303464940,1048576,131072,8,10280,102
1512597303475973,1512597303476075,1048576,131072,8,10280,102
1512597303487113,1512597303487214,1048576,131072,8,10381,101
1512597303498245,1512597303498346,1048576,131072,8,10381,101
1512597303509436,1512597303509539,1048576,131072,8,10180,103
1512597303520592,1512597303520694,1048576,131072,8,10280,102
1512597303531734,1512597303531836,1048576,131072,8,10280,102
1512597303542864,1512597303542965,1048576,131072,8,10381,101
1512597303553988,1512597303554089,1048576,131072,8,10381,101
1512597303565120,1512597303565222,1048576,131072,8,10280,102
1512597303576260,1512597303576362,1048576,131072,8,10280,102
1512597303587380,1512597303587482,1048576,131072,8,10280,102
1512597303598510,1512597303598611,1048576,131072,8,10381,101
1512597303609631,1512597303609734,1048576,131072,8,10180,103
1512597303620748,1512597303620850,1048576,131072,8,10280,102
1512597303631951,1512597303632052,1048576,131072,8,10381,101
1512597303643085,1512597303643187,1048576,131072,8,10280,102
1512597303654203,1512597303654304,1048576,131072,8,10381,101
1512597303665344,1512597303665445,1048576,131072,8,10381,101
1512597303676518,1512597303676620,1048576,131072,8,10280,102
1512597303687680,1512597303687782,1048576,131072,8,10280,102
1512597303698822,1512597303698924,1048576,131072,8,10280,102
1512597303709968,1512597303710069,1048576,131072,8,10381,101
1512597303721110,1512597303721211,1048576,131072,8,10381,101
1512597303732228,1512597303732328,1048576,131072,8,10485,100
1512597303743356,1512597303743458,1048576,131072,8,10280,102
1512597303754504,1512597303754605,1048576,131072,8,10381,101
1512597303765662,1512597303765764,1048576,131072,8,10280,102
1512597303776828,1512597303776921,1048576,131072,8,11275,93
1512597303787968,1512597303788069,1048576,131072,8,10381,101
1512597303799085,1512597303799186,1048576,131072,8,10381,101
1512597303810263,1512597303810364,1048576,131072,8,10381,101
1512597303821407,1512597303821507,1048576,131072,8,10485,100
1512597303832540,1512597303832640,1048576,131072,8,10485,100
1512597303843691,1512597303843791,1048576,131072,8,10485,100
1512597303854851,1512597303854951,1048576,131072,8,10485,100
1512597303866046,1512597303866146,1048576,131072,8,10485,100
1512597303877167,1512597303877267,1048576,131072,8,10485,100
1512597303888334,1512597303888428,1048576,131072,8,11155,94
1512597303899480,1512597303899581,1048576,131072,8,10381,101
1512597303910625,1512597303910727,1048576,131072,8,10280,102
1512597303921765,1512597303921866,1048576,131072,8,10381,101
1512597303932903,1512597303933004,1048576,131072,8,10381,101
1512597303944048,1512597303944149,1048576,131072,8,10381,101
1512597303955203,1512597303955305,1048576,131072,8,10280,102
1512597303966356,1512597303966457,1048576,131072,8,10381,101
1512597303977501,1512597303977602,1048576,131072,8,10381,101
1512597303988613,1512597303988716,1048576,131072,8,10180,103
1512597303999754,1512597303999856,1048576,131072,8,10280,102
1512597304010876,1512597304010978,1048576,131072,8,10280,102
1512597304022007,1512597304022109,1048576,131072,8,10280,102
1512597304033148,1512597304033249,1048576,131072,8,10381,101
1512597304044293,1512597304044395,1048576,131072,8,10280,102
1512597304055473,1512597304055574,1048576,131072,8,10381,101
1512597304066619,1512597304066722,1048576,131072,8,10180,103
1512597304077760,1512597304077860,1048576,131072,8,10485,100
1512597304088909,1512597304089010,1048576,131072,8,10381,101
1512597304100019,1512597304100121,1048576,131072,8,10280,102
1512597304111156,1512597304111258,1048576,131072,8,10280,102
1512597304122296,1512597304122397,1048576,131072,8,10381,101
1512597304133446,1512597304133548,1048576,131072,8,10280,102
1512597304144586,1512597304144689,1048576,131072,8,10180,103
1512597304155697,1512597304155798,1048576,131072,8,10381,101
1512597304166818,1512597304166919,1048576,131072,8,10381,101
1512597304177950,1512597304178052,1048576,131072,8,10280,102
1512597304189069,1512597304189171,1048576,131072,8,10280,102
1512597304200190,1512597304200291,1048576,131072,8,10381,101
1512597304211315,1512597304211416,1048576,131072,8,10381,101
1512597304222447,1512597304222548,1048576,131072,8,10381,101
1512597304233591,1512597304233694,1048576,131072,8,10180,103
1512597304244738,1512597304244839,1048576,131072,8,10381,101
1512597304255878,1512597304255973,1048576,131072,8,11037,95
1512597304267018,1512597304267120,1048576,131072,8,10280,102
1512597304278140,1512597304278242,1048576,131072,8,10280,102
1512597304289286,1512597304289387,1048576,131072,8,10381,101
1512597304300428,1512597304300529,1048576,131072,8,10381,101
1512597304311560,1512597304311663,1048576,131072,8,10180,103
1512597304322693,1512597304322794,1048576,131072,8,10381,101
1512597304333837,1512597304333938,1048576,131072,8,10381,101
1512597304344985,1512597304345086,1048576,131072,8,10381,101
1512597304356119,1512597304356221,1048576,131072,8,10280,102
1512597304367285,1512597304367386,1048576,131072,8,10381,101
1512597304378432,1512597304378534,1048576,131072,8,10280,102
1512597304389580,1512597304389682,1048576,131072,8,10280,102
1512597304400719,1512597304400820,1048576,131072,8,10381,101
1512597304411924,1512597304412026,1048576,131072,8,10280,102
1512597304423045,1512597304423147,1048576,131072,8,10280,102
1512597304434173,1512597304434274,1048576,131072,8,10381,101
1512597304445313,1512597304445415,1048576,131072,8,10280,102
1512597304456452,1512597304456553,1048576,131072,8,10381,101
1512597304467579,1512597304467682,1048576,131072,8,10180,103
1512597304478696,1512597304478797,1048576,131072,8,10381,101
1512597304489814,1512597304489915,1048576,131072,8,10381,101
1512597304500923,1512597304501025,1048576,131072,8,10280,102
1512597304512031,1512597304512133,1048576,131072,8,10280,102
1512597304523153,1512597304523254,1048576,131072,8,10381,101
1512597304534330,1512597304534431,1048576,131072,8,10381,101
1512597304545440,1512597304545542,1048576,131072,8,10280,102
1512597304556566,1512597304556669,1048576,131072,8,10180,103
1512597304567781,1512597304567882,1048576,131072,8,10381,101
1512597304578901,1512597304579002,1048576,131072,8,10381,101
1512597304590051,1512597304590152,1048576,131072,8,10381,101
1512597304601191,1512597304601293,1048576,131072,8,10280,102
1512597304612325,1512597304612427,1048576,131072,8,10280,102
1512597304623450,1512597304623552,1048576,131072,8,10280,102
1512597304634572,1512597304634675,1048576,131072,8,10180,103
1512597304645696,1512597304645797,1048576,131072,8,10381,101
1512597304656813,1512597304656915,1048576,131072,8,10280,102
1512597304667933,1512597304668035,1048576,131072,8,10280,102
1512597304679058,1512597304679159,1048576,131072,8,10381,101
1512597304690175,1512597304690275,1048576,131072,8,10485,100
1512597304701303,1512597304701404,1048576,131072,8,10381,101
1512597304712415,1512597304712516,1048576,131072,8,10381,101
1512597304723536,1512597304723638,1048576,131072,8,10280,102
1512597304734665,1512597304734766,1048576,131072,8,10381,101
1512597304745788,1512597304745889,1048576,131072,8,10381,101
1512597304756911,1512597304757013,1048576,131072,8,10280,102
1512597304768030,1512597304768131,1048576,131072,8,10381,101
1512597304779172,1512597304779273,1048576,131072,8,10381,101
1512597304790296,1512597304790397,1048576,131072,8,10381,101
1512597304801422,1512597304801524,1048576,131072,8,10280,102
1512597304812541,1512597304812643,1048576,131072,8,10280,102
1512597304823719,1512597304823820,1048576,131072,8,10381,101
1512597304834876,1512597304834970,1048576,131072,8,11155,94
1512597304846018,1512597304846120,1048576,131072,8,10280,102
1512597304857155,1512597304857257,1048576,131072,8,10280,102
1512597304868303,1512597304868404,1048576,131072,8,10381,101
1512597304879444,1512597304879546,1048576,131072,8,10280,102
1512597304890589,1512597304890691,1048576,131072,8,10280,102
1512597304901725,1512597304901826,1048576,131072,8,10381,101
1512597304912856,1512597304912959,1048576,131072,8,10180,103
1512597304923995,1512597304924096,1048576,131072,8,10381,101
1512597304935134,1512597304935236,1048576,131072,8,10280,102
1512597304946258,1512597304946359,1048576,131072,8,10381,101
1512597304957412,1512597304957514,1048576,131072,8,10280,102
1512597304968548,1512597304968649,1048576,131072,8,10381,101
1512597304979698,1512597304979799,1048576,131072,8,10381,101
1512597304990814,1512597304990915,1048576,131072,8,10381,101
1512597305001943,1512597305002045,1048576,131072,8,10280,102
1512597305013080,1512597305013181,1048576,131072,8,10381,101
1512597305024220,1512597305024321,1048576,131072,8,10381,101
