1512573862797031,1512573862887287,67108864,4194304,16,743,90256
1512573863339825,1512573863427764,67108864,4194304,16,763,87939
1512573863879010,1512573863966392,67108864,4194304,16,767,87382
1512573864417751,1512573864505358,67108864,4194304,16,766,87607
1512573864956265,1512573865043901,67108864,4194304,16,765,87636
1512573865495054,1512573865583004,67108864,4194304,16,763,87950
1512573866033926,1512573866121844,67108864,4194304,16,763,87918
1512573866572782,1512573866660606,67108864,4194304,16,764,87824
1512573867111843,1512573867199687,67108864,4194304,16,763,87844
1512573867650601,1512573867737265,67108864,4194304,16,774,86664
1512573868188113,1512573868275950,67108864,4194304,16,764,87837
1512573868727032,1512573868814583,67108864,4194304,16,766,87551
1512573869265923,1512573869353573,67108864,4194304,16,765,87650
1512573869804345,1512573869891357,67108864,4194304,16,771,87012
1512573870342338,1512573870430306,67108864,4194304,16,762,87968
1512573870881048,1512573870968316,67108864,4194304,16,768,87268
1512573871419658,1512573871507226,67108864,4194304,16,766,87568
1512573871957867,1512573872045678,67108864,4194304,16,764,87811
1512573872496342,1512573872583964,67108864,4194304,16,765,87622
1512573873034177,1512573873121391,67108864,4194304,16,769,87214
1512573873572209,1512573873659932,67108864,4194304,16,765,87723
1512573874110586,1512573874197882,67108864,4194304,16,768,87296
1512573874648458,1512573874736107,67108864,4194304,16,765,87649
1512573875186980,1512573875273862,67108864,4194304,16,772,86882
1512573875724971,1512573875812685,67108864,4194304,16,765,87714
1512573876263377,1512573876351227,67108864,4194304,16,763,87850
1512573876801963,1512573876889823,67108864,4194304,16,763,87860
1512573877340930,1512573877428878,67108864,4194304,16,763,87948
1512573877879634,1512573877967744,67108864,4194304,16,761,88110
1512573878418350,1512573878505496,67108864,4194304,16,770,87146
1512573878956474,1512573879044707,67108864,4194304,16,760,88233
1512573879495555,1512573879582912,67108864,4194304,16,768,87357
1512573880033466,1512573880120963,67108864,4194304,16,766,87497
1512573880571428,1512573880659116,67108864,4194304,16,765,87688
1512573881109740,1512573881197731,67108864,4194304,16,762,87991
1512573881648528,1512573881736203,67108864,4194304,16,765,87675
1512573882187113,1512573882275173,67108864,4194304,16,762,88060
1512573882726559,1512573882814698,67108864,4194304,16,761,88139
1512573883265332,1512573883353134,67108864,4194304,16,764,87802
1512573883804083,1512573883891884,67108864,4194304,16,764,87801
1512573884342601,1512573884430644,67108864,4194304,16,762,88043
1512573884881395,1512573884968886,67108864,4194304,16,767,87491
1512573885419606,1512573885507080,67108864,4194304,16,767,87474
1512573885957912,1512573886045415,67108864,4194304,16,766,87503
1512573886496221,1512573886584240,67108864,4194304,16,762,88019
1512573887035606,1512573887122263,67108864,4194304,16,774,86657
1512573887572963,1512573887660978,67108864,4194304,16,762,88015
1512573888111989,1512573888199575,67108864,4194304,16,766,87586
1512573888650304,1512573888738210,67108864,4194304,16,763,87906
1512573889189201,1512573889276661,67108864,4194304,16,767,87460
1512573889727416,1512573889814997,67108864,4194304,16,766,87581
1512573890265866,1512573890353409,67108864,4194304,16,766,87543
1512573890804000,1512573890891681,67108864,4194304,16,765,87681
1512573891342389,1512573891429872,67108864,4194304,16,767,87483
1512573891880417,1512573891967817,67108864,4194304,16,767,87400
1512573892419106,1512573892506782,67108864,4194304,16,765,87676
1512573892957697,1512573893045630,67108864,4194304,16,763,87933
1512573893496712,1512573893584435,67108864,4194304,16,765,87723
1512573894035290,1512573894123560,67108864,4194304,16,760,88270
1512573894574213,1512573894662094,67108864,4194304,16,763,87881
1512573895112727,1512573895200499,67108864,4194304,16,764,87772
1512573895651268,1512573895739101,67108864,4194304,16,764,87833
1512573896190169,1512573896277821,67108864,4194304,16,765,87652
1512573896728888,1512573896816554,67108864,4194304,16,765,87666
1512573897267529,1512573897354990,67108864,4194304,16,767,87461
1512573897805705,1512573897893197,67108864,4194304,16,767,87492
1512573898343807,1512573898431669,67108864,4194304,16,763,87862
1512573898882421,1512573898969786,67108864,4194304,16,768,87365
1512573899421009,1512573899508800,67108864,4194304,16,764,87791
1512573899960001,1512573900048968,67108864,4194304,16,754,88967
1512573900499988,1512573900587537,67108864,4194304,16,766,87549
1512573901038317,1512573901125973,67108864,4194304,16,765,87656
1512573901576510,1512573901664083,67108864,4194304,16,766,87573
1512573902114922,1512573902202021,67108864,4194304,16,770,87099
1512573902652997,1512573902739745,67108864,4194304,16,773,86748
1512573903190840,1512573903277753,67108864,4194304,16,772,86913
1512573903729637,1512573903817267,67108864,4194304,16,765,87630
1512573904268129,1512573904356015,67108864,4194304,16,763,87886
1512573904807254,1512573904894669,67108864,4194304,16,767,87415
1512573905345438,1512573905433203,67108864,4194304,16,764,87765
1512573905883667,1512573905971186,67108864,4194304,16,766,87519
1512573906422431,1512573906510056,67108864,4194304,16,765,87625
1512573906960790,1512573907048659,67108864,4194304,16,763,87869
1512573907499527,1512573907587022,67108864,4194304,16,767,87495
1512573908037931,1512573908125678,67108864,4194304,16,764,87747
1512573908576217,1512573908664091,67108864,4194304,16,763,87874
1512573909115014,1512573909202411,67108864,4194304,16,767,87397
1512573909652946,1512573909741008,67108864,4194304,16,762,88062
1512573910191649,1512573910278914,67108864,4194304,16,769,87265
1512573910729911,1512573910817430,67108864,4194304,16,766,87519
1512573911268570,1512573911356507,67108864,4194304,16,763,87937
1512573911807429,1512573911894607,67108864,4194304,16,769,87178
1512573912345516,1512573912432359,67108864,4194304,16,772,86843
1512573912883155,1512573912970140,67108864,4194304,16,771,86985
1512573913421023,1512573913508701,67108864,4194304,16,765,87678
1512573913959323,1512573914046522,67108864,4194304,16,769,87199
1512573914497510,1512573914584762,67108864,4194304,16,769,87252
1512573915035639,1512573915122832,67108864,4194304,16,769,87193
1512573915573536,1512573915661435,67108864,4194304,16,763,87899
1512573916111958,1512573916199543,67108864,4194304,16,766,87585
1512573916650131,1512573916736819,67108864,4194304,16,774,86688
1512573917187410,1512573917275306,67108864,4194304,16,763,87896
1512573917725796,1512573917813804,67108864,4194304,16,762,88008
1512573918264826,1512573918352305,67108864,4194304,16,767,87479
1512573918802850,1512573918890365,67108864,4194304,16,766,87515
1512573919341059,1512573919428573,67108864,4194304,16,766,87514
1512573919879299,1512573919966808,67108864,4194304,16,766,87509
1512573920417733,1512573920505261,67108864,4194304,16,766,87528
1512573920955919,1512573921043201,67108864,4194304,16,768,87282
1512573921493787,1512573921581240,67108864,4194304,16,767,87453
1512573922032001,1512573922119521,67108864,4194304,16,766,87520
1512573922570250,1512573922657855,67108864,4194304,16,766,87605
1512573923108683,1512573923196642,67108864,4194304,16,762,87959
1512573923647359,1512573923734355,67108864,4194304,16,771,86996
1512573924185108,1512573924272624,67108864,4194304,16,766,87516
1512573924723218,1512573924810407,67108864,4194304,16,769,87189
1512573925261000,1512573925348493,67108864,4194304,16,767,87493
1512573925799362,1512573925886426,67108864,4194304,16,770,87064
1512573926336898,1512573926423743,67108864,4194304,16,772,86845
1512573926874871,1512573926962729,67108864,4194304,16,763,87858
1512573927413541,1512573927500612,67108864,4194304,16,770,87071
1512573927951593,1512573928038908,67108864,4194304,16,768,87315
1512573928489622,1512573928577501,67108864,4194304,16,763,87879
1512573929028466,1512573929116164,67108864,4194304,16,765,87698
1512573929567199,1512573929654328,67108864,4194304,16,770,87129
1512573930105194,1512573930192301,67108864,4194304,16,770,87107
1512573930643053,1512573930730941,67108864,4194304,16,763,87888
1512573931181667,1512573931268088,67108864,4194304,16,776,86421
1512573931719210,1512573931806807,67108864,4194304,16,766,87597
1512573932257484,1512573932343536,67108864,4194304,16,779,86052
1512573932794492,1512573932881343,67108864,4194304,16,772,86851
1512573933332303,1512573933419250,67108864,4194304,16,771,86947
1512573933869771,1512573933956496,67108864,4194304,16,773,86725
1512573934407650,1512573934494418,67108864,4194304,16,773,86768
1512573934945952,1512573935032264,67108864,4194304,16,777,86312
1512573935483243,1512573935570033,67108864,4194304,16,773,86790
1512573936020909,1512573936107881,67108864,4194304,16,771,86972
1512573936558592,1512573936645624,67108864,4194304,16,771,87032
1512573937096961,1512573937183900,67108864,4194304,16,771,86939
1512573937634979,1512573937721679,67108864,4194304,16,774,86700
1512573938172595,1512573938259845,67108864,4194304,16,769,87250
1512573938710700,1512573938797359,67108864,4194304,16,774,86659
1512573939248474,1512573939335026,67108864,4194304,16,775,86552
1512573939785631,1512573939872500,67108864,4194304,16,772,86869
1512573940323453,1512573940410079,67108864,4194304,16,774,86626
1512573940860739,1512573940947815,67108864,4194304,16,770,87076
1512573941398628,1512573941484931,67108864,4194304,16,777,86303
1512573941935765,1512573942022425,67108864,4194304,16,774,86660
1512573942473506,1512573942560140,67108864,4194304,16,774,86634
1512573943011473,1512573943097535,67108864,4194304,16,779,86062
1512573943548292,1512573943634966,67108864,4194304,16,774,86674
1512573944085696,1512573944172161,67108864,4194304,16,776,86465
1512573944623107,1512573944709488,67108864,4194304,16,776,86381
1512573945160404,1512573945246392,67108864,4194304,16,780,85988
1512573945697027,1512573945783277,67108864,4194304,16,778,86250
1512573946233982,1512573946320716,67108864,4194304,16,773,86734
1512573946771329,1512573946858249,67108864,4194304,16,772,86920
1512573947309262,1512573947396239,67108864,4194304,16,771,86977
1512573947847116,1512573947933639,67108864,4194304,16,775,86523
1512573948384864,1512573948471504,67108864,4194304,16,774,86640
1512573948922446,1512573949008979,67108864,4194304,16,775,86533
1512573949460101,1512573949546590,67108864,4194304,16,775,86489
1512573949997773,1512573950084389,67108864,4194304,16,774,86616
1512573950535317,1512573950621825,67108864,4194304,16,775,86508
1512573951072950,1512573951159226,67108864,4194304,16,777,86276
1512573951610034,1512573951697172,67108864,4194304,16,770,87138
1512573952148223,1512573952235277,67108864,4194304,16,770,87054
1512573952686100,1512573952773174,67108864,4194304,16,770,87074
1512573953224497,1512573953311232,67108864,4194304,16,773,86735
1512573953762234,1512573953848926,67108864,4194304,16,774,86692
1512573954299818,1512573954385771,67108864,4194304,16,780,85953
1512573954836706,1512573954923612,67108864,4194304,16,772,86906
1512573955374354,1512573955460247,67108864,4194304,16,781,85893
1512573955911046,1512573955997419,67108864,4194304,16,776,86373
1512573956448601,1512573956535482,67108864,4194304,16,772,86881
1512573956986999,1512573957072944,67108864,4194304,16,780,85945
1512573957524304,1512573957610826,67108864,4194304,16,775,86522
1512573958061671,1512573958148208,67108864,4194304,16,775,86537
1512573958599163,1512573958685652,67108864,4194304,16,775,86489
1512573959136883,1512573959223452,67108864,4194304,16,775,86569
1512573959674583,1512573959761657,67108864,4194304,16,770,87074
1512573960212883,1512573960299861,67108864,4194304,16,771,86978
1512573960751155,1512573960837827,67108864,4194304,16,774,86672
1512573961288459,1512573961375638,67108864,4194304,16,769,87179
1512573961826437,1512573961913575,67108864,4194304,16,770,87138
1512573962364559,1512573962451437,67108864,4194304,16,772,86878
1512573962902363,1512573962988862,67108864,4194304,16,775,86499
1512573963439891,1512573963527042,67108864,4194304,16,770,87151
1512573963977788,1512573964064595,67108864,4194304,16,773,86807
1512573964515427,1512573964602335,67108864,4194304,16,772,86908
1512573965053202,1512573965140473,67108864,4194304,16,768,87271
1512573965591337,1512573965678518,67108864,4194304,16,769,87181
1512573966129123,1512573966215648,67108864,4194304,16,775,86525
1512573966666505,1512573966753054,67108864,4194304,16,775,86549
1512573967204524,1512573967291106,67108864,4194304,16,775,86582
1512573967742166,1512573967828694,67108864,4194304,16,775,86528
1512573968279807,1512573968366882,67108864,4194304,16,770,87075
1512573968817927,1512573968904615,67108864,4194304,16,774,86688
1512573969355949,1512573969442954,67108864,4194304,16,771,87005
1512573969893435,1512573969980724,67108864,4194304,16,768,87289
1512573970431758,1512573970518860,67108864,4194304,16,770,87102
1512573970969694,1512573971056765,67108864,4194304,16,770,87071
1512573971507534,1512573971594642,67108864,4194304,16,770,87108
1512573972045844,1512573972132702,67108864,4194304,16,772,86858
1512573972583514,1512573972670597,67108864,4194304,16,770,87083
1512573973121887,1512573973209257,67108864,4194304,16,768,87370
1512573973660111,1512573973746998,67108864,4194304,16,772,86887
1512573974197916,1512573974285018,67108864,4194304,16,770,87102
1512573974736221,1512573974823270,67108864,4194304,16,770,87049
1512573975274312,1512573975361217,67108864,4194304,16,772,86905
1512573975811953,1512573975898586,67108864,4194304,16,774,86633
1512573976349548,1512573976436016,67108864,4194304,16,776,86468
1512573976887013,1512573976973802,67108864,4194304,16,773,86789
1512573977424800,1512573977511889,67108864,4194304,16,770,87089
1512573977963068,1512573978049798,67108864,4194304,16,773,86730
1512573978501051,1512573978587270,67108864,4194304,16,778,86219
1512573979038162,1512573979124900,67108864,4194304,16,773,86738
1512573979575749,1512573979662040,67108864,4194304,16,777,86291
1512573980112744,1512573980199844,67108864,4194304,16,770,87100
1512573980650902,1512573980737939,67108864,4194304,16,771,87037
1512573981189173,1512573981276263,67108864,4194304,16,770,87090
1512573981726983,1512573981813676,67108864,4194304,16,774,86693
1512573982264699,1512573982351679,67108864,4194304,16,771,86980
1512573982802900,1512573982889412,67108864,4194304,16,775,86512
1512573983340409,1512573983426859,67108864,4194304,16,776,86450
1512573983877754,1512573983964104,67108864,4194304,16,777,86350
1512573984415290,1512573984502153,67108864,4194304,16,772,86863
1512573984953514,1512573985040487,67108864,4194304,16,771,86973
1512573985491233,1512573985577959,67108864,4194304,16,773,86726
1512573986029266,1512573986116154,67108864,4194304,16,772,86888
1512573986566956,1512573986653758,67108864,4194304,16,773,86802
1512573987104232,1512573987191110,67108864,4194304,16,772,86878
1512573987642494,1512573987728669,67108864,4194304,16,778,86175
1512573988179584,1512573988266348,67108864,4194304,16,773,86764
1512573988717175,1512573988803308,67108864,4194304,16,779,86133
1512573989254046,1512573989340156,67108864,4194304,16,779,86110
1512573989791485,1512573989878561,67108864,4194304,16,770,87076
1512573990329805,1512573990416628,67108864,4194304,16,772,86823
1512573990867650,1512573990954717,67108864,4194304,16,770,87067
1512573991405361,1512573991491677,67108864,4194304,16,777,86316
1512573991942597,1512573992029278,67108864,4194304,16,774,86681
1512573992479962,1512573992565871,67108864,4194304,16,781,85909
1512573993016847,1512573993103360,67108864,4194304,16,775,86513
1512573993554583,1512573993641457,67108864,4194304,16,772,86874
1512573994092953,1512573994179731,67108864,4194304,16,773,86778
1512573994630264,1512573994717203,67108864,4194304,16,771,86939
1512573995168336,1512573995254955,67108864,4194304,16,774,86619
1512573995705858,1512573995792799,67108864,4194304,16,771,86941
1512573996243510,1512573996330212,67108864,4194304,16,774,86702
1512573996781356,1512573996868043,67108864,4194304,16,774,86687
1512573997319046,1512573997405889,67108864,4194304,16,772,86843
1512573997856750,1512573997943466,67108864,4194304,16,773,86716
1512573998394549,1512573998480848,67108864,4194304,16,777,86299
1512573998932284,1512573999019007,67108864,4194304,16,773,86723
1512573999470023,1512573999556757,67108864,4194304,16,773,86734
1512574000007399,1512574000094362,67108864,4194304,16,771,86963
1512574000545072,1512574000631838,67108864,4194304,16,773,86766
1512574001082661,1512574001170777,67108864,4194304,16,761,88116
1512574001621662,1512574001709899,67108864,4194304,16,760,88237
1512574002160684,1512574002249002,67108864,4194304,16,759,88318
1512574002700277,1512574002788155,67108864,4194304,16,763,87878
1512574003239032,1512574003326435,67108864,4194304,16,767,87403
1512574003777323,1512574003865295,67108864,4194304,16,762,87972
1512574004316141,1512574004403987,67108864,4194304,16,763,87846
1512574004854901,1512574004942726,67108864,4194304,16,764,87825
1512574005393340,1512574005481068,67108864,4194304,16,764,87728
1512574005931796,1512574006019944,67108864,4194304,16,761,88148
1512574006470747,1512574006558673,67108864,4194304,16,763,87926
1512574007009524,1512574007097154,67108864,4194304,16,765,87630
1512574007547838,1512574007635923,67108864,4194304,16,761,88085
1512574008086358,1512574008173616,67108864,4194304,16,769,87258
1512574008624443,1512574008712485,67108864,4194304,16,762,88042
1512574009163503,1512574009251485,67108864,4194304,16,762,87982
1512574009701919,1512574009789722,67108864,4194304,16,764,87803
1512574010240388,1512574010328348,67108864,4194304,16,762,87960
1512574010779403,1512574010867501,67108864,4194304,16,761,88098
1512574011318268,1512574011406038,67108864,4194304,16,764,87770
1512574011856667,1512574011944658,67108864,4194304,16,762,87991
1512574012395359,1512574012483456,67108864,4194304,16,761,88097
1512574012934280,1512574013022472,67108864,4194304,16,760,88192
1512574013473849,1512574013561693,67108864,4194304,16,763,87844
1512574014012730,1512574014100962,67108864,4194304,16,760,88232
1512574014552068,1512574014640437,67108864,4194304,16,759,88369
1512574015091250,1512574015179302,67108864,4194304,16,762,88052
1512574015630419,1512574015718652,67108864,4194304,16,760,88233
1512574016169379,1512574016257121,67108864,4194304,16,764,87742
1512574016708515,1512574016796544,67108864,4194304,16,762,88029
1512574017247309,1512574017335643,67108864,4194304,16,759,88334
1512574017786530,1512574017874442,67108864,4194304,16,763,87912
1512574018325463,1512574018413089,67108864,4194304,16,765,87626
1512574018864016,1512574018952284,67108864,4194304,16,760,88268
1512574019402963,1512574019490941,67108864,4194304,16,762,87978
1512574019941760,1512574020030859,67108864,4194304,16,753,89099
1512574020481907,1512574020570068,67108864,4194304,16,761,88161
1512574021020889,1512574021107901,67108864,4194304,16,771,87012
1512574021559130,1512574021646733,67108864,4194304,16,766,87603
1512574022097739,1512574022185375,67108864,4194304,16,765,87636
1512574022636716,1512574022723936,67108864,4194304,16,769,87220
1512574023175394,1512574023263696,67108864,4194304,16,759,88302
1512574023714666,1512574023802473,67108864,4194304,16,764,87807
1512574024253425,1512574024341437,67108864,4194304,16,762,88012
1512574024792602,1512574024880767,67108864,4194304,16,761,88165
1512574025332063,1512574025420285,67108864,4194304,16,760,88222
1512574025871145,1512574025958824,67108864,4194304,16,765,87679
1512574026409636,1512574026497561,67108864,4194304,16,763,87925
1512574026948792,1512574027036388,67108864,4194304,16,766,87596
1512574027487347,1512574027574496,67108864,4194304,16,770,87149
1512574028025475,1512574028113353,67108864,4194304,16,763,87878
1512574028564254,1512574028652154,67108864,4194304,16,763,87900
1512574029102797,1512574029190863,67108864,4194304,16,762,88066
1512574029641681,1512574029729943,67108864,4194304,16,760,88262
1512574030181048,1512574030269260,67108864,4194304,16,760,88212
1512574030720262,1512574030808362,67108864,4194304,16,761,88100
1512574031259954,1512574031348122,67108864,4194304,16,761,88168
1512574031799156,1512574031886842,67108864,4194304,16,765,87686
1512574032337816,1512574032425609,67108864,4194304,16,764,87793
1512574032876582,1512574032964404,67108864,4194304,16,764,87822
1512574033415365,1512574033503517,67108864,4194304,16,761,88152
1512574033954363,1512574034041338,67108864,4194304,16,771,86975
1512574034492282,1512574034579492,67108864,4194304,16,769,87210
1512574035030470,1512574035118740,67108864,4194304,16,760,88270
1512574035569521,1512574035657328,67108864,4194304,16,764,87807
1512574036108137,1512574036195766,67108864,4194304,16,765,87629
1512574036646518,1512574036733777,67108864,4194304,16,769,87259
1512574037184857,1512574037273157,67108864,4194304,16,760,88300
1512574037724280,1512574037812122,67108864,4194304,16,763,87842
1512574038263251,1512574038350971,67108864,4194304,16,765,87720
1512574038801892,1512574038889546,67108864,4194304,16,765,87654
1512574039340871,1512574039429142,67108864,4194304,16,760,88271
1512574039880580,1512574039968218,67108864,4194304,16,765,87638
1512574040419201,1512574040507394,67108864,4194304,16,760,88193
1512574040958400,1512574041046356,67108864,4194304,16,762,87956
1512574041497293,1512574041585428,67108864,4194304,16,761,88135
1512574042036430,1512574042124539,67108864,4194304,16,761,88109
1512574042575317,1512574042663321,67108864,4194304,16,762,88004
1512574043114207,1512574043201372,67108864,4194304,16,769,87165
1512574043652076,1512574043739852,67108864,4194304,16,764,87776
1512574044190973,1512574044279194,67108864,4194304,16,760,88221
1512574044730317,1512574044818019,67108864,4194304,16,765,87702
1512574045268905,1512574045356813,67108864,4194304,16,763,87908
1512574045807531,1512574045895602,67108864,4194304,16,761,88071
1512574046346911,1512574046434909,67108864,4194304,16,762,87998
1512574046885754,1512574046973967,67108864,4194304,16,760,88213
1512574047425311,1512574047512599,67108864,4194304,16,768,87288
1512574047963478,1512574048051303,67108864,4194304,16,764,87825
1512574048502358,1512574048590163,67108864,4194304,16,764,87805
1512574049040960,1512574049129309,67108864,4194304,16,759,88349
1512574049580430,1512574049668589,67108864,4194304,16,761,88159
1512574050120275,1512574050208536,67108864,4194304,16,760,88261
1512574050659887,1512574050748146,67108864,4194304,16,760,88259
1512574051199198,1512574051287474,67108864,4194304,16,760,88276
1512574051738180,1512574051826078,67108864,4194304,16,763,87898
1512574052277093,1512574052364740,67108864,4194304,16,765,87647
1512574052815941,1512574052903928,67108864,4194304,16,762,87987
1512574053354494,1512574053442669,67108864,4194304,16,761,88175
1512574053893389,1512574053981403,67108864,4194304,16,762,88014
1512574054432442,1512574054520299,67108864,4194304,16,763,87857
1512574054971188,1512574055059442,67108864,4194304,16,760,88254
1512574055510093,1512574055598032,67108864,4194304,16,763,87939
1512574056048709,1512574056136969,67108864,4194304,16,760,88260
1512574056587998,1512574056675854,67108864,4194304,16,763,87856
1512574057126643,1512574057214588,67108864,4194304,16,763,87945
1512574057665743,1512574057753679,67108864,4194304,16,763,87936
1512574058204328,1512574058292145,67108864,4194304,16,764,87817
1512574058743090,1512574058830954,67108864,4194304,16,763,87864
1512574059281677,1512574059369023,67108864,4194304,16,768,87346
1512574059819978,1512574059908082,67108864,4194304,16,761,88104
1512574060359116,1512574060447502,67108864,4194304,16,759,88386
1512574060898354,1512574060986622,67108864,4194304,16,760,88268
1512574061437641,1512574061525225,67108864,4194304,16,766,87584
1512574061976359,1512574062064628,67108864,4194304,16,760,88269
1512574062515849,1512574062604065,67108864,4194304,16,760,88216
1512574063054791,1512574063143098,67108864,4194304,16,759,88307
1512574063594105,1512574063682250,67108864,4194304,16,761,88145
1512574064133318,1512574064221386,67108864,4194304,16,762,88068
1512574064672721,1512574064760890,67108864,4194304,16,761,88169
1512574065211727,1512574065300055,67108864,4194304,16,759,88328
1512574065750917,1512574065839176,67108864,4194304,16,760,88259
1512574066289759,1512574066378323,67108864,4194304,16,757,88564
1512574066829194,1512574066917434,67108864,4194304,16,760,88240
1512574067368393,1512574067456320,67108864,4194304,16,763,87927
1512574067907226,1512574067995336,67108864,4194304,16,761,88110
1512574068446411,1512574068534489,67108864,4194304,16,761,88078
1512574068985395,1512574069073812,67108864,4194304,16,759,88417
1512574069524895,1512574069612989,67108864,4194304,16,761,88094
1512574070063907,1512574070152168,67108864,4194304,16,760,88261
1512574070603152,1512574070690829,67108864,4194304,16,765,87677
1512574071142065,1512574071229827,67108864,4194304,16,764,87762
1512574071680546,1512574071768680,67108864,4194304,16,761,88134
1512574072219532,1512574072307471,67108864,4194304,16,763,87939
1512574072759248,1512574072847408,67108864,4194304,16,761,88160
1512574073298185,1512574073386169,67108864,4194304,16,762,87984
1512574073837009,1512574073924911,67108864,4194304,16,763,87902
1512574074376358,1512574074464497,67108864,4194304,16,761,88139
1512574074915295,1512574075002986,67108864,4194304,16,765,87691
1512574075454284,1512574075541801,67108864,4194304,16,766,87517
1512574075992742,1512574076080723,67108864,4194304,16,762,87981
1512574076531556,1512574076619763,67108864,4194304,16,760,88207
1512574077070282,1512574077158121,67108864,4194304,16,763,87839
1512574077609024,1512574077696541,67108864,4194304,16,766,87517
1512574078147466,1512574078234796,67108864,4194304,16,768,87330
1512574078685525,1512574078773012,67108864,4194304,16,767,87487
1512574079223586,1512574079311046,67108864,4194304,16,767,87460
1512574079762051,1512574079850220,67108864,4194304,16,761,88169
1512574080300929,1512574080388872,67108864,4194304,16,763,87943
1512574080839709,1512574080928112,67108864,4194304,16,759,88403
1512574081379099,1512574081466627,67108864,4194304,16,766,87528
1512574081917560,1512574082005275,67108864,4194304,16,765,87715
1512574082456362,1512574082544089,67108864,4194304,16,764,87727
1512574082994995,1512574083083147,67108864,4194304,16,761,88152
1512574083534624,1512574083622577,67108864,4194304,16,763,87953
1512574084073336,1512574084161413,67108864,4194304,16,761,88077
1512574084612307,1512574084700038,67108864,4194304,16,764,87731
1512574085151222,1512574085239175,67108864,4194304,16,763,87953
1512574085690230,1512574085778216,67108864,4194304,16,762,87986
1512574086229041,1512574086316574,67108864,4194304,16,766,87533
1512574086767666,1512574086855976,67108864,4194304,16,759,88310
1512574087306567,1512574087395178,67108864,4194304,16,757,88611
1512574087845847,1512574087934103,67108864,4194304,16,760,88256
1512574088384990,1512574088472715,67108864,4194304,16,764,87725
1512574088923865,1512574089011918,67108864,4194304,16,762,88053
1512574089462579,1512574089550798,67108864,4194304,16,760,88219
1512574090002128,1512574090090030,67108864,4194304,16,763,87902
1512574090541411,1512574090629335,67108864,4194304,16,763,87924
1512574091080156,1512574091168199,67108864,4194304,16,762,88043
1512574091618793,1512574091706380,67108864,4194304,16,766,87587
1512574092157397,1512574092245510,67108864,4194304,16,761,88113
1512574092696617,1512574092784176,67108864,4194304,16,766,87559
1512574093234756,1512574093322943,67108864,4194304,16,760,88187
1512574093773758,1512574093861345,67108864,4194304,16,766,87587
1512574094312057,1512574094399590,67108864,4194304,16,766,87533
1512574094850653,1512574094938954,67108864,4194304,16,760,88301
1512574095389945,1512574095477660,67108864,4194304,16,765,87715
1512574095928263,1512574096016463,67108864,4194304,16,760,88200
1512574096467648,1512574096555859,67108864,4194304,16,760,88211
1512574097006580,1512574097094945,67108864,4194304,16,759,88365
1512574097545965,1512574097634348,67108864,4194304,16,759,88383
1512574098085013,1512574098173143,67108864,4194304,16,761,88130
1512574098623741,1512574098712203,67108864,4194304,16,758,88462
1512574099163179,1512574099251548,67108864,4194304,16,759,88369
1512574099702823,1512574099790910,67108864,4194304,16,761,88087
1512574100241778,1512574100330168,67108864,4194304,16,759,88390
1512574100781053,1512574100868973,67108864,4194304,16,763,87920
1512574101319980,1512574101408111,67108864,4194304,16,761,88131
1512574101858825,1512574101946915,67108864,4194304,16,761,88090
1512574102397971,1512574102485859,67108864,4194304,16,763,87888
1512574102937482,1512574103025470,67108864,4194304,16,762,87988
1512574103476403,1512574103564767,67108864,4194304,16,759,88364
1512574104015520,1512574104103814,67108864,4194304,16,760,88294
1512574104554289,1512574104642515,67108864,4194304,16,760,88226
1512574105093660,1512574105181493,67108864,4194304,16,764,87833
1512574105632364,1512574105720634,67108864,4194304,16,760,88270
1512574106171141,1512574106259765,67108864,4194304,16,757,88624
1512574106711024,1512574106799535,67108864,4194304,16,758,88511
1512574107250462,1512574107338848,67108864,4194304,16,759,88386
1512574107789882,1512574107878099,67108864,4194304,16,760,88217
1512574108329154,1512574108417658,67108864,4194304,16,758,88504
1512574108868442,1512574108956414,67108864,4194304,16,762,87972
1512574109407437,1512574109495778,67108864,4194304,16,759,88341
1512574109946606,1512574110033638,67108864,4194304,16,771,87032
1512574110484811,1512574110573140,67108864,4194304,16,759,88329
1512574111023992,1512574111111548,67108864,4194304,16,766,87556
1512574111562979,1512574111651359,67108864,4194304,16,759,88380
1512574112102183,1512574112190514,67108864,4194304,16,759,88331
1512574112641394,1512574112729268,67108864,4194304,16,763,87874
1512574113180293,1512574113268697,67108864,4194304,16,759,88404
1512574113719669,1512574113807393,67108864,4194304,16,765,87724
1512574114258453,1512574114346867,67108864,4194304,16,759,88414
1512574114797740,1512574114885850,67108864,4194304,16,761,88110
1512574115336955,1512574115425096,67108864,4194304,16,761,88141
1512574115875788,1512574115964213,67108864,4194304,16,758,88425
1512574116415097,1512574116503145,67108864,4194304,16,762,88048
1512574116953839,1512574117042070,67108864,4194304,16,760,88231
1512574117492820,1512574117579885,67108864,4194304,16,770,87065
1512574118030953,1512574118119195,67108864,4194304,16,760,88242
1512574118570143,1512574118658336,67108864,4194304,16,760,88193
1512574119109092,1512574119197114,67108864,4194304,16,762,88022
1512574119647978,1512574119736161,67108864,4194304,16,761,88183
1512574120186875,1512574120275291,67108864,4194304,16,759,88416
1512574120726658,1512574120814494,67108864,4194304,16,764,87836
1512574121265242,1512574121353496,67108864,4194304,16,760,88254
1512574121804530,1512574121892424,67108864,4194304,16,763,87894
1512574122343219,1512574122431164,67108864,4194304,16,763,87945
1512574122882106,1512574122970459,67108864,4194304,16,759,88353
1512574123421495,1512574123509427,67108864,4194304,16,763,87932
1512574123960330,1512574124048609,67108864,4194304,16,760,88279
1512574124499409,1512574124587500,67108864,4194304,16,761,88091
1512574125038075,1512574125126103,67108864,4194304,16,762,88028
1512574125577186,1512574125665433,67108864,4194304,16,760,88247
1512574126116398,1512574126204329,67108864,4194304,16,763,87931
1512574126655451,1512574126743751,67108864,4194304,16,760,88300
1512574127194638,1512574127282393,67108864,4194304,16,764,87755
1512574127733338,1512574127821814,67108864,4194304,16,758,88476
1512574128272784,1512574128361237,67108864,4194304,16,758,88453
1512574128812203,1512574128900474,67108864,4194304,16,760,88271
1512574129351447,1512574129439745,67108864,4194304,16,760,88298
1512574129890593,1512574129978331,67108864,4194304,16,764,87738
1512574130429414,1512574130517442,67108864,4194304,16,762,88028
1512574130968593,1512574131056207,67108864,4194304,16,765,87614
1512574131506885,1512574131594169,67108864,4194304,16,768,87284
1512574132045153,1512574132132867,67108864,4194304,16,765,87714
1512574132584044,1512574132672204,67108864,4194304,16,761,88160
1512574133123016,1512574133210708,67108864,4194304,16,765,87692
1512574133662266,1512574133750197,67108864,4194304,16,763,87931
1512574134201034,1512574134288893,67108864,4194304,16,763,87859
1512574134739559,1512574134827744,67108864,4194304,16,761,88185
1512574135279011,1512574135367241,67108864,4194304,16,760,88230
1512574135818369,1512574135905889,67108864,4194304,16,766,87520
1512574136356760,1512574136444507,67108864,4194304,16,764,87747
1512574136895209,1512574136983274,67108864,4194304,16,762,88065
1512574137434292,1512574137522606,67108864,4194304,16,759,88314
1512574137973202,1512574138061514,67108864,4194304,16,759,88312
1512574138512608,1512574138600914,67108864,4194304,16,759,88306
1512574139051964,1512574139140243,67108864,4194304,16,760,88279
1512574139590841,1512574139678925,67108864,4194304,16,761,88084
1512574140129879,1512574140218237,67108864,4194304,16,759,88358
1512574140668988,1512574140756002,67108864,4194304,16,771,87014
1512574141206850,1512574141295231,67108864,4194304,16,759,88381
1512574141745815,1512574141834269,67108864,4194304,16,758,88454
1512574142285106,1512574142373213,67108864,4194304,16,761,88107
1512574142824255,1512574142911703,67108864,4194304,16,767,87448
1512574143362771,1512574143450717,67108864,4194304,16,763,87946
1512574143901568,1512574143989771,67108864,4194304,16,760,88203
1512574144441163,1512574144529168,67108864,4194304,16,762,88005
1512574144980419,1512574145068500,67108864,4194304,16,761,88081
1512574145519609,1512574145607042,67108864,4194304,16,767,87433
1512574146058400,1512574146146440,67108864,4194304,16,762,88040
1512574146597217,1512574146685274,67108864,4194304,16,762,88057
1512574147136040,1512574147224440,67108864,4194304,16,759,88400
1512574147675595,1512574147762943,67108864,4194304,16,768,87348
1512574148213806,1512574148301511,67108864,4194304,16,765,87705
1512574148751965,1512574148840102,67108864,4194304,16,761,88137
1512574149290838,1512574149378030,67108864,4194304,16,769,87192
1512574149828846,1512574149916940,67108864,4194304,16,761,88094
1512574150367813,1512574150455535,67108864,4194304,16,765,87722
1512574150906877,1512574150995139,67108864,4194304,16,760,88262
1512574151446228,1512574151534410,67108864,4194304,16,761,88182
1512574151985549,1512574152073429,67108864,4194304,16,763,87880
1512574152524745,1512574152612823,67108864,4194304,16,761,88078
1512574153064161,1512574153151605,67108864,4194304,16,767,87444
1512574153603024,1512574153691279,67108864,4194304,16,760,88255
1512574154142276,1512574154230006,67108864,4194304,16,764,87730
1512574154680950,1512574154767883,67108864,4194304,16,771,86933
1512574155219476,1512574155307939,67108864,4194304,16,758,88463
1512574155759031,1512574155847462,67108864,4194304,16,758,88431
1512574156298529,1512574156386567,67108864,4194304,16,762,88038
1512574156837118,1512574156925184,67108864,4194304,16,762,88066
1512574157376137,1512574157464163,67108864,4194304,16,762,88026
1512574157914943,1512574158001734,67108864,4194304,16,773,86791
1512574158452496,1512574158540860,67108864,4194304,16,759,88364
1512574158991945,1512574159079843,67108864,4194304,16,763,87898
1512574159531043,1512574159619121,67108864,4194304,16,761,88078
1512574160069976,1512574160157480,67108864,4194304,16,766,87504
1512574160608567,1512574160696744,67108864,4194304,16,761,88177
1512574161147832,1512574161235834,67108864,4194304,16,762,88002
1512574161686866,1512574161775378,67108864,4194304,16,758,88512
1512574162226523,1512574162314780,67108864,4194304,16,760,88257
1512574162765750,1512574162853898,67108864,4194304,16,761,88148
1512574163304988,1512574163392436,67108864,4194304,16,767,87448
1512574163843501,1512574163932118,67108864,4194304,16,757,88617
1512574164383126,1512574164471267,67108864,4194304,16,761,88141
1512574164922196,1512574165010455,67108864,4194304,16,760,88259
1512574165461506,1512574165549912,67108864,4194304,16,759,88406
1512574166000590,1512574166088722,67108864,4194304,16,761,88132
1512574166539261,1512574166627015,67108864,4194304,16,764,87754
1512574167078021,1512574167166081,67108864,4194304,16,762,88060
1512574167617451,1512574167705558,67108864,4194304,16,761,88107
1512574168156031,1512574168244207,67108864,4194304,16,761,88176
1512574168695426,1512574168783528,67108864,4194304,16,761,88102
1512574169234286,1512574169321623,67108864,4194304,16,768,87337
1512574169772609,1512574169860990,67108864,4194304,16,759,88381
1512574170311748,1512574170399540,67108864,4194304,16,764,87792
1512574170850265,1512574170937961,67108864,4194304,16,765,87696
1512574171388630,1512574171477124,67108864,4194304,16,758,88494
1512574171928097,1512574172015730,67108864,4194304,16,765,87633
1512574172467070,1512574172554477,67108864,4194304,16,767,87407
1512574173005328,1512574173093131,67108864,4194304,16,764,87803
1512574173544411,1512574173632122,67108864,4194304,16,765,87711
1512574174082899,1512574174170985,67108864,4194304,16,761,88086
1512574174622286,1512574174710840,67108864,4194304,16,757,88554
1512574175162054,1512574175250239,67108864,4194304,16,761,88185
1512574175701470,1512574175789061,67108864,4194304,16,766,87591
1512574176239820,1512574176327832,67108864,4194304,16,762,88012
1512574176778816,1512574176866868,67108864,4194304,16,762,88052
1512574177317695,1512574177405951,67108864,4194304,16,760,88256
1512574177856861,1512574177945097,67108864,4194304,16,760,88236
1512574178395797,1512574178483658,67108864,4194304,16,763,87861
1512574178934860,1512574179023164,67108864,4194304,16,759,88304
1512574179473975,1512574179562070,67108864,4194304,16,761,88095
1512574180012678,1512574180100943,67108864,4194304,16,760,88265
1512574180551790,1512574180640128,67108864,4194304,16,759,88338
1512574181090873,1512574181178935,67108864,4194304,16,762,88062
1512574181630756,1512574181718721,67108864,4194304,16,762,87965
1512574182169975,1512574182258074,67108864,4194304,16,761,88099
1512574182709013,1512574182797217,67108864,4194304,16,760,88204
1512574183248188,1512574183336002,67108864,4194304,16,764,87814
1512574183786817,1512574183874762,67108864,4194304,16,763,87945
1512574184325797,1512574184413501,67108864,4194304,16,765,87704
1512574184864296,1512574184952581,67108864,4194304,16,760,88285
1512574185403332,1512574185491582,67108864,4194304,16,760,88250
1512574185942037,1512574186030141,67108864,4194304,16,761,88104
1512574186481136,1512574186568816,67108864,4194304,16,765,87680
1512574187019867,1512574187108079,67108864,4194304,16,760,88212
1512574187558906,1512574187646478,67108864,4194304,16,766,87572
1512574188097174,1512574188185491,67108864,4194304,16,759,88317
1512574188636243,1512574188723913,67108864,4194304,16,765,87670
1512574189175032,1512574189262971,67108864,4194304,16,763,87939
1512574189714194,1512574189802056,67108864,4194304,16,763,87862
1512574190253187,1512574190340837,67108864,4194304,16,765,87650
1512574190791511,1512574190879559,67108864,4194304,16,762,88048
1512574191330427,1512574191417434,67108864,4194304,16,771,87007
1512574191868922,1512574191957266,67108864,4194304,16,759,88344
1512574192408057,1512574192496498,67108864,4194304,16,758,88441
1512574192947312,1512574193035462,67108864,4194304,16,761,88150
1512574193486572,1512574193574939,67108864,4194304,16,759,88367
1512574194025557,1512574194113890,67108864,4194304,16,759,88333
1512574194565028,1512574194653258,67108864,4194304,16,760,88230
1512574195104509,1512574195192003,67108864,4194304,16,767,87494
1512574195642877,1512574195730878,67108864,4194304,16,762,88001
1512574196181760,1512574196269828,67108864,4194304,16,762,88068
1512574196720637,1512574196808737,67108864,4194304,16,761,88100
1512574197259509,1512574197347423,67108864,4194304,16,763,87914
1512574197798390,1512574197886512,67108864,4194304,16,761,88122
1512574198337270,1512574198425265,67108864,4194304,16,762,87995
1512574198876282,1512574198964153,67108864,4194304,16,763,87871
1512574199415253,1512574199503296,67108864,4194304,16,762,88043
1512574199954451,1512574200043109,67108864,4194304,16,756,88658
1512574200494486,1512574200582460,67108864,4194304,16,762,87974
1512574201033399,1512574201121350,67108864,4194304,16,763,87951
1512574201572599,1512574201660658,67108864,4194304,16,762,88059
1512574202111552,1512574202199776,67108864,4194304,16,760,88224
1512574202650544,1512574202738400,67108864,4194304,16,763,87856
1512574203189283,1512574203277052,67108864,4194304,16,764,87769
1512574203728145,1512574203815904,67108864,4194304,16,764,87759
1512574204266961,1512574204354887,67108864,4194304,16,763,87926
1512574204805922,1512574204893869,67108864,4194304,16,763,87947
1512574205344212,1512574205432322,67108864,4194304,16,761,88110
1512574205883318,1512574205971550,67108864,4194304,16,760,88232
1512574206423164,1512574206510754,67108864,4194304,16,766,87590
1512574206961352,1512574207049680,67108864,4194304,16,759,88328
1512574207500716,1512574207588771,67108864,4194304,16,762,88055
1512574208039731,1512574208127495,67108864,4194304,16,764,87764
1512574208578747,1512574208666977,67108864,4194304,16,760,88230
1512574209117844,1512574209206061,67108864,4194304,16,760,88217
1512574209657194,1512574209745383,67108864,4194304,16,760,88189
1512574210196433,1512574210284475,67108864,4194304,16,762,88042
1512574210735229,1512574210823506,67108864,4194304,16,760,88277
1512574211274582,1512574211362808,67108864,4194304,16,760,88226
1512574211813741,1512574211901788,67108864,4194304,16,762,88047
1512574212352712,1512574212440913,67108864,4194304,16,760,88201
1512574212892430,1512574212980738,67108864,4194304,16,759,88308
1512574213432030,1512574213519911,67108864,4194304,16,763,87881
1512574213970911,1512574214059012,67108864,4194304,16,761,88101
1512574214510463,1512574214598367,67108864,4194304,16,763,87904
1512574215049451,1512574215137316,67108864,4194304,16,763,87865
1512574215588510,1512574215676682,67108864,4194304,16,761,88172
1512574216127800,1512574216215302,67108864,4194304,16,766,87502
1512574216666546,1512574216754814,67108864,4194304,16,760,88268
1512574217205708,1512574217293839,67108864,4194304,16,761,88131
1512574217745551,1512574217832884,67108864,4194304,16,768,87333
1512574218284212,1512574218372413,67108864,4194304,16,760,88201
1512574218823394,1512574218911242,67108864,4194304,16,763,87848
1512574219362470,1512574219450633,67108864,4194304,16,761,88163
1512574219902051,1512574219990265,67108864,4194304,16,760,88214
1512574220440991,1512574220529309,67108864,4194304,16,759,88318
1512574220980205,1512574221068151,67108864,4194304,16,763,87946
1512574221519212,1512574221607279,67108864,4194304,16,762,88067
1512574222058467,1512574222146754,67108864,4194304,16,760,88287
1512574222598039,1512574222686183,67108864,4194304,16,761,88144
1512574223136905,1512574223225160,67108864,4194304,16,760,88255
1512574223675858,1512574223763688,67108864,4194304,16,764,87830
1512574224214262,1512574224302505,67108864,4194304,16,760,88243
1512574224753480,1512574224841735,67108864,4194304,16,760,88255
1512574225292543,1512574225380481,67108864,4194304,16,763,87938
1512574225831446,1512574225919587,67108864,4194304,16,761,88141
1512574226370865,1512574226458828,67108864,4194304,16,762,87963
1512574226909645,1512574226997630,67108864,4194304,16,762,87985
1512574227448984,1512574227536705,67108864,4194304,16,765,87721
1512574227988069,1512574228076361,67108864,4194304,16,760,88292
1512574228527358,1512574228614296,67108864,4194304,16,771,86938
1512574229065485,1512574229153323,67108864,4194304,16,764,87838
1512574229604531,1512574229692863,67108864,4194304,16,759,88332
1512574230143932,1512574230232137,67108864,4194304,16,760,88205
1512574230683078,1512574230771246,67108864,4194304,16,761,88168
1512574231222357,1512574231310017,67108864,4194304,16,765,87660
1512574231760846,1512574231848943,67108864,4194304,16,761,88097
1512574232299823,1512574232387849,67108864,4194304,16,762,88026
1512574232839371,1512574232927667,67108864,4194304,16,760,88296
1512574233378785,1512574233466458,67108864,4194304,16,765,87673
1512574233917474,1512574234005757,67108864,4194304,16,760,88283
1512574234456614,1512574234544930,67108864,4194304,16,759,88316
1512574234995735,1512574235083279,67108864,4194304,16,766,87544
1512574235534317,1512574235620959,67108864,4194304,16,774,86642
1512574236071893,1512574236159917,67108864,4194304,16,762,88024
1512574236611261,1512574236699481,67108864,4194304,16,760,88220
1512574237150914,1512574237238945,67108864,4194304,16,762,88031
1512574237690249,1512574237777940,67108864,4194304,16,765,87691
1512574238228673,1512574238316823,67108864,4194304,16,761,88150
1512574238767589,1512574238854980,67108864,4194304,16,767,87391
1512574239305756,1512574239393745,67108864,4194304,16,762,87989
1512574239844960,1512574239932861,67108864,4194304,16,763,87901
1512574240383868,1512574240471451,67108864,4194304,16,766,87583
1512574240922342,1512574241010351,67108864,4194304,16,762,88009
1512574241461413,1512574241549954,67108864,4194304,16,757,88541
1512574242001074,1512574242089333,67108864,4194304,16,760,88259
1512574242540649,1512574242628974,67108864,4194304,16,759,88325
1512574243079789,1512574243167413,67108864,4194304,16,765,87624
1512574243617901,1512574243706114,67108864,4194304,16,760,88213
1512574244157369,1512574244245724,67108864,4194304,16,759,88355
1512574244696853,1512574244785210,67108864,4194304,16,759,88357
1512574245236520,1512574245324870,67108864,4194304,16,759,88350
1512574245775933,1512574245863543,67108864,4194304,16,765,87610
1512574246314486,1512574246402439,67108864,4194304,16,763,87953
1512574246853573,1512574246940815,67108864,4194304,16,769,87242
1512574247391772,1512574247479891,67108864,4194304,16,761,88119
1512574247931252,1512574248018575,67108864,4194304,16,768,87323
1512574248469406,1512574248557155,67108864,4194304,16,764,87749
1512574249008229,1512574249095893,67108864,4194304,16,765,87664
1512574249547186,1512574249635057,67108864,4194304,16,763,87871
1512574250085931,1512574250173798,67108864,4194304,16,763,87867
1512574250624950,1512574250713349,67108864,4194304,16,759,88399
1512574251164540,1512574251252756,67108864,4194304,16,760,88216
1512574251703472,1512574251791185,67108864,4194304,16,765,87713
1512574252242343,1512574252330555,67108864,4194304,16,760,88212
1512574252781326,1512574252869629,67108864,4194304,16,759,88303
1512574253320571,1512574253408422,67108864,4194304,16,763,87851
1512574253859204,1512574253946566,67108864,4194304,16,768,87362
1512574254397356,1512574254485528,67108864,4194304,16,761,88172
1512574254936926,1512574255024951,67108864,4194304,16,762,88025
1512574255476112,1512574255564348,67108864,4194304,16,760,88236
1512574256015857,1512574256103482,67108864,4194304,16,765,87625
1512574256554604,1512574256642731,67108864,4194304,16,761,88127
1512574257093953,1512574257181775,67108864,4194304,16,764,87822
1512574257632736,1512574257719873,67108864,4194304,16,770,87137
1512574258171290,1512574258259184,67108864,4194304,16,763,87894
1512574258710458,1512574258798219,67108864,4194304,16,764,87761
1512574259249208,1512574259337102,67108864,4194304,16,763,87894
1512574259788400,1512574259876337,67108864,4194304,16,763,87937
1512574260327250,1512574260415362,67108864,4194304,16,761,88112
1512574260866543,1512574260954035,67108864,4194304,16,767,87492
1512574261405683,1512574261493690,67108864,4194304,16,762,88007
1512574261944738,1512574262033031,67108864,4194304,16,760,88293
1512574262483888,1512574262571336,67108864,4194304,16,767,87448
1512574263022717,1512574263111035,67108864,4194304,16,759,88318
1512574263561914,1512574263650114,67108864,4194304,16,760,88200
1512574264101505,1512574264189651,67108864,4194304,16,761,88146
1512574264640581,1512574264728319,67108864,4194304,16,764,87738
1512574265179337,1512574265267296,67108864,4194304,16,762,87959
1512574265719158,1512574265807184,67108864,4194304,16,762,88026
1512574266258148,1512574266346201,67108864,4194304,16,762,88053
1512574266797214,1512574266885581,67108864,4194304,16,759,88367
1512574267336571,1512574267424805,67108864,4194304,16,760,88234
1512574267876018,1512574267963594,67108864,4194304,16,766,87576
1512574268414290,1512574268502558,67108864,4194304,16,760,88268
1512574268954051,1512574269042363,67108864,4194304,16,759,88312
1512574269493405,1512574269581269,67108864,4194304,16,763,87864
1512574270032066,1512574270119966,67108864,4194304,16,763,87900
1512574270570659,1512574270658690,67108864,4194304,16,762,88031
1512574271109505,1512574271197396,67108864,4194304,16,763,87891
1512574271648788,1512574271737064,67108864,4194304,16,760,88276
1512574272188292,1512574272276412,67108864,4194304,16,761,88120
1512574272727920,1512574272815161,67108864,4194304,16,769,87241
1512574273266170,1512574273354399,67108864,4194304,16,760,88229
1512574273805700,1512574273893631,67108864,4194304,16,763,87931
1512574274344822,1512574274432059,67108864,4194304,16,769,87237
1512574274883211,1512574274971445,67108864,4194304,16,760,88234
1512574275422827,1512574275510174,67108864,4194304,16,768,87347
1512574275961103,1512574276048879,67108864,4194304,16,764,87776
1512574276499587,1512574276587812,67108864,4194304,16,760,88225
1512574277038487,1512574277126191,67108864,4194304,16,765,87704
1512574277577180,1512574277664281,67108864,4194304,16,770,87101
1512574278114973,1512574278202993,67108864,4194304,16,762,88020
1512574278654008,1512574278742251,67108864,4194304,16,760,88243
1512574279193649,1512574279281758,67108864,4194304,16,761,88109
1512574279732737,1512574279820942,67108864,4194304,16,760,88205
1512574280272136,1512574280360327,67108864,4194304,16,760,88191
1512574280811753,1512574280899242,67108864,4194304,16,767,87489
1512574281350130,1512574281437792,67108864,4194304,16,765,87662
1512574281888785,1512574281976893,67108864,4194304,16,761,88108
1512574282428568,1512574282516100,67108864,4194304,16,766,87532
1512574282967879,1512574283056024,67108864,4194304,16,761,88145
1512574283506787,1512574283594917,67108864,4194304,16,761,88130
1512574284045461,1512574284133153,67108864,4194304,16,765,87692
1512574284584304,1512574284672592,67108864,4194304,16,760,88288
1512574285124291,1512574285212552,67108864,4194304,16,760,88261
1512574285663530,1512574285751506,67108864,4194304,16,762,87976
1512574286202598,1512574286289981,67108864,4194304,16,767,87383
1512574286741063,1512574286828743,67108864,4194304,16,765,87680
1512574287279785,1512574287367740,67108864,4194304,16,762,87955
1512574287819255,1512574287907287,67108864,4194304,16,762,88032
1512574288358064,1512574288445498,67108864,4194304,16,767,87434
1512574288897205,1512574288985102,67108864,4194304,16,763,87897
1512574289436420,1512574289524334,67108864,4194304,16,763,87914
1512574289975760,1512574290063305,67108864,4194304,16,766,87545
1512574290514429,1512574290602735,67108864,4194304,16,759,88306
1512574291053838,1512574291141440,67108864,4194304,16,766,87602
1512574291592910,1512574291680739,67108864,4194304,16,764,87829
1512574292131723,1512574292219806,67108864,4194304,16,761,88083
1512574292670736,1512574292758508,67108864,4194304,16,764,87772
1512574293209326,1512574293297475,67108864,4194304,16,761,88149
1512574293748804,1512574293836756,67108864,4194304,16,763,87952
1512574294287900,1512574294376021,67108864,4194304,16,761,88121
1512574294826835,1512574294914824,67108864,4194304,16,762,87989
1512574295365415,1512574295453107,67108864,4194304,16,765,87692
1512574295904422,1512574295992612,67108864,4194304,16,760,88190
1512574296443486,1512574296531025,67108864,4194304,16,766,87539
1512574296982324,1512574297069987,67108864,4194304,16,765,87663
1512574297520798,1512574297608796,67108864,4194304,16,762,87998
1512574298059897,1512574298147895,67108864,4194304,16,762,87998
1512574298598993,1512574298687105,67108864,4194304,16,761,88112
1512574299138134,1512574299226112,67108864,4194304,16,762,87978
1512574299677180,1512574299765407,67108864,4194304,16,760,88227
1512574300216486,1512574300304546,67108864,4194304,16,762,88060
1512574300756654,1512574300845015,67108864,4194304,16,759,88361
1512574301295953,1512574301383958,67108864,4194304,16,762,88005
1512574301835065,1512574301923049,67108864,4194304,16,762,87984
1512574302374487,1512574302461980,67108864,4194304,16,767,87493
1512574302913205,1512574303001076,67108864,4194304,16,763,87871
1512574303452720,1512574303540460,67108864,4194304,16,764,87740
1512574303991815,1512574304079459,67108864,4194304,16,765,87644
1512574304530773,1512574304618478,67108864,4194304,16,765,87705
1512574305069556,1512574305157808,67108864,4194304,16,760,88252
1512574305608590,1512574305696284,67108864,4194304,16,765,87694
1512574306147306,1512574306235673,67108864,4194304,16,759,88367
1512574306686906,1512574306774554,67108864,4194304,16,765,87648
1512574307225783,1512574307313616,67108864,4194304,16,764,87833
1512574307764697,1512574307852838,67108864,4194304,16,761,88141
1512574308303781,1512574308392012,67108864,4194304,16,760,88231
1512574308843503,1512574308931223,67108864,4194304,16,765,87720
1512574309382262,1512574309469887,67108864,4194304,16,765,87625
1512574309921170,1512574310009180,67108864,4194304,16,762,88010
1512574310460229,1512574310548421,67108864,4194304,16,760,88192
1512574310999495,1512574311087383,67108864,4194304,16,763,87888
1512574311538645,1512574311626988,67108864,4194304,16,759,88343
1512574312078263,1512574312166349,67108864,4194304,16,761,88086
1512574312617524,1512574312705315,67108864,4194304,16,764,87791
1512574313156301,1512574313244238,67108864,4194304,16,763,87937
1512574313695178,1512574313783465,67108864,4194304,16,760,88287
1512574314233947,1512574314321706,67108864,4194304,16,764,87759
1512574314772633,1512574314860376,67108864,4194304,16,764,87743
1512574315311502,1512574315399463,67108864,4194304,16,762,87961
1512574315850474,1512574315937726,67108864,4194304,16,769,87252
1512574316388658,1512574316476875,67108864,4194304,16,760,88217
1512574316927821,1512574317016079,67108864,4194304,16,760,88258
1512574317467134,1512574317555273,67108864,4194304,16,761,88139
1512574318006686,1512574318094442,67108864,4194304,16,764,87756
1512574318545894,1512574318633621,67108864,4194304,16,764,87727
1512574319085176,1512574319173082,67108864,4194304,16,763,87906
1512574319624151,1512574319712100,67108864,4194304,16,763,87949
1512574320163369,1512574320251427,67108864,4194304,16,762,88058
1512574320702379,1512574320789950,67108864,4194304,16,766,87571
1512574321240892,1512574321329028,67108864,4194304,16,761,88136
1512574321779918,1512574321867438,67108864,4194304,16,766,87520
1512574322318194,1512574322406342,67108864,4194304,16,761,88148
1512574322857442,1512574322945560,67108864,4194304,16,761,88118
1512574323396527,1512574323484051,67108864,4194304,16,766,87524
1512574323935322,1512574324023210,67108864,4194304,16,763,87888
1512574324474355,1512574324562115,67108864,4194304,16,764,87760
1512574325013222,1512574325101113,67108864,4194304,16,763,87891
1512574325552324,1512574325639806,67108864,4194304,16,767,87482
1512574326090803,1512574326179130,67108864,4194304,16,759,88327
1512574326630550,1512574326718115,67108864,4194304,16,766,87565
1512574327168993,1512574327256590,67108864,4194304,16,766,87597
1512574327708013,1512574327796145,67108864,4194304,16,761,88132
1512574328246750,1512574328335006,67108864,4194304,16,760,88256
1512574328786056,1512574328874345,67108864,4194304,16,760,88289
1512574329325603,1512574329413850,67108864,4194304,16,760,88247
1512574329864927,1512574329952816,67108864,4194304,16,763,87889
1512574330403819,1512574330492076,67108864,4194304,16,760,88257
1512574330943084,1512574331030620,67108864,4194304,16,766,87536
1512574331481514,1512574331569202,67108864,4194304,16,765,87688
1512574332020626,1512574332108741,67108864,4194304,16,761,88115
1512574332559372,1512574332647753,67108864,4194304,16,759,88381
1512574333098851,1512574333186521,67108864,4194304,16,765,87670
1512574333637768,1512574333725295,67108864,4194304,16,766,87527
1512574334176747,1512574334264913,67108864,4194304,16,761,88166
1512574334716077,1512574334803981,67108864,4194304,16,763,87904
1512574335255288,1512574335342577,67108864,4194304,16,768,87289
1512574335793672,1512574335881289,67108864,4194304,16,765,87617
1512574336331999,1512574336419785,67108864,4194304,16,764,87786
1512574336871292,1512574336958448,67108864,4194304,16,769,87156
1512574337409298,1512574337496749,67108864,4194304,16,767,87451
1512574337958407,1512574338046957,67108864,4194304,16,757,88550
1512574338501429,1512574338589880,67108864,4194304,16,758,88451
1512574339040081,1512574339128017,67108864,4194304,16,763,87936
1512574339578714,1512574339667200,67108864,4194304,16,758,88486
1512574340117637,1512574340205496,67108864,4194304,16,763,87859
1512574340655688,1512574340743838,67108864,4194304,16,761,88150
1512574341194001,1512574341281967,67108864,4194304,16,762,87966
1512574341732108,1512574341819470,67108864,4194304,16,768,87362
1512574342269807,1512574342358170,67108864,4194304,16,759,88363
1512574342808588,1512574342896735,67108864,4194304,16,761,88147
1512574343347507,1512574343435523,67108864,4194304,16,762,88016
1512574343886167,1512574343973975,67108864,4194304,16,764,87808
1512574344424627,1512574344512518,67108864,4194304,16,763,87891
1512574344963029,1512574345050415,67108864,4194304,16,767,87386
1512574345501264,1512574345588713,67108864,4194304,16,767,87449
1512574346039158,1512574346126927,67108864,4194304,16,764,87769
1512574346577522,1512574346665245,67108864,4194304,16,765,87723
1512574347115795,1512574347203595,67108864,4194304,16,764,87800
1512574347654101,1512574347741835,67108864,4194304,16,764,87734
1512574348192433,1512574348280518,67108864,4194304,16,761,88085
1512574348731353,1512574348819393,67108864,4194304,16,762,88040
1512574349270105,1512574349357871,67108864,4194304,16,764,87766
1512574349808229,1512574349896684,67108864,4194304,16,758,88455
1512574350347120,1512574350434945,67108864,4194304,16,764,87825
1512574350885391,1512574350973190,67108864,4194304,16,764,87799
1512574351423278,1512574351510691,67108864,4194304,16,767,87413
1512574351961203,1512574352048883,67108864,4194304,16,765,87680
1512574352499238,1512574352586983,67108864,4194304,16,764,87745
1512574353037679,1512574353125505,67108864,4194304,16,764,87826
1512574353575796,1512574353663562,67108864,4194304,16,764,87766
1512574354114320,1512574354202512,67108864,4194304,16,760,88192
1512574354653200,1512574354740709,67108864,4194304,16,766,87509
1512574355190913,1512574355278627,67108864,4194304,16,765,87714
1512574355728937,1512574355816750,67108864,4194304,16,764,87813
1512574356267082,1512574356354954,67108864,4194304,16,763,87872
1512574356805371,1512574356892883,67108864,4194304,16,766,87512
1512574357343247,1512574357431076,67108864,4194304,16,764,87829
1512574357881312,1512574357969101,67108864,4194304,16,764,87789
1512574358419638,1512574358507121,67108864,4194304,16,767,87483
1512574358957758,1512574359045722,67108864,4194304,16,762,87964
1512574359495890,1512574359583370,67108864,4194304,16,767,87480
1512574360033760,1512574360121854,67108864,4194304,16,761,88094
1512574360572353,1512574360660170,67108864,4194304,16,764,87817
1512574361111310,1512574361198866,67108864,4194304,16,766,87556
1512574361649535,1512574361737371,67108864,4194304,16,764,87836
1512574362188019,1512574362276143,67108864,4194304,16,761,88124
1512574362727121,1512574362815066,67108864,4194304,16,763,87945
1512574363265720,1512574363353284,67108864,4194304,16,766,87564
1512574363803790,1512574363891719,67108864,4194304,16,763,87929
1512574364342259,1512574364430292,67108864,4194304,16,762,88033
1512574364880887,1512574364968442,67108864,4194304,16,766,87555
1512574365418588,1512574365506699,67108864,4194304,16,761,88111
1512574365957180,1512574366044928,67108864,4194304,16,764,87748
1512574366495321,1512574366583267,67108864,4194304,16,763,87946
1512574367034091,1512574367122148,67108864,4194304,16,762,88057
1512574367572628,1512574367660427,67108864,4194304,16,764,87799
1512574368111383,1512574368199451,67108864,4194304,16,762,88068
1512574368649790,1512574368737581,67108864,4194304,16,764,87791
1512574369188142,1512574369276166,67108864,4194304,16,762,88024
1512574369726746,1512574369814597,67108864,4194304,16,763,87851
1512574370265032,1512574370352934,67108864,4194304,16,763,87902
1512574370803398,1512574370891528,67108864,4194304,16,761,88130
1512574371341983,1512574371429813,67108864,4194304,16,764,87830
1512574371880151,1512574371968289,67108864,4194304,16,761,88138
1512574372418559,1512574372506331,67108864,4194304,16,764,87772
1512574372956825,1512574373044799,67108864,4194304,16,762,87974
1512574373495273,1512574373583122,67108864,4194304,16,763,87849
1512574374033696,1512574374121520,67108864,4194304,16,764,87824
1512574374571814,1512574374659567,67108864,4194304,16,764,87753
1512574375110213,1512574375198031,67108864,4194304,16,764,87818
1512574375648468,1512574375736345,67108864,4194304,16,763,87877
1512574376186805,1512574376274024,67108864,4194304,16,769,87219
1512574376724491,1512574376812363,67108864,4194304,16,763,87872
1512574377273416,1512574377361460,67108864,4194304,16,762,88044
1512574377823082,1512574377910837,67108864,4194304,16,764,87755
1512574378369520,1512574378457274,67108864,4194304,16,764,87754
1512574378907766,1512574378995686,67108864,4194304,16,763,87920
1512574379446478,1512574379534087,67108864,4194304,16,766,87609
1512574379984590,1512574380073382,67108864,4194304,16,755,88792
1512574380524398,1512574380612136,67108864,4194304,16,764,87738
1512574381063396,1512574381151148,67108864,4194304,16,764,87752
1512574381602718,1512574381690944,67108864,4194304,16,760,88226
1512574382142016,1512574382229488,67108864,4194304,16,767,87472
1512574382680673,1512574382767880,67108864,4194304,16,769,87207
1512574383218961,1512574383306619,67108864,4194304,16,765,87658
1512574383757643,1512574383845269,67108864,4194304,16,765,87626
1512574384296266,1512574384383028,67108864,4194304,16,773,86762
1512574384833914,1512574384921212,67108864,4194304,16,768,87298
1512574385372008,1512574385459780,67108864,4194304,16,764,87772
1512574385911307,1512574385998680,67108864,4194304,16,768,87373
1512574386449905,1512574386538076,67108864,4194304,16,761,88171
1512574386988957,1512574387076721,67108864,4194304,16,764,87764
1512574387527576,1512574387614499,67108864,4194304,16,772,86923
1512574388065320,1512574388152726,67108864,4194304,16,767,87406
1512574388603572,1512574388691576,67108864,4194304,16,762,88004
1512574389142737,1512574389230517,67108864,4194304,16,764,87780
1512574389681847,1512574389769770,67108864,4194304,16,763,87923
1512574390220697,1512574390308931,67108864,4194304,16,760,88234
1512574390760192,1512574390847724,67108864,4194304,16,766,87532
1512574391298527,1512574391386535,67108864,4194304,16,762,88008
1512574391837618,1512574391925969,67108864,4194304,16,759,88351
1512574392376960,1512574392465156,67108864,4194304,16,760,88196
1512574392916116,1512574393003418,67108864,4194304,16,768,87302
1512574393454221,1512574393541014,67108864,4194304,16,773,86793
1512574393992002,1512574394079899,67108864,4194304,16,763,87897
1512574394531038,1512574394618849,67108864,4194304,16,764,87811
1512574395069877,1512574395157940,67108864,4194304,16,762,88063
1512574395609056,1512574395696767,67108864,4194304,16,765,87711
1512574396147826,1512574396236135,67108864,4194304,16,759,88309
1512574396687146,1512574396773879,67108864,4194304,16,773,86733
1512574397225355,1512574397312868,67108864,4194304,16,766,87513
1512574397763996,1512574397851874,67108864,4194304,16,763,87878
1512574398302576,1512574398390342,67108864,4194304,16,764,87766
1512574398841338,1512574398929482,67108864,4194304,16,761,88144
1512574399381008,1512574399469070,67108864,4194304,16,762,88062
1512574399920259,1512574400008056,67108864,4194304,16,764,87797
1512574400458912,1512574400546478,67108864,4194304,16,766,87566
1512574400997407,1512574401085475,67108864,4194304,16,762,88068
