1512441129263991,1512441129278787,10485760,327680,32,708,14796
1512441129356789,1512441129370262,10485760,327680,32,778,13473
1512441129445956,1512441129459516,10485760,327680,32,773,13560
1512441129534973,1512441129548507,10485760,327680,32,774,13534
1512441129624147,1512441129637688,10485760,327680,32,774,13541
1512441129712974,1512441129726505,10485760,327680,32,774,13531
1512441129801986,1512441129815480,10485760,327680,32,777,13494
1512441129891149,1512441129904490,10485760,327680,32,785,13341
1512441129979902,1512441129993416,10485760,327680,32,775,13514
1512441130068633,1512441130082172,10485760,327680,32,774,13539
1512441130158291,1512441130171799,10485760,327680,32,776,13508
1512441130247081,1512441130260591,10485760,327680,32,776,13510
1512441130336310,1512441130348104,10485760,327680,32,889,11794
1512441130423151,1512441130434942,10485760,327680,32,889,11791
1512441130509739,1512441130521524,10485760,327680,32,889,11785
1512441130596236,1512441130607943,10485760,327680,32,895,11707
1512441130682728,1512441130694543,10485760,327680,32,887,11815
1512441130769699,1512441130781508,10485760,327680,32,887,11809
1512441130856150,1512441130867973,10485760,327680,32,886,11823
1512441130942716,1512441130954530,10485760,327680,32,887,11814
1512441131029401,1512441131041190,10485760,327680,32,889,11789
1512441131115916,1512441131127482,10485760,327680,32,906,11566
1512441131202004,1512441131213555,10485760,327680,32,907,11551
1512441131287903,1512441131299478,10485760,327680,32,905,11575
1512441131373716,1512441131385341,10485760,327680,32,902,11625
1512441131459777,1512441131471441,10485760,327680,32,898,11664
1512441131545784,1512441131557439,10485760,327680,32,899,11655
1512441131632089,1512441131643650,10485760,327680,32,906,11561
1512441131718050,1512441131729668,10485760,327680,32,902,11618
1512441131803657,1512441131815292,10485760,327680,32,901,11635
1512441131889649,1512441131901280,10485760,327680,32,901,11631
1512441131975904,1512441131987487,10485760,327680,32,905,11583
1512441132061866,1512441132073490,10485760,327680,32,902,11624
1512441132148169,1512441132159794,10485760,327680,32,902,11625
1512441132234609,1512441132246223,10485760,327680,32,902,11614
1512441132320412,1512441132332041,10485760,327680,32,901,11629
1512441132406629,1512441132418265,10485760,327680,32,901,11636
1512441132492290,1512441132503905,10485760,327680,32,902,11615
1512441132578534,1512441132590161,10485760,327680,32,901,11627
1512441132664427,1512441132676084,10485760,327680,32,899,11657
1512441132750026,1512441132761619,10485760,327680,32,904,11593
1512441132835784,1512441132847444,10485760,327680,32,899,11660
1512441132921626,1512441132933267,10485760,327680,32,900,11641
1512441133007623,1512441133019279,10485760,327680,32,899,11656
1512441133093539,1512441133105136,10485760,327680,32,904,11597
1512441133179427,1512441133191087,10485760,327680,32,899,11660
1512441133265396,1512441133277039,10485760,327680,32,900,11643
1512441133350963,1512441133362609,10485760,327680,32,900,11646
1512441133436532,1512441133448152,10485760,327680,32,902,11620
1512441133522849,1512441133534520,10485760,327680,32,898,11671
1512441133608628,1512441133620250,10485760,327680,32,902,11622
1512441133694195,1512441133705776,10485760,327680,32,905,11581
1512441133779962,1512441133791604,10485760,327680,32,900,11642
1512441133865964,1512441133877560,10485760,327680,32,904,11596
1512441133951739,1512441133963398,10485760,327680,32,899,11659
1512441134037407,1512441134049005,10485760,327680,32,904,11598
1512441134123595,1512441134135215,10485760,327680,32,902,11620
1512441134209825,1512441134221492,10485760,327680,32,898,11667
1512441134295575,1512441134307134,10485760,327680,32,907,11559
1512441134381589,1512441134393206,10485760,327680,32,902,11617
1512441134467527,1512441134479159,10485760,327680,32,901,11632
1512441134553473,1512441134565071,10485760,327680,32,904,11598
1512441134639717,1512441134651331,10485760,327680,32,902,11614
1512441134725634,1512441134737217,10485760,327680,32,905,11583
1512441134811373,1512441134822997,10485760,327680,32,902,11624
1512441134897062,1512441134908715,10485760,327680,32,899,11653
1512441134983030,1512441134994630,10485760,327680,32,903,11600
1512441135069131,1512441135080758,10485760,327680,32,901,11627
1512441135154917,1512441135166540,10485760,327680,32,902,11623
1512441135241001,1512441135252640,10485760,327680,32,900,11639
1512441135326756,1512441135338420,10485760,327680,32,898,11664
1512441135413103,1512441135424716,10485760,327680,32,902,11613
1512441135499196,1512441135510789,10485760,327680,32,904,11593
1512441135585296,1512441135596983,10485760,327680,32,897,11687
1512441135671322,1512441135682966,10485760,327680,32,900,11644
1512441135757529,1512441135769178,10485760,327680,32,900,11649
1512441135843479,1512441135855161,10485760,327680,32,897,11682
1512441135929479,1512441135941097,10485760,327680,32,902,11618
1512441136015641,1512441136027234,10485760,327680,32,904,11593
1512441136101287,1512441136112915,10485760,327680,32,901,11628
1512441136187171,1512441136198815,10485760,327680,32,900,11644
1512441136273062,1512441136284706,10485760,327680,32,900,11644
1512441136359017,1512441136370672,10485760,327680,32,899,11655
1512441136444848,1512441136456490,10485760,327680,32,900,11642
1512441136530740,1512441136542376,10485760,327680,32,901,11636
1512441136616396,1512441136627984,10485760,327680,32,904,11588
1512441136702025,1512441136713688,10485760,327680,32,899,11663
1512441136787376,1512441136799011,10485760,327680,32,901,11635
1512441136873104,1512441136884748,10485760,327680,32,900,11644
1512441136958995,1512441136970601,10485760,327680,32,903,11606
1512441137044899,1512441137056456,10485760,327680,32,907,11557
1512441137130533,1512441137142154,10485760,327680,32,902,11621
1512441137216290,1512441137227918,10485760,327680,32,901,11628
1512441137302158,1512441137313732,10485760,327680,32,905,11574
1512441137387881,1512441137399479,10485760,327680,32,904,11598
1512441137473757,1512441137485351,10485760,327680,32,904,11594
1512441137559614,1512441137571247,10485760,327680,32,901,11633
1512441137645755,1512441137657432,10485760,327680,32,897,11677
1512441137731735,1512441137743326,10485760,327680,32,904,11591
1512441137817677,1512441137829283,10485760,327680,32,903,11606
1512441137903612,1512441137915217,10485760,327680,32,903,11605
1512441137989472,1512441138001120,10485760,327680,32,900,11648
1512441138075336,1512441138086962,10485760,327680,32,901,11626
1512441138161516,1512441138173136,10485760,327680,32,902,11620
1512441138247493,1512441138259111,10485760,327680,32,902,11618
1512441138333534,1512441138345152,10485760,327680,32,902,11618
1512441138419068,1512441138430686,10485760,327680,32,902,11618
1512441138505072,1512441138516685,10485760,327680,32,902,11613
1512441138590689,1512441138602297,10485760,327680,32,903,11608
1512441138676455,1512441138688081,10485760,327680,32,901,11626
1512441138762290,1512441138773913,10485760,327680,32,902,11623
1512441138848176,1512441138859861,10485760,327680,32,897,11685
1512441138934139,1512441138945814,10485760,327680,32,898,11675
1512441139019928,1512441139031570,10485760,327680,32,900,11642
1512441139105623,1512441139117283,10485760,327680,32,899,11660
1512441139191471,1512441139203140,10485760,327680,32,898,11669
1512441139277214,1512441139288831,10485760,327680,32,902,11617
1512441139362980,1512441139374585,10485760,327680,32,903,11605
1512441139448725,1512441139460357,10485760,327680,32,901,11632
1512441139534341,1512441139545963,10485760,327680,32,902,11622
1512441139620197,1512441139631854,10485760,327680,32,899,11657
1512441139706100,1512441139717724,10485760,327680,32,902,11624
1512441139791731,1512441139803317,10485760,327680,32,905,11586
1512441139877669,1512441139889253,10485760,327680,32,905,11584
1512441139963501,1512441139975098,10485760,327680,32,904,11597
1512441140048831,1512441140060445,10485760,327680,32,902,11614
1512441140134520,1512441140146178,10485760,327680,32,899,11658
1512441140220215,1512441140231851,10485760,327680,32,901,11636
1512441140305885,1512441140317463,10485760,327680,32,905,11578
1512441140391619,1512441140403520,10485760,327680,32,881,11901
1512441140477835,1512441140489679,10485760,327680,32,885,11844
1512441140564082,1512441140575965,10485760,327680,32,882,11883
1512441140650251,1512441140662122,10485760,327680,32,883,11871
1512441140736510,1512441140748348,10485760,327680,32,885,11838
1512441140822612,1512441140834386,10485760,327680,32,890,11774
1512441140908484,1512441140920346,10485760,327680,32,883,11862
1512441140994539,1512441141006373,10485760,327680,32,886,11834
1512441141080661,1512441141092488,10485760,327680,32,886,11827
1512441141166932,1512441141178757,10485760,327680,32,886,11825
1512441141252877,1512441141264722,10485760,327680,32,885,11845
1512441141338817,1512441141350700,10485760,327680,32,882,11883
1512441141424662,1512441141436513,10485760,327680,32,884,11851
1512441141510784,1512441141522578,10485760,327680,32,889,11794
1512441141596488,1512441141608362,10485760,327680,32,883,11874
1512441141682089,1512441141693940,10485760,327680,32,884,11851
1512441141767931,1512441141779696,10485760,327680,32,891,11765
1512441141853659,1512441141865480,10485760,327680,32,887,11821
1512441141939858,1512441141951717,10485760,327680,32,884,11859
1512441142025905,1512441142037715,10485760,327680,32,887,11810
1512441142112038,1512441142123883,10485760,327680,32,885,11845
1512441142198085,1512441142209947,10485760,327680,32,883,11862
1512441142284156,1512441142295992,10485760,327680,32,885,11836
1512441142370818,1512441142382616,10485760,327680,32,888,11798
1512441142456994,1512441142468875,10485760,327680,32,882,11881
1512441142543249,1512441142555116,10485760,327680,32,883,11867
1512441142629273,1512441142641146,10485760,327680,32,883,11873
1512441142715236,1512441142727060,10485760,327680,32,886,11824
1512441142801611,1512441142813366,10485760,327680,32,892,11755
1512441142887451,1512441142899259,10485760,327680,32,888,11808
1512441142973686,1512441142985525,10485760,327680,32,885,11839
1512441143059846,1512441143071669,10485760,327680,32,886,11823
1512441143145475,1512441143157329,10485760,327680,32,884,11854
1512441143231536,1512441143243375,10485760,327680,32,885,11839
1512441143317759,1512441143329639,10485760,327680,32,882,11880
1512441143403772,1512441143415648,10485760,327680,32,882,11876
1512441143489761,1512441143501598,10485760,327680,32,885,11837
1512441143575539,1512441143587406,10485760,327680,32,883,11867
1512441143661359,1512441143673219,10485760,327680,32,884,11860
1512441143747723,1512441143759586,10485760,327680,32,883,11863
1512441143833837,1512441143845680,10485760,327680,32,885,11843
1512441143920166,1512441143932019,10485760,327680,32,884,11853
1512441144006423,1512441144018266,10485760,327680,32,885,11843
1512441144092849,1512441144104688,10485760,327680,32,885,11839
1512441144178635,1512441144190485,10485760,327680,32,884,11850
1512441144264591,1512441144276452,10485760,327680,32,884,11861
1512441144350527,1512441144362411,10485760,327680,32,882,11884
1512441144436848,1512441144448704,10485760,327680,32,884,11856
1512441144523061,1512441144534903,10485760,327680,32,885,11842
1512441144609139,1512441144620988,10485760,327680,32,884,11849
1512441144695519,1512441144707379,10485760,327680,32,884,11860
1512441144781675,1512441144793514,10485760,327680,32,885,11839
1512441144867562,1512441144879421,10485760,327680,32,884,11859
1512441144953625,1512441144965470,10485760,327680,32,885,11845
1512441145039921,1512441145051758,10485760,327680,32,885,11837
1512441145126259,1512441145138129,10485760,327680,32,883,11870
1512441145212375,1512441145224224,10485760,327680,32,884,11849
1512441145299111,1512441145310994,10485760,327680,32,882,11883
1512441145385395,1512441145397285,10485760,327680,32,881,11890
1512441145472129,1512441145484008,10485760,327680,32,882,11879
1512441145557974,1512441145569726,10485760,327680,32,892,11752
1512441145644318,1512441145656116,10485760,327680,32,888,11798
1512441145730436,1512441145742314,10485760,327680,32,882,11878
1512441145816580,1512441145828433,10485760,327680,32,884,11853
1512441145902780,1512441145914573,10485760,327680,32,889,11793
1512441145989100,1512441146000962,10485760,327680,32,883,11862
1512441146075482,1512441146087376,10485760,327680,32,881,11894
1512441146162348,1512441146174146,10485760,327680,32,888,11798
1512441146248480,1512441146260418,10485760,327680,32,878,11938
1512441146334977,1512441146346861,10485760,327680,32,882,11884
1512441146421657,1512441146433528,10485760,327680,32,883,11871
1512441146507823,1512441146519695,10485760,327680,32,883,11872
1512441146593986,1512441146605785,10485760,327680,32,888,11799
1512441146680407,1512441146692275,10485760,327680,32,883,11868
1512441146766667,1512441146778532,10485760,327680,32,883,11865
1512441146853348,1512441146865239,10485760,327680,32,881,11891
1512441146939712,1512441146951570,10485760,327680,32,884,11858
1512441147025772,1512441147037639,10485760,327680,32,883,11867
1512441147112052,1512441147123796,10485760,327680,32,892,11744
1512441147198398,1512441147210267,10485760,327680,32,883,11869
1512441147284752,1512441147296604,10485760,327680,32,884,11852
1512441147371019,1512441147382862,10485760,327680,32,885,11843
1512441147457354,1512441147469193,10485760,327680,32,885,11839
1512441147543322,1512441147555134,10485760,327680,32,887,11812
1512441147629935,1512441147641816,10485760,327680,32,882,11881
1512441147716510,1512441147728371,10485760,327680,32,884,11861
1512441147803011,1512441147814869,10485760,327680,32,884,11858
1512441147889152,1512441147900980,10485760,327680,32,886,11828
1512441147975345,1512441147987250,10485760,327680,32,880,11905
1512441148061257,1512441148073150,10485760,327680,32,881,11893
1512441148147542,1512441148159403,10485760,327680,32,884,11861
1512441148233680,1512441148245563,10485760,327680,32,882,11883
1512441148320054,1512441148331928,10485760,327680,32,883,11874
1512441148406409,1512441148418210,10485760,327680,32,888,11801
1512441148492306,1512441148504132,10485760,327680,32,886,11826
1512441148578326,1512441148590153,10485760,327680,32,886,11827
1512441148664710,1512441148676584,10485760,327680,32,883,11874
1512441148750826,1512441148762685,10485760,327680,32,884,11859
1512441148836814,1512441148848640,10485760,327680,32,886,11826
1512441148922519,1512441148934374,10485760,327680,32,884,11855
1512441149008399,1512441149020263,10485760,327680,32,883,11864
1512441149094303,1512441149106168,10485760,327680,32,883,11865
1512441149180427,1512441149192333,10485760,327680,32,880,11906
1512441149266865,1512441149278695,10485760,327680,32,886,11830
1512441149353372,1512441149365239,10485760,327680,32,883,11867
1512441149439690,1512441149451480,10485760,327680,32,889,11790
1512441149525827,1512441149537663,10485760,327680,32,885,11836
1512441149611846,1512441149623610,10485760,327680,32,891,11764
1512441149697836,1512441149709635,10485760,327680,32,888,11799
1512441149783796,1512441149795641,10485760,327680,32,885,11845
1512441149870237,1512441149882119,10485760,327680,32,882,11882
1512441149956472,1512441149968317,10485760,327680,32,885,11845
1512441150042634,1512441150054487,10485760,327680,32,884,11853
1512441150128750,1512441150140574,10485760,327680,32,886,11824
1512441150214999,1512441150226843,10485760,327680,32,885,11844
1512441150301469,1512441150313299,10485760,327680,32,886,11830
1512441150387818,1512441150399625,10485760,327680,32,888,11807
1512441150473954,1512441150485830,10485760,327680,32,882,11876
1512441150560127,1512441150572010,10485760,327680,32,882,11883
1512441150646387,1512441150658288,10485760,327680,32,881,11901
1512441150732436,1512441150744267,10485760,327680,32,886,11831
1512441150818396,1512441150830267,10485760,327680,32,883,11871
1512441150904695,1512441150916533,10485760,327680,32,885,11838
1512441150990842,1512441151002688,10485760,327680,32,885,11846
1512441151076900,1512441151088790,10485760,327680,32,881,11890
1512441151163014,1512441151174847,10485760,327680,32,886,11833
1512441151249632,1512441151261488,10485760,327680,32,884,11856
1512441151335786,1512441151347610,10485760,327680,32,886,11824
1512441151421953,1512441151433599,10485760,327680,32,900,11646
1512441151507504,1512441151519126,10485760,327680,32,902,11622
1512441151593234,1512441151604835,10485760,327680,32,903,11601
1512441151679060,1512441151690633,10485760,327680,32,906,11573
1512441151764989,1512441151776590,10485760,327680,32,903,11601
1512441151850748,1512441151862388,10485760,327680,32,900,11640
1512441151937099,1512441151948710,10485760,327680,32,903,11611
1512441152023300,1512441152034891,10485760,327680,32,904,11591
1512441152109137,1512441152120746,10485760,327680,32,903,11609
1512441152194934,1512441152206599,10485760,327680,32,898,11665
1512441152280865,1512441152292464,10485760,327680,32,904,11599
1512441152366798,1512441152378455,10485760,327680,32,899,11657
1512441152452479,1512441152464112,10485760,327680,32,901,11633
1512441152538930,1512441152550519,10485760,327680,32,904,11589
1512441152624537,1512441152636130,10485760,327680,32,904,11593
1512441152710842,1512441152722436,10485760,327680,32,904,11594
1512441152797053,1512441152808728,10485760,327680,32,898,11675
1512441152882883,1512441152894500,10485760,327680,32,902,11617
1512441152968920,1512441152980548,10485760,327680,32,901,11628
1512441153054748,1512441153066341,10485760,327680,32,904,11593
1512441153140514,1512441153152070,10485760,327680,32,907,11556
1512441153226661,1512441153238302,10485760,327680,32,900,11641
1512441153312534,1512441153324183,10485760,327680,32,900,11649
1512441153398288,1512441153409892,10485760,327680,32,903,11604
1512441153484352,1512441153496013,10485760,327680,32,899,11661
1512441153570457,1512441153582082,10485760,327680,32,902,11625
1512441153656433,1512441153668072,10485760,327680,32,900,11639
1512441153742403,1512441153753978,10485760,327680,32,905,11575
1512441153828622,1512441153840282,10485760,327680,32,899,11660
1512441153914498,1512441153926141,10485760,327680,32,900,11643
1512441154000527,1512441154012161,10485760,327680,32,901,11634
1512441154086096,1512441154097752,10485760,327680,32,899,11656
1512441154172366,1512441154184020,10485760,327680,32,899,11654
1512441154258567,1512441154270175,10485760,327680,32,903,11608
1512441154344214,1512441154355806,10485760,327680,32,904,11592
1512441154429967,1512441154441609,10485760,327680,32,900,11642
1512441154515806,1512441154527425,10485760,327680,32,902,11619
1512441154601706,1512441154613282,10485760,327680,32,905,11576
1512441154687757,1512441154699425,10485760,327680,32,898,11668
1512441154773781,1512441154785377,10485760,327680,32,904,11596
1512441154859552,1512441154871153,10485760,327680,32,903,11601
1512441154945576,1512441154957135,10485760,327680,32,907,11559
1512441155031372,1512441155042978,10485760,327680,32,903,11606
1512441155117434,1512441155129047,10485760,327680,32,902,11613
1512441155203632,1512441155215217,10485760,327680,32,905,11585
1512441155289446,1512441155301063,10485760,327680,32,902,11617
1512441155375568,1512441155387238,10485760,327680,32,898,11670
1512441155461281,1512441155472869,10485760,327680,32,904,11588
1512441155547266,1512441155558900,10485760,327680,32,901,11634
1512441155633028,1512441155644643,10485760,327680,32,902,11615
1512441155718912,1512441155730551,10485760,327680,32,900,11639
1512441155805115,1512441155816761,10485760,327680,32,900,11646
1512441155891206,1512441155902807,10485760,327680,32,903,11601
1512441155976989,1512441155988602,10485760,327680,32,902,11613
1512441156062787,1512441156074392,10485760,327680,32,903,11605
1512441156148971,1512441156160617,10485760,327680,32,900,11646
1512441156235108,1512441156246730,10485760,327680,32,902,11622
1512441156321301,1512441156332893,10485760,327680,32,904,11592
1512441156406999,1512441156418663,10485760,327680,32,898,11664
1512441156492699,1512441156504301,10485760,327680,32,903,11602
1512441156578905,1512441156590535,10485760,327680,32,901,11630
1512441156665381,1512441156677037,10485760,327680,32,899,11656
1512441156751117,1512441156762716,10485760,327680,32,904,11599
1512441156837239,1512441156848833,10485760,327680,32,904,11594
1512441156922925,1512441156934500,10485760,327680,32,905,11575
1512441157008913,1512441157020529,10485760,327680,32,902,11616
1512441157094732,1512441157106398,10485760,327680,32,898,11666
1512441157181214,1512441157192862,10485760,327680,32,900,11648
1512441157266903,1512441157278486,10485760,327680,32,905,11583
1512441157352624,1512441157364265,10485760,327680,32,900,11641
1512441157438694,1512441157450298,10485760,327680,32,903,11604
1512441157524347,1512441157535968,10485760,327680,32,902,11621
1512441157610245,1512441157621881,10485760,327680,32,901,11636
1512441157696106,1512441157707704,10485760,327680,32,904,11598
1512441157781846,1512441157793456,10485760,327680,32,903,11610
1512441157867546,1512441157879181,10485760,327680,32,901,11635
1512441157953533,1512441157965172,10485760,327680,32,900,11639
1512441158039755,1512441158051358,10485760,327680,32,903,11603
1512441158126170,1512441158137838,10485760,327680,32,898,11668
1512441158212023,1512441158223601,10485760,327680,32,905,11578
1512441158298071,1512441158309625,10485760,327680,32,907,11554
1512441158384051,1512441158395703,10485760,327680,32,899,11652
1512441158470013,1512441158481624,10485760,327680,32,903,11611
1512441158555802,1512441158567456,10485760,327680,32,899,11654
1512441158641738,1512441158653379,10485760,327680,32,900,11641
1512441158727768,1512441158739374,10485760,327680,32,903,11606
1512441158813480,1512441158825130,10485760,327680,32,900,11650
1512441158899684,1512441158911307,10485760,327680,32,902,11623
1512441158985458,1512441158997036,10485760,327680,32,905,11578
1512441159071661,1512441159083285,10485760,327680,32,902,11624
1512441159157618,1512441159169237,10485760,327680,32,902,11619
1512441159243612,1512441159255251,10485760,327680,32,900,11639
1512441159329661,1512441159341261,10485760,327680,32,903,11600
1512441159415624,1512441159427279,10485760,327680,32,899,11655
1512441159501899,1512441159513554,10485760,327680,32,899,11655
1512441159587977,1512441159599594,10485760,327680,32,902,11617
1512441159674045,1512441159685715,10485760,327680,32,898,11670
1512441159759929,1512441159771545,10485760,327680,32,902,11616
1512441159845930,1512441159857527,10485760,327680,32,904,11597
1512441159931946,1512441159943551,10485760,327680,32,903,11605
1512441160017663,1512441160029292,10485760,327680,32,901,11629
1512441160103249,1512441160114861,10485760,327680,32,903,11612
1512441160188994,1512441160200617,10485760,327680,32,902,11623
1512441160274730,1512441160286372,10485760,327680,32,900,11642
1512441160360611,1512441160372244,10485760,327680,32,901,11633
1512441160446669,1512441160458295,10485760,327680,32,901,11626
1512441160532794,1512441160544407,10485760,327680,32,902,11613
1512441160618821,1512441160630435,10485760,327680,32,902,11614
1512441160704641,1512441160716264,10485760,327680,32,902,11623
1512441160790477,1512441160802166,10485760,327680,32,897,11689
1512441160876259,1512441160887891,10485760,327680,32,901,11632
1512441160962296,1512441160973931,10485760,327680,32,901,11635
1512441161048269,1512441161059884,10485760,327680,32,902,11615
1512441161133896,1512441161145483,10485760,327680,32,904,11587
1512441161220378,1512441161231996,10485760,327680,32,902,11618
1512441161306614,1512441161318140,10485760,327680,32,909,11526
1512441161392636,1512441161404242,10485760,327680,32,903,11606
1512441161478415,1512441161489987,10485760,327680,32,906,11572
1512441161564438,1512441161576007,10485760,327680,32,906,11569
1512441161650461,1512441161662072,10485760,327680,32,903,11611
1512441161736388,1512441161747907,10485760,327680,32,910,11519
1512441161822322,1512441161833956,10485760,327680,32,901,11634
1512441161908682,1512441161920337,10485760,327680,32,899,11655
1512441161994936,1512441162006538,10485760,327680,32,903,11602
1512441162080806,1512441162092435,10485760,327680,32,901,11629
1512441162166802,1512441162178434,10485760,327680,32,901,11632
1512441162252605,1512441162264260,10485760,327680,32,899,11655
1512441162338289,1512441162349847,10485760,327680,32,907,11558
1512441162424048,1512441162435591,10485760,327680,32,908,11543
1512441162510080,1512441162521682,10485760,327680,32,903,11602
1512441162596573,1512441162608192,10485760,327680,32,902,11619
1512441162682725,1512441162694292,10485760,327680,32,906,11567
1512441162768799,1512441162780444,10485760,327680,32,900,11645
1512441162854585,1512441162866140,10485760,327680,32,907,11555
1512441162940213,1512441162951845,10485760,327680,32,901,11632
1512441163026001,1512441163037575,10485760,327680,32,905,11574
1512441163111757,1512441163123337,10485760,327680,32,905,11580
1512441163197851,1512441163209451,10485760,327680,32,903,11600
1512441163284069,1512441163295680,10485760,327680,32,903,11611
1512441163370013,1512441163381559,10485760,327680,32,908,11546
1512441163455885,1512441163467474,10485760,327680,32,904,11589
1512441163541855,1512441163553496,10485760,327680,32,900,11641
1512441163628061,1512441163639695,10485760,327680,32,901,11634
1512441163713738,1512441163725333,10485760,327680,32,904,11595
1512441163799712,1512441163811281,10485760,327680,32,906,11569
1512441163885608,1512441163897252,10485760,327680,32,900,11644
1512441163971182,1512441163982769,10485760,327680,32,904,11587
1512441164057251,1512441164068832,10485760,327680,32,905,11581
1512441164143600,1512441164155188,10485760,327680,32,904,11588
1512441164229557,1512441164241187,10485760,327680,32,901,11630
1512441164315284,1512441164326911,10485760,327680,32,901,11627
1512441164401436,1512441164413105,10485760,327680,32,898,11669
1512441164487450,1512441164499070,10485760,327680,32,902,11620
1512441164573310,1512441164584928,10485760,327680,32,902,11618
1512441164659432,1512441164671098,10485760,327680,32,898,11666
1512441164745407,1512441164757025,10485760,327680,32,902,11618
1512441164831576,1512441164843180,10485760,327680,32,903,11604
1512441164917708,1512441164929261,10485760,327680,32,907,11553
1512441165003781,1512441165015384,10485760,327680,32,903,11603
1512441165089423,1512441165101070,10485760,327680,32,900,11647
1512441165175637,1512441165187253,10485760,327680,32,902,11616
1512441165261800,1512441165273434,10485760,327680,32,901,11634
1512441165347829,1512441165359469,10485760,327680,32,900,11640
1512441165434208,1512441165445827,10485760,327680,32,902,11619
1512441165520460,1512441165532045,10485760,327680,32,905,11585
1512441165606257,1512441165617788,10485760,327680,32,909,11531
1512441165692531,1512441165704148,10485760,327680,32,902,11617
1512441165778344,1512441165789957,10485760,327680,32,902,11613
1512441165864261,1512441165875859,10485760,327680,32,904,11598
1512441165950660,1512441165962278,10485760,327680,32,902,11618
1512441166036479,1512441166048090,10485760,327680,32,903,11611
1512441166122331,1512441166133908,10485760,327680,32,905,11577
1512441166208439,1512441166220048,10485760,327680,32,903,11609
1512441166294894,1512441166306482,10485760,327680,32,904,11588
1512441166380789,1512441166392434,10485760,327680,32,900,11645
1512441166467035,1512441166478660,10485760,327680,32,902,11625
1512441166553160,1512441166564782,10485760,327680,32,902,11622
1512441166639223,1512441166650838,10485760,327680,32,902,11615
1512441166725050,1512441166736601,10485760,327680,32,907,11551
1512441166811071,1512441166822627,10485760,327680,32,907,11556
1512441166896989,1512441166908636,10485760,327680,32,900,11647
1512441166983113,1512441166994720,10485760,327680,32,903,11607
1512441167068844,1512441167080474,10485760,327680,32,901,11630
1512441167154775,1512441167166343,10485760,327680,32,906,11568
1512441167240443,1512441167252053,10485760,327680,32,903,11610
1512441167326929,1512441167338524,10485760,327680,32,904,11595
1512441167412364,1512441167424014,10485760,327680,32,900,11650
1512441167498508,1512441167510117,10485760,327680,32,903,11609
1512441167584718,1512441167596336,10485760,327680,32,902,11618
1512441167670506,1512441167682124,10485760,327680,32,902,11618
1512441167756340,1512441167767958,10485760,327680,32,902,11618
1512441167841968,1512441167853550,10485760,327680,32,905,11582
1512441167928178,1512441167939771,10485760,327680,32,904,11593
1512441168013909,1512441168025503,10485760,327680,32,904,11594
1512441168099790,1512441168111455,10485760,327680,32,898,11665
1512441168186159,1512441168197758,10485760,327680,32,904,11599
1512441168271881,1512441168283510,10485760,327680,32,901,11629
1512441168357903,1512441168369520,10485760,327680,32,902,11617
1512441168443986,1512441168455629,10485760,327680,32,900,11643
1512441168529934,1512441168541565,10485760,327680,32,901,11631
1512441168615488,1512441168627077,10485760,327680,32,904,11589
1512441168701256,1512441168712874,10485760,327680,32,902,11618
1512441168786912,1512441168798521,10485760,327680,32,903,11609
1512441168873026,1512441168884629,10485760,327680,32,903,11603
1512441168959123,1512441168970780,10485760,327680,32,899,11657
1512441169044999,1512441169056584,10485760,327680,32,905,11585
1512441169130747,1512441169142334,10485760,327680,32,904,11587
1512441169216334,1512441169227909,10485760,327680,32,905,11575
1512441169302425,1512441169313938,10485760,327680,32,910,11513
1512441169388155,1512441169399800,10485760,327680,32,900,11645
1512441169473810,1512441169485380,10485760,327680,32,906,11570
1512441169559339,1512441169570965,10485760,327680,32,901,11626
1512441169645753,1512441169657342,10485760,327680,32,904,11589
1512441169731844,1512441169743489,10485760,327680,32,900,11645
1512441169817627,1512441169829204,10485760,327680,32,905,11577
1512441169903557,1512441169915169,10485760,327680,32,903,11612
1512441169989319,1512441170000871,10485760,327680,32,907,11552
1512441170075234,1512441170086839,10485760,327680,32,903,11605
1512441170161905,1512441170173531,10485760,327680,32,901,11626
1512441170247735,1512441170259398,10485760,327680,32,899,11663
1512441170333961,1512441170345530,10485760,327680,32,906,11569
1512441170419473,1512441170431137,10485760,327680,32,898,11664
1512441170505607,1512441170517136,10485760,327680,32,909,11529
1512441170591612,1512441170603182,10485760,327680,32,906,11570
1512441170677466,1512441170689133,10485760,327680,32,898,11667
1512441170763337,1512441170774939,10485760,327680,32,903,11602
1512441170849259,1512441170860912,10485760,327680,32,899,11653
1512441170935468,1512441170947069,10485760,327680,32,903,11601
1512441171021219,1512441171032863,10485760,327680,32,900,11644
1512441171107176,1512441171118777,10485760,327680,32,903,11601
1512441171192994,1512441171204627,10485760,327680,32,901,11633
1512441171279326,1512441171290922,10485760,327680,32,904,11596
1512441171365171,1512441171376741,10485760,327680,32,906,11570
1512441171450915,1512441171462551,10485760,327680,32,901,11636
1512441171537531,1512441171549102,10485760,327680,32,906,11571
1512441171623155,1512441171634787,10485760,327680,32,901,11632
1512441171709105,1512441171720709,10485760,327680,32,903,11604
1512441171794714,1512441171806351,10485760,327680,32,901,11637
1512441171880578,1512441171892253,10485760,327680,32,898,11675
1512441171966555,1512441171978203,10485760,327680,32,900,11648
1512441172052172,1512441172063758,10485760,327680,32,905,11586
1512441172137954,1512441172149558,10485760,327680,32,903,11604
1512441172223926,1512441172235512,10485760,327680,32,905,11586
1512441172310248,1512441172321857,10485760,327680,32,903,11609
1512441172395912,1512441172407521,10485760,327680,32,903,11609
1512441172481710,1512441172493315,10485760,327680,32,903,11605
1512441172567777,1512441172579425,10485760,327680,32,900,11648
1512441172653315,1512441172664936,10485760,327680,32,902,11621
1512441172738872,1512441172750509,10485760,327680,32,901,11637
1512441172824421,1512441172836016,10485760,327680,32,904,11595
1512441172910460,1512441172922050,10485760,327680,32,904,11590
1512441172996489,1512441173008076,10485760,327680,32,904,11587
1512441173082477,1512441173094078,10485760,327680,32,903,11601
1512441173168237,1512441173179854,10485760,327680,32,902,11617
1512441173254033,1512441173265595,10485760,327680,32,906,11562
1512441173339556,1512441173351144,10485760,327680,32,904,11588
1512441173425217,1512441173436796,10485760,327680,32,905,11579
1512441173510797,1512441173522442,10485760,327680,32,900,11645
1512441173596968,1512441173608545,10485760,327680,32,905,11577
1512441173682866,1512441173694439,10485760,327680,32,906,11573
1512441173768575,1512441173780190,10485760,327680,32,902,11615
1512441173854535,1512441173866124,10485760,327680,32,904,11589
1512441173940552,1512441173952175,10485760,327680,32,902,11623
1512441174026643,1512441174038254,10485760,327680,32,903,11611
1512441174112317,1512441174123962,10485760,327680,32,900,11645
1512441174198190,1512441174209774,10485760,327680,32,905,11584
1512441174284046,1512441174295690,10485760,327680,32,900,11644
1512441174369919,1512441174381554,10485760,327680,32,901,11635
1512441174455833,1512441174467350,10485760,327680,32,910,11517
1512441174541376,1512441174552989,10485760,327680,32,902,11613
1512441174627406,1512441174639039,10485760,327680,32,901,11633
1512441174713248,1512441174724832,10485760,327680,32,905,11584
1512441174799235,1512441174810836,10485760,327680,32,903,11601
1512441174885008,1512441174896619,10485760,327680,32,903,11611
1512441174970665,1512441174982304,10485760,327680,32,900,11639
1512441175056256,1512441175067871,10485760,327680,32,902,11615
1512441175142032,1512441175153642,10485760,327680,32,903,11610
1512441175227977,1512441175239489,10485760,327680,32,910,11512
1512441175313991,1512441175325606,10485760,327680,32,902,11615
1512441175399826,1512441175411443,10485760,327680,32,902,11617
1512441175486070,1512441175497709,10485760,327680,32,900,11639
1512441175572031,1512441175583674,10485760,327680,32,900,11643
1512441175657816,1512441175669298,10485760,327680,32,913,11482
1512441175743441,1512441175754983,10485760,327680,32,908,11542
1512441175829221,1512441175840846,10485760,327680,32,902,11625
1512441175915065,1512441175926660,10485760,327680,32,904,11595
1512441176000885,1512441176012531,10485760,327680,32,900,11646
1512441176086966,1512441176098492,10485760,327680,32,909,11526
1512441176172830,1512441176184461,10485760,327680,32,901,11631
1512441176258818,1512441176270388,10485760,327680,32,906,11570
1512441176344798,1512441176356461,10485760,327680,32,899,11663
1512441176430608,1512441176442244,10485760,327680,32,901,11636
1512441176516425,1512441176527942,10485760,327680,32,910,11517
1512441176602035,1512441176613684,10485760,327680,32,900,11649
1512441176688159,1512441176699787,10485760,327680,32,901,11628
1512441176774328,1512441176785948,10485760,327680,32,902,11620
1512441176860197,1512441176871843,10485760,327680,32,900,11646
1512441176946017,1512441176957628,10485760,327680,32,903,11611
1512441177031773,1512441177043374,10485760,327680,32,903,11601
1512441177117916,1512441177129573,10485760,327680,32,899,11657
1512441177204056,1512441177215741,10485760,327680,32,897,11685
1512441177289889,1512441177301510,10485760,327680,32,902,11621
1512441177375485,1512441177387048,10485760,327680,32,906,11563
1512441177461479,1512441177473066,10485760,327680,32,904,11587
1512441177547324,1512441177558967,10485760,327680,32,900,11643
1512441177632978,1512441177644633,10485760,327680,32,899,11655
1512441177718740,1512441177730406,10485760,327680,32,898,11666
1512441177804519,1512441177816137,10485760,327680,32,902,11618
1512441177890688,1512441177902278,10485760,327680,32,904,11590
1512441177976396,1512441177988010,10485760,327680,32,902,11614
1512441178062589,1512441178074194,10485760,327680,32,903,11605
1512441178148905,1512441178160539,10485760,327680,32,901,11634
1512441178234830,1512441178246452,10485760,327680,32,902,11622
1512441178321039,1512441178332671,10485760,327680,32,901,11632
1512441178406825,1512441178418419,10485760,327680,32,904,11594
1512441178492868,1512441178504533,10485760,327680,32,898,11665
1512441178578912,1512441178590529,10485760,327680,32,902,11617
1512441178665017,1512441178676596,10485760,327680,32,905,11579
1512441178750979,1512441178762607,10485760,327680,32,901,11628
1512441178837227,1512441178848858,10485760,327680,32,901,11631
1512441178923197,1512441178934831,10485760,327680,32,901,11634
1512441179008896,1512441179020500,10485760,327680,32,903,11604
1512441179094705,1512441179106347,10485760,327680,32,900,11642
1512441179180356,1512441179191993,10485760,327680,32,901,11637
1512441179266228,1512441179277789,10485760,327680,32,906,11561
1512441179352001,1512441179363606,10485760,327680,32,903,11605
1512441179437982,1512441179449641,10485760,327680,32,899,11659
1512441179524431,1512441179536078,10485760,327680,32,900,11647
1512441179610658,1512441179622334,10485760,327680,32,898,11676
1512441179696607,1512441179708234,10485760,327680,32,901,11627
1512441179782459,1512441179794104,10485760,327680,32,900,11645
1512441179868426,1512441179880051,10485760,327680,32,902,11625
1512441179954345,1512441179965948,10485760,327680,32,903,11603
1512441180040175,1512441180051779,10485760,327680,32,903,11604
1512441180125952,1512441180137591,10485760,327680,32,900,11639
1512441180211839,1512441180223446,10485760,327680,32,903,11607
1512441180297639,1512441180309253,10485760,327680,32,902,11614
1512441180384001,1512441180395633,10485760,327680,32,901,11632
1512441180470473,1512441180482056,10485760,327680,32,905,11583
1512441180556379,1512441180567990,10485760,327680,32,903,11611
1512441180642186,1512441180653834,10485760,327680,32,900,11648
1512441180728091,1512441180739699,10485760,327680,32,903,11608
1512441180813931,1512441180825578,10485760,327680,32,900,11647
1512441180899815,1512441180911440,10485760,327680,32,902,11625
1512441180985851,1512441180997418,10485760,327680,32,906,11567
1512441181071759,1512441181083379,10485760,327680,32,902,11620
1512441181157799,1512441181169356,10485760,327680,32,907,11557
1512441181243528,1512441181255164,10485760,327680,32,901,11636
1512441181329431,1512441181341034,10485760,327680,32,903,11603
1512441181415785,1512441181427451,10485760,327680,32,898,11666
1512441181501814,1512441181513439,10485760,327680,32,902,11625
1512441181587832,1512441181599450,10485760,327680,32,902,11618
1512441181673654,1512441181685163,10485760,327680,32,911,11509
1512441181759387,1512441181770984,10485760,327680,32,904,11597
1512441181844983,1512441181856588,10485760,327680,32,903,11605
1512441181930988,1512441181942607,10485760,327680,32,902,11619
1512441182017171,1512441182028791,10485760,327680,32,902,11620
1512441182102738,1512441182114376,10485760,327680,32,900,11638
1512441182188551,1512441182200209,10485760,327680,32,899,11658
1512441182274597,1512441182286189,10485760,327680,32,904,11592
1512441182360781,1512441182372410,10485760,327680,32,901,11629
1512441182447234,1512441182458822,10485760,327680,32,904,11588
1512441182533086,1512441182544688,10485760,327680,32,903,11602
1512441182618637,1512441182630242,10485760,327680,32,903,11605
1512441182704255,1512441182715889,10485760,327680,32,901,11634
1512441182790451,1512441182802038,10485760,327680,32,904,11587
1512441182876310,1512441182887956,10485760,327680,32,900,11646
1512441182962470,1512441182974149,10485760,327680,32,897,11679
1512441183048304,1512441183059883,10485760,327680,32,905,11579
1512441183134283,1512441183145913,10485760,327680,32,901,11630
1512441183219978,1512441183231568,10485760,327680,32,904,11590
1512441183306010,1512441183317676,10485760,327680,32,898,11666
1512441183392259,1512441183403878,10485760,327680,32,902,11619
1512441183477889,1512441183489496,10485760,327680,32,903,11607
1512441183563756,1512441183575361,10485760,327680,32,903,11605
1512441183649838,1512441183661422,10485760,327680,32,905,11584
1512441183735703,1512441183747326,10485760,327680,32,902,11623
1512441183821571,1512441183833111,10485760,327680,32,908,11540
1512441183907341,1512441183918996,10485760,327680,32,899,11655
1512441183993091,1512441184004731,10485760,327680,32,900,11640
1512441184078764,1512441184090403,10485760,327680,32,900,11639
1512441184164551,1512441184176183,10485760,327680,32,901,11632
1512441184250509,1512441184262111,10485760,327680,32,903,11602
1512441184336548,1512441184348099,10485760,327680,32,907,11551
1512441184422341,1512441184433962,10485760,327680,32,902,11621
1512441184508311,1512441184519886,10485760,327680,32,905,11575
1512441184594388,1512441184606030,10485760,327680,32,900,11642
1512441184680444,1512441184692045,10485760,327680,32,903,11601
1512441184766486,1512441184778070,10485760,327680,32,905,11584
1512441184852389,1512441184863982,10485760,327680,32,904,11593
1512441184938343,1512441184949907,10485760,327680,32,906,11564
1512441185024173,1512441185035775,10485760,327680,32,903,11602
1512441185109852,1512441185121477,10485760,327680,32,902,11625
1512441185195734,1512441185207328,10485760,327680,32,904,11594
1512441185281213,1512441185292850,10485760,327680,32,901,11637
1512441185367088,1512441185378696,10485760,327680,32,903,11608
1512441185453165,1512441185464762,10485760,327680,32,904,11597
1512441185539150,1512441185550792,10485760,327680,32,900,11642
1512441185625351,1512441185636980,10485760,327680,32,901,11629
1512441185711209,1512441185722854,10485760,327680,32,900,11645
1512441185797079,1512441185808728,10485760,327680,32,900,11649
1512441185882961,1512441185894620,10485760,327680,32,899,11659
1512441185968619,1512441185980279,10485760,327680,32,899,11660
1512441186054713,1512441186066309,10485760,327680,32,904,11596
1512441186140766,1512441186152323,10485760,327680,32,907,11557
1512441186226551,1512441186238162,10485760,327680,32,903,11611
1512441186312417,1512441186324078,10485760,327680,32,899,11661
1512441186398859,1512441186410458,10485760,327680,32,904,11599
1512441186484832,1512441186496471,10485760,327680,32,900,11639
1512441186570891,1512441186582516,10485760,327680,32,902,11625
1512441186657096,1512441186668756,10485760,327680,32,899,11660
1512441186743102,1512441186754763,10485760,327680,32,899,11661
1512441186829009,1512441186840618,10485760,327680,32,903,11609
1512441186914787,1512441186926379,10485760,327680,32,904,11592
1512441187000715,1512441187012344,10485760,327680,32,901,11629
1512441187086614,1512441187098283,10485760,327680,32,898,11669
1512441187172494,1512441187184133,10485760,327680,32,900,11639
1512441187258448,1512441187270116,10485760,327680,32,898,11668
1512441187344753,1512441187356396,10485760,327680,32,900,11643
1512441187431113,1512441187442719,10485760,327680,32,903,11606
1512441187517003,1512441187528686,10485760,327680,32,897,11683
1512441187603231,1512441187614821,10485760,327680,32,904,11590
1512441187688863,1512441187700455,10485760,327680,32,904,11592
1512441187774734,1512441187786360,10485760,327680,32,901,11626
1512441187860303,1512441187871907,10485760,327680,32,903,11604
1512441187946280,1512441187957855,10485760,327680,32,905,11575
1512441188032495,1512441188044107,10485760,327680,32,903,11612
1512441188118750,1512441188130403,10485760,327680,32,899,11653
1512441188204669,1512441188216307,10485760,327680,32,900,11638
1512441188290491,1512441188302035,10485760,327680,32,908,11544
1512441188376605,1512441188388221,10485760,327680,32,902,11616
1512441188462512,1512441188474134,10485760,327680,32,902,11622
1512441188548200,1512441188559773,10485760,327680,32,906,11573
1512441188634072,1512441188645689,10485760,327680,32,902,11617
1512441188720029,1512441188731669,10485760,327680,32,900,11640
1512441188805757,1512441188817401,10485760,327680,32,900,11644
1512441188891740,1512441188903368,10485760,327680,32,901,11628
1512441188977602,1512441188989261,10485760,327680,32,899,11659
1512441189063666,1512441189075238,10485760,327680,32,906,11572
1512441189149576,1512441189161197,10485760,327680,32,902,11621
1512441189235743,1512441189247418,10485760,327680,32,898,11675
1512441189322039,1512441189333642,10485760,327680,32,903,11603
1512441189408168,1512441189419776,10485760,327680,32,903,11608
1512441189493952,1512441189505569,10485760,327680,32,902,11617
1512441189579673,1512441189591322,10485760,327680,32,900,11649
1512441189665375,1512441189676993,10485760,327680,32,902,11618
1512441189751210,1512441189762814,10485760,327680,32,903,11604
1512441189837253,1512441189848849,10485760,327680,32,904,11596
1512441189923184,1512441189934819,10485760,327680,32,901,11635
1512441190008963,1512441190020528,10485760,327680,32,906,11565
1512441190094634,1512441190106267,10485760,327680,32,901,11633
1512441190180391,1512441190192033,10485760,327680,32,900,11642
1512441190266069,1512441190277710,10485760,327680,32,900,11641
1512441190352381,1512441190363994,10485760,327680,32,902,11613
1512441190438107,1512441190449689,10485760,327680,32,905,11582
1512441190524041,1512441190535686,10485760,327680,32,900,11645
1512441190609737,1512441190621338,10485760,327680,32,903,11601
1512441190696217,1512441190707809,10485760,327680,32,904,11592
1512441190782411,1512441190794046,10485760,327680,32,901,11635
1512441190868600,1512441190880190,10485760,327680,32,904,11590
1512441190954598,1512441190966199,10485760,327680,32,903,11601
1512441191040207,1512441191051846,10485760,327680,32,900,11639
1512441191126176,1512441191137832,10485760,327680,32,899,11656
1512441191212272,1512441191223864,10485760,327680,32,904,11592
1512441191298552,1512441191310187,10485760,327680,32,901,11635
1512441191384401,1512441191396040,10485760,327680,32,900,11639
1512441191470324,1512441191481864,10485760,327680,32,908,11540
1512441191555873,1512441191567529,10485760,327680,32,899,11656
1512441191642094,1512441191653726,10485760,327680,32,901,11632
1512441191728403,1512441191740053,10485760,327680,32,900,11650
1512441191814495,1512441191826130,10485760,327680,32,901,11635
1512441191900698,1512441191912363,10485760,327680,32,898,11665
1512441191986848,1512441191998350,10485760,327680,32,911,11502
1512441192072504,1512441192084047,10485760,327680,32,908,11543
1512441192159115,1512441192170713,10485760,327680,32,904,11598
1512441192245092,1512441192256672,10485760,327680,32,905,11580
1512441192331220,1512441192342832,10485760,327680,32,903,11612
1512441192416915,1512441192428571,10485760,327680,32,899,11656
1512441192503193,1512441192514849,10485760,327680,32,899,11656
1512441192588894,1512441192600519,10485760,327680,32,902,11625
1512441192674997,1512441192686630,10485760,327680,32,901,11633
1512441192761542,1512441192773157,10485760,327680,32,902,11615
1512441192847740,1512441192859394,10485760,327680,32,899,11654
1512441192933638,1512441192945302,10485760,327680,32,898,11664
1512441193019586,1512441193031237,10485760,327680,32,899,11651
1512441193105975,1512441193117597,10485760,327680,32,902,11622
1512441193192041,1512441193203716,10485760,327680,32,898,11675
1512441193277978,1512441193289600,10485760,327680,32,902,11622
1512441193363706,1512441193375337,10485760,327680,32,901,11631
1512441193449475,1512441193461060,10485760,327680,32,905,11585
1512441193535338,1512441193546983,10485760,327680,32,900,11645
1512441193621480,1512441193633106,10485760,327680,32,901,11626
1512441193707129,1512441193718753,10485760,327680,32,902,11624
1512441193793395,1512441193805005,10485760,327680,32,903,11610
1512441193879003,1512441193890664,10485760,327680,32,899,11661
1512441193964856,1512441193976479,10485760,327680,32,902,11623
1512441194050611,1512441194062236,10485760,327680,32,902,11625
1512441194137112,1512441194148730,10485760,327680,32,902,11618
1512441194223242,1512441194234911,10485760,327680,32,898,11669
1512441194309485,1512441194321145,10485760,327680,32,899,11660
1512441194395520,1512441194407168,10485760,327680,32,900,11648
1512441194481685,1512441194493342,10485760,327680,32,899,11657
1512441194567615,1512441194579282,10485760,327680,32,898,11667
1512441194653752,1512441194665379,10485760,327680,32,901,11627
1512441194739632,1512441194751303,10485760,327680,32,898,11671
1512441194825447,1512441194837074,10485760,327680,32,901,11627
1512441194911241,1512441194922857,10485760,327680,32,902,11616
1512441194997141,1512441195008803,10485760,327680,32,899,11662
1512441195082906,1512441195094480,10485760,327680,32,905,11574
1512441195168712,1512441195180329,10485760,327680,32,902,11617
1512441195254304,1512441195265835,10485760,327680,32,909,11531
1512441195340466,1512441195352107,10485760,327680,32,900,11641
1512441195426602,1512441195438205,10485760,327680,32,903,11603
1512441195512382,1512441195524007,10485760,327680,32,902,11625
1512441195598138,1512441195609774,10485760,327680,32,901,11636
1512441195684078,1512441195695726,10485760,327680,32,900,11648
1512441195770507,1512441195782116,10485760,327680,32,903,11609
1512441195856316,1512441195867940,10485760,327680,32,902,11624
1512441195942733,1512441195954370,10485760,327680,32,901,11637
1512441196028838,1512441196040499,10485760,327680,32,899,11661
1512441196114738,1512441196126367,10485760,327680,32,901,11629
1512441196200642,1512441196212307,10485760,327680,32,898,11665
1512441196286545,1512441196298168,10485760,327680,32,902,11623
1512441196372548,1512441196384175,10485760,327680,32,901,11627
1512441196458551,1512441196470186,10485760,327680,32,901,11635
1512441196544420,1512441196556052,10485760,327680,32,901,11632
1512441196630315,1512441196641933,10485760,327680,32,902,11618
1512441196715929,1512441196727557,10485760,327680,32,901,11628
1512441196801488,1512441196813113,10485760,327680,32,902,11625
1512441196887404,1512441196899001,10485760,327680,32,904,11597
1512441196973759,1512441196985360,10485760,327680,32,903,11601
1512441197059930,1512441197071487,10485760,327680,32,907,11557
1512441197145314,1512441197156901,10485760,327680,32,904,11587
1512441197231556,1512441197243194,10485760,327680,32,900,11638
1512441197317206,1512441197328807,10485760,327680,32,903,11601
1512441197402968,1512441197414568,10485760,327680,32,903,11600
1512441197488608,1512441197500207,10485760,327680,32,904,11599
1512441197574623,1512441197586216,10485760,327680,32,904,11593
1512441197660637,1512441197672269,10485760,327680,32,901,11632
1512441197746771,1512441197758322,10485760,327680,32,907,11551
1512441197832639,1512441197844254,10485760,327680,32,902,11615
1512441197918414,1512441197930000,10485760,327680,32,905,11586
1512441198004309,1512441198015913,10485760,327680,32,903,11604
1512441198090392,1512441198102016,10485760,327680,32,902,11624
1512441198176146,1512441198187787,10485760,327680,32,900,11641
1512441198262075,1512441198273707,10485760,327680,32,901,11632
1512441198348317,1512441198359966,10485760,327680,32,900,11649
1512441198434221,1512441198445834,10485760,327680,32,902,11613
1512441198520106,1512441198531739,10485760,327680,32,901,11633
1512441198606038,1512441198617692,10485760,327680,32,899,11654
1512441198691702,1512441198703319,10485760,327680,32,902,11617
1512441198777703,1512441198789343,10485760,327680,32,900,11640
1512441198863903,1512441198875526,10485760,327680,32,902,11623
1512441198949607,1512441198961240,10485760,327680,32,901,11633
1512441199035596,1512441199047203,10485760,327680,32,903,11607
1512441199121277,1512441199132908,10485760,327680,32,901,11631
1512441199207171,1512441199218780,10485760,327680,32,903,11609
1512441199293331,1512441199304925,10485760,327680,32,904,11594
1512441199379202,1512441199390861,10485760,327680,32,899,11659
1512441199465075,1512441199476706,10485760,327680,32,901,11631
1512441199550886,1512441199562483,10485760,327680,32,904,11597
1512441199636781,1512441199648436,10485760,327680,32,899,11655
1512441199722797,1512441199734428,10485760,327680,32,901,11631
1512441199808785,1512441199820425,10485760,327680,32,900,11640
1512441199894896,1512441199906550,10485760,327680,32,899,11654
1512441199980882,1512441199992526,10485760,327680,32,900,11644
1512441200066740,1512441200078359,10485760,327680,32,902,11619
1512441200152776,1512441200164386,10485760,327680,32,903,11610
1512441200238495,1512441200250036,10485760,327680,32,908,11541
1512441200324344,1512441200335989,10485760,327680,32,900,11645
1512441200409953,1512441200421536,10485760,327680,32,905,11583
1512441200495841,1512441200507489,10485760,327680,32,900,11648
1512441200581780,1512441200593392,10485760,327680,32,903,11612
1512441200667580,1512441200679161,10485760,327680,32,905,11581
1512441200753586,1512441200765232,10485760,327680,32,900,11646
1512441200839527,1512441200851175,10485760,327680,32,900,11648
1512441200925506,1512441200937157,10485760,327680,32,899,11651
1512441201011665,1512441201023339,10485760,327680,32,898,11674
1512441201097912,1512441201109542,10485760,327680,32,901,11630
1512441201184137,1512441201195754,10485760,327680,32,902,11617
1512441201269953,1512441201281590,10485760,327680,32,901,11637
1512441201355606,1512441201367233,10485760,327680,32,901,11627
1512441201441556,1512441201453206,10485760,327680,32,900,11650
1512441201527297,1512441201538894,10485760,327680,32,904,11597
1512441201613416,1512441201625056,10485760,327680,32,900,11640
1512441201699412,1512441201711037,10485760,327680,32,902,11625
1512441201785396,1512441201797009,10485760,327680,32,902,11613
1512441201871258,1512441201882880,10485760,327680,32,902,11622
1512441201957289,1512441201968902,10485760,327680,32,902,11613
1512441202043081,1512441202054697,10485760,327680,32,902,11616
1512441202128971,1512441202140588,10485760,327680,32,902,11617
1512441202215115,1512441202226733,10485760,327680,32,902,11618
1512441202301109,1512441202312750,10485760,327680,32,900,11641
1512441202386995,1512441202398635,10485760,327680,32,900,11640
1512441202472755,1512441202484359,10485760,327680,32,903,11604
1512441202558951,1512441202570580,10485760,327680,32,901,11629
1512441202644902,1512441202656544,10485760,327680,32,900,11642
1512441202731076,1512441202742712,10485760,327680,32,901,11636
1512441202817140,1512441202828759,10485760,327680,32,902,11619
1512441202903462,1512441202915126,10485760,327680,32,898,11664
1512441202989890,1512441203001489,10485760,327680,32,904,11599
1512441203075593,1512441203087140,10485760,327680,32,908,11547
1512441203161403,1512441203173008,10485760,327680,32,903,11605
1512441203247026,1512441203258631,10485760,327680,32,903,11605
1512441203332754,1512441203344357,10485760,327680,32,903,11603
1512441203419192,1512441203430766,10485760,327680,32,905,11574
1512441203505420,1512441203517093,10485760,327680,32,898,11673
1512441203591452,1512441203603071,10485760,327680,32,902,11619
1512441203677375,1512441203688981,10485760,327680,32,903,11606
1512441203763355,1512441203774946,10485760,327680,32,904,11591
1512441203849340,1512441203860981,10485760,327680,32,900,11641
1512441203935103,1512441203946773,10485760,327680,32,898,11670
1512441204021011,1512441204032669,10485760,327680,32,899,11658
1512441204107226,1512441204118773,10485760,327680,32,908,11547
1512441204193475,1512441204205080,10485760,327680,32,903,11605
1512441204279681,1512441204291259,10485760,327680,32,905,11578
1512441204365541,1512441204377128,10485760,327680,32,904,11587
1512441204451313,1512441204462949,10485760,327680,32,901,11636
1512441204536858,1512441204548477,10485760,327680,32,902,11619
1512441204622444,1512441204633916,10485760,327680,32,914,11472
1512441204708498,1512441204720150,10485760,327680,32,899,11652
1512441204794241,1512441204805919,10485760,327680,32,897,11678
1512441204879980,1512441204891618,10485760,327680,32,900,11638
1512441204965856,1512441204977451,10485760,327680,32,904,11595
1512441205051566,1512441205063118,10485760,327680,32,907,11552
1512441205137331,1512441205148956,10485760,327680,32,902,11625
1512441205223192,1512441205234788,10485760,327680,32,904,11596
1512441205309520,1512441205321103,10485760,327680,32,905,11583
1512441205395167,1512441205406797,10485760,327680,32,901,11630
1512441205480871,1512441205492475,10485760,327680,32,903,11604
1512441205566961,1512441205578526,10485760,327680,32,906,11565
1512441205652856,1512441205664398,10485760,327680,32,908,11542
1512441205738965,1512441205750632,10485760,327680,32,898,11667
1512441205825168,1512441205836724,10485760,327680,32,907,11556
1512441205911333,1512441205922926,10485760,327680,32,904,11593
1512441205997490,1512441206009130,10485760,327680,32,900,11640
1512441206083286,1512441206094949,10485760,327680,32,899,11663
1512441206169731,1512441206181359,10485760,327680,32,901,11628
1512441206255906,1512441206267527,10485760,327680,32,902,11621
1512441206341653,1512441206353226,10485760,327680,32,906,11573
1512441206427551,1512441206439186,10485760,327680,32,901,11635
1512441206513211,1512441206524855,10485760,327680,32,900,11644
1512441206599327,1512441206610955,10485760,327680,32,901,11628
1512441206685410,1512441206697020,10485760,327680,32,903,11610
1512441206771246,1512441206782844,10485760,327680,32,904,11598
1512441206857048,1512441206868681,10485760,327680,32,901,11633
1512441206942688,1512441206954340,10485760,327680,32,899,11652
1512441207028691,1512441207040289,10485760,327680,32,904,11598
1512441207114423,1512441207126025,10485760,327680,32,903,11602
1512441207200008,1512441207211637,10485760,327680,32,901,11629
1512441207285812,1512441207297446,10485760,327680,32,901,11634
1512441207372022,1512441207383614,10485760,327680,32,904,11592
1512441207457703,1512441207469299,10485760,327680,32,904,11596
1512441207543397,1512441207555005,10485760,327680,32,903,11608
1512441207629187,1512441207640789,10485760,327680,32,903,11602
1512441207715056,1512441207726706,10485760,327680,32,900,11650
1512441207801052,1512441207812696,10485760,327680,32,900,11644
1512441207886618,1512441207898182,10485760,327680,32,906,11564
1512441207972452,1512441207984111,10485760,327680,32,899,11659
1512441208058880,1512441208070528,10485760,327680,32,900,11648
1512441208144681,1512441208156295,10485760,327680,32,902,11614
1512441208230552,1512441208242192,10485760,327680,32,900,11640
1512441208316264,1512441208327953,10485760,327680,32,897,11689
1512441208402420,1512441208414001,10485760,327680,32,905,11581
1512441208488231,1512441208499792,10485760,327680,32,906,11561
1512441208573977,1512441208585545,10485760,327680,32,906,11568
1512441208660113,1512441208671722,10485760,327680,32,903,11609
1512441208745788,1512441208757352,10485760,327680,32,906,11564
1512441208831950,1512441208843584,10485760,327680,32,901,11634
1512441208917507,1512441208929094,10485760,327680,32,904,11587
1512441209003575,1512441209015198,10485760,327680,32,902,11623
1512441209089078,1512441209100677,10485760,327680,32,904,11599
1512441209175330,1512441209186940,10485760,327680,32,903,11610
1512441209261307,1512441209272949,10485760,327680,32,900,11642
1512441209347218,1512441209358884,10485760,327680,32,898,11666
1512441209433021,1512441209444647,10485760,327680,32,901,11626
1512441209518779,1512441209530384,10485760,327680,32,903,11605
1512441209605023,1512441209616621,10485760,327680,32,904,11598
1512441209691637,1512441209703300,10485760,327680,32,899,11663
1512441209777582,1512441209789235,10485760,327680,32,899,11653
1512441209863497,1512441209875129,10485760,327680,32,901,11632
1512441209949260,1512441209960893,10485760,327680,32,901,11633
1512441210035612,1512441210047214,10485760,327680,32,903,11602
1512441210121622,1512441210133214,10485760,327680,32,904,11592
1512441210207579,1512441210219170,10485760,327680,32,904,11591
1512441210293799,1512441210305414,10485760,327680,32,902,11615
1512441210379804,1512441210391413,10485760,327680,32,903,11609
1512441210465688,1512441210477298,10485760,327680,32,903,11610
1512441210551645,1512441210563320,10485760,327680,32,898,11675
1512441210637517,1512441210649095,10485760,327680,32,905,11578
1512441210723320,1512441210734950,10485760,327680,32,901,11630
1512441210809011,1512441210820589,10485760,327680,32,905,11578
1512441210894699,1512441210906294,10485760,327680,32,904,11595
1512441210980545,1512441210992073,10485760,327680,32,909,11528
1512441211066207,1512441211077814,10485760,327680,32,903,11607
1512441211152595,1512441211164226,10485760,327680,32,901,11631
1512441211238622,1512441211250233,10485760,327680,32,903,11611
1512441211324666,1512441211336268,10485760,327680,32,903,11602
1512441211411065,1512441211422716,10485760,327680,32,899,11651
1512441211497193,1512441211508839,10485760,327680,32,900,11646
1512441211583225,1512441211594883,10485760,327680,32,899,11658
1512441211669269,1512441211680939,10485760,327680,32,898,11670
1512441211755751,1512441211767341,10485760,327680,32,904,11590
1512441211841848,1512441211853441,10485760,327680,32,904,11593
1512441211927563,1512441211939197,10485760,327680,32,901,11634
1512441212013480,1512441212025136,10485760,327680,32,899,11656
1512441212099489,1512441212111101,10485760,327680,32,903,11612
1512441212185299,1512441212196911,10485760,327680,32,903,11612
1512441212271434,1512441212283056,10485760,327680,32,902,11622
1512441212357444,1512441212369068,10485760,327680,32,902,11624
1512441212443181,1512441212454809,10485760,327680,32,901,11628
1512441212529410,1512441212541074,10485760,327680,32,898,11664
1512441212615006,1512441212626646,10485760,327680,32,900,11640
1512441212700973,1512441212712603,10485760,327680,32,901,11630
1512441212787033,1512441212798607,10485760,327680,32,905,11574
1512441212873006,1512441212884615,10485760,327680,32,903,11609
1512441212958854,1512441212970453,10485760,327680,32,904,11599
1512441213044833,1512441213056514,10485760,327680,32,897,11681
1512441213130783,1512441213142380,10485760,327680,32,904,11597
1512441213216550,1512441213228171,10485760,327680,32,902,11621
1512441213302439,1512441213314095,10485760,327680,32,899,11656
1512441213388157,1512441213399746,10485760,327680,32,904,11589
1512441213474105,1512441213485753,10485760,327680,32,900,11648
1512441213559925,1512441213571505,10485760,327680,32,905,11580
1512441213646466,1512441213658101,10485760,327680,32,901,11635
1512441213732506,1512441213744138,10485760,327680,32,901,11632
1512441213818456,1512441213830076,10485760,327680,32,902,11620
1512441213904545,1512441213916125,10485760,327680,32,905,11580
1512441213990659,1512441214002300,10485760,327680,32,900,11641
1512441214076741,1512441214088324,10485760,327680,32,905,11583
1512441214162663,1512441214174263,10485760,327680,32,903,11600
1512441214248547,1512441214260180,10485760,327680,32,901,11633
1512441214334525,1512441214346160,10485760,327680,32,901,11635
1512441214420632,1512441214432255,10485760,327680,32,902,11623
1512441214506554,1512441214518165,10485760,327680,32,903,11611
1512441214592468,1512441214604119,10485760,327680,32,899,11651
1512441214678114,1512441214689766,10485760,327680,32,899,11652
1512441214763824,1512441214775448,10485760,327680,32,902,11624
1512441214849579,1512441214861185,10485760,327680,32,903,11606
1512441214935490,1512441214947090,10485760,327680,32,903,11600
1512441215021298,1512441215032877,10485760,327680,32,905,11579
1512441215107098,1512441215118642,10485760,327680,32,908,11544
1512441215192712,1512441215204300,10485760,327680,32,904,11588
