1512596989999039,1512596989999042,1024,128,8,341,3
1512596990004111,1512596990004112,1024,128,8,1024,1
1512596990009047,1512596990009048,1024,128,8,1024,1
1512596990013879,1512596990013880,1024,128,8,1024,1
1512596990018394,1512596990018395,1024,128,8,1024,1
1512596990022710,1512596990022711,1024,128,8,1024,1
1512596990026842,1512596990026843,1024,128,8,1024,1
1512596990030830,1512596990030831,1024,128,8,1024,1
1512596990034790,1512596990034791,1024,128,8,1024,1
1512596990038744,1512596990038745,1024,128,8,1024,1
1512596990042681,1512596990042682,1024,128,8,1024,1
1512596990046617,1512596990046618,1024,128,8,1024,1
1512596990050585,1512596990050586,1024,128,8,1024,1
1512596990054563,1512596990054564,1024,128,8,1024,1
1512596990058544,1512596990058545,1024,128,8,1024,1
1512596990062514,1512596990062515,1024,128,8,1024,1
1512596990066469,1512596990066470,1024,128,8,1024,1
1512596990070421,1512596990070422,1024,128,8,1024,1
1512596990074405,1512596990074406,1024,128,8,1024,1
1512596990078368,1512596990078369,1024,128,8,1024,1
1512596990082329,1512596990082330,1024,128,8,1024,1
1512596990086287,1512596990086288,1024,128,8,1024,1
1512596990090191,1512596990090192,1024,128,8,1024,1
1512596990094050,1512596990094051,1024,128,8,1024,1
1512596990097878,1512596990097879,1024,128,8,1024,1
1512596990101705,1512596990101706,1024,128,8,1024,1
1512596990105556,1512596990105557,1024,128,8,1024,1
1512596990109392,1512596990109393,1024,128,8,1024,1
1512596990113263,1512596990113264,1024,128,8,1024,1
1512596990117123,1512596990117124,1024,128,8,1024,1
1512596990120982,1512596990120983,1024,128,8,1024,1
1512596990124847,1512596990124848,1024,128,8,1024,1
