1512514343401342,1512514343403637,1048576,32768,32,456,2295
1512514343417234,1512514343419239,1048576,32768,32,522,2005
1512514343430926,1512514343432804,1048576,32768,32,558,1878
1512514343444254,1512514343446142,1048576,32768,32,555,1888
1512514343457577,1512514343459465,1048576,32768,32,555,1888
1512514343470978,1512514343472868,1048576,32768,32,554,1890
1512514343484276,1512514343486162,1048576,32768,32,555,1886
1512514343497320,1512514343498888,1048576,32768,32,668,1568
1512514343509998,1512514343511574,1048576,32768,32,665,1576
1512514343522679,1512514343524246,1048576,32768,32,669,1567
1512514343535335,1512514343536907,1048576,32768,32,667,1572
1512514343548038,1512514343549613,1048576,32768,32,665,1575
1512514343560696,1512514343562266,1048576,32768,32,667,1570
1512514343573313,1512514343574887,1048576,32768,32,666,1574
1512514343586001,1512514343587572,1048576,32768,32,667,1571
1512514343598744,1512514343600301,1048576,32768,32,673,1557
1512514343611359,1512514343612935,1048576,32768,32,665,1576
1512514343624060,1512514343625633,1048576,32768,32,666,1573
1512514343636767,1512514343638335,1048576,32768,32,668,1568
1512514343649461,1512514343651029,1048576,32768,32,668,1568
1512514343662220,1512514343663789,1048576,32768,32,668,1569
1512514343674833,1512514343676400,1048576,32768,32,669,1567
1512514343687518,1512514343689088,1048576,32768,32,667,1570
1512514343700178,1512514343701750,1048576,32768,32,667,1572
1512514343712780,1512514343714351,1048576,32768,32,667,1571
1512514343725471,1512514343727042,1048576,32768,32,667,1571
1512514343738155,1512514343739730,1048576,32768,32,665,1575
1512514343750875,1512514343752449,1048576,32768,32,666,1574
1512514343763618,1512514343765188,1048576,32768,32,667,1570
1512514343776240,1512514343777817,1048576,32768,32,664,1577
1512514343788948,1512514343790518,1048576,32768,32,667,1570
1512514343801570,1512514343803138,1048576,32768,32,668,1568
1512514343814238,1512514343815812,1048576,32768,32,666,1574
1512514343826856,1512514343828429,1048576,32768,32,666,1573
1512514343839536,1512514343841104,1048576,32768,32,668,1568
1512514343852265,1512514343853836,1048576,32768,32,667,1571
1512514343864926,1512514343866498,1048576,32768,32,667,1572
1512514343877561,1512514343879134,1048576,32768,32,666,1573
1512514343890251,1512514343891823,1048576,32768,32,667,1572
1512514343902930,1512514343904504,1048576,32768,32,666,1574
1512514343915642,1512514343917207,1048576,32768,32,670,1565
1512514343928274,1512514343929843,1048576,32768,32,668,1569
1512514343940952,1512514343942524,1048576,32768,32,667,1572
1512514343953633,1512514343955211,1048576,32768,32,664,1578
1512514343966305,1512514343967875,1048576,32768,32,667,1570
1512514343978986,1512514343980555,1048576,32768,32,668,1569
1512514343991632,1512514343993205,1048576,32768,32,666,1573
1512514344004295,1512514344005868,1048576,32768,32,666,1573
1512514344016907,1512514344018481,1048576,32768,32,666,1574
1512514344029548,1512514344031113,1048576,32768,32,670,1565
1512514344042159,1512514344043731,1048576,32768,32,667,1572
1512514344054879,1512514344056447,1048576,32768,32,668,1568
1512514344067545,1512514344069113,1048576,32768,32,668,1568
1512514344080236,1512514344081814,1048576,32768,32,664,1578
1512514344092919,1512514344094484,1048576,32768,32,670,1565
1512514344105572,1512514344107144,1048576,32768,32,667,1572
1512514344118190,1512514344119762,1048576,32768,32,667,1572
1512514344130899,1512514344132475,1048576,32768,32,665,1576
1512514344143609,1512514344145173,1048576,32768,32,670,1564
1512514344156263,1512514344157835,1048576,32768,32,667,1572
1512514344168880,1512514344170449,1048576,32768,32,668,1569
1512514344181545,1512514344183116,1048576,32768,32,667,1571
1512514344194174,1512514344195746,1048576,32768,32,667,1572
1512514344206852,1512514344208422,1048576,32768,32,667,1570
1512514344219462,1512514344221036,1048576,32768,32,666,1574
1512514344232147,1512514344233719,1048576,32768,32,667,1572
1512514344244875,1512514344246449,1048576,32768,32,666,1574
1512514344257620,1512514344259185,1048576,32768,32,670,1565
1512514344270260,1512514344271829,1048576,32768,32,668,1569
1512514344282914,1512514344284484,1048576,32768,32,667,1570
1512514344295605,1512514344297180,1048576,32768,32,665,1575
1512514344308262,1512514344309836,1048576,32768,32,666,1574
1512514344320913,1512514344322481,1048576,32768,32,668,1568
1512514344333559,1512514344335125,1048576,32768,32,669,1566
1512514344346226,1512514344347798,1048576,32768,32,667,1572
1512514344358951,1512514344360520,1048576,32768,32,668,1569
1512514344371632,1512514344373187,1048576,32768,32,674,1555
1512514344384299,1512514344385873,1048576,32768,32,666,1574
1512514344396982,1512514344398553,1048576,32768,32,667,1571
1512514344409702,1512514344411271,1048576,32768,32,668,1569
1512514344422385,1512514344423958,1048576,32768,32,666,1573
1512514344435026,1512514344436594,1048576,32768,32,668,1568
1512514344447714,1512514344449291,1048576,32768,32,664,1577
1512514344460412,1512514344461977,1048576,32768,32,670,1565
1512514344473121,1512514344474693,1048576,32768,32,667,1572
1512514344485760,1512514344487330,1048576,32768,32,667,1570
1512514344498444,1512514344500020,1048576,32768,32,665,1576
1512514344511106,1512514344512686,1048576,32768,32,663,1580
1512514344523780,1512514344525352,1048576,32768,32,667,1572
1512514344536493,1512514344538063,1048576,32768,32,667,1570
1512514344549175,1512514344550749,1048576,32768,32,666,1574
1512514344561869,1512514344563440,1048576,32768,32,667,1571
1512514344574519,1512514344576090,1048576,32768,32,667,1571
1512514344587266,1512514344588836,1048576,32768,32,667,1570
1512514344599915,1512514344601475,1048576,32768,32,672,1560
1512514344612509,1512514344614083,1048576,32768,32,666,1574
1512514344625167,1512514344626745,1048576,32768,32,664,1578
1512514344637842,1512514344639415,1048576,32768,32,666,1573
1512514344650475,1512514344652050,1048576,32768,32,665,1575
1512514344663123,1512514344664699,1048576,32768,32,665,1576
1512514344675730,1512514344677302,1048576,32768,32,667,1572
1512514344688321,1512514344689889,1048576,32768,32,668,1568
1512514344700937,1512514344702511,1048576,32768,32,666,1574
1512514344713571,1512514344715147,1048576,32768,32,665,1576
1512514344726226,1512514344727799,1048576,32768,32,666,1573
1512514344738858,1512514344740434,1048576,32768,32,665,1576
1512514344751483,1512514344753060,1048576,32768,32,664,1577
1512514344764118,1512514344765694,1048576,32768,32,665,1576
1512514344776767,1512514344778332,1048576,32768,32,670,1565
1512514344789381,1512514344790953,1048576,32768,32,667,1572
1512514344802041,1512514344803615,1048576,32768,32,666,1574
1512514344814707,1512514344816277,1048576,32768,32,667,1570
1512514344827332,1512514344828902,1048576,32768,32,667,1570
1512514344840041,1512514344841612,1048576,32768,32,667,1571
1512514344852708,1512514344854281,1048576,32768,32,666,1573
1512514344865368,1512514344866942,1048576,32768,32,666,1574
1512514344878065,1512514344879633,1048576,32768,32,668,1568
1512514344890742,1512514344892318,1048576,32768,32,665,1576
1512514344903393,1512514344904967,1048576,32768,32,666,1574
1512514344916068,1512514344917640,1048576,32768,32,667,1572
1512514344928783,1512514344930360,1048576,32768,32,664,1577
1512514344941431,1512514344943005,1048576,32768,32,666,1574
1512514344954116,1512514344955684,1048576,32768,32,668,1568
1512514344966741,1512514344968314,1048576,32768,32,666,1573
1512514344979387,1512514344980958,1048576,32768,32,667,1571
1512514344992044,1512514344993615,1048576,32768,32,667,1571
1512514345004626,1512514345006201,1048576,32768,32,665,1575
1512514345017267,1512514345018842,1048576,32768,32,665,1575
1512514345029984,1512514345031559,1048576,32768,32,665,1575
1512514345042694,1512514345044250,1048576,32768,32,673,1556
1512514345055347,1512514345056907,1048576,32768,32,672,1560
1512514345068028,1512514345069588,1048576,32768,32,672,1560
1512514345080662,1512514345082218,1048576,32768,32,673,1556
1512514345093287,1512514345094853,1048576,32768,32,669,1566
1512514345105883,1512514345107440,1048576,32768,32,673,1557
1512514345118600,1512514345120160,1048576,32768,32,672,1560
1512514345131271,1512514345132832,1048576,32768,32,671,1561
1512514345143985,1512514345145548,1048576,32768,32,670,1563
1512514345156683,1512514345158244,1048576,32768,32,671,1561
1512514345169447,1512514345171012,1048576,32768,32,670,1565
1512514345182068,1512514345183634,1048576,32768,32,669,1566
1512514345194753,1512514345196315,1048576,32768,32,671,1562
1512514345207395,1512514345208956,1048576,32768,32,671,1561
1512514345220060,1512514345221618,1048576,32768,32,673,1558
1512514345232748,1512514345234303,1048576,32768,32,674,1555
1512514345245340,1512514345246902,1048576,32768,32,671,1562
1512514345257982,1512514345259539,1048576,32768,32,673,1557
1512514345270622,1512514345272189,1048576,32768,32,669,1567
1512514345283353,1512514345284918,1048576,32768,32,670,1565
1512514345296050,1512514345297613,1048576,32768,32,670,1563
1512514345308751,1512514345310315,1048576,32768,32,670,1564
1512514345321481,1512514345323048,1048576,32768,32,669,1567
1512514345334124,1512514345335684,1048576,32768,32,672,1560
1512514345346764,1512514345348320,1048576,32768,32,673,1556
1512514345359376,1512514345360944,1048576,32768,32,668,1568
1512514345371971,1512514345373532,1048576,32768,32,671,1561
1512514345384626,1512514345386191,1048576,32768,32,670,1565
1512514345397311,1512514345398877,1048576,32768,32,669,1566
1512514345409957,1512514345411519,1048576,32768,32,671,1562
1512514345422569,1512514345424133,1048576,32768,32,670,1564
1512514345435250,1512514345436813,1048576,32768,32,670,1563
1512514345447987,1512514345449547,1048576,32768,32,672,1560
1512514345460652,1512514345462213,1048576,32768,32,671,1561
1512514345473345,1512514345474901,1048576,32768,32,673,1556
1512514345485942,1512514345487501,1048576,32768,32,672,1559
1512514345498601,1512514345500165,1048576,32768,32,670,1564
1512514345511262,1512514345512820,1048576,32768,32,673,1558
1512514345523894,1512514345525455,1048576,32768,32,671,1561
1512514345536533,1512514345538088,1048576,32768,32,674,1555
1512514345549168,1512514345550733,1048576,32768,32,670,1565
1512514345561854,1512514345563416,1048576,32768,32,671,1562
1512514345574534,1512514345576097,1048576,32768,32,670,1563
1512514345587187,1512514345588747,1048576,32768,32,672,1560
1512514345599947,1512514345601508,1048576,32768,32,671,1561
1512514345612635,1512514345614200,1048576,32768,32,670,1565
1512514345625325,1512514345626887,1048576,32768,32,671,1562
1512514345637924,1512514345639488,1048576,32768,32,670,1564
1512514345650564,1512514345652129,1048576,32768,32,670,1565
1512514345663241,1512514345664808,1048576,32768,32,669,1567
1512514345675930,1512514345677493,1048576,32768,32,670,1563
1512514345688582,1512514345690143,1048576,32768,32,671,1561
1512514345701215,1512514345702780,1048576,32768,32,670,1565
1512514345713884,1512514345715443,1048576,32768,32,672,1559
1512514345726559,1512514345728120,1048576,32768,32,671,1561
1512514345739197,1512514345740759,1048576,32768,32,671,1562
1512514345751975,1512514345753536,1048576,32768,32,671,1561
1512514345764651,1512514345766210,1048576,32768,32,672,1559
1512514345777317,1512514345778883,1048576,32768,32,669,1566
1512514345789970,1512514345791536,1048576,32768,32,669,1566
1512514345802742,1512514345804302,1048576,32768,32,672,1560
1512514345815449,1512514345817015,1048576,32768,32,669,1566
1512514345828104,1512514345829670,1048576,32768,32,669,1566
1512514345840754,1512514345842317,1048576,32768,32,670,1563
1512514345853440,1512514345855002,1048576,32768,32,671,1562
1512514345866095,1512514345867658,1048576,32768,32,670,1563
1512514345878699,1512514345880264,1048576,32768,32,670,1565
1512514345891363,1512514345892923,1048576,32768,32,672,1560
1512514345903977,1512514345905538,1048576,32768,32,671,1561
1512514345916635,1512514345918198,1048576,32768,32,670,1563
1512514345929307,1512514345930864,1048576,32768,32,673,1557
1512514345941988,1512514345943545,1048576,32768,32,673,1557
1512514345954684,1512514345956240,1048576,32768,32,673,1556
1512514345967376,1512514345968939,1048576,32768,32,670,1563
1512514345980039,1512514345981594,1048576,32768,32,674,1555
1512514345992679,1512514345994241,1048576,32768,32,671,1562
1512514346005313,1512514346006876,1048576,32768,32,670,1563
1512514346017957,1512514346019522,1048576,32768,32,670,1565
1512514346030618,1512514346032181,1048576,32768,32,670,1563
1512514346043252,1512514346044814,1048576,32768,32,671,1562
1512514346055932,1512514346057497,1048576,32768,32,670,1565
1512514346068596,1512514346070149,1048576,32768,32,675,1553
1512514346081245,1512514346082807,1048576,32768,32,671,1562
1512514346093818,1512514346095380,1048576,32768,32,671,1562
1512514346106512,1512514346108073,1048576,32768,32,671,1561
1512514346119214,1512514346120764,1048576,32768,32,676,1550
1512514346131932,1512514346133492,1048576,32768,32,672,1560
1512514346144627,1512514346146192,1048576,32768,32,670,1565
1512514346157306,1512514346158868,1048576,32768,32,671,1562
1512514346169997,1512514346171560,1048576,32768,32,670,1563
1512514346182639,1512514346184202,1048576,32768,32,670,1563
1512514346195329,1512514346196889,1048576,32768,32,672,1560
1512514346207974,1512514346209534,1048576,32768,32,672,1560
1512514346220573,1512514346222136,1048576,32768,32,670,1563
1512514346233361,1512514346234925,1048576,32768,32,670,1564
1512514346246060,1512514346247621,1048576,32768,32,671,1561
1512514346258651,1512514346260210,1048576,32768,32,672,1559
1512514346271238,1512514346272798,1048576,32768,32,672,1560
1512514346283886,1512514346285445,1048576,32768,32,672,1559
1512514346296554,1512514346298115,1048576,32768,32,671,1561
1512514346309232,1512514346310793,1048576,32768,32,671,1561
1512514346321913,1512514346323470,1048576,32768,32,673,1557
1512514346334596,1512514346336158,1048576,32768,32,671,1562
1512514346347247,1512514346348806,1048576,32768,32,672,1559
1512514346359974,1512514346361539,1048576,32768,32,670,1565
1512514346372669,1512514346374221,1048576,32768,32,675,1552
1512514346385336,1512514346386899,1048576,32768,32,670,1563
1512514346398044,1512514346399602,1048576,32768,32,673,1558
1512514346410664,1512514346412224,1048576,32768,32,672,1560
1512514346423315,1512514346424878,1048576,32768,32,670,1563
1512514346436002,1512514346437556,1048576,32768,32,674,1554
1512514346448610,1512514346450171,1048576,32768,32,671,1561
1512514346461275,1512514346462831,1048576,32768,32,673,1556
1512514346473923,1512514346475482,1048576,32768,32,672,1559
1512514346486587,1512514346488143,1048576,32768,32,673,1556
1512514346499236,1512514346500795,1048576,32768,32,672,1559
1512514346511918,1512514346513479,1048576,32768,32,671,1561
1512514346524568,1512514346526131,1048576,32768,32,670,1563
1512514346537229,1512514346538793,1048576,32768,32,670,1564
1512514346549879,1512514346551442,1048576,32768,32,670,1563
1512514346562537,1512514346564091,1048576,32768,32,674,1554
1512514346575185,1512514346576742,1048576,32768,32,673,1557
1512514346587821,1512514346589383,1048576,32768,32,671,1562
1512514346600459,1512514346602025,1048576,32768,32,669,1566
1512514346613069,1512514346614617,1048576,32768,32,677,1548
1512514346625817,1512514346627372,1048576,32768,32,674,1555
1512514346638529,1512514346640088,1048576,32768,32,672,1559
1512514346651187,1512514346652749,1048576,32768,32,671,1562
1512514346663880,1512514346665456,1048576,32768,32,665,1576
1512514346676531,1512514346678115,1048576,32768,32,661,1584
1512514346689243,1512514346690824,1048576,32768,32,663,1581
1512514346701921,1512514346703505,1048576,32768,32,661,1584
1512514346714582,1512514346716159,1048576,32768,32,664,1577
1512514346727309,1512514346728895,1048576,32768,32,661,1586
1512514346739973,1512514346741553,1048576,32768,32,663,1580
1512514346752638,1512514346754221,1048576,32768,32,662,1583
1512514346765358,1512514346766941,1048576,32768,32,662,1583
1512514346778032,1512514346779612,1048576,32768,32,663,1580
1512514346790666,1512514346792243,1048576,32768,32,664,1577
1512514346803288,1512514346804870,1048576,32768,32,662,1582
1512514346815917,1512514346817500,1048576,32768,32,662,1583
1512514346828615,1512514346830199,1048576,32768,32,661,1584
1512514346841300,1512514346842885,1048576,32768,32,661,1585
1512514346853954,1512514346855540,1048576,32768,32,661,1586
1512514346866550,1512514346868137,1048576,32768,32,660,1587
1512514346879285,1512514346880871,1048576,32768,32,661,1586
1512514346891943,1512514346893526,1048576,32768,32,662,1583
1512514346904604,1512514346906191,1048576,32768,32,660,1587
1512514346917339,1512514346918925,1048576,32768,32,661,1586
1512514346930056,1512514346931639,1048576,32768,32,662,1583
1512514346942745,1512514346944330,1048576,32768,32,661,1585
1512514346955424,1512514346957010,1048576,32768,32,661,1586
1512514346968141,1512514346969719,1048576,32768,32,664,1578
1512514346980855,1512514346982438,1048576,32768,32,662,1583
1512514346993562,1512514346995150,1048576,32768,32,660,1588
1512514347006214,1512514347007801,1048576,32768,32,660,1587
1512514347018904,1512514347020485,1048576,32768,32,663,1581
1512514347031639,1512514347033226,1048576,32768,32,660,1587
1512514347044307,1512514347045889,1048576,32768,32,662,1582
1512514347056976,1512514347058563,1048576,32768,32,660,1587
1512514347069631,1512514347071211,1048576,32768,32,663,1580
1512514347082311,1512514347083900,1048576,32768,32,659,1589
1512514347095066,1512514347096647,1048576,32768,32,663,1581
1512514347107804,1512514347109391,1048576,32768,32,660,1587
1512514347120494,1512514347122073,1048576,32768,32,664,1579
1512514347133211,1512514347134795,1048576,32768,32,661,1584
1512514347145906,1512514347147489,1048576,32768,32,662,1583
1512514347158539,1512514347160123,1048576,32768,32,661,1584
1512514347171186,1512514347172771,1048576,32768,32,661,1585
1512514347183840,1512514347185425,1048576,32768,32,661,1585
1512514347196536,1512514347198119,1048576,32768,32,662,1583
1512514347209256,1512514347210844,1048576,32768,32,660,1588
1512514347221960,1512514347223545,1048576,32768,32,661,1585
1512514347234661,1512514347236243,1048576,32768,32,662,1582
1512514347247329,1512514347248912,1048576,32768,32,662,1583
1512514347259999,1512514347261580,1048576,32768,32,663,1581
1512514347272713,1512514347274297,1048576,32768,32,661,1584
1512514347285386,1512514347286970,1048576,32768,32,661,1584
1512514347298073,1512514347299650,1048576,32768,32,664,1577
1512514347310756,1512514347312339,1048576,32768,32,662,1583
1512514347323438,1512514347325024,1048576,32768,32,661,1586
1512514347336101,1512514347337685,1048576,32768,32,661,1584
1512514347348702,1512514347350291,1048576,32768,32,659,1589
1512514347361345,1512514347362925,1048576,32768,32,663,1580
1512514347374009,1512514347375592,1048576,32768,32,662,1583
1512514347386636,1512514347388219,1048576,32768,32,662,1583
1512514347399243,1512514347400822,1048576,32768,32,664,1579
1512514347411846,1512514347413433,1048576,32768,32,660,1587
1512514347424491,1512514347426074,1048576,32768,32,662,1583
1512514347437151,1512514347438735,1048576,32768,32,661,1584
1512514347449912,1512514347451497,1048576,32768,32,661,1585
1512514347462591,1512514347464175,1048576,32768,32,661,1584
1512514347475214,1512514347476804,1048576,32768,32,659,1590
1512514347488012,1512514347489590,1048576,32768,32,664,1578
1512514347500689,1512514347502266,1048576,32768,32,664,1577
1512514347513357,1512514347514943,1048576,32768,32,661,1586
1512514347526044,1512514347527626,1048576,32768,32,662,1582
1512514347538761,1512514347540344,1048576,32768,32,662,1583
1512514347551455,1512514347553038,1048576,32768,32,662,1583
1512514347564129,1512514347565704,1048576,32768,32,665,1575
1512514347576899,1512514347578479,1048576,32768,32,663,1580
1512514347589600,1512514347591177,1048576,32768,32,664,1577
1512514347602254,1512514347603842,1048576,32768,32,660,1588
1512514347614924,1512514347616510,1048576,32768,32,661,1586
1512514347627623,1512514347629207,1048576,32768,32,661,1584
1512514347640287,1512514347641868,1048576,32768,32,663,1581
1512514347653061,1512514347654647,1048576,32768,32,661,1586
1512514347665771,1512514347667354,1048576,32768,32,662,1583
1512514347678444,1512514347680025,1048576,32768,32,663,1581
1512514347691152,1512514347692732,1048576,32768,32,663,1580
1512514347703839,1512514347705424,1048576,32768,32,661,1585
1512514347716496,1512514347718084,1048576,32768,32,660,1588
1512514347729151,1512514347730736,1048576,32768,32,661,1585
1512514347741765,1512514347743349,1048576,32768,32,661,1584
1512514347754493,1512514347756077,1048576,32768,32,661,1584
1512514347767291,1512514347768873,1048576,32768,32,662,1582
1512514347780003,1512514347781577,1048576,32768,32,666,1574
1512514347792618,1512514347794198,1048576,32768,32,663,1580
1512514347805249,1512514347806830,1048576,32768,32,663,1581
1512514347817890,1512514347819467,1048576,32768,32,664,1577
1512514347830526,1512514347832110,1048576,32768,32,661,1584
1512514347843187,1512514347844769,1048576,32768,32,662,1582
1512514347855830,1512514347857410,1048576,32768,32,663,1580
1512514347868475,1512514347870058,1048576,32768,32,662,1583
1512514347881176,1512514347882759,1048576,32768,32,662,1583
1512514347893959,1512514347895536,1048576,32768,32,664,1577
1512514347906606,1512514347908185,1048576,32768,32,664,1579
1512514347919257,1512514347920839,1048576,32768,32,662,1582
1512514347931913,1512514347933497,1048576,32768,32,661,1584
1512514347944617,1512514347946201,1048576,32768,32,661,1584
1512514347957278,1512514347958861,1048576,32768,32,662,1583
1512514347970010,1512514347971590,1048576,32768,32,663,1580
1512514347982675,1512514347984255,1048576,32768,32,663,1580
1512514347995428,1512514347997012,1048576,32768,32,661,1584
1512514348008078,1512514348009661,1048576,32768,32,662,1583
1512514348020814,1512514348022401,1048576,32768,32,660,1587
1512514348033499,1512514348035079,1048576,32768,32,663,1580
1512514348046168,1512514348047752,1048576,32768,32,661,1584
1512514348058861,1512514348060440,1048576,32768,32,664,1579
1512514348071591,1512514348073174,1048576,32768,32,662,1583
1512514348084339,1512514348085921,1048576,32768,32,662,1582
1512514348097106,1512514348098682,1048576,32768,32,665,1576
1512514348109747,1512514348111334,1048576,32768,32,660,1587
1512514348122408,1512514348123988,1048576,32768,32,663,1580
1512514348135043,1512514348136627,1048576,32768,32,661,1584
1512514348147705,1512514348149287,1048576,32768,32,662,1582
1512514348160367,1512514348161952,1048576,32768,32,661,1585
1512514348173049,1512514348174630,1048576,32768,32,663,1581
1512514348185694,1512514348187279,1048576,32768,32,661,1585
1512514348198381,1512514348199968,1048576,32768,32,660,1587
1512514348211065,1512514348212652,1048576,32768,32,660,1587
1512514348223721,1512514348225306,1048576,32768,32,661,1585
1512514348236371,1512514348237957,1048576,32768,32,661,1586
1512514348249050,1512514348250633,1048576,32768,32,662,1583
1512514348261788,1512514348263374,1048576,32768,32,661,1586
1512514348274421,1512514348276004,1048576,32768,32,662,1583
1512514348287132,1512514348288706,1048576,32768,32,666,1574
1512514348299798,1512514348301379,1048576,32768,32,663,1581
1512514348312475,1512514348314055,1048576,32768,32,663,1580
1512514348325219,1512514348326802,1048576,32768,32,662,1583
1512514348337923,1512514348339509,1048576,32768,32,661,1586
1512514348350602,1512514348352189,1048576,32768,32,660,1587
1512514348363233,1512514348364818,1048576,32768,32,661,1585
1512514348375952,1512514348377513,1048576,32768,32,671,1561
1512514348388671,1512514348390242,1048576,32768,32,667,1571
1512514348401435,1512514348403009,1048576,32768,32,666,1574
1512514348414113,1512514348415680,1048576,32768,32,669,1567
1512514348426846,1512514348428417,1048576,32768,32,667,1571
1512514348439483,1512514348441055,1048576,32768,32,667,1572
1512514348452119,1512514348453694,1048576,32768,32,665,1575
1512514348464741,1512514348466311,1048576,32768,32,667,1570
1512514348477440,1512514348479014,1048576,32768,32,666,1574
1512514348490120,1512514348491696,1048576,32768,32,665,1576
1512514348502850,1512514348504431,1048576,32768,32,663,1581
1512514348515537,1512514348517122,1048576,32768,32,661,1585
1512514348528143,1512514348529729,1048576,32768,32,661,1586
1512514348540877,1512514348542459,1048576,32768,32,662,1582
1512514348553559,1512514348555143,1048576,32768,32,661,1584
1512514348566277,1512514348567861,1048576,32768,32,661,1584
1512514348578986,1512514348580563,1048576,32768,32,664,1577
1512514348591645,1512514348593225,1048576,32768,32,663,1580
1512514348604262,1512514348605844,1048576,32768,32,662,1582
1512514348616981,1512514348618564,1048576,32768,32,662,1583
1512514348629672,1512514348631250,1048576,32768,32,664,1578
1512514348642344,1512514348643929,1048576,32768,32,661,1585
1512514348655031,1512514348656618,1048576,32768,32,660,1587
1512514348667697,1512514348669278,1048576,32768,32,663,1581
1512514348680358,1512514348681935,1048576,32768,32,664,1577
1512514348693083,1512514348694665,1048576,32768,32,662,1582
1512514348705781,1512514348707358,1048576,32768,32,664,1577
1512514348718458,1512514348720041,1048576,32768,32,662,1583
1512514348731091,1512514348732673,1048576,32768,32,662,1582
1512514348743811,1512514348745389,1048576,32768,32,664,1578
1512514348756497,1512514348758075,1048576,32768,32,664,1578
1512514348769178,1512514348770755,1048576,32768,32,664,1577
1512514348781880,1512514348783452,1048576,32768,32,667,1572
1512514348794523,1512514348796101,1048576,32768,32,664,1578
1512514348807185,1512514348808764,1048576,32768,32,664,1579
1512514348819879,1512514348821460,1048576,32768,32,663,1581
1512514348832551,1512514348834131,1048576,32768,32,663,1580
1512514348845222,1512514348846809,1048576,32768,32,660,1587
1512514348857948,1512514348859525,1048576,32768,32,664,1577
1512514348870592,1512514348872180,1048576,32768,32,660,1588
1512514348883229,1512514348884816,1048576,32768,32,660,1587
1512514348895925,1512514348897510,1048576,32768,32,661,1585
1512514348908592,1512514348910174,1048576,32768,32,662,1582
1512514348921298,1512514348922885,1048576,32768,32,660,1587
1512514348933963,1512514348935547,1048576,32768,32,661,1584
1512514348946684,1512514348948255,1048576,32768,32,667,1571
1512514348959337,1512514348960916,1048576,32768,32,664,1579
1512514348972076,1512514348973658,1048576,32768,32,662,1582
1512514348984755,1512514348986336,1048576,32768,32,663,1581
1512514348997387,1512514348998964,1048576,32768,32,664,1577
1512514349010090,1512514349011676,1048576,32768,32,661,1586
1512514349022766,1512514349024348,1048576,32768,32,662,1582
1512514349035487,1512514349037073,1048576,32768,32,661,1586
1512514349048113,1512514349049691,1048576,32768,32,664,1578
1512514349060854,1512514349062436,1048576,32768,32,662,1582
1512514349073566,1512514349075148,1048576,32768,32,662,1582
1512514349086248,1512514349087830,1048576,32768,32,662,1582
1512514349098923,1512514349100499,1048576,32768,32,665,1576
1512514349111600,1512514349113180,1048576,32768,32,663,1580
1512514349124332,1512514349125912,1048576,32768,32,663,1580
1512514349137007,1512514349138596,1048576,32768,32,659,1589
1512514349149752,1512514349151332,1048576,32768,32,663,1580
1512514349162473,1512514349164059,1048576,32768,32,661,1586
1512514349175171,1512514349176754,1048576,32768,32,662,1583
1512514349187820,1512514349189403,1048576,32768,32,662,1583
1512514349200497,1512514349202077,1048576,32768,32,663,1580
1512514349213178,1512514349214764,1048576,32768,32,661,1586
1512514349225832,1512514349227412,1048576,32768,32,663,1580
1512514349238506,1512514349240087,1048576,32768,32,663,1581
1512514349251195,1512514349252775,1048576,32768,32,663,1580
1512514349263904,1512514349265480,1048576,32768,32,665,1576
1512514349276531,1512514349278109,1048576,32768,32,664,1578
1512514349289192,1512514349290770,1048576,32768,32,664,1578
1512514349301853,1512514349303433,1048576,32768,32,663,1580
1512514349314512,1512514349316095,1048576,32768,32,662,1583
1512514349327205,1512514349328789,1048576,32768,32,661,1584
1512514349339852,1512514349341435,1048576,32768,32,662,1583
1512514349352510,1512514349354094,1048576,32768,32,661,1584
1512514349365190,1512514349366771,1048576,32768,32,663,1581
1512514349377825,1512514349379404,1048576,32768,32,664,1579
1512514349390538,1512514349392118,1048576,32768,32,663,1580
1512514349403165,1512514349404750,1048576,32768,32,661,1585
1512514349415774,1512514349417359,1048576,32768,32,661,1585
1512514349428420,1512514349430004,1048576,32768,32,661,1584
1512514349441085,1512514349442666,1048576,32768,32,663,1581
1512514349453737,1512514349455322,1048576,32768,32,661,1585
1512514349466366,1512514349467950,1048576,32768,32,661,1584
1512514349479138,1512514349480723,1048576,32768,32,661,1585
1512514349491805,1512514349493389,1048576,32768,32,661,1584
1512514349504454,1512514349506039,1048576,32768,32,661,1585
1512514349517086,1512514349518667,1048576,32768,32,663,1581
1512514349529788,1512514349531374,1048576,32768,32,661,1586
1512514349542436,1512514349544025,1048576,32768,32,659,1589
1512514349555181,1512514349556763,1048576,32768,32,662,1582
1512514349567906,1512514349569490,1048576,32768,32,661,1584
1512514349580629,1512514349582217,1048576,32768,32,660,1588
1512514349593382,1512514349594964,1048576,32768,32,662,1582
1512514349606040,1512514349607621,1048576,32768,32,663,1581
1512514349618792,1512514349620376,1048576,32768,32,661,1584
1512514349631492,1512514349633100,1048576,32768,32,652,1608
1512514349644289,1512514349645863,1048576,32768,32,666,1574
1512514349657004,1512514349658592,1048576,32768,32,660,1588
1512514349669667,1512514349671246,1048576,32768,32,664,1579
1512514349682382,1512514349683962,1048576,32768,32,663,1580
1512514349695063,1512514349696636,1048576,32768,32,666,1573
1512514349707765,1512514349709347,1048576,32768,32,662,1582
1512514349720436,1512514349722019,1048576,32768,32,662,1583
1512514349733096,1512514349734683,1048576,32768,32,660,1587
1512514349745736,1512514349747319,1048576,32768,32,662,1583
1512514349758393,1512514349759979,1048576,32768,32,661,1586
1512514349771056,1512514349772639,1048576,32768,32,662,1583
1512514349783688,1512514349785270,1048576,32768,32,662,1582
1512514349796325,1512514349797909,1048576,32768,32,661,1584
1512514349808942,1512514349810523,1048576,32768,32,663,1581
1512514349821568,1512514349823149,1048576,32768,32,663,1581
1512514349834212,1512514349835793,1048576,32768,32,663,1581
1512514349846903,1512514349848483,1048576,32768,32,663,1580
1512514349859537,1512514349861118,1048576,32768,32,663,1581
1512514349872193,1512514349873782,1048576,32768,32,659,1589
1512514349884873,1512514349886454,1048576,32768,32,663,1581
1512514349897510,1512514349899095,1048576,32768,32,661,1585
1512514349910173,1512514349911742,1048576,32768,32,668,1569
1512514349922871,1512514349924443,1048576,32768,32,667,1572
1512514349935499,1512514349937076,1048576,32768,32,664,1577
1512514349948221,1512514349949794,1048576,32768,32,666,1573
1512514349960849,1512514349962425,1048576,32768,32,665,1576
1512514349973537,1512514349975105,1048576,32768,32,668,1568
1512514349986300,1512514349987869,1048576,32768,32,668,1569
1512514349998958,1512514350000529,1048576,32768,32,667,1571
1512514350011613,1512514350013186,1048576,32768,32,666,1573
1512514350024284,1512514350025856,1048576,32768,32,667,1572
1512514350036903,1512514350038475,1048576,32768,32,667,1572
1512514350049569,1512514350051143,1048576,32768,32,666,1574
1512514350062246,1512514350063814,1048576,32768,32,668,1568
1512514350074975,1512514350076542,1048576,32768,32,669,1567
1512514350087612,1512514350089184,1048576,32768,32,667,1572
1512514350100404,1512514350101975,1048576,32768,32,667,1571
1512514350113091,1512514350114663,1048576,32768,32,667,1572
1512514350125835,1512514350127409,1048576,32768,32,666,1574
1512514350138509,1512514350140081,1048576,32768,32,667,1572
1512514350151200,1512514350152772,1048576,32768,32,667,1572
1512514350163898,1512514350165471,1048576,32768,32,666,1573
1512514350176591,1512514350178158,1048576,32768,32,669,1567
1512514350189270,1512514350190838,1048576,32768,32,668,1568
1512514350201920,1512514350203486,1048576,32768,32,669,1566
1512514350214701,1512514350216274,1048576,32768,32,666,1573
1512514350227337,1512514350228908,1048576,32768,32,667,1571
1512514350240027,1512514350241588,1048576,32768,32,671,1561
1512514350252652,1512514350254223,1048576,32768,32,667,1571
1512514350265342,1512514350266916,1048576,32768,32,666,1574
1512514350277941,1512514350279512,1048576,32768,32,667,1571
1512514350290587,1512514350292157,1048576,32768,32,667,1570
1512514350303238,1512514350304811,1048576,32768,32,666,1573
1512514350315960,1512514350317532,1048576,32768,32,667,1572
1512514350328595,1512514350330172,1048576,32768,32,664,1577
1512514350341256,1512514350342827,1048576,32768,32,667,1571
1512514350353856,1512514350355427,1048576,32768,32,667,1571
1512514350366534,1512514350368103,1048576,32768,32,668,1569
1512514350379196,1512514350380765,1048576,32768,32,668,1569
1512514350391873,1512514350393446,1048576,32768,32,666,1573
1512514350404558,1512514350406133,1048576,32768,32,665,1575
1512514350417231,1512514350418805,1048576,32768,32,666,1574
1512514350429910,1512514350431480,1048576,32768,32,667,1570
1512514350442659,1512514350444229,1048576,32768,32,667,1570
1512514350455332,1512514350456904,1048576,32768,32,667,1572
1512514350467964,1512514350469532,1048576,32768,32,668,1568
1512514350480571,1512514350482146,1048576,32768,32,665,1575
1512514350493200,1512514350494769,1048576,32768,32,668,1569
1512514350505807,1512514350507382,1048576,32768,32,665,1575
1512514350518457,1512514350520027,1048576,32768,32,667,1570
1512514350531305,1512514350532881,1048576,32768,32,665,1576
1512514350544001,1512514350545575,1048576,32768,32,666,1574
1512514350556707,1512514350558278,1048576,32768,32,667,1571
1512514350569379,1512514350570952,1048576,32768,32,666,1573
1512514350581999,1512514350583576,1048576,32768,32,664,1577
1512514350594675,1512514350596240,1048576,32768,32,670,1565
1512514350607348,1512514350608923,1048576,32768,32,665,1575
1512514350620092,1512514350621668,1048576,32768,32,665,1576
1512514350632719,1512514350634294,1048576,32768,32,665,1575
1512514350645364,1512514350646941,1048576,32768,32,664,1577
1512514350658161,1512514350659721,1048576,32768,32,672,1560
1512514350670844,1512514350672415,1048576,32768,32,667,1571
1512514350683515,1512514350685088,1048576,32768,32,666,1573
1512514350696180,1512514350697758,1048576,32768,32,664,1578
1512514350708857,1512514350710425,1048576,32768,32,668,1568
1512514350721532,1512514350723102,1048576,32768,32,667,1570
1512514350734155,1512514350735722,1048576,32768,32,669,1567
1512514350746799,1512514350748369,1048576,32768,32,667,1570
1512514350759456,1512514350761030,1048576,32768,32,666,1574
1512514350772147,1512514350773716,1048576,32768,32,668,1569
1512514350784802,1512514350786367,1048576,32768,32,670,1565
1512514350797524,1512514350799097,1048576,32768,32,666,1573
1512514350810191,1512514350811762,1048576,32768,32,667,1571
1512514350822840,1512514350824412,1048576,32768,32,667,1572
1512514350835444,1512514350837013,1048576,32768,32,668,1569
1512514350848104,1512514350849676,1048576,32768,32,667,1572
1512514350860710,1512514350862281,1048576,32768,32,667,1571
1512514350873366,1512514350874937,1048576,32768,32,667,1571
1512514350886029,1512514350887598,1048576,32768,32,668,1569
1512514350898690,1512514350900256,1048576,32768,32,669,1566
1512514350911370,1512514350912941,1048576,32768,32,667,1571
1512514350924035,1512514350925604,1048576,32768,32,668,1569
1512514350936726,1512514350938297,1048576,32768,32,667,1571
1512514350949446,1512514350951020,1048576,32768,32,666,1574
1512514350962115,1512514350963685,1048576,32768,32,667,1570
1512514350974731,1512514350976296,1048576,32768,32,670,1565
1512514350987391,1512514350988963,1048576,32768,32,667,1572
1512514351000054,1512514351001621,1048576,32768,32,669,1567
1512514351012767,1512514351014339,1048576,32768,32,667,1572
1512514351025446,1512514351027021,1048576,32768,32,665,1575
1512514351038121,1512514351039687,1048576,32768,32,669,1566
1512514351050797,1512514351052368,1048576,32768,32,667,1571
1512514351063462,1512514351065035,1048576,32768,32,666,1573
1512514351076213,1512514351077787,1048576,32768,32,666,1574
1512514351088837,1512514351090405,1048576,32768,32,668,1568
1512514351101532,1512514351103110,1048576,32768,32,664,1578
1512514351114171,1512514351115742,1048576,32768,32,667,1571
1512514351126856,1512514351128424,1048576,32768,32,668,1568
1512514351139493,1512514351141059,1048576,32768,32,669,1566
1512514351152200,1512514351153770,1048576,32768,32,667,1570
1512514351164893,1512514351166463,1048576,32768,32,667,1570
1512514351177581,1512514351179158,1048576,32768,32,664,1577
1512514351190257,1512514351191831,1048576,32768,32,666,1574
1512514351202918,1512514351204492,1048576,32768,32,666,1574
1512514351215570,1512514351217142,1048576,32768,32,667,1572
1512514351228211,1512514351229785,1048576,32768,32,666,1574
1512514351240855,1512514351242430,1048576,32768,32,665,1575
1512514351253554,1512514351255125,1048576,32768,32,667,1571
1512514351266197,1512514351267773,1048576,32768,32,665,1576
1512514351278841,1512514351280421,1048576,32768,32,663,1580
1512514351291519,1512514351293097,1048576,32768,32,664,1578
1512514351304205,1512514351305773,1048576,32768,32,668,1568
1512514351316810,1512514351318379,1048576,32768,32,668,1569
1512514351329423,1512514351330996,1048576,32768,32,666,1573
1512514351342108,1512514351343683,1048576,32768,32,665,1575
1512514351354711,1512514351356285,1048576,32768,32,666,1574
1512514351367402,1512514351368976,1048576,32768,32,666,1574
1512514351380128,1512514351381703,1048576,32768,32,665,1575
1512514351392794,1512514351394371,1048576,32768,32,664,1577
1512514351405518,1512514351407095,1048576,32768,32,664,1577
1512514351418218,1512514351419787,1048576,32768,32,668,1569
1512514351430906,1512514351432476,1048576,32768,32,667,1570
1512514351443592,1512514351445167,1048576,32768,32,665,1575
1512514351456288,1512514351457863,1048576,32768,32,665,1575
1512514351468930,1512514351470500,1048576,32768,32,667,1570
1512514351481611,1512514351483181,1048576,32768,32,667,1570
1512514351494252,1512514351495821,1048576,32768,32,668,1569
1512514351506958,1512514351508530,1048576,32768,32,667,1572
1512514351519606,1512514351521180,1048576,32768,32,666,1574
1512514351532215,1512514351533791,1048576,32768,32,665,1576
1512514351544826,1512514351546397,1048576,32768,32,667,1571
1512514351557497,1512514351559070,1048576,32768,32,666,1573
1512514351570219,1512514351571794,1048576,32768,32,665,1575
1512514351582836,1512514351584411,1048576,32768,32,665,1575
1512514351595525,1512514351597085,1048576,32768,32,672,1560
1512514351608251,1512514351609825,1048576,32768,32,666,1574
1512514351620911,1512514351622485,1048576,32768,32,666,1574
1512514351633526,1512514351635098,1048576,32768,32,667,1572
1512514351646136,1512514351647705,1048576,32768,32,668,1569
1512514351658766,1512514351660337,1048576,32768,32,667,1571
1512514351671440,1512514351673013,1048576,32768,32,666,1573
1512514351684087,1512514351685656,1048576,32768,32,668,1569
1512514351696710,1512514351698284,1048576,32768,32,666,1574
1512514351709376,1512514351710947,1048576,32768,32,667,1571
1512514351722035,1512514351723609,1048576,32768,32,666,1574
1512514351734795,1512514351736366,1048576,32768,32,667,1571
1512514351747463,1512514351749041,1048576,32768,32,664,1578
1512514351760226,1512514351761799,1048576,32768,32,666,1573
1512514351772961,1512514351774528,1048576,32768,32,669,1567
1512514351785644,1512514351787213,1048576,32768,32,668,1569
1512514351798318,1512514351799889,1048576,32768,32,667,1571
1512514351810962,1512514351812534,1048576,32768,32,667,1572
1512514351823641,1512514351825211,1048576,32768,32,667,1570
1512514351836305,1512514351837874,1048576,32768,32,668,1569
1512514351848965,1512514351850535,1048576,32768,32,667,1570
1512514351861664,1512514351863237,1048576,32768,32,666,1573
1512514351874431,1512514351876008,1048576,32768,32,664,1577
1512514351887086,1512514351888662,1048576,32768,32,665,1576
1512514351899708,1512514351901275,1048576,32768,32,669,1567
1512514351912371,1512514351913944,1048576,32768,32,666,1573
1512514351924990,1512514351926563,1048576,32768,32,666,1573
1512514351937670,1512514351939244,1048576,32768,32,666,1574
1512514351950310,1512514351951880,1048576,32768,32,667,1570
1512514351962970,1512514351964539,1048576,32768,32,668,1569
1512514351975676,1512514351977251,1048576,32768,32,665,1575
1512514351988328,1512514351989900,1048576,32768,32,667,1572
1512514352001034,1512514352002600,1048576,32768,32,669,1566
1512514352013718,1512514352015292,1048576,32768,32,666,1574
1512514352026536,1512514352028116,1048576,32768,32,663,1580
1512514352039255,1512514352040829,1048576,32768,32,666,1574
1512514352051914,1512514352053483,1048576,32768,32,668,1569
1512514352064623,1512514352066200,1048576,32768,32,664,1577
1512514352077265,1512514352078846,1048576,32768,32,663,1581
1512514352090030,1512514352091597,1048576,32768,32,669,1567
1512514352102776,1512514352104352,1048576,32768,32,665,1576
1512514352115499,1512514352117078,1048576,32768,32,664,1579
1512514352128171,1512514352129737,1048576,32768,32,669,1566
1512514352140865,1512514352142438,1048576,32768,32,666,1573
1512514352153565,1512514352155139,1048576,32768,32,666,1574
1512514352166272,1512514352167848,1048576,32768,32,665,1576
1512514352179007,1512514352180578,1048576,32768,32,667,1571
1512514352191698,1512514352193276,1048576,32768,32,664,1578
1512514352204343,1512514352205912,1048576,32768,32,668,1569
1512514352216973,1512514352218540,1048576,32768,32,669,1567
1512514352229721,1512514352231288,1048576,32768,32,669,1567
1512514352242346,1512514352243917,1048576,32768,32,667,1571
1512514352254969,1512514352256540,1048576,32768,32,667,1571
1512514352267629,1512514352269203,1048576,32768,32,666,1574
1512514352280310,1512514352281884,1048576,32768,32,666,1574
1512514352293035,1512514352294610,1048576,32768,32,665,1575
1512514352305721,1512514352307291,1048576,32768,32,667,1570
1512514352318333,1512514352319904,1048576,32768,32,667,1571
1512514352330962,1512514352332533,1048576,32768,32,667,1571
1512514352343572,1512514352345142,1048576,32768,32,667,1570
1512514352356196,1512514352357767,1048576,32768,32,667,1571
1512514352368826,1512514352370399,1048576,32768,32,666,1573
1512514352381559,1512514352383129,1048576,32768,32,667,1570
1512514352394213,1512514352395781,1048576,32768,32,668,1568
1512514352406905,1512514352408469,1048576,32768,32,670,1564
1512514352419620,1512514352421187,1048576,32768,32,669,1567
1512514352432280,1512514352433851,1048576,32768,32,667,1571
1512514352444946,1512514352446521,1048576,32768,32,665,1575
1512514352457574,1512514352459148,1048576,32768,32,666,1574
1512514352470215,1512514352471788,1048576,32768,32,666,1573
1512514352482909,1512514352484486,1048576,32768,32,664,1577
1512514352495596,1512514352497170,1048576,32768,32,666,1574
1512514352508267,1512514352509839,1048576,32768,32,667,1572
1512514352520924,1512514352522497,1048576,32768,32,666,1573
1512514352533546,1512514352535121,1048576,32768,32,665,1575
1512514352546242,1512514352547817,1048576,32768,32,665,1575
1512514352558895,1512514352560468,1048576,32768,32,666,1573
1512514352571552,1512514352573127,1048576,32768,32,665,1575
1512514352584243,1512514352585816,1048576,32768,32,666,1573
1512514352597004,1512514352598568,1048576,32768,32,670,1564
1512514352609640,1512514352611213,1048576,32768,32,666,1573
1512514352622321,1512514352623893,1048576,32768,32,667,1572
1512514352635038,1512514352636608,1048576,32768,32,667,1570
1512514352647696,1512514352649269,1048576,32768,32,666,1573
1512514352660396,1512514352661969,1048576,32768,32,666,1573
1512514352673062,1512514352674632,1048576,32768,32,667,1570
1512514352685738,1512514352687308,1048576,32768,32,667,1570
1512514352698447,1512514352700024,1048576,32768,32,664,1577
1512514352711128,1512514352712693,1048576,32768,32,670,1565
1512514352723746,1512514352725315,1048576,32768,32,668,1569
1512514352736494,1512514352738060,1048576,32768,32,669,1566
1512514352749122,1512514352750699,1048576,32768,32,664,1577
1512514352761772,1512514352763349,1048576,32768,32,664,1577
1512514352774475,1512514352776050,1048576,32768,32,665,1575
1512514352787116,1512514352788686,1048576,32768,32,667,1570
1512514352799802,1512514352801369,1048576,32768,32,669,1567
1512514352812453,1512514352814028,1048576,32768,32,665,1575
1512514352825205,1512514352826779,1048576,32768,32,666,1574
1512514352837944,1512514352839519,1048576,32768,32,665,1575
1512514352850568,1512514352852136,1048576,32768,32,668,1568
1512514352863257,1512514352864829,1048576,32768,32,667,1572
1512514352875937,1512514352877511,1048576,32768,32,666,1574
1512514352888635,1512514352890207,1048576,32768,32,667,1572
1512514352901331,1512514352902901,1048576,32768,32,667,1570
1512514352914036,1512514352915604,1048576,32768,32,668,1568
1512514352926695,1512514352928267,1048576,32768,32,667,1572
1512514352939373,1512514352940942,1048576,32768,32,668,1569
1512514352952053,1512514352953621,1048576,32768,32,668,1568
1512514352964677,1512514352966249,1048576,32768,32,667,1572
1512514352977291,1512514352978866,1048576,32768,32,665,1575
1512514352989970,1512514352991538,1048576,32768,32,668,1568
1512514353002636,1512514353004202,1048576,32768,32,669,1566
1512514353015276,1512514353016848,1048576,32768,32,667,1572
1512514353027980,1512514353029550,1048576,32768,32,667,1570
1512514353040640,1512514353042214,1048576,32768,32,666,1574
1512514353053311,1512514353054884,1048576,32768,32,666,1573
1512514353066022,1512514353067591,1048576,32768,32,668,1569
1512514353078795,1512514353080365,1048576,32768,32,667,1570
1512514353091406,1512514353092980,1048576,32768,32,666,1574
1512514353104034,1512514353105604,1048576,32768,32,667,1570
1512514353116707,1512514353118282,1048576,32768,32,665,1575
1512514353129348,1512514353130913,1048576,32768,32,670,1565
1512514353142103,1512514353143673,1048576,32768,32,667,1570
1512514353154751,1512514353156321,1048576,32768,32,667,1570
1512514353167418,1512514353168993,1048576,32768,32,665,1575
1512514353180103,1512514353181670,1048576,32768,32,669,1567
1512514353192760,1512514353194332,1048576,32768,32,667,1572
1512514353205487,1512514353207061,1048576,32768,32,666,1574
1512514353218185,1512514353219759,1048576,32768,32,666,1574
1512514353230780,1512514353232355,1048576,32768,32,665,1575
1512514353243508,1512514353245077,1048576,32768,32,668,1569
1512514353256156,1512514353257727,1048576,32768,32,667,1571
1512514353268775,1512514353270344,1048576,32768,32,668,1569
1512514353281408,1512514353282982,1048576,32768,32,666,1574
1512514353294037,1512514353295607,1048576,32768,32,667,1570
1512514353306660,1512514353308229,1048576,32768,32,668,1569
1512514353319272,1512514353320842,1048576,32768,32,667,1570
1512514353331878,1512514353333454,1048576,32768,32,665,1576
1512514353344568,1512514353346137,1048576,32768,32,668,1569
1512514353357223,1512514353358795,1048576,32768,32,667,1572
1512514353369885,1512514353371454,1048576,32768,32,668,1569
1512514353382545,1512514353384117,1048576,32768,32,667,1572
1512514353395299,1512514353396873,1048576,32768,32,666,1574
1512514353407970,1512514353409537,1048576,32768,32,669,1567
1512514353420656,1512514353422226,1048576,32768,32,667,1570
1512514353433285,1512514353434859,1048576,32768,32,666,1574
1512514353445962,1512514353447534,1048576,32768,32,667,1572
1512514353458641,1512514353460217,1048576,32768,32,665,1576
1512514353471308,1512514353472881,1048576,32768,32,666,1573
1512514353483966,1512514353485535,1048576,32768,32,668,1569
1512514353496619,1512514353498185,1048576,32768,32,669,1566
1512514353509231,1512514353510803,1048576,32768,32,667,1572
1512514353521926,1512514353523499,1048576,32768,32,666,1573
1512514353534565,1512514353536136,1048576,32768,32,667,1571
1512514353547236,1512514353548803,1048576,32768,32,669,1567
1512514353559923,1512514353561493,1048576,32768,32,667,1570
1512514353572615,1512514353574179,1048576,32768,32,670,1564
1512514353585254,1512514353586820,1048576,32768,32,669,1566
1512514353598048,1512514353599611,1048576,32768,32,670,1563
1512514353610741,1512514353612311,1048576,32768,32,667,1570
1512514353623398,1512514353624966,1048576,32768,32,668,1568
1512514353636061,1512514353637628,1048576,32768,32,669,1567
1512514353648822,1512514353650393,1048576,32768,32,667,1571
1512514353661591,1512514353663162,1048576,32768,32,667,1571
1512514353674264,1512514353675833,1048576,32768,32,668,1569
1512514353686983,1512514353688555,1048576,32768,32,667,1572
1512514353699616,1512514353701190,1048576,32768,32,666,1574
1512514353712308,1512514353713880,1048576,32768,32,667,1572
1512514353724955,1512514353726526,1048576,32768,32,667,1571
1512514353737614,1512514353739185,1048576,32768,32,667,1571
1512514353750345,1512514353751919,1048576,32768,32,666,1574
1512514353763094,1512514353764668,1048576,32768,32,666,1574
1512514353775815,1512514353777374,1048576,32768,32,672,1559
1512514353788507,1512514353790072,1048576,32768,32,670,1565
1512514353801220,1512514353802792,1048576,32768,32,667,1572
1512514353813850,1512514353815411,1048576,32768,32,671,1561
1512514353826520,1512514353828095,1048576,32768,32,665,1575
1512514353839191,1512514353840766,1048576,32768,32,665,1575
1512514353851921,1512514353853489,1048576,32768,32,668,1568
1512514353864561,1512514353866132,1048576,32768,32,667,1571
1512514353877218,1512514353878790,1048576,32768,32,667,1572
1512514353889930,1512514353891501,1048576,32768,32,667,1571
1512514353902760,1512514353904330,1048576,32768,32,667,1570
1512514353915460,1512514353917037,1048576,32768,32,664,1577
1512514353928149,1512514353929724,1048576,32768,32,665,1575
1512514353940806,1512514353942380,1048576,32768,32,666,1574
1512514353953480,1512514353955051,1048576,32768,32,667,1571
1512514353966263,1512514353967825,1048576,32768,32,671,1562
1512514353978962,1512514353980523,1048576,32768,32,671,1561
1512514353991627,1512514353993198,1048576,32768,32,667,1571
1512514354004419,1512514354005985,1048576,32768,32,669,1566
1512514354017115,1512514354018682,1048576,32768,32,669,1567
1512514354029876,1512514354031444,1048576,32768,32,668,1568
1512514354042522,1512514354044097,1048576,32768,32,665,1575
1512514354055235,1512514354056803,1048576,32768,32,668,1568
1512514354067930,1512514354069501,1048576,32768,32,667,1571
1512514354080784,1512514354082352,1048576,32768,32,668,1568
1512514354093521,1512514354095091,1048576,32768,32,667,1570
1512514354106219,1512514354107785,1048576,32768,32,669,1566
1512514354118881,1512514354120447,1048576,32768,32,669,1566
1512514354131500,1512514354133078,1048576,32768,32,664,1578
1512514354144166,1512514354145739,1048576,32768,32,666,1573
1512514354156887,1512514354158452,1048576,32768,32,670,1565
1512514354169587,1512514354171159,1048576,32768,32,667,1572
1512514354182309,1512514354183879,1048576,32768,32,667,1570
1512514354195081,1512514354196656,1048576,32768,32,665,1575
1512514354207759,1512514354209329,1048576,32768,32,667,1570
1512514354220427,1512514354222003,1048576,32768,32,665,1576
1512514354233081,1512514354234653,1048576,32768,32,667,1572
1512514354245737,1512514354247311,1048576,32768,32,666,1574
1512514354258367,1512514354259936,1048576,32768,32,668,1569
1512514354271019,1512514354272595,1048576,32768,32,665,1576
1512514354283647,1512514354285217,1048576,32768,32,667,1570
1512514354296326,1512514354297896,1048576,32768,32,667,1570
1512514354309011,1512514354310581,1048576,32768,32,667,1570
1512514354321664,1512514354323240,1048576,32768,32,665,1576
1512514354334331,1512514354335911,1048576,32768,32,663,1580
1512514354346978,1512514354348546,1048576,32768,32,668,1568
1512514354359606,1512514354361178,1048576,32768,32,667,1572
1512514354372299,1512514354373865,1048576,32768,32,669,1566
1512514354384911,1512514354386488,1048576,32768,32,664,1577
1512514354397700,1512514354399271,1048576,32768,32,667,1571
1512514354410304,1512514354411877,1048576,32768,32,666,1573
1512514354422960,1512514354424535,1048576,32768,32,665,1575
1512514354435673,1512514354437243,1048576,32768,32,667,1570
1512514354448372,1512514354449938,1048576,32768,32,669,1566
1512514354461040,1512514354462608,1048576,32768,32,668,1568
1512514354473817,1512514354475385,1048576,32768,32,668,1568
1512514354486522,1512514354488089,1048576,32768,32,669,1567
1512514354499275,1512514354500850,1048576,32768,32,665,1575
1512514354511980,1512514354513545,1048576,32768,32,670,1565
1512514354524601,1512514354526170,1048576,32768,32,668,1569
1512514354537334,1512514354538906,1048576,32768,32,667,1572
1512514354550044,1512514354551616,1048576,32768,32,667,1572
1512514354562659,1512514354564230,1048576,32768,32,667,1571
1512514354575409,1512514354576980,1048576,32768,32,667,1571
1512514354588084,1512514354589649,1048576,32768,32,670,1565
1512514354600755,1512514354602321,1048576,32768,32,669,1566
1512514354613387,1512514354614958,1048576,32768,32,667,1571
1512514354626072,1512514354627638,1048576,32768,32,669,1566
1512514354638771,1512514354640345,1048576,32768,32,666,1574
1512514354651426,1512514354652995,1048576,32768,32,668,1569
1512514354664119,1512514354665688,1048576,32768,32,668,1569
1512514354676767,1512514354678338,1048576,32768,32,667,1571
1512514354689389,1512514354690949,1048576,32768,32,672,1560
1512514354702063,1512514354703626,1048576,32768,32,670,1563
1512514354714709,1512514354716282,1048576,32768,32,666,1573
1512514354727360,1512514354728936,1048576,32768,32,665,1576
1512514354740022,1512514354741597,1048576,32768,32,665,1575
1512514354752754,1512514354754314,1048576,32768,32,672,1560
1512514354765466,1512514354767045,1048576,32768,32,664,1579
1512514354778194,1512514354779765,1048576,32768,32,667,1571
1512514354790933,1512514354792509,1048576,32768,32,665,1576
1512514354803565,1512514354805136,1048576,32768,32,667,1571
1512514354816241,1512514354817811,1048576,32768,32,667,1570
1512514354828906,1512514354830479,1048576,32768,32,666,1573
1512514354841547,1512514354843123,1048576,32768,32,665,1576
1512514354854204,1512514354855778,1048576,32768,32,666,1574
1512514354866897,1512514354868465,1048576,32768,32,668,1568
1512514354879575,1512514354881147,1048576,32768,32,667,1572
1512514354892223,1512514354893799,1048576,32768,32,665,1576
1512514354904899,1512514354906476,1048576,32768,32,664,1577
1512514354917611,1512514354919184,1048576,32768,32,666,1573
1512514354930312,1512514354931884,1048576,32768,32,667,1572
1512514354942982,1512514354944555,1048576,32768,32,666,1573
1512514354955597,1512514354957173,1048576,32768,32,665,1576
1512514354968298,1512514354969870,1048576,32768,32,667,1572
1512514354980978,1512514354982550,1048576,32768,32,667,1572
1512514354993686,1512514354995258,1048576,32768,32,667,1572
1512514355006432,1512514355008005,1048576,32768,32,666,1573
1512514355019158,1512514355020733,1048576,32768,32,665,1575
1512514355031856,1512514355033427,1048576,32768,32,667,1571
1512514355044618,1512514355046193,1048576,32768,32,665,1575
1512514355057302,1512514355058877,1048576,32768,32,665,1575
1512514355069942,1512514355071513,1048576,32768,32,667,1571
1512514355082572,1512514355084143,1048576,32768,32,667,1571
1512514355095218,1512514355096790,1048576,32768,32,667,1572
1512514355107932,1512514355109501,1048576,32768,32,668,1569
1512514355120591,1512514355122160,1048576,32768,32,668,1569
1512514355133296,1512514355134868,1048576,32768,32,667,1572
1512514355145962,1512514355147529,1048576,32768,32,669,1567
1512514355158602,1512514355160175,1048576,32768,32,666,1573
1512514355171277,1512514355172849,1048576,32768,32,667,1572
1512514355183929,1512514355185499,1048576,32768,32,667,1570
1512514355196566,1512514355198135,1048576,32768,32,668,1569
1512514355209321,1512514355210888,1048576,32768,32,669,1567
1512514355221973,1512514355223544,1048576,32768,32,667,1571
1512514355234628,1512514355236201,1048576,32768,32,666,1573
1512514355247245,1512514355248821,1048576,32768,32,665,1576
1512514355259917,1512514355261485,1048576,32768,32,668,1568
1512514355272593,1512514355274163,1048576,32768,32,667,1570
1512514355285290,1512514355286855,1048576,32768,32,670,1565
1512514355298016,1512514355299583,1048576,32768,32,669,1567
1512514355310724,1512514355312293,1048576,32768,32,668,1569
1512514355323343,1512514355324912,1048576,32768,32,668,1569
1512514355335988,1512514355337558,1048576,32768,32,667,1570
1512514355348662,1512514355350230,1048576,32768,32,668,1568
1512514355361347,1512514355362915,1048576,32768,32,668,1568
1512514355374058,1512514355375623,1048576,32768,32,670,1565
1512514355386729,1512514355388294,1048576,32768,32,670,1565
1512514355399533,1512514355401109,1048576,32768,32,665,1576
1512514355412214,1512514355413783,1048576,32768,32,668,1569
1512514355424905,1512514355426473,1048576,32768,32,668,1568
1512514355437553,1512514355439125,1048576,32768,32,667,1572
1512514355450248,1512514355451818,1048576,32768,32,667,1570
1512514355462890,1512514355464454,1048576,32768,32,670,1564
1512514355475512,1512514355477083,1048576,32768,32,667,1571
1512514355488205,1512514355489778,1048576,32768,32,666,1573
1512514355500980,1512514355502541,1048576,32768,32,671,1561
1512514355513654,1512514355515223,1048576,32768,32,668,1569
1512514355526328,1512514355527899,1048576,32768,32,667,1571
1512514355538962,1512514355540538,1048576,32768,32,665,1576
1512514355551650,1512514355553219,1048576,32768,32,668,1569
1512514355564313,1512514355565878,1048576,32768,32,670,1565
1512514355576994,1512514355578561,1048576,32768,32,669,1567
1512514355589643,1512514355591218,1048576,32768,32,665,1575
1512514355602337,1512514355603903,1048576,32768,32,669,1566
1512514355615004,1512514355616574,1048576,32768,32,667,1570
1512514355627701,1512514355629270,1048576,32768,32,668,1569
1512514355640432,1512514355642004,1048576,32768,32,667,1572
1512514355653216,1512514355654787,1048576,32768,32,667,1571
1512514355665926,1512514355667498,1048576,32768,32,667,1572
1512514355678687,1512514355680261,1048576,32768,32,666,1574
1512514355691492,1512514355693062,1048576,32768,32,667,1570
1512514355704149,1512514355705721,1048576,32768,32,667,1572
1512514355716770,1512514355718346,1048576,32768,32,665,1576
1512514355729445,1512514355731018,1048576,32768,32,666,1573
1512514355742156,1512514355743731,1048576,32768,32,665,1575
1512514355754855,1512514355756426,1048576,32768,32,667,1571
1512514355767592,1512514355769166,1048576,32768,32,666,1574
1512514355780287,1512514355781851,1048576,32768,32,670,1564
1512514355792982,1512514355794548,1048576,32768,32,669,1566
1512514355805748,1512514355807316,1048576,32768,32,668,1568
1512514355818476,1512514355820047,1048576,32768,32,667,1571
1512514355831169,1512514355832746,1048576,32768,32,664,1577
1512514355843873,1512514355845446,1048576,32768,32,666,1573
1512514355856554,1512514355858128,1048576,32768,32,666,1574
1512514355869369,1512514355870945,1048576,32768,32,665,1576
1512514355882119,1512514355883689,1048576,32768,32,667,1570
1512514355894896,1512514355896465,1048576,32768,32,668,1569
1512514355907585,1512514355909158,1048576,32768,32,666,1573
1512514355920300,1512514355921874,1048576,32768,32,666,1574
1512514355932976,1512514355934545,1048576,32768,32,668,1569
1512514355945647,1512514355947216,1048576,32768,32,668,1569
1512514355958238,1512514355959809,1048576,32768,32,667,1571
1512514355970912,1512514355972485,1048576,32768,32,666,1573
1512514355983605,1512514355985177,1048576,32768,32,667,1572
1512514355996276,1512514355997845,1048576,32768,32,668,1569
1512514356008966,1512514356010538,1048576,32768,32,667,1572
1512514356021652,1512514356023220,1048576,32768,32,668,1568
1512514356034330,1512514356035899,1048576,32768,32,668,1569
1512514356046978,1512514356048554,1048576,32768,32,665,1576
1512514356059663,1512514356061234,1048576,32768,32,667,1571
1512514356072268,1512514356073842,1048576,32768,32,666,1574
