1512476548012988,1512476548015074,1048576,32768,32,502,2086
1512476548028925,1512476548030661,1048576,32768,32,604,1736
1512476548042208,1512476548043794,1048576,32768,32,661,1586
1512476548055052,1512476548056643,1048576,32768,32,659,1591
1512476548068085,1512476548069677,1048576,32768,32,658,1592
1512476548081015,1512476548082598,1048576,32768,32,662,1583
1512476548093695,1512476548095246,1048576,32768,32,676,1551
1512476548106298,1512476548107839,1048576,32768,32,680,1541
1512476548118807,1512476548120350,1048576,32768,32,679,1543
1512476548131255,1512476548132805,1048576,32768,32,676,1550
1512476548143806,1512476548145357,1048576,32768,32,676,1551
1512476548156316,1512476548157862,1048576,32768,32,678,1546
1512476548168776,1512476548170325,1048576,32768,32,676,1549
1512476548181309,1512476548182851,1048576,32768,32,680,1542
1512476548193787,1512476548195338,1048576,32768,32,676,1551
1512476548206358,1512476548207911,1048576,32768,32,675,1553
1512476548218822,1512476548220368,1048576,32768,32,678,1546
1512476548231258,1512476548232807,1048576,32768,32,676,1549
1512476548243696,1512476548245243,1048576,32768,32,677,1547
1512476548256147,1512476548257694,1048576,32768,32,677,1547
1512476548268676,1512476548270217,1048576,32768,32,680,1541
1512476548281230,1512476548282771,1048576,32768,32,680,1541
1512476548293804,1512476548295354,1048576,32768,32,676,1550
1512476548306288,1512476548307834,1048576,32768,32,678,1546
1512476548318688,1512476548320234,1048576,32768,32,678,1546
1512476548331148,1512476548332692,1048576,32768,32,679,1544
1512476548343620,1512476548345163,1048576,32768,32,679,1543
1512476548356162,1512476548357707,1048576,32768,32,678,1545
1512476548368639,1512476548370188,1048576,32768,32,676,1549
1512476548381081,1512476548382622,1048576,32768,32,680,1541
1512476548393476,1512476548395023,1048576,32768,32,677,1547
1512476548405889,1512476548407438,1048576,32768,32,676,1549
1512476548418272,1512476548419820,1048576,32768,32,677,1548
1512476548430835,1512476548432377,1048576,32768,32,680,1542
1512476548443251,1512476548444798,1048576,32768,32,677,1547
1512476548455797,1512476548457347,1048576,32768,32,676,1550
1512476548468244,1512476548469795,1048576,32768,32,676,1551
1512476548480709,1512476548482252,1048576,32768,32,679,1543
1512476548493139,1512476548494686,1048576,32768,32,677,1547
1512476548505564,1512476548507113,1048576,32768,32,676,1549
1512476548517981,1512476548519524,1048576,32768,32,679,1543
1512476548530452,1512476548531994,1048576,32768,32,680,1542
1512476548542922,1512476548544473,1048576,32768,32,676,1551
1512476548555403,1512476548556949,1048576,32768,32,678,1546
1512476548567831,1512476548569378,1048576,32768,32,677,1547
1512476548580222,1512476548581769,1048576,32768,32,677,1547
1512476548592742,1512476548594290,1048576,32768,32,677,1548
1512476548605186,1512476548606731,1048576,32768,32,678,1545
1512476548617636,1512476548619183,1048576,32768,32,677,1547
1512476548630210,1512476548631765,1048576,32768,32,674,1555
1512476548642833,1512476548644379,1048576,32768,32,678,1546
1512476548655447,1512476548656997,1048576,32768,32,676,1550
1512476548667999,1512476548669547,1048576,32768,32,677,1548
1512476548680475,1512476548682028,1048576,32768,32,675,1553
1512476548693011,1512476548694565,1048576,32768,32,674,1554
1512476548705532,1512476548707078,1048576,32768,32,678,1546
1512476548717980,1512476548719529,1048576,32768,32,676,1549
1512476548730531,1512476548732076,1048576,32768,32,678,1545
1512476548743026,1512476548744574,1048576,32768,32,677,1548
1512476548755427,1512476548756974,1048576,32768,32,677,1547
1512476548767923,1512476548769464,1048576,32768,32,680,1541
1512476548780413,1512476548781960,1048576,32768,32,677,1547
1512476548792872,1512476548794420,1048576,32768,32,677,1548
1512476548805402,1512476548806954,1048576,32768,32,675,1552
1512476548817928,1512476548819475,1048576,32768,32,677,1547
1512476548830386,1512476548831935,1048576,32768,32,676,1549
1512476548842843,1512476548844385,1048576,32768,32,680,1542
1512476548855402,1512476548856951,1048576,32768,32,676,1549
1512476548867902,1512476548869446,1048576,32768,32,679,1544
1512476548880369,1512476548881914,1048576,32768,32,678,1545
1512476548892789,1512476548894339,1048576,32768,32,676,1550
1512476548905249,1512476548906796,1048576,32768,32,677,1547
1512476548917766,1512476548919303,1048576,32768,32,682,1537
1512476548930355,1512476548931903,1048576,32768,32,677,1548
1512476548942780,1512476548944332,1048576,32768,32,675,1552
1512476548955454,1512476548957002,1048576,32768,32,677,1548
1512476548967926,1512476548969471,1048576,32768,32,678,1545
1512476548980353,1512476548981903,1048576,32768,32,676,1550
1512476548992778,1512476548994327,1048576,32768,32,676,1549
1512476549005295,1512476549006838,1048576,32768,32,679,1543
1512476549017830,1512476549019372,1048576,32768,32,680,1542
1512476549030258,1512476549031803,1048576,32768,32,678,1545
1512476549042899,1512476549044443,1048576,32768,32,679,1544
1512476549055369,1512476549056909,1048576,32768,32,680,1540
1512476549067913,1512476549069457,1048576,32768,32,679,1544
1512476549080353,1512476549081898,1048576,32768,32,678,1545
1512476549092782,1512476549094326,1048576,32768,32,679,1544
1512476549105212,1512476549106765,1048576,32768,32,675,1553
1512476549117747,1512476549119298,1048576,32768,32,676,1551
1512476549130231,1512476549131776,1048576,32768,32,678,1545
1512476549142743,1512476549144287,1048576,32768,32,679,1544
1512476549155282,1512476549156828,1048576,32768,32,678,1546
1512476549167843,1512476549169390,1048576,32768,32,677,1547
1512476549180358,1512476549181907,1048576,32768,32,676,1549
1512476549192862,1512476549194404,1048576,32768,32,680,1542
1512476549205313,1512476549206859,1048576,32768,32,678,1546
1512476549217802,1512476549219352,1048576,32768,32,676,1550
1512476549230271,1512476549231820,1048576,32768,32,676,1549
1512476549242808,1512476549244357,1048576,32768,32,676,1549
1512476549255264,1512476549256814,1048576,32768,32,676,1550
1512476549267746,1512476549269292,1048576,32768,32,678,1546
1512476549280238,1512476549281786,1048576,32768,32,677,1548
1512476549292889,1512476549294440,1048576,32768,32,676,1551
1512476549305407,1512476549306953,1048576,32768,32,678,1546
1512476549317884,1512476549319434,1048576,32768,32,676,1550
1512476549330521,1512476549332073,1048576,32768,32,675,1552
1512476549343167,1512476549344709,1048576,32768,32,680,1542
1512476549355671,1512476549357216,1048576,32768,32,678,1545
1512476549368129,1512476549369674,1048576,32768,32,678,1545
1512476549380589,1512476549382134,1048576,32768,32,678,1545
1512476549393006,1512476549394553,1048576,32768,32,677,1547
1512476549405413,1512476549406960,1048576,32768,32,677,1547
1512476549417887,1512476549419436,1048576,32768,32,676,1549
1512476549430345,1512476549431889,1048576,32768,32,679,1544
1512476549442868,1512476549444415,1048576,32768,32,677,1547
1512476549455301,1512476549456843,1048576,32768,32,680,1542
1512476549467718,1512476549469270,1048576,32768,32,675,1552
1512476549480572,1512476549482171,1048576,32768,32,655,1599
1512476549493406,1512476549495002,1048576,32768,32,657,1596
1512476549506235,1512476549507830,1048576,32768,32,657,1595
1512476549519054,1512476549520657,1048576,32768,32,654,1603
1512476549531958,1512476549533557,1048576,32768,32,655,1599
1512476549544824,1512476549546424,1048576,32768,32,655,1600
1512476549557716,1512476549559313,1048576,32768,32,656,1597
1512476549570489,1512476549572089,1048576,32768,32,655,1600
1512476549583420,1512476549585017,1048576,32768,32,656,1597
1512476549596274,1512476549597871,1048576,32768,32,656,1597
1512476549609173,1512476549610776,1048576,32768,32,654,1603
1512476549622029,1512476549623629,1048576,32768,32,655,1600
1512476549634880,1512476549636469,1048576,32768,32,659,1589
1512476549647889,1512476549649476,1048576,32768,32,660,1587
1512476549660704,1512476549662289,1048576,32768,32,661,1585
1512476549673519,1512476549675113,1048576,32768,32,657,1594
1512476549686273,1512476549687866,1048576,32768,32,658,1593
1512476549699221,1512476549700803,1048576,32768,32,662,1582
1512476549712130,1512476549713719,1048576,32768,32,659,1589
1512476549724884,1512476549726473,1048576,32768,32,659,1589
1512476549737720,1512476549739312,1048576,32768,32,658,1592
1512476549750543,1512476549752138,1048576,32768,32,657,1595
1512476549763375,1512476549764968,1048576,32768,32,658,1593
1512476549776213,1512476549777807,1048576,32768,32,657,1594
1512476549789055,1512476549790647,1048576,32768,32,658,1592
1512476549801955,1512476549803548,1048576,32768,32,658,1593
1512476549814909,1512476549816499,1048576,32768,32,659,1590
1512476549827850,1512476549829440,1048576,32768,32,659,1590
1512476549840606,1512476549842198,1048576,32768,32,658,1592
1512476549853503,1512476549855099,1048576,32768,32,657,1596
1512476549866327,1512476549867918,1048576,32768,32,659,1591
1512476549879157,1512476549880748,1048576,32768,32,659,1591
1512476549891910,1512476549893496,1048576,32768,32,661,1586
1512476549904692,1512476549906283,1048576,32768,32,659,1591
1512476549917535,1512476549919126,1048576,32768,32,659,1591
1512476549930366,1512476549931960,1048576,32768,32,657,1594
1512476549943111,1512476549944704,1048576,32768,32,658,1593
1512476549955971,1512476549957565,1048576,32768,32,657,1594
1512476549968791,1512476549970379,1048576,32768,32,660,1588
1512476549981618,1512476549983208,1048576,32768,32,659,1590
1512476549994538,1512476549996122,1048576,32768,32,661,1584
1512476550007386,1512476550008979,1048576,32768,32,658,1593
1512476550020330,1512476550021919,1048576,32768,32,659,1589
1512476550033189,1512476550034779,1048576,32768,32,659,1590
1512476550045954,1512476550047547,1048576,32768,32,658,1593
1512476550058772,1512476550060359,1048576,32768,32,660,1587
1512476550071593,1512476550073185,1048576,32768,32,658,1592
1512476550084372,1512476550085962,1048576,32768,32,659,1590
1512476550097200,1512476550098795,1048576,32768,32,657,1595
1512476550109976,1512476550111571,1048576,32768,32,657,1595
1512476550122749,1512476550124338,1048576,32768,32,659,1589
1512476550135618,1512476550137203,1048576,32768,32,661,1585
1512476550148523,1512476550150114,1048576,32768,32,659,1591
1512476550161343,1512476550162932,1048576,32768,32,659,1589
1512476550174128,1512476550175718,1048576,32768,32,659,1590
1512476550186987,1512476550188577,1048576,32768,32,659,1590
1512476550199815,1512476550201407,1048576,32768,32,658,1592
1512476550212682,1512476550214276,1048576,32768,32,657,1594
1512476550225588,1512476550227175,1048576,32768,32,660,1587
1512476550238345,1512476550239939,1048576,32768,32,657,1594
1512476550251292,1512476550252885,1048576,32768,32,658,1593
1512476550264177,1512476550265767,1048576,32768,32,659,1590
1512476550277148,1512476550278739,1048576,32768,32,659,1591
1512476550290011,1512476550291600,1048576,32768,32,659,1589
1512476550302905,1512476550304496,1048576,32768,32,659,1591
1512476550315857,1512476550317441,1048576,32768,32,661,1584
1512476550328659,1512476550330248,1048576,32768,32,659,1589
1512476550341590,1512476550343184,1048576,32768,32,657,1594
1512476550354419,1512476550356007,1048576,32768,32,660,1588
1512476550367281,1512476550368871,1048576,32768,32,659,1590
1512476550380181,1512476550381774,1048576,32768,32,658,1593
1512476550392972,1512476550394560,1048576,32768,32,660,1588
1512476550405808,1512476550407395,1048576,32768,32,660,1587
1512476550418607,1512476550420197,1048576,32768,32,659,1590
1512476550431412,1512476550433004,1048576,32768,32,658,1592
1512476550444241,1512476550445831,1048576,32768,32,659,1590
1512476550457099,1512476550458690,1048576,32768,32,659,1591
1512476550469873,1512476550471471,1048576,32768,32,656,1598
1512476550482802,1512476550484396,1048576,32768,32,657,1594
1512476550495626,1512476550497220,1048576,32768,32,657,1594
1512476550508462,1512476550510053,1048576,32768,32,659,1591
1512476550521285,1512476550522879,1048576,32768,32,657,1594
1512476550534144,1512476550535739,1048576,32768,32,657,1595
1512476550547012,1512476550548603,1048576,32768,32,659,1591
1512476550559805,1512476550561395,1048576,32768,32,659,1590
1512476550572610,1512476550574204,1048576,32768,32,657,1594
1512476550585387,1512476550586980,1048576,32768,32,658,1593
1512476550598157,1512476550599746,1048576,32768,32,659,1589
1512476550611019,1512476550612607,1048576,32768,32,660,1588
1512476550623802,1512476550625387,1048576,32768,32,661,1585
1512476550636582,1512476550638165,1048576,32768,32,662,1583
1512476550649418,1512476550651004,1048576,32768,32,661,1586
1512476550662217,1512476550663744,1048576,32768,32,686,1527
1512476550674776,1512476550676320,1048576,32768,32,679,1544
1512476550687217,1512476550688761,1048576,32768,32,679,1544
1512476550699667,1512476550701209,1048576,32768,32,680,1542
1512476550712094,1512476550713632,1048576,32768,32,681,1538
1512476550724644,1512476550726175,1048576,32768,32,684,1531
1512476550737264,1512476550738806,1048576,32768,32,680,1542
1512476550749788,1512476550751326,1048576,32768,32,681,1538
1512476550762233,1512476550763768,1048576,32768,32,683,1535
1512476550774779,1512476550776347,1048576,32768,32,668,1568
1512476550787251,1512476550788792,1048576,32768,32,680,1541
1512476550799774,1512476550801311,1048576,32768,32,682,1537
1512476550812246,1512476550813785,1048576,32768,32,681,1539
1512476550824666,1512476550826202,1048576,32768,32,682,1536
1512476550837120,1512476550838657,1048576,32768,32,682,1537
1512476550849703,1512476550851241,1048576,32768,32,681,1538
1512476550862279,1512476550863820,1048576,32768,32,680,1541
1512476550874834,1512476550876366,1048576,32768,32,684,1532
1512476550887434,1512476550888977,1048576,32768,32,679,1543
1512476550899900,1512476550901438,1048576,32768,32,681,1538
1512476550912437,1512476550913974,1048576,32768,32,682,1537
1512476550924927,1512476550926470,1048576,32768,32,679,1543
1512476550937510,1512476550939047,1048576,32768,32,682,1537
1512476550950053,1512476550951592,1048576,32768,32,681,1539
1512476550962677,1512476550964214,1048576,32768,32,682,1537
1512476550975179,1512476550976720,1048576,32768,32,680,1541
1512476550987751,1512476550989290,1048576,32768,32,681,1539
1512476551000206,1512476551001744,1048576,32768,32,681,1538
1512476551012715,1512476551014252,1048576,32768,32,682,1537
1512476551025262,1512476551026797,1048576,32768,32,683,1535
1512476551037696,1512476551039234,1048576,32768,32,681,1538
1512476551050313,1512476551051851,1048576,32768,32,681,1538
1512476551062883,1512476551064412,1048576,32768,32,685,1529
1512476551075338,1512476551076873,1048576,32768,32,683,1535
1512476551087890,1512476551089424,1048576,32768,32,683,1534
1512476551100424,1512476551101962,1048576,32768,32,681,1538
1512476551112955,1512476551114495,1048576,32768,32,680,1540
1512476551125409,1512476551126951,1048576,32768,32,680,1542
1512476551137919,1512476551139455,1048576,32768,32,682,1536
1512476551150377,1512476551151913,1048576,32768,32,682,1536
1512476551162798,1512476551164335,1048576,32768,32,682,1537
1512476551175364,1512476551176904,1048576,32768,32,680,1540
1512476551187871,1512476551189413,1048576,32768,32,680,1542
1512476551200303,1512476551201840,1048576,32768,32,682,1537
1512476551212747,1512476551214289,1048576,32768,32,680,1542
1512476551225196,1512476551226737,1048576,32768,32,680,1541
1512476551237749,1512476551239283,1048576,32768,32,683,1534
1512476551250319,1512476551251858,1048576,32768,32,681,1539
1512476551262742,1512476551264306,1048576,32768,32,670,1564
1512476551275393,1512476551276951,1048576,32768,32,673,1558
1512476551287867,1512476551289426,1048576,32768,32,672,1559
1512476551300423,1512476551301982,1048576,32768,32,672,1559
1512476551312874,1512476551314437,1048576,32768,32,670,1563
1512476551325374,1512476551326933,1048576,32768,32,672,1559
1512476551337820,1512476551339381,1048576,32768,32,671,1561
1512476551350379,1512476551351946,1048576,32768,32,669,1567
1512476551362998,1512476551364564,1048576,32768,32,669,1566
1512476551375535,1512476551377099,1048576,32768,32,670,1564
1512476551388115,1512476551389679,1048576,32768,32,670,1564
1512476551400751,1512476551402318,1048576,32768,32,669,1567
1512476551413333,1512476551414897,1048576,32768,32,670,1564
1512476551425959,1512476551427520,1048576,32768,32,671,1561
1512476551438560,1512476551440123,1048576,32768,32,670,1563
1512476551451077,1512476551452640,1048576,32768,32,670,1563
1512476551463515,1512476551465083,1048576,32768,32,668,1568
1512476551476076,1512476551477639,1048576,32768,32,670,1563
1512476551488449,1512476551490014,1048576,32768,32,670,1565
1512476551501025,1512476551502586,1048576,32768,32,671,1561
1512476551513435,1512476551515001,1048576,32768,32,669,1566
1512476551525864,1512476551527425,1048576,32768,32,671,1561
1512476551538298,1512476551539868,1048576,32768,32,667,1570
1512476551550783,1512476551552342,1048576,32768,32,672,1559
1512476551563294,1512476551564857,1048576,32768,32,670,1563
1512476551575815,1512476551577377,1048576,32768,32,671,1562
1512476551588315,1512476551589876,1048576,32768,32,671,1561
1512476551600814,1512476551602376,1048576,32768,32,671,1562
1512476551613291,1512476551614855,1048576,32768,32,670,1564
1512476551625823,1512476551627386,1048576,32768,32,670,1563
1512476551638423,1512476551639981,1048576,32768,32,673,1558
1512476551650872,1512476551652436,1048576,32768,32,670,1564
1512476551663377,1512476551664940,1048576,32768,32,670,1563
1512476551675994,1512476551677555,1048576,32768,32,671,1561
1512476551688438,1512476551690002,1048576,32768,32,670,1564
1512476551701031,1512476551702594,1048576,32768,32,670,1563
1512476551713518,1512476551715081,1048576,32768,32,670,1563
1512476551726060,1512476551727622,1048576,32768,32,671,1562
1512476551738698,1512476551740264,1048576,32768,32,669,1566
1512476551751315,1512476551752884,1048576,32768,32,668,1569
1512476551763755,1512476551765313,1048576,32768,32,673,1558
1512476551776221,1512476551777785,1048576,32768,32,670,1564
1512476551788661,1512476551790222,1048576,32768,32,671,1561
1512476551801127,1512476551802694,1048576,32768,32,669,1567
1512476551813550,1512476551815112,1048576,32768,32,671,1562
1512476551825974,1512476551827537,1048576,32768,32,670,1563
1512476551838514,1512476551840082,1048576,32768,32,668,1568
1512476551851032,1512476551852597,1048576,32768,32,670,1565
1512476551863587,1512476551865153,1048576,32768,32,669,1566
1512476551876150,1512476551877719,1048576,32768,32,668,1569
1512476551888597,1512476551890158,1048576,32768,32,671,1561
1512476551901168,1512476551902732,1048576,32768,32,670,1564
1512476551913594,1512476551915164,1048576,32768,32,667,1570
1512476551926103,1512476551927672,1048576,32768,32,668,1569
1512476551938637,1512476551940198,1048576,32768,32,671,1561
1512476551951199,1512476551952759,1048576,32768,32,672,1560
1512476551963703,1512476551965257,1048576,32768,32,674,1554
1512476551976152,1512476551977721,1048576,32768,32,668,1569
1512476551988645,1512476551990202,1048576,32768,32,673,1557
1512476552001111,1512476552002677,1048576,32768,32,669,1566
1512476552013531,1512476552015095,1048576,32768,32,670,1564
1512476552026083,1512476552027641,1048576,32768,32,673,1558
1512476552038510,1512476552040075,1048576,32768,32,670,1565
1512476552050930,1512476552052490,1048576,32768,32,672,1560
1512476552063445,1512476552065010,1048576,32768,32,670,1565
1512476552075880,1512476552077446,1048576,32768,32,669,1566
1512476552088392,1512476552089958,1048576,32768,32,669,1566
1512476552100863,1512476552102425,1048576,32768,32,671,1562
1512476552113310,1512476552114877,1048576,32768,32,669,1567
1512476552125795,1512476552127350,1048576,32768,32,674,1555
1512476552138361,1512476552139925,1048576,32768,32,670,1564
1512476552150815,1512476552152380,1048576,32768,32,670,1565
1512476552163397,1512476552164962,1048576,32768,32,670,1565
1512476552175832,1512476552177394,1048576,32768,32,671,1562
1512476552188338,1512476552189899,1048576,32768,32,671,1561
1512476552200841,1512476552202403,1048576,32768,32,671,1562
1512476552213431,1512476552214991,1048576,32768,32,672,1560
1512476552225886,1512476552227450,1048576,32768,32,670,1564
1512476552238471,1512476552240033,1048576,32768,32,671,1562
1512476552251117,1512476552252680,1048576,32768,32,670,1563
1512476552263558,1512476552265119,1048576,32768,32,671,1561
1512476552276120,1512476552277680,1048576,32768,32,672,1560
1512476552288637,1512476552290197,1048576,32768,32,672,1560
1512476552301091,1512476552302655,1048576,32768,32,670,1564
1512476552313563,1512476552315122,1048576,32768,32,672,1559
1512476552326007,1512476552327562,1048576,32768,32,674,1555
1512476552338559,1512476552340120,1048576,32768,32,671,1561
1512476552351162,1512476552352721,1048576,32768,32,672,1559
1512476552363858,1512476552365419,1048576,32768,32,671,1561
1512476552376463,1512476552378023,1048576,32768,32,672,1560
1512476552388929,1512476552390490,1048576,32768,32,671,1561
1512476552401357,1512476552402919,1048576,32768,32,671,1562
1512476552413867,1512476552415426,1048576,32768,32,672,1559
1512476552426380,1512476552427942,1048576,32768,32,671,1562
1512476552438830,1512476552440387,1048576,32768,32,673,1557
1512476552451466,1512476552453023,1048576,32768,32,673,1557
1512476552463889,1512476552465444,1048576,32768,32,674,1555
1512476552476352,1512476552477916,1048576,32768,32,670,1564
1512476552488948,1512476552490502,1048576,32768,32,674,1554
1512476552501361,1512476552502921,1048576,32768,32,672,1560
1512476552513851,1512476552515411,1048576,32768,32,672,1560
1512476552526286,1512476552527848,1048576,32768,32,671,1562
1512476552538854,1512476552540423,1048576,32768,32,668,1569
1512476552551346,1512476552552906,1048576,32768,32,672,1560
1512476552563956,1512476552565512,1048576,32768,32,673,1556
1512476552576353,1512476552577917,1048576,32768,32,670,1564
1512476552588831,1512476552590398,1048576,32768,32,669,1567
1512476552601426,1512476552602991,1048576,32768,32,670,1565
1512476552613996,1512476552615565,1048576,32768,32,668,1569
1512476552626487,1512476552628052,1048576,32768,32,670,1565
1512476552638946,1512476552640504,1048576,32768,32,673,1558
1512476552651489,1512476552653055,1048576,32768,32,669,1566
1512476552663971,1512476552665534,1048576,32768,32,670,1563
1512476552676449,1512476552678010,1048576,32768,32,671,1561
1512476552689009,1512476552690575,1048576,32768,32,669,1566
1512476552701498,1512476552703065,1048576,32768,32,669,1567
1512476552714064,1512476552715625,1048576,32768,32,671,1561
1512476552726692,1512476552728249,1048576,32768,32,673,1557
1512476552739182,1512476552740747,1048576,32768,32,670,1565
1512476552751621,1512476552753183,1048576,32768,32,671,1562
1512476552764310,1512476552765877,1048576,32768,32,669,1567
1512476552776763,1512476552778321,1048576,32768,32,673,1558
1512476552789289,1512476552790850,1048576,32768,32,671,1561
1512476552801745,1512476552803310,1048576,32768,32,670,1565
1512476552814258,1512476552815823,1048576,32768,32,670,1565
1512476552826850,1512476552828414,1048576,32768,32,670,1564
1512476552839361,1512476552840928,1048576,32768,32,669,1567
1512476552852005,1512476552853573,1048576,32768,32,668,1568
1512476552864499,1512476552866061,1048576,32768,32,671,1562
1512476552876975,1512476552878543,1048576,32768,32,668,1568
1512476552889497,1512476552891063,1048576,32768,32,669,1566
1512476552901901,1512476552903469,1048576,32768,32,668,1568
1512476552914435,1512476552916000,1048576,32768,32,670,1565
1512476552927034,1512476552928596,1048576,32768,32,671,1562
1512476552939491,1512476552941060,1048576,32768,32,668,1569
1512476552952043,1512476552953607,1048576,32768,32,670,1564
1512476552964693,1512476552966262,1048576,32768,32,668,1569
1512476552977184,1512476552978751,1048576,32768,32,669,1567
1512476552989625,1512476552991192,1048576,32768,32,669,1567
1512476553002213,1512476553003779,1048576,32768,32,669,1566
1512476553014750,1512476553016312,1048576,32768,32,671,1562
1512476553027271,1512476553028832,1048576,32768,32,671,1561
1512476553039741,1512476553041307,1048576,32768,32,669,1566
1512476553052187,1512476553053752,1048576,32768,32,670,1565
1512476553064874,1512476553066428,1048576,32768,32,674,1554
1512476553077506,1512476553079070,1048576,32768,32,670,1564
1512476553089940,1512476553091503,1048576,32768,32,670,1563
1512476553102607,1512476553104176,1048576,32768,32,668,1569
1512476553115187,1512476553116748,1048576,32768,32,671,1561
1512476553127592,1512476553129161,1048576,32768,32,668,1569
1512476553140188,1512476553141751,1048576,32768,32,670,1563
1512476553152762,1512476553154320,1048576,32768,32,673,1558
1512476553165274,1512476553166838,1048576,32768,32,670,1564
1512476553177821,1512476553179380,1048576,32768,32,672,1559
1512476553190363,1512476553191925,1048576,32768,32,671,1562
1512476553202825,1512476553204386,1048576,32768,32,671,1561
1512476553215330,1512476553216902,1048576,32768,32,667,1572
1512476553227911,1512476553229471,1048576,32768,32,672,1560
1512476553240399,1512476553241960,1048576,32768,32,671,1561
1512476553252872,1512476553254438,1048576,32768,32,669,1566
1512476553265481,1512476553267042,1048576,32768,32,671,1561
1512476553278037,1512476553279598,1048576,32768,32,671,1561
1512476553290566,1512476553292125,1048576,32768,32,672,1559
1512476553303072,1512476553304630,1048576,32768,32,673,1558
1512476553315583,1512476553317146,1048576,32768,32,670,1563
1512476553328178,1512476553329737,1048576,32768,32,672,1559
1512476553340722,1512476553342283,1048576,32768,32,671,1561
1512476553353376,1512476553354935,1048576,32768,32,672,1559
1512476553365962,1512476553367525,1048576,32768,32,670,1563
1512476553378453,1512476553380018,1048576,32768,32,670,1565
1512476553390936,1512476553392495,1048576,32768,32,672,1559
1512476553403420,1512476553404981,1048576,32768,32,671,1561
1512476553415976,1512476553417535,1048576,32768,32,672,1559
1512476553428420,1512476553429982,1048576,32768,32,671,1562
1512476553440884,1512476553442447,1048576,32768,32,670,1563
1512476553453322,1512476553454889,1048576,32768,32,669,1567
1512476553466029,1512476553467591,1048576,32768,32,671,1562
1512476553478599,1512476553480158,1048576,32768,32,672,1559
1512476553491186,1512476553492749,1048576,32768,32,670,1563
1512476553503610,1512476553505179,1048576,32768,32,668,1569
1512476553516088,1512476553517651,1048576,32768,32,670,1563
1512476553528537,1512476553530102,1048576,32768,32,670,1565
1512476553540980,1512476553542546,1048576,32768,32,669,1566
1512476553553540,1512476553555108,1048576,32768,32,668,1568
1512476553565986,1512476553567549,1048576,32768,32,670,1563
1512476553578457,1512476553580025,1048576,32768,32,668,1568
1512476553590939,1512476553592497,1048576,32768,32,673,1558
1512476553603458,1512476553605022,1048576,32768,32,670,1564
1512476553616077,1512476553617642,1048576,32768,32,670,1565
1512476553628587,1512476553630154,1048576,32768,32,669,1567
1512476553641019,1512476553642585,1048576,32768,32,669,1566
1512476553653543,1512476553655108,1048576,32768,32,670,1565
1512476553666182,1512476553667742,1048576,32768,32,672,1560
1512476553678813,1512476553680376,1048576,32768,32,670,1563
1512476553691261,1512476553692824,1048576,32768,32,670,1563
1512476553703800,1512476553705357,1048576,32768,32,673,1557
1512476553716280,1512476553717845,1048576,32768,32,670,1565
1512476553728902,1512476553730469,1048576,32768,32,669,1567
1512476553741413,1512476553742980,1048576,32768,32,669,1567
1512476553753952,1512476553755517,1048576,32768,32,670,1565
1512476553766559,1512476553768123,1048576,32768,32,670,1564
1512476553779054,1512476553780619,1048576,32768,32,670,1565
1512476553791540,1512476553793104,1048576,32768,32,670,1564
1512476553804095,1512476553805663,1048576,32768,32,668,1568
1512476553816632,1512476553818185,1048576,32768,32,675,1553
1512476553829085,1512476553830651,1048576,32768,32,669,1566
1512476553841549,1512476553843111,1048576,32768,32,671,1562
1512476553854051,1512476553855606,1048576,32768,32,674,1555
1512476553866443,1512476553868012,1048576,32768,32,668,1569
1512476553879009,1512476553880568,1048576,32768,32,672,1559
1512476553891428,1512476553892994,1048576,32768,32,669,1566
1512476553903840,1512476553905406,1048576,32768,32,669,1566
1512476553916248,1512476553917808,1048576,32768,32,672,1560
1512476553928741,1512476553930297,1048576,32768,32,673,1556
1512476553941253,1512476553942812,1048576,32768,32,672,1559
1512476553953746,1512476553955309,1048576,32768,32,670,1563
1512476553966304,1512476553967873,1048576,32768,32,668,1569
1512476553978893,1512476553980454,1048576,32768,32,671,1561
1512476553991468,1512476553993038,1048576,32768,32,667,1570
1512476554003987,1512476554005552,1048576,32768,32,670,1565
1512476554016565,1512476554018134,1048576,32768,32,668,1569
1512476554029099,1512476554030666,1048576,32768,32,669,1567
1512476554041595,1512476554043159,1048576,32768,32,670,1564
1512476554054060,1512476554055624,1048576,32768,32,670,1564
1512476554066544,1512476554068109,1048576,32768,32,670,1565
1512476554079228,1512476554080788,1048576,32768,32,672,1560
1512476554091706,1512476554093264,1048576,32768,32,673,1558
1512476554104301,1512476554105869,1048576,32768,32,668,1568
1512476554116785,1512476554118350,1048576,32768,32,670,1565
1512476554129227,1512476554130784,1048576,32768,32,673,1557
1512476554141662,1512476554143222,1048576,32768,32,672,1560
1512476554154222,1512476554155783,1048576,32768,32,671,1561
1512476554166823,1512476554168388,1048576,32768,32,670,1565
1512476554179437,1512476554181002,1048576,32768,32,670,1565
1512476554191834,1512476554193396,1048576,32768,32,671,1562
1512476554204283,1512476554205850,1048576,32768,32,669,1567
1512476554216857,1512476554218416,1048576,32768,32,672,1559
1512476554229346,1512476554230910,1048576,32768,32,670,1564
1512476554241933,1512476554243494,1048576,32768,32,671,1561
1512476554254492,1512476554256056,1048576,32768,32,670,1564
1512476554267003,1512476554268562,1048576,32768,32,672,1559
1512476554279629,1512476554281197,1048576,32768,32,668,1568
1512476554292118,1512476554293680,1048576,32768,32,671,1562
1512476554304673,1512476554306228,1048576,32768,32,674,1555
1512476554317235,1512476554318795,1048576,32768,32,672,1560
1512476554329662,1512476554331220,1048576,32768,32,673,1558
1512476554342130,1512476554343696,1048576,32768,32,669,1566
1512476554354680,1512476554356241,1048576,32768,32,671,1561
1512476554367336,1512476554368904,1048576,32768,32,668,1568
1512476554379801,1512476554381366,1048576,32768,32,670,1565
1512476554392278,1512476554393844,1048576,32768,32,669,1566
1512476554404840,1512476554406396,1048576,32768,32,673,1556
1512476554417312,1512476554418877,1048576,32768,32,670,1565
1512476554429768,1512476554431328,1048576,32768,32,672,1560
1512476554442243,1512476554443810,1048576,32768,32,669,1567
1512476554454695,1512476554456258,1048576,32768,32,670,1563
1512476554467323,1512476554468877,1048576,32768,32,674,1554
1512476554479753,1512476554481297,1048576,32768,32,679,1544
1512476554492308,1512476554493850,1048576,32768,32,680,1542
1512476554504809,1512476554506356,1048576,32768,32,677,1547
1512476554517229,1512476554518782,1048576,32768,32,675,1553
1512476554529745,1512476554531291,1048576,32768,32,678,1546
1512476554542279,1512476554543832,1048576,32768,32,675,1553
1512476554554863,1512476554556415,1048576,32768,32,675,1552
1512476554567368,1512476554568920,1048576,32768,32,675,1552
1512476554579903,1512476554581457,1048576,32768,32,674,1554
1512476554592409,1512476554593961,1048576,32768,32,675,1552
1512476554605054,1512476554606601,1048576,32768,32,677,1547
1512476554617721,1512476554619273,1048576,32768,32,675,1552
1512476554630340,1512476554631888,1048576,32768,32,677,1548
1512476554642757,1512476554644307,1048576,32768,32,676,1550
1512476554655252,1512476554656800,1048576,32768,32,677,1548
1512476554667728,1512476554669279,1048576,32768,32,676,1551
1512476554680354,1512476554681907,1048576,32768,32,675,1553
1512476554692880,1512476554694430,1048576,32768,32,676,1550
1512476554705375,1512476554706927,1048576,32768,32,675,1552
1512476554718068,1512476554719615,1048576,32768,32,677,1547
1512476554730633,1512476554732186,1048576,32768,32,675,1553
1512476554743190,1512476554744742,1048576,32768,32,675,1552
1512476554755689,1512476554757230,1048576,32768,32,680,1541
1512476554768211,1512476554769759,1048576,32768,32,677,1548
1512476554780643,1512476554782196,1048576,32768,32,675,1553
1512476554793167,1512476554794717,1048576,32768,32,676,1550
1512476554805630,1512476554807182,1048576,32768,32,675,1552
1512476554818105,1512476554819653,1048576,32768,32,677,1548
1512476554830638,1512476554832186,1048576,32768,32,677,1548
1512476554843080,1512476554844637,1048576,32768,32,673,1557
1512476554855623,1512476554857177,1048576,32768,32,674,1554
1512476554868082,1512476554869632,1048576,32768,32,676,1550
1512476554880636,1512476554882185,1048576,32768,32,676,1549
1512476554893120,1512476554894671,1048576,32768,32,676,1551
1512476554905600,1512476554907155,1048576,32768,32,674,1555
1512476554918157,1512476554919705,1048576,32768,32,677,1548
1512476554930643,1512476554932193,1048576,32768,32,676,1550
1512476554943141,1512476554944692,1048576,32768,32,676,1551
1512476554955678,1512476554957225,1048576,32768,32,677,1547
1512476554968103,1512476554969650,1048576,32768,32,677,1547
1512476554980598,1512476554982147,1048576,32768,32,676,1549
1512476554993183,1512476554994734,1048576,32768,32,676,1551
1512476555005603,1512476555007159,1048576,32768,32,673,1556
1512476555018075,1512476555019626,1048576,32768,32,676,1551
1512476555030568,1512476555032117,1048576,32768,32,676,1549
1512476555043069,1512476555044621,1048576,32768,32,675,1552
1512476555055561,1512476555057106,1048576,32768,32,678,1545
1512476555068045,1512476555069595,1048576,32768,32,676,1550
1512476555080457,1512476555082004,1048576,32768,32,677,1547
1512476555092966,1512476555094511,1048576,32768,32,678,1545
1512476555105446,1512476555106998,1048576,32768,32,675,1552
1512476555117857,1512476555119405,1048576,32768,32,677,1548
1512476555130285,1512476555131833,1048576,32768,32,677,1548
1512476555142713,1512476555144258,1048576,32768,32,678,1545
1512476555155161,1512476555156715,1048576,32768,32,674,1554
1512476555167699,1512476555169246,1048576,32768,32,677,1547
1512476555180201,1512476555181747,1048576,32768,32,678,1546
1512476555192732,1512476555194275,1048576,32768,32,679,1543
1512476555205206,1512476555206751,1048576,32768,32,678,1545
1512476555217695,1512476555219243,1048576,32768,32,677,1548
1512476555230099,1512476555231650,1048576,32768,32,676,1551
1512476555242713,1512476555244264,1048576,32768,32,676,1551
1512476555255164,1512476555256720,1048576,32768,32,673,1556
1512476555267656,1512476555269204,1048576,32768,32,677,1548
1512476555280056,1512476555281604,1048576,32768,32,677,1548
1512476555292498,1512476555294047,1048576,32768,32,676,1549
1512476555304918,1512476555306469,1048576,32768,32,676,1551
1512476555317535,1512476555319085,1048576,32768,32,676,1550
1512476555329976,1512476555331525,1048576,32768,32,676,1549
1512476555342376,1512476555343921,1048576,32768,32,678,1545
1512476555354912,1512476555356454,1048576,32768,32,680,1542
1512476555367342,1512476555368892,1048576,32768,32,676,1550
1512476555379817,1512476555381361,1048576,32768,32,679,1544
1512476555392391,1512476555393942,1048576,32768,32,676,1551
1512476555404809,1512476555406357,1048576,32768,32,677,1548
1512476555417262,1512476555418813,1048576,32768,32,676,1551
1512476555429759,1512476555431305,1048576,32768,32,678,1546
1512476555442213,1512476555443766,1048576,32768,32,675,1553
1512476555454638,1512476555456177,1048576,32768,32,681,1539
1512476555467055,1512476555468601,1048576,32768,32,678,1546
1512476555479532,1512476555481081,1048576,32768,32,676,1549
1512476555491971,1512476555493521,1048576,32768,32,676,1550
1512476555504445,1512476555505996,1048576,32768,32,676,1551
1512476555516888,1512476555518439,1048576,32768,32,676,1551
1512476555529534,1512476555531086,1048576,32768,32,675,1552
1512476555541939,1512476555543492,1048576,32768,32,675,1553
1512476555554330,1512476555555885,1048576,32768,32,674,1555
1512476555566841,1512476555568384,1048576,32768,32,679,1543
1512476555579333,1512476555580884,1048576,32768,32,676,1551
1512476555591833,1512476555593389,1048576,32768,32,673,1556
1512476555604408,1512476555605961,1048576,32768,32,675,1553
1512476555616839,1512476555618384,1048576,32768,32,678,1545
1512476555629378,1512476555630930,1048576,32768,32,675,1552
1512476555641835,1512476555643385,1048576,32768,32,676,1550
1512476555654295,1512476555655840,1048576,32768,32,678,1545
1512476555666903,1512476555668455,1048576,32768,32,675,1552
1512476555679340,1512476555680882,1048576,32768,32,680,1542
1512476555691789,1512476555693333,1048576,32768,32,679,1544
1512476555704200,1512476555705750,1048576,32768,32,676,1550
1512476555716663,1512476555718213,1048576,32768,32,676,1550
1512476555729330,1512476555730883,1048576,32768,32,675,1553
1512476555741787,1512476555743333,1048576,32768,32,678,1546
1512476555754265,1512476555755810,1048576,32768,32,678,1545
1512476555766642,1512476555768186,1048576,32768,32,679,1544
1512476555779186,1512476555780724,1048576,32768,32,681,1538
1512476555791608,1512476555793153,1048576,32768,32,678,1545
1512476555804118,1512476555805671,1048576,32768,32,675,1553
1512476555816541,1512476555818094,1048576,32768,32,675,1553
1512476555829169,1512476555830723,1048576,32768,32,674,1554
1512476555841618,1512476555843169,1048576,32768,32,676,1551
1512476555854175,1512476555855723,1048576,32768,32,677,1548
1512476555866615,1512476555868172,1048576,32768,32,673,1557
1512476555879109,1512476555880657,1048576,32768,32,677,1548
1512476555891687,1512476555893232,1048576,32768,32,678,1545
1512476555904168,1512476555905723,1048576,32768,32,674,1555
1512476555916635,1512476555918185,1048576,32768,32,676,1550
1512476555929196,1512476555930747,1048576,32768,32,676,1551
1512476555941760,1512476555943310,1048576,32768,32,676,1550
1512476555954183,1512476555955730,1048576,32768,32,677,1547
1512476555966877,1512476555968417,1048576,32768,32,680,1540
1512476555979338,1512476555980886,1048576,32768,32,677,1548
1512476555991983,1512476555993533,1048576,32768,32,676,1550
1512476556004548,1512476556006102,1048576,32768,32,674,1554
1512476556017075,1512476556018623,1048576,32768,32,677,1548
1512476556029652,1512476556031204,1048576,32768,32,675,1552
1512476556042157,1512476556043700,1048576,32768,32,679,1543
1512476556054752,1512476556056302,1048576,32768,32,676,1550
1512476556067267,1512476556068811,1048576,32768,32,679,1544
1512476556079753,1512476556081298,1048576,32768,32,678,1545
1512476556092361,1512476556093911,1048576,32768,32,676,1550
1512476556104916,1512476556106459,1048576,32768,32,679,1543
1512476556117482,1512476556119029,1048576,32768,32,677,1547
1512476556129946,1512476556131493,1048576,32768,32,677,1547
1512476556142505,1512476556144053,1048576,32768,32,677,1548
1512476556154980,1512476556156528,1048576,32768,32,677,1548
1512476556167674,1512476556169218,1048576,32768,32,679,1544
1512476556180146,1512476556181704,1048576,32768,32,673,1558
1512476556192788,1512476556194340,1048576,32768,32,675,1552
1512476556205330,1512476556206878,1048576,32768,32,677,1548
1512476556217792,1512476556219338,1048576,32768,32,678,1546
1512476556230277,1512476556231830,1048576,32768,32,675,1553
1512476556242710,1512476556244257,1048576,32768,32,677,1547
1512476556255127,1512476556256680,1048576,32768,32,675,1553
1512476556267676,1512476556269223,1048576,32768,32,677,1547
1512476556280181,1512476556281724,1048576,32768,32,679,1543
1512476556292670,1512476556294224,1048576,32768,32,674,1554
1512476556305242,1512476556306794,1048576,32768,32,675,1552
1512476556318022,1512476556319572,1048576,32768,32,676,1550
1512476556330717,1512476556332270,1048576,32768,32,675,1553
1512476556343319,1512476556344875,1048576,32768,32,673,1556
1512476556355753,1512476556357305,1048576,32768,32,675,1552
1512476556368410,1512476556369960,1048576,32768,32,676,1550
1512476556380843,1512476556382396,1048576,32768,32,675,1553
1512476556393356,1512476556394902,1048576,32768,32,678,1546
1512476556405857,1512476556407411,1048576,32768,32,674,1554
1512476556418477,1512476556420023,1048576,32768,32,678,1546
1512476556430914,1512476556432456,1048576,32768,32,680,1542
1512476556443328,1512476556444882,1048576,32768,32,674,1554
1512476556455883,1512476556457438,1048576,32768,32,674,1555
1512476556468292,1512476556469839,1048576,32768,32,677,1547
1512476556480824,1512476556482378,1048576,32768,32,674,1554
1512476556493437,1512476556494991,1048576,32768,32,674,1554
1512476556505852,1512476556507402,1048576,32768,32,676,1550
1512476556518399,1512476556519950,1048576,32768,32,676,1551
1512476556530882,1512476556532430,1048576,32768,32,677,1548
1512476556543344,1512476556544898,1048576,32768,32,674,1554
1512476556555840,1512476556557384,1048576,32768,32,679,1544
1512476556568321,1512476556569877,1048576,32768,32,673,1556
1512476556580793,1512476556582344,1048576,32768,32,676,1551
1512476556593226,1512476556594776,1048576,32768,32,676,1550
1512476556605825,1512476556607374,1048576,32768,32,676,1549
1512476556618358,1512476556619909,1048576,32768,32,676,1551
1512476556630898,1512476556632447,1048576,32768,32,676,1549
1512476556643377,1512476556644927,1048576,32768,32,676,1550
1512476556655818,1512476556657367,1048576,32768,32,676,1549
1512476556668363,1512476556669908,1048576,32768,32,678,1545
1512476556680842,1512476556682392,1048576,32768,32,676,1550
1512476556693397,1512476556694947,1048576,32768,32,676,1550
1512476556705905,1512476556707451,1048576,32768,32,678,1546
1512476556718382,1512476556719930,1048576,32768,32,677,1548
1512476556730803,1512476556732358,1048576,32768,32,674,1555
1512476556743252,1512476556744800,1048576,32768,32,677,1548
1512476556755727,1512476556757277,1048576,32768,32,676,1550
1512476556768269,1512476556769823,1048576,32768,32,674,1554
1512476556780657,1512476556782208,1048576,32768,32,676,1551
1512476556793101,1512476556794649,1048576,32768,32,677,1548
1512476556805602,1512476556807149,1048576,32768,32,677,1547
1512476556818324,1512476556819876,1048576,32768,32,675,1552
1512476556830742,1512476556832292,1048576,32768,32,676,1550
1512476556843156,1512476556844710,1048576,32768,32,674,1554
1512476556855707,1512476556857256,1048576,32768,32,676,1549
1512476556868156,1512476556869705,1048576,32768,32,676,1549
1512476556880593,1512476556882138,1048576,32768,32,678,1545
1512476556893150,1512476556894700,1048576,32768,32,676,1550
1512476556905723,1512476556907276,1048576,32768,32,675,1553
1512476556918102,1512476556919657,1048576,32768,32,674,1555
1512476556930573,1512476556932125,1048576,32768,32,675,1552
1512476556942963,1512476556944514,1048576,32768,32,676,1551
1512476556955423,1512476556956971,1048576,32768,32,677,1548
1512476556967885,1512476556969434,1048576,32768,32,676,1549
1512476556980299,1512476556981855,1048576,32768,32,673,1556
1512476556992840,1512476556994394,1048576,32768,32,674,1554
1512476557005341,1512476557006893,1048576,32768,32,675,1552
1512476557017808,1512476557019360,1048576,32768,32,675,1552
1512476557030234,1512476557031782,1048576,32768,32,677,1548
1512476557042708,1512476557044255,1048576,32768,32,677,1547
1512476557055139,1512476557056694,1048576,32768,32,674,1555
1512476557067554,1512476557069110,1048576,32768,32,673,1556
1512476557080064,1512476557081618,1048576,32768,32,674,1554
1512476557092611,1512476557094165,1048576,32768,32,674,1554
1512476557105004,1512476557106554,1048576,32768,32,676,1550
1512476557117510,1512476557119067,1048576,32768,32,673,1557
1512476557129950,1512476557131498,1048576,32768,32,677,1548
1512476557142559,1512476557144108,1048576,32768,32,676,1549
1512476557155049,1512476557156601,1048576,32768,32,675,1552
1512476557167592,1512476557169134,1048576,32768,32,680,1542
1512476557180003,1512476557181554,1048576,32768,32,676,1551
1512476557192507,1512476557194060,1048576,32768,32,675,1553
1512476557204985,1512476557206537,1048576,32768,32,675,1552
1512476557217453,1512476557219009,1048576,32768,32,673,1556
1512476557230002,1512476557231550,1048576,32768,32,677,1548
1512476557242395,1512476557243937,1048576,32768,32,680,1542
1512476557255011,1512476557256563,1048576,32768,32,675,1552
1512476557267476,1512476557269029,1048576,32768,32,675,1553
1512476557279956,1512476557281507,1048576,32768,32,676,1551
1512476557292457,1512476557294008,1048576,32768,32,676,1551
1512476557304843,1512476557306400,1048576,32768,32,673,1557
1512476557317453,1512476557319009,1048576,32768,32,673,1556
1512476557329925,1512476557331476,1048576,32768,32,676,1551
1512476557342386,1512476557343939,1048576,32768,32,675,1553
1512476557354869,1512476557356416,1048576,32768,32,677,1547
1512476557367342,1512476557368896,1048576,32768,32,674,1554
1512476557379805,1512476557381353,1048576,32768,32,677,1548
1512476557392240,1512476557393790,1048576,32768,32,676,1550
1512476557404721,1512476557406266,1048576,32768,32,678,1545
1512476557417126,1512476557418677,1048576,32768,32,676,1551
1512476557429639,1512476557431186,1048576,32768,32,677,1547
1512476557442146,1512476557443695,1048576,32768,32,676,1549
1512476557454580,1512476557456124,1048576,32768,32,679,1544
1512476557467093,1512476557468640,1048576,32768,32,677,1547
1512476557479578,1512476557481121,1048576,32768,32,679,1543
1512476557492187,1512476557493737,1048576,32768,32,676,1550
1512476557504671,1512476557506220,1048576,32768,32,676,1549
1512476557517077,1512476557518627,1048576,32768,32,676,1550
1512476557529533,1512476557531082,1048576,32768,32,676,1549
1512476557542212,1512476557543762,1048576,32768,32,676,1550
1512476557554714,1512476557556261,1048576,32768,32,677,1547
1512476557567142,1512476557568691,1048576,32768,32,676,1549
1512476557579560,1512476557581101,1048576,32768,32,680,1541
1512476557591983,1512476557593534,1048576,32768,32,676,1551
1512476557604539,1512476557606084,1048576,32768,32,678,1545
1512476557617149,1512476557618698,1048576,32768,32,676,1549
1512476557629546,1512476557631098,1048576,32768,32,675,1552
1512476557642024,1512476557643572,1048576,32768,32,677,1548
1512476557654563,1512476557656113,1048576,32768,32,676,1550
1512476557666962,1512476557668510,1048576,32768,32,677,1548
1512476557679521,1512476557681074,1048576,32768,32,675,1553
1512476557692102,1512476557693651,1048576,32768,32,676,1549
1512476557704753,1512476557706300,1048576,32768,32,677,1547
1512476557717237,1512476557718788,1048576,32768,32,676,1551
1512476557729720,1512476557731267,1048576,32768,32,677,1547
1512476557742211,1512476557743756,1048576,32768,32,678,1545
1512476557754608,1512476557756154,1048576,32768,32,678,1546
1512476557767013,1512476557768558,1048576,32768,32,678,1545
1512476557779533,1512476557781082,1048576,32768,32,676,1549
1512476557791997,1512476557793546,1048576,32768,32,676,1549
1512476557804531,1512476557806081,1048576,32768,32,676,1550
1512476557816964,1512476557818516,1048576,32768,32,675,1552
1512476557829519,1512476557831073,1048576,32768,32,674,1554
1512476557842146,1512476557843691,1048576,32768,32,678,1545
1512476557854597,1512476557856146,1048576,32768,32,676,1549
1512476557867140,1512476557868688,1048576,32768,32,677,1548
1512476557879520,1512476557881075,1048576,32768,32,674,1555
1512476557891985,1512476557893529,1048576,32768,32,679,1544
1512476557904435,1512476557905987,1048576,32768,32,675,1552
1512476557916943,1512476557918493,1048576,32768,32,676,1550
1512476557929531,1512476557931085,1048576,32768,32,674,1554
1512476557941980,1512476557943526,1048576,32768,32,678,1546
1512476557954452,1512476557956004,1048576,32768,32,675,1552
1512476557966981,1512476557968535,1048576,32768,32,674,1554
1512476557979416,1512476557980970,1048576,32768,32,674,1554
1512476557991902,1512476557993452,1048576,32768,32,676,1550
1512476558004537,1512476558006092,1048576,32768,32,674,1555
1512476558016985,1512476558018537,1048576,32768,32,675,1552
1512476558029589,1512476558031146,1048576,32768,32,673,1557
1512476558042083,1512476558043638,1048576,32768,32,674,1555
1512476558054565,1512476558056119,1048576,32768,32,674,1554
1512476558067079,1512476558068631,1048576,32768,32,675,1552
1512476558079652,1512476558081202,1048576,32768,32,676,1550
1512476558092115,1512476558093669,1048576,32768,32,674,1554
1512476558104679,1512476558106222,1048576,32768,32,679,1543
1512476558117184,1512476558118738,1048576,32768,32,674,1554
1512476558129697,1512476558131246,1048576,32768,32,676,1549
1512476558142166,1512476558143717,1048576,32768,32,676,1551
1512476558154734,1512476558156287,1048576,32768,32,675,1553
1512476558167286,1512476558168841,1048576,32768,32,674,1555
1512476558179799,1512476558181347,1048576,32768,32,677,1548
1512476558192417,1512476558193964,1048576,32768,32,677,1547
1512476558204913,1512476558206468,1048576,32768,32,674,1555
1512476558217425,1512476558218979,1048576,32768,32,674,1554
1512476558230008,1512476558231562,1048576,32768,32,674,1554
1512476558242480,1512476558244035,1048576,32768,32,674,1555
1512476558254962,1512476558256514,1048576,32768,32,675,1552
1512476558267421,1512476558268978,1048576,32768,32,673,1557
1512476558279930,1512476558281480,1048576,32768,32,676,1550
1512476558292392,1512476558293943,1048576,32768,32,676,1551
1512476558304844,1512476558306386,1048576,32768,32,680,1542
1512476558317418,1512476558318970,1048576,32768,32,675,1552
1512476558329915,1512476558331461,1048576,32768,32,678,1546
1512476558342370,1512476558343918,1048576,32768,32,677,1548
1512476558354792,1512476558356344,1048576,32768,32,675,1552
1512476558367236,1512476558368788,1048576,32768,32,675,1552
1512476558379700,1512476558381244,1048576,32768,32,679,1544
1512476558392128,1512476558393677,1048576,32768,32,676,1549
1512476558404550,1512476558406090,1048576,32768,32,680,1540
1512476558416961,1512476558418514,1048576,32768,32,675,1553
1512476558429432,1512476558430988,1048576,32768,32,673,1556
1512476558441981,1512476558443533,1048576,32768,32,675,1552
1512476558454513,1512476558456068,1048576,32768,32,674,1555
1512476558467015,1512476558468565,1048576,32768,32,676,1550
1512476558479606,1512476558481162,1048576,32768,32,673,1556
1512476558492022,1512476558493572,1048576,32768,32,676,1550
1512476558504475,1512476558506026,1048576,32768,32,676,1551
1512476558516931,1512476558518487,1048576,32768,32,673,1556
1512476558529418,1512476558530962,1048576,32768,32,679,1544
1512476558541951,1512476558543493,1048576,32768,32,680,1542
1512476558554647,1512476558556196,1048576,32768,32,676,1549
1512476558567066,1512476558568615,1048576,32768,32,676,1549
1512476558579451,1512476558581005,1048576,32768,32,674,1554
1512476558591858,1512476558593403,1048576,32768,32,678,1545
1512476558604242,1512476558605787,1048576,32768,32,678,1545
1512476558616645,1512476558618191,1048576,32768,32,678,1546
1512476558629177,1512476558630723,1048576,32768,32,678,1546
1512476558641757,1512476558643305,1048576,32768,32,677,1548
1512476558654283,1512476558655830,1048576,32768,32,677,1547
1512476558666868,1512476558668422,1048576,32768,32,674,1554
1512476558679280,1512476558680830,1048576,32768,32,676,1550
1512476558691808,1512476558693359,1048576,32768,32,676,1551
1512476558704233,1512476558705780,1048576,32768,32,677,1547
1512476558716756,1512476558718304,1048576,32768,32,677,1548
1512476558729212,1512476558730767,1048576,32768,32,674,1555
1512476558741667,1512476558743215,1048576,32768,32,677,1548
1512476558754203,1512476558755751,1048576,32768,32,677,1548
1512476558766641,1512476558768189,1048576,32768,32,677,1548
1512476558779292,1512476558780845,1048576,32768,32,675,1553
1512476558791720,1512476558793274,1048576,32768,32,674,1554
1512476558804187,1512476558805742,1048576,32768,32,674,1555
1512476558816708,1512476558818257,1048576,32768,32,676,1549
1512476558829179,1512476558830731,1048576,32768,32,675,1552
1512476558841615,1512476558843165,1048576,32768,32,676,1550
1512476558854043,1512476558855587,1048576,32768,32,679,1544
1512476558866619,1512476558868166,1048576,32768,32,677,1547
1512476558879196,1512476558880744,1048576,32768,32,677,1548
1512476558891670,1512476558893222,1048576,32768,32,675,1552
1512476558904084,1512476558905631,1048576,32768,32,677,1547
1512476558916516,1512476558918071,1048576,32768,32,674,1555
1512476558928952,1512476558930496,1048576,32768,32,679,1544
1512476558941378,1512476558942925,1048576,32768,32,677,1547
1512476558953819,1512476558955368,1048576,32768,32,676,1549
1512476558966283,1512476558967838,1048576,32768,32,674,1555
1512476558978702,1512476558980255,1048576,32768,32,675,1553
1512476558991136,1512476558992688,1048576,32768,32,675,1552
1512476559003614,1512476559005167,1048576,32768,32,675,1553
1512476559016087,1512476559017639,1048576,32768,32,675,1552
1512476559028665,1512476559030211,1048576,32768,32,678,1546
1512476559041100,1512476559042650,1048576,32768,32,676,1550
1512476559053609,1512476559055159,1048576,32768,32,676,1550
1512476559066054,1512476559067599,1048576,32768,32,678,1545
1512476559078623,1512476559080169,1048576,32768,32,678,1546
1512476559091049,1512476559092601,1048576,32768,32,675,1552
1512476559103499,1512476559105051,1048576,32768,32,675,1552
1512476559115953,1512476559117488,1048576,32768,32,683,1535
1512476559128376,1512476559129927,1048576,32768,32,676,1551
1512476559140802,1512476559142348,1048576,32768,32,678,1546
1512476559153185,1512476559154731,1048576,32768,32,678,1546
1512476559165678,1512476559167229,1048576,32768,32,676,1551
1512476559178098,1512476559179649,1048576,32768,32,676,1551
1512476559190648,1512476559192196,1048576,32768,32,677,1548
1512476559203045,1512476559204596,1048576,32768,32,676,1551
1512476559215440,1512476559216994,1048576,32768,32,674,1554
1512476559227905,1512476559229458,1048576,32768,32,675,1553
1512476559240392,1512476559241938,1048576,32768,32,678,1546
1512476559252841,1512476559254390,1048576,32768,32,676,1549
1512476559265330,1512476559266876,1048576,32768,32,678,1546
1512476559277804,1512476559279356,1048576,32768,32,675,1552
1512476559290313,1512476559291865,1048576,32768,32,675,1552
1512476559302905,1512476559304457,1048576,32768,32,675,1552
1512476559315393,1512476559316947,1048576,32768,32,674,1554
1512476559327937,1512476559329484,1048576,32768,32,677,1547
1512476559340441,1512476559341991,1048576,32768,32,676,1550
1512476559352902,1512476559354449,1048576,32768,32,677,1547
1512476559365347,1512476559366896,1048576,32768,32,676,1549
1512476559377749,1512476559379297,1048576,32768,32,677,1548
1512476559390174,1512476559391730,1048576,32768,32,673,1556
1512476559402587,1512476559404137,1048576,32768,32,676,1550
1512476559415038,1512476559416589,1048576,32768,32,676,1551
1512476559427472,1512476559429022,1048576,32768,32,676,1550
1512476559439938,1512476559441489,1048576,32768,32,676,1551
1512476559452397,1512476559453942,1048576,32768,32,678,1545
1512476559464856,1512476559466410,1048576,32768,32,674,1554
1512476559477313,1512476559478866,1048576,32768,32,675,1553
1512476559489812,1512476559491359,1048576,32768,32,677,1547
1512476559502263,1512476559503807,1048576,32768,32,679,1544
1512476559514700,1512476559516251,1048576,32768,32,676,1551
1512476559527114,1512476559528670,1048576,32768,32,673,1556
1512476559539543,1512476559541092,1048576,32768,32,676,1549
1512476559552132,1512476559553686,1048576,32768,32,674,1554
1512476559564589,1512476559566141,1048576,32768,32,675,1552
1512476559577048,1512476559578597,1048576,32768,32,676,1549
1512476559589460,1512476559591010,1048576,32768,32,676,1550
1512476559601903,1512476559603449,1048576,32768,32,678,1546
1512476559614376,1512476559615920,1048576,32768,32,679,1544
1512476559626839,1512476559628386,1048576,32768,32,677,1547
1512476559639256,1512476559640810,1048576,32768,32,674,1554
1512476559651756,1512476559653302,1048576,32768,32,678,1546
1512476559664259,1512476559665807,1048576,32768,32,677,1548
1512476559676666,1512476559678217,1048576,32768,32,676,1551
1512476559689130,1512476559690677,1048576,32768,32,677,1547
1512476559701636,1512476559703184,1048576,32768,32,677,1548
1512476559714104,1512476559715651,1048576,32768,32,677,1547
1512476559726542,1512476559728087,1048576,32768,32,678,1545
1512476559738996,1512476559740545,1048576,32768,32,676,1549
1512476559751439,1512476559752991,1048576,32768,32,675,1552
1512476559763883,1512476559765428,1048576,32768,32,678,1545
1512476559776306,1512476559777846,1048576,32768,32,680,1540
1512476559788816,1512476559790364,1048576,32768,32,677,1548
1512476559801307,1512476559802858,1048576,32768,32,676,1551
1512476559813889,1512476559815428,1048576,32768,32,681,1539
1512476559826479,1512476559828030,1048576,32768,32,676,1551
1512476559839027,1512476559840576,1048576,32768,32,676,1549
1512476559851598,1512476559853148,1048576,32768,32,676,1550
1512476559864061,1512476559865616,1048576,32768,32,674,1555
1512476559876622,1512476559878172,1048576,32768,32,676,1550
1512476559889047,1512476559890592,1048576,32768,32,678,1545
1512476559901462,1512476559903014,1048576,32768,32,675,1552
1512476559913984,1512476559915537,1048576,32768,32,675,1553
1512476559926433,1512476559927983,1048576,32768,32,676,1550
1512476559938910,1512476559940461,1048576,32768,32,676,1551
1512476559951342,1512476559952895,1048576,32768,32,675,1553
1512476559963868,1512476559965414,1048576,32768,32,678,1546
1512476559976258,1512476559977807,1048576,32768,32,676,1549
1512476559988713,1512476559990260,1048576,32768,32,677,1547
1512476560001338,1512476560002887,1048576,32768,32,676,1549
1512476560013781,1512476560015333,1048576,32768,32,675,1552
1512476560026281,1512476560027831,1048576,32768,32,676,1550
1512476560038808,1512476560040355,1048576,32768,32,677,1547
1512476560051266,1512476560052815,1048576,32768,32,676,1549
1512476560063683,1512476560065230,1048576,32768,32,677,1547
1512476560076085,1512476560077633,1048576,32768,32,677,1548
1512476560088642,1512476560090192,1048576,32768,32,676,1550
1512476560101135,1512476560102681,1048576,32768,32,678,1546
1512476560113670,1512476560115218,1048576,32768,32,677,1548
1512476560126105,1512476560127656,1048576,32768,32,676,1551
1512476560138625,1512476560140176,1048576,32768,32,676,1551
1512476560151116,1512476560152664,1048576,32768,32,677,1548
1512476560163612,1512476560165160,1048576,32768,32,677,1548
1512476560176046,1512476560177592,1048576,32768,32,678,1546
1512476560188472,1512476560190021,1048576,32768,32,676,1549
1512476560200892,1512476560202440,1048576,32768,32,677,1548
1512476560213370,1512476560214918,1048576,32768,32,677,1548
1512476560225791,1512476560227338,1048576,32768,32,677,1547
1512476560238262,1512476560239812,1048576,32768,32,676,1550
1512476560250773,1512476560252325,1048576,32768,32,675,1552
1512476560263218,1512476560264766,1048576,32768,32,677,1548
1512476560275654,1512476560277203,1048576,32768,32,676,1549
1512476560288325,1512476560289871,1048576,32768,32,678,1546
1512476560300866,1512476560302412,1048576,32768,32,678,1546
1512476560313317,1512476560314864,1048576,32768,32,677,1547
1512476560325700,1512476560327249,1048576,32768,32,676,1549
1512476560338274,1512476560339824,1048576,32768,32,676,1550
1512476560350687,1512476560352237,1048576,32768,32,676,1550
1512476560363138,1512476560364686,1048576,32768,32,677,1548
1512476560375580,1512476560377126,1048576,32768,32,678,1546
1512476560388051,1512476560389597,1048576,32768,32,678,1546
1512476560400578,1512476560402126,1048576,32768,32,677,1548
1512476560413015,1512476560414563,1048576,32768,32,677,1548
1512476560425405,1512476560426954,1048576,32768,32,676,1549
1512476560437846,1512476560439396,1048576,32768,32,676,1550
1512476560450330,1512476560451883,1048576,32768,32,675,1553
1512476560462800,1512476560464350,1048576,32768,32,676,1550
1512476560475271,1512476560476819,1048576,32768,32,677,1548
1512476560487691,1512476560489240,1048576,32768,32,676,1549
1512476560500127,1512476560501675,1048576,32768,32,677,1548
1512476560512674,1512476560514224,1048576,32768,32,676,1550
1512476560525180,1512476560526725,1048576,32768,32,678,1545
1512476560537646,1512476560539201,1048576,32768,32,674,1555
