1512529960114165,1512529960126515,67108864,8388608,8,5433,12350
1512529960619823,1512529960632245,67108864,8388608,8,5402,12422
1512529961125704,1512529961138168,67108864,8388608,8,5384,12464
1512529961631450,1512529961643793,67108864,8388608,8,5436,12343
1512529962137129,1512529962149586,67108864,8388608,8,5387,12457
1512529962642708,1512529962655223,67108864,8388608,8,5362,12515
1512529963148578,1512529963161022,67108864,8388608,8,5392,12444
1512529963654202,1512529963666618,67108864,8388608,8,5405,12416
1512529964159915,1512529964172395,67108864,8388608,8,5377,12480
1512529964665819,1512529964678260,67108864,8388608,8,5394,12441
1512529965170628,1512529965182984,67108864,8388608,8,5431,12356
1512529965675460,1512529965687962,67108864,8388608,8,5367,12502
1512529966180414,1512529966192818,67108864,8388608,8,5410,12404
1512529966685134,1512529966697636,67108864,8388608,8,5367,12502
1512529967189955,1512529967202404,67108864,8388608,8,5390,12449
1512529967694954,1512529967707366,67108864,8388608,8,5406,12412
1512529968200017,1512529968212408,67108864,8388608,8,5415,12391
1512529968705437,1512529968717902,67108864,8388608,8,5383,12465
1512529969210537,1512529969223028,67108864,8388608,8,5372,12491
1512529969716006,1512529969728485,67108864,8388608,8,5377,12479
1512529970221452,1512529970233883,67108864,8388608,8,5398,12431
1512529970727120,1512529970739531,67108864,8388608,8,5407,12411
1512529971232957,1512529971245345,67108864,8388608,8,5417,12388
1512529971738546,1512529971750995,67108864,8388608,8,5390,12449
1512529972244053,1512529972256515,67108864,8388608,8,5385,12462
1512529972749666,1512529972762030,67108864,8388608,8,5427,12364
1512529973255278,1512529973267684,67108864,8388608,8,5409,12406
1512529973761009,1512529973773519,67108864,8388608,8,5364,12510
1512529974266963,1512529974279448,67108864,8388608,8,5375,12485
1512529974772806,1512529974785310,67108864,8388608,8,5366,12504
1512529975278349,1512529975290787,67108864,8388608,8,5395,12438
1512529975783905,1512529975796386,67108864,8388608,8,5376,12481
1512529976289552,1512529976301935,67108864,8388608,8,5419,12383
1512529976795143,1512529976807625,67108864,8388608,8,5376,12482
1512529977300862,1512529977313292,67108864,8388608,8,5398,12430
1512529977807240,1512529977819698,67108864,8388608,8,5386,12458
1512529978312885,1512529978325269,67108864,8388608,8,5418,12384
1512529978818486,1512529978830929,67108864,8388608,8,5393,12443
1512529979324127,1512529979336550,67108864,8388608,8,5401,12423
1512529979829569,1512529979842081,67108864,8388608,8,5363,12512
1512529980335517,1512529980347881,67108864,8388608,8,5427,12364
1512529980841027,1512529980853426,67108864,8388608,8,5412,12399
1512529981346451,1512529981358930,67108864,8388608,8,5377,12479
1512529981852158,1512529981864544,67108864,8388608,8,5418,12386
1512529982357866,1512529982370268,67108864,8388608,8,5411,12402
1512529982863399,1512529982875901,67108864,8388608,8,5367,12502
1512529983369347,1512529983381788,67108864,8388608,8,5394,12441
1512529983875095,1512529983887536,67108864,8388608,8,5394,12441
1512529984380599,1512529984393057,67108864,8388608,8,5386,12458
1512529984886225,1512529984898714,67108864,8388608,8,5373,12489
1512529985391982,1512529985404476,67108864,8388608,8,5371,12494
1512529985897749,1512529985910201,67108864,8388608,8,5389,12452
1512529986403486,1512529986415958,67108864,8388608,8,5380,12472
1512529986909277,1512529986921763,67108864,8388608,8,5374,12486
1512529987415350,1512529987427810,67108864,8388608,8,5385,12460
1512529987920859,1512529987933298,67108864,8388608,8,5395,12439
1512529988426538,1512529988439040,67108864,8388608,8,5367,12502
1512529988932034,1512529988944482,67108864,8388608,8,5391,12448
1512529989437866,1512529989450265,67108864,8388608,8,5412,12399
1512529989943679,1512529989956170,67108864,8388608,8,5372,12491
1512529990449294,1512529990461696,67108864,8388608,8,5411,12402
1512529990955129,1512529990967590,67108864,8388608,8,5385,12461
1512529991460974,1512529991473386,67108864,8388608,8,5406,12412
1512529991966554,1512529991978917,67108864,8388608,8,5428,12363
1512529992472274,1512529992484711,67108864,8388608,8,5395,12437
1512529992977755,1512529992990178,67108864,8388608,8,5401,12423
1512529993483211,1512529993495605,67108864,8388608,8,5414,12394
1512529993988685,1512529994001080,67108864,8388608,8,5414,12395
1512529994493530,1512529994505932,67108864,8388608,8,5411,12402
1512529994998865,1512529995011353,67108864,8388608,8,5373,12488
1512529995504252,1512529995516659,67108864,8388608,8,5408,12407
1512529996009696,1512529996022203,67108864,8388608,8,5365,12507
1512529996515445,1512529996527937,67108864,8388608,8,5372,12492
1512529997021266,1512529997033756,67108864,8388608,8,5373,12490
1512529997526950,1512529997539427,67108864,8388608,8,5378,12477
1512529998032698,1512529998045152,67108864,8388608,8,5388,12454
1512529998538156,1512529998550555,67108864,8388608,8,5412,12399
1512529999043689,1512529999056203,67108864,8388608,8,5362,12514
1512529999549536,1512529999561934,67108864,8388608,8,5412,12398
1512530000055222,1512530000067648,67108864,8388608,8,5400,12426
1512530000560813,1512530000573275,67108864,8388608,8,5385,12462
1512530001066480,1512530001078949,67108864,8388608,8,5382,12469
1512530001572015,1512530001584478,67108864,8388608,8,5384,12463
1512530002077648,1512530002090156,67108864,8388608,8,5365,12508
1512530002583534,1512530002595931,67108864,8388608,8,5413,12397
1512530003089061,1512530003101579,67108864,8388608,8,5360,12518
1512530003594747,1512530003607139,67108864,8388608,8,5415,12392
1512530004100561,1512530004113033,67108864,8388608,8,5380,12472
1512530004606102,1512530004618400,67108864,8388608,8,5456,12298
1512530005111797,1512530005124242,67108864,8388608,8,5392,12445
1512530005617409,1512530005629928,67108864,8388608,8,5360,12519
1512530006123290,1512530006135735,67108864,8388608,8,5392,12445
1512530006628836,1512530006641338,67108864,8388608,8,5367,12502
1512530007134408,1512530007146894,67108864,8388608,8,5374,12486
1512530007640028,1512530007652421,67108864,8388608,8,5415,12393
1512530008145623,1512530008158113,67108864,8388608,8,5373,12490
1512530008651997,1512530008664448,67108864,8388608,8,5389,12451
1512530009157610,1512530009169985,67108864,8388608,8,5422,12375
1512530009663355,1512530009675824,67108864,8388608,8,5382,12469
1512530010169010,1512530010181522,67108864,8388608,8,5363,12512
1512530010674981,1512530010687461,67108864,8388608,8,5377,12480
1512530011180653,1512530011193210,67108864,8388608,8,5344,12557
1512530011686776,1512530011699194,67108864,8388608,8,5404,12418
1512530012192458,1512530012204822,67108864,8388608,8,5427,12364
1512530012698004,1512530012710477,67108864,8388608,8,5380,12473
1512530013203738,1512530013216141,67108864,8388608,8,5410,12403
1512530013709455,1512530013721929,67108864,8388608,8,5379,12474
1512530014215272,1512530014227733,67108864,8388608,8,5385,12461
1512530014720803,1512530014733283,67108864,8388608,8,5377,12480
1512530015226692,1512530015239185,67108864,8388608,8,5371,12493
1512530015732381,1512530015744902,67108864,8388608,8,5359,12521
1512530016238059,1512530016250507,67108864,8388608,8,5391,12448
1512530016743731,1512530016756232,67108864,8388608,8,5368,12501
1512530017249525,1512530017262026,67108864,8388608,8,5368,12501
1512530017755383,1512530017767711,67108864,8388608,8,5443,12328
1512530018260771,1512530018273232,67108864,8388608,8,5385,12461
1512530018766445,1512530018778953,67108864,8388608,8,5365,12508
1512530019272424,1512530019284857,67108864,8388608,8,5397,12433
1512530019778141,1512530019790562,67108864,8388608,8,5402,12421
1512530020283871,1512530020296374,67108864,8388608,8,5367,12503
1512530020789400,1512530020801829,67108864,8388608,8,5399,12429
1512530021295011,1512530021307443,67108864,8388608,8,5398,12432
1512530021800945,1512530021813388,67108864,8388608,8,5393,12443
1512530022306580,1512530022319066,67108864,8388608,8,5374,12486
1512530022812257,1512530022824606,67108864,8388608,8,5434,12349
1512530023318061,1512530023330553,67108864,8388608,8,5372,12492
1512530023823639,1512530023836163,67108864,8388608,8,5358,12524
1512530024329352,1512530024341873,67108864,8388608,8,5359,12521
1512530024834880,1512530024847221,67108864,8388608,8,5437,12341
1512530025340711,1512530025353228,67108864,8388608,8,5361,12517
1512530025846537,1512530025859021,67108864,8388608,8,5375,12484
1512530026352662,1512530026365104,67108864,8388608,8,5393,12442
1512530026858190,1512530026870646,67108864,8388608,8,5387,12456
1512530027363805,1512530027376254,67108864,8388608,8,5390,12449
1512530027869395,1512530027881799,67108864,8388608,8,5410,12404
1512530028375127,1512530028387559,67108864,8388608,8,5398,12432
1512530028880939,1512530028893393,67108864,8388608,8,5388,12454
1512530029386436,1512530029398910,67108864,8388608,8,5379,12474
1512530029892313,1512530029904807,67108864,8388608,8,5371,12494
1512530030398178,1512530030410695,67108864,8388608,8,5361,12517
1512530030903847,1512530030916299,67108864,8388608,8,5389,12452
1512530031409704,1512530031422141,67108864,8388608,8,5395,12437
1512530031915141,1512530031927467,67108864,8388608,8,5444,12326
1512530032420718,1512530032433023,67108864,8388608,8,5453,12305
1512530032926058,1512530032938584,67108864,8388608,8,5357,12526
1512530033431797,1512530033444200,67108864,8388608,8,5410,12403
1512530033937284,1512530033949710,67108864,8388608,8,5400,12426
1512530034442711,1512530034455132,67108864,8388608,8,5402,12421
1512530034948222,1512530034960643,67108864,8388608,8,5402,12421
1512530035453895,1512530035466309,67108864,8388608,8,5405,12414
1512530035959389,1512530035971851,67108864,8388608,8,5385,12462
1512530036465421,1512530036477748,67108864,8388608,8,5444,12327
1512530036970985,1512530036983377,67108864,8388608,8,5415,12392
1512530037476650,1512530037489053,67108864,8388608,8,5410,12403
1512530037982067,1512530037994514,67108864,8388608,8,5391,12447
1512530038487795,1512530038500195,67108864,8388608,8,5412,12400
1512530038993143,1512530039005541,67108864,8388608,8,5412,12398
1512530039498767,1512530039511246,67108864,8388608,8,5377,12479
1512530040004726,1512530040017232,67108864,8388608,8,5366,12506
1512530040510453,1512530040522883,67108864,8388608,8,5398,12430
1512530041016098,1512530041028539,67108864,8388608,8,5394,12441
1512530041521643,1512530041534146,67108864,8388608,8,5367,12503
1512530042027401,1512530042039755,67108864,8388608,8,5432,12354
1512530042532824,1512530042545296,67108864,8388608,8,5380,12472
1512530043038330,1512530043050776,67108864,8388608,8,5392,12446
1512530043544090,1512530043556495,67108864,8388608,8,5409,12405
1512530044049600,1512530044062096,67108864,8388608,8,5370,12496
1512530044555246,1512530044567757,67108864,8388608,8,5363,12511
1512530045061082,1512530045073497,67108864,8388608,8,5405,12415
1512530045566876,1512530045579141,67108864,8388608,8,5471,12265
1512530046072062,1512530046084472,67108864,8388608,8,5407,12410
1512530046577517,1512530046589953,67108864,8388608,8,5396,12436
1512530047082943,1512530047095376,67108864,8388608,8,5397,12433
1512530047588286,1512530047600697,67108864,8388608,8,5407,12411
1512530048093910,1512530048106387,67108864,8388608,8,5378,12477
1512530048599680,1512530048612163,67108864,8388608,8,5376,12483
1512530049105072,1512530049117375,67108864,8388608,8,5454,12303
1512530049610634,1512530049623056,67108864,8388608,8,5402,12422
1512530050115943,1512530050128418,67108864,8388608,8,5379,12475
1512530050621651,1512530050634106,67108864,8388608,8,5388,12455
1512530051127488,1512530051139893,67108864,8388608,8,5409,12405
1512530051633406,1512530051645805,67108864,8388608,8,5412,12399
1512530052139080,1512530052151556,67108864,8388608,8,5379,12476
1512530052645114,1512530052657554,67108864,8388608,8,5394,12440
1512530053150534,1512530053162989,67108864,8388608,8,5388,12455
1512530053656119,1512530053668543,67108864,8388608,8,5401,12424
1512530054161993,1512530054174431,67108864,8388608,8,5395,12438
1512530054667539,1512530054679991,67108864,8388608,8,5389,12452
1512530055173190,1512530055185646,67108864,8388608,8,5387,12456
1512530055678852,1512530055691285,67108864,8388608,8,5397,12433
1512530056184785,1512530056197197,67108864,8388608,8,5406,12412
1512530056690405,1512530056702847,67108864,8388608,8,5393,12442
1512530057196031,1512530057208537,67108864,8388608,8,5366,12506
1512530057701702,1512530057714142,67108864,8388608,8,5394,12440
1512530058207405,1512530058219848,67108864,8388608,8,5393,12443
1512530058712895,1512530058725270,67108864,8388608,8,5422,12375
1512530059218436,1512530059230929,67108864,8388608,8,5371,12493
1512530059724223,1512530059736722,67108864,8388608,8,5369,12499
1512530060230043,1512530060242482,67108864,8388608,8,5395,12439
1512530060735707,1512530060748190,67108864,8388608,8,5376,12483
1512530061241375,1512530061253820,67108864,8388608,8,5392,12445
1512530061747008,1512530061759512,67108864,8388608,8,5366,12504
1512530062252597,1512530062265120,67108864,8388608,8,5358,12523
1512530062758193,1512530062770644,67108864,8388608,8,5389,12451
1512530063264102,1512530063276561,67108864,8388608,8,5386,12459
1512530063769635,1512530063782043,67108864,8388608,8,5408,12408
1512530064275175,1512530064287683,67108864,8388608,8,5365,12508
1512530064780635,1512530064793017,67108864,8388608,8,5419,12382
1512530065286188,1512530065298681,67108864,8388608,8,5371,12493
1512530065791717,1512530065804206,67108864,8388608,8,5373,12489
1512530066297433,1512530066309952,67108864,8388608,8,5360,12519
1512530066803180,1512530066815525,67108864,8388608,8,5436,12345
1512530067308771,1512530067321173,67108864,8388608,8,5411,12402
1512530067814494,1512530067826947,67108864,8388608,8,5388,12453
1512530068320298,1512530068332799,67108864,8388608,8,5368,12501
1512530068826202,1512530068838604,67108864,8388608,8,5411,12402
1512530069332376,1512530069344802,67108864,8388608,8,5400,12426
1512530069838235,1512530069850693,67108864,8388608,8,5386,12458
1512530070343677,1512530070356005,67108864,8388608,8,5443,12328
1512530070849101,1512530070861566,67108864,8388608,8,5383,12465
1512530071354787,1512530071367136,67108864,8388608,8,5434,12349
1512530071860310,1512530071872826,67108864,8388608,8,5361,12516
1512530072365903,1512530072378273,67108864,8388608,8,5425,12370
1512530072871346,1512530072883865,67108864,8388608,8,5360,12519
1512530073376836,1512530073389327,67108864,8388608,8,5372,12491
1512530073882497,1512530073895007,67108864,8388608,8,5364,12510
1512530074388133,1512530074400482,67108864,8388608,8,5434,12349
1512530074893806,1512530074906151,67108864,8388608,8,5436,12345
1512530075399534,1512530075411994,67108864,8388608,8,5385,12460
1512530075905300,1512530075917734,67108864,8388608,8,5397,12434
1512530076410826,1512530076423236,67108864,8388608,8,5407,12410
1512530076916480,1512530076928982,67108864,8388608,8,5367,12502
1512530077422172,1512530077434612,67108864,8388608,8,5394,12440
1512530077927761,1512530077940198,67108864,8388608,8,5395,12437
1512530078433337,1512530078445753,67108864,8388608,8,5405,12416
1512530078939120,1512530078951544,67108864,8388608,8,5401,12424
1512530079444730,1512530079457210,67108864,8388608,8,5377,12480
1512530079950525,1512530079962957,67108864,8388608,8,5398,12432
1512530080456174,1512530080468662,67108864,8388608,8,5373,12488
1512530080961517,1512530080974042,67108864,8388608,8,5357,12525
1512530081467099,1512530081479490,67108864,8388608,8,5415,12391
1512530081972602,1512530081984972,67108864,8388608,8,5425,12370
1512530082478247,1512530082490671,67108864,8388608,8,5401,12424
1512530082984249,1512530082996662,67108864,8388608,8,5406,12413
1512530083490089,1512530083502582,67108864,8388608,8,5371,12493
1512530083995813,1512530084008267,67108864,8388608,8,5388,12454
1512530084501780,1512530084514234,67108864,8388608,8,5388,12454
1512530085007130,1512530085019664,67108864,8388608,8,5354,12534
1512530085512950,1512530085525419,67108864,8388608,8,5382,12469
1512530086019074,1512530086031583,67108864,8388608,8,5364,12509
1512530086524799,1512530086537315,67108864,8388608,8,5361,12516
1512530087030387,1512530087042874,67108864,8388608,8,5374,12487
1512530087536316,1512530087548799,67108864,8388608,8,5376,12483
1512530088041934,1512530088054462,67108864,8388608,8,5356,12528
1512530088547619,1512530088560067,67108864,8388608,8,5391,12448
1512530089053352,1512530089065728,67108864,8388608,8,5422,12376
1512530089559038,1512530089571391,67108864,8388608,8,5432,12353
1512530090064617,1512530090077054,67108864,8388608,8,5395,12437
1512530090570075,1512530090582514,67108864,8388608,8,5395,12439
1512530091075550,1512530091088004,67108864,8388608,8,5388,12454
1512530091581209,1512530091593675,67108864,8388608,8,5383,12466
1512530092086835,1512530092099206,67108864,8388608,8,5424,12371
1512530092592210,1512530092604702,67108864,8388608,8,5372,12492
1512530093097800,1512530093110271,67108864,8388608,8,5381,12471
1512530093603409,1512530093615853,67108864,8388608,8,5392,12444
1512530094108916,1512530094121360,67108864,8388608,8,5392,12444
1512530094614410,1512530094626816,67108864,8388608,8,5409,12406
1512530095120056,1512530095132491,67108864,8388608,8,5396,12435
1512530095625721,1512530095638176,67108864,8388608,8,5388,12455
1512530096131504,1512530096143926,67108864,8388608,8,5402,12422
1512530096637035,1512530096649510,67108864,8388608,8,5379,12475
1512530097142856,1512530097155274,67108864,8388608,8,5404,12418
1512530097648328,1512530097660772,67108864,8388608,8,5392,12444
1512530098153846,1512530098166287,67108864,8388608,8,5394,12441
1512530098659347,1512530098671801,67108864,8388608,8,5388,12454
1512530099165155,1512530099177542,67108864,8388608,8,5417,12387
1512530099670767,1512530099683119,67108864,8388608,8,5433,12352
1512530100176509,1512530100188863,67108864,8388608,8,5432,12354
1512530100682106,1512530100694471,67108864,8388608,8,5427,12365
1512530101187762,1512530101200237,67108864,8388608,8,5379,12475
1512530101693300,1512530101705679,67108864,8388608,8,5421,12379
1512530102198840,1512530102211278,67108864,8388608,8,5395,12438
1512530102704804,1512530102717267,67108864,8388608,8,5384,12463
1512530103210588,1512530103222967,67108864,8388608,8,5421,12379
1512530103716107,1512530103728521,67108864,8388608,8,5405,12414
1512530104221727,1512530104234106,67108864,8388608,8,5421,12379
1512530104727140,1512530104739588,67108864,8388608,8,5391,12448
1512530105232715,1512530105245166,67108864,8388608,8,5389,12451
1512530105738387,1512530105750813,67108864,8388608,8,5400,12426
1512530106243862,1512530106256342,67108864,8388608,8,5377,12480
1512530106749520,1512530106761927,67108864,8388608,8,5408,12407
1512530107255144,1512530107267576,67108864,8388608,8,5398,12432
1512530107760829,1512530107773339,67108864,8388608,8,5364,12510
1512530108266652,1512530108279059,67108864,8388608,8,5408,12407
1512530108772260,1512530108784688,67108864,8388608,8,5399,12428
1512530109278145,1512530109290586,67108864,8388608,8,5394,12441
1512530109783625,1512530109796151,67108864,8388608,8,5357,12526
1512530110289464,1512530110301880,67108864,8388608,8,5405,12416
1512530110795096,1512530110807548,67108864,8388608,8,5389,12452
1512530111300635,1512530111313028,67108864,8388608,8,5415,12393
1512530111806381,1512530111818791,67108864,8388608,8,5407,12410
1512530112312034,1512530112324456,67108864,8388608,8,5402,12422
1512530112817535,1512530112830025,67108864,8388608,8,5373,12490
1512530113323640,1512530113336022,67108864,8388608,8,5419,12382
1512530113829375,1512530113841845,67108864,8388608,8,5381,12470
1512530114335313,1512530114347735,67108864,8388608,8,5402,12422
1512530114840885,1512530114853353,67108864,8388608,8,5382,12468
1512530115346639,1512530115359123,67108864,8388608,8,5375,12484
1512530115852137,1512530115864559,67108864,8388608,8,5402,12422
1512530116357559,1512530116370014,67108864,8388608,8,5388,12455
1512530116863554,1512530116876041,67108864,8388608,8,5374,12487
1512530117369300,1512530117381653,67108864,8388608,8,5432,12353
1512530117874782,1512530117887172,67108864,8388608,8,5416,12390
1512530118380160,1512530118392446,67108864,8388608,8,5462,12286
1512530118885803,1512530118898242,67108864,8388608,8,5395,12439
1512530119391354,1512530119403745,67108864,8388608,8,5415,12391
1512530119896896,1512530119909304,67108864,8388608,8,5408,12408
1512530120402433,1512530120414839,67108864,8388608,8,5409,12406
1512530120908193,1512530120920573,67108864,8388608,8,5420,12380
1512530121413642,1512530121426058,67108864,8388608,8,5405,12416
1512530121919043,1512530121931517,67108864,8388608,8,5379,12474
1512530122424613,1512530122437090,67108864,8388608,8,5378,12477
1512530122930192,1512530122942644,67108864,8388608,8,5389,12452
1512530123435833,1512530123448226,67108864,8388608,8,5415,12393
1512530123941343,1512530123953707,67108864,8388608,8,5427,12364
1512530124446821,1512530124459245,67108864,8388608,8,5401,12424
1512530124952662,1512530124965168,67108864,8388608,8,5366,12506
1512530125458320,1512530125470744,67108864,8388608,8,5401,12424
1512530125963811,1512530125976217,67108864,8388608,8,5409,12406
1512530126469399,1512530126481842,67108864,8388608,8,5393,12443
1512530126974855,1512530126987262,67108864,8388608,8,5408,12407
1512530127480222,1512530127492671,67108864,8388608,8,5390,12449
1512530127985831,1512530127998226,67108864,8388608,8,5414,12395
1512530128491553,1512530128503991,67108864,8388608,8,5395,12438
1512530128996987,1512530129009362,67108864,8388608,8,5422,12375
1512530129502674,1512530129515078,67108864,8388608,8,5410,12404
1512530130008169,1512530130020577,67108864,8388608,8,5408,12408
1512530130513766,1512530130526237,67108864,8388608,8,5381,12471
1512530131019575,1512530131032032,67108864,8388608,8,5387,12457
1512530131525193,1512530131537680,67108864,8388608,8,5374,12487
1512530132031001,1512530132043377,67108864,8388608,8,5422,12376
1512530132536591,1512530132549020,67108864,8388608,8,5399,12429
1512530133042275,1512530133054711,67108864,8388608,8,5396,12436
1512530133547797,1512530133560243,67108864,8388608,8,5392,12446
1512530134053698,1512530134066147,67108864,8388608,8,5390,12449
1512530134569800,1512530134582250,67108864,8388608,8,5390,12450
1512530135075534,1512530135087981,67108864,8388608,8,5391,12447
1512530135581514,1512530135593953,67108864,8388608,8,5395,12439
1512530136087286,1512530136099766,67108864,8388608,8,5377,12480
1512530136593161,1512530136605641,67108864,8388608,8,5377,12480
1512530137098802,1512530137111216,67108864,8388608,8,5405,12414
1512530137604480,1512530137616929,67108864,8388608,8,5390,12449
1512530138110448,1512530138122832,67108864,8388608,8,5418,12384
1512530138616532,1512530138628970,67108864,8388608,8,5395,12438
1512530139122260,1512530139134722,67108864,8388608,8,5385,12462
1512530139628205,1512530139640630,67108864,8388608,8,5401,12425
1512530140133800,1512530140146215,67108864,8388608,8,5405,12415
1512530140639421,1512530140651903,67108864,8388608,8,5376,12482
1512530141145104,1512530141157581,67108864,8388608,8,5378,12477
1512530141650853,1512530141663242,67108864,8388608,8,5416,12389
1512530142156257,1512530142168582,67108864,8388608,8,5444,12325
1512530142662057,1512530142674514,67108864,8388608,8,5387,12457
1512530143167723,1512530143180192,67108864,8388608,8,5382,12469
1512530143673337,1512530143685651,67108864,8388608,8,5449,12314
1512530144181186,1512530144193677,67108864,8388608,8,5372,12491
1512530144687011,1512530144699479,67108864,8388608,8,5382,12468
1512530145192579,1512530145205011,67108864,8388608,8,5398,12432
1512530145698513,1512530145710952,67108864,8388608,8,5395,12439
1512530146204231,1512530146216684,67108864,8388608,8,5388,12453
1512530146710011,1512530146722341,67108864,8388608,8,5442,12330
1512530147215343,1512530147227743,67108864,8388608,8,5412,12400
1512530147721216,1512530147733604,67108864,8388608,8,5417,12388
1512530148226761,1512530148239182,67108864,8388608,8,5402,12421
1512530148732445,1512530148744786,67108864,8388608,8,5437,12341
1512530149237896,1512530149250343,67108864,8388608,8,5391,12447
1512530149743662,1512530149756074,67108864,8388608,8,5406,12412
1512530150249819,1512530150262303,67108864,8388608,8,5375,12484
1512530150755402,1512530150767768,67108864,8388608,8,5426,12366
1512530151261041,1512530151273463,67108864,8388608,8,5402,12422
1512530151766730,1512530151779171,67108864,8388608,8,5394,12441
1512530152272416,1512530152284814,67108864,8388608,8,5412,12398
1512530152778008,1512530152790413,67108864,8388608,8,5409,12405
1512530153283698,1512530153296120,67108864,8388608,8,5402,12422
1512530153789491,1512530153801887,67108864,8388608,8,5413,12396
1512530154295227,1512530154307584,67108864,8388608,8,5430,12357
1512530154801024,1512530154813502,67108864,8388608,8,5378,12478
1512530155307057,1512530155319526,67108864,8388608,8,5382,12469
1512530155812628,1512530155825110,67108864,8388608,8,5376,12482
1512530156318118,1512530156330526,67108864,8388608,8,5408,12408
1512530156824033,1512530156836499,67108864,8388608,8,5383,12466
1512530157329561,1512530157341960,67108864,8388608,8,5412,12399
1512530157835260,1512530157847657,67108864,8388608,8,5413,12397
1512530158340640,1512530158353049,67108864,8388608,8,5408,12409
1512530158846243,1512530158858649,67108864,8388608,8,5409,12406
1512530159351824,1512530159364313,67108864,8388608,8,5373,12489
1512530159857495,1512530159869963,67108864,8388608,8,5382,12468
1512530160363546,1512530160375893,67108864,8388608,8,5435,12347
1512530160869571,1512530160882030,67108864,8388608,8,5386,12459
1512530161375366,1512530161387849,67108864,8388608,8,5376,12483
1512530161881315,1512530161893720,67108864,8388608,8,5409,12405
1512530162387137,1512530162399620,67108864,8388608,8,5376,12483
1512530162893058,1512530162905539,67108864,8388608,8,5376,12481
1512530163399210,1512530163411668,67108864,8388608,8,5386,12458
1512530163904844,1512530163917154,67108864,8388608,8,5451,12310
1512530164410853,1512530164423201,67108864,8388608,8,5434,12348
1512530164916513,1512530164928878,67108864,8388608,8,5427,12365
1512530165422153,1512530165434559,67108864,8388608,8,5409,12406
1512530165927760,1512530165940217,67108864,8388608,8,5387,12457
1512530166433572,1512530166445984,67108864,8388608,8,5406,12412
1512530166939634,1512530166952057,67108864,8388608,8,5401,12423
1512530167445570,1512530167457963,67108864,8388608,8,5415,12393
1512530167950990,1512530167963265,67108864,8388608,8,5467,12275
1512530168456687,1512530168469093,67108864,8388608,8,5409,12406
1512530168962294,1512530168974714,67108864,8388608,8,5403,12420
1512530169469460,1512530169481863,67108864,8388608,8,5410,12403
1512530169987146,1512530169999529,67108864,8388608,8,5419,12383
1512530170502549,1512530170514982,67108864,8388608,8,5397,12433
1512530171008132,1512530171020608,67108864,8388608,8,5379,12476
1512530171513887,1512530171526329,67108864,8388608,8,5393,12442
1512530172019533,1512530172031875,67108864,8388608,8,5437,12342
1512530172525232,1512530172537566,67108864,8388608,8,5440,12334
1512530173030992,1512530173043357,67108864,8388608,8,5427,12365
1512530173536551,1512530173548871,67108864,8388608,8,5447,12320
1512530174042147,1512530174054569,67108864,8388608,8,5402,12422
1512530174547614,1512530174560098,67108864,8388608,8,5375,12484
1512530175053148,1512530175065590,67108864,8388608,8,5393,12442
1512530175559019,1512530175571386,67108864,8388608,8,5426,12367
1512530176065160,1512530176077560,67108864,8388608,8,5412,12400
1512530176570675,1512530176583141,67108864,8388608,8,5383,12466
1512530177076565,1512530177089016,67108864,8388608,8,5389,12451
1512530177582437,1512530177594922,67108864,8388608,8,5375,12485
1512530178088119,1512530178100531,67108864,8388608,8,5406,12412
1512530178594030,1512530178606423,67108864,8388608,8,5415,12393
1512530179099954,1512530179112407,67108864,8388608,8,5388,12453
1512530179605752,1512530179618189,67108864,8388608,8,5395,12437
1512530180111281,1512530180123726,67108864,8388608,8,5392,12445
1512530180617223,1512530180629638,67108864,8388608,8,5405,12415
1512530181123037,1512530181135482,67108864,8388608,8,5392,12445
1512530181628492,1512530181640861,67108864,8388608,8,5425,12369
1512530182134045,1512530182146477,67108864,8388608,8,5398,12432
1512530182639570,1512530182652053,67108864,8388608,8,5376,12483
1512530183145165,1512530183157616,67108864,8388608,8,5389,12451
1512530183650765,1512530183663209,67108864,8388608,8,5392,12444
1512530184156459,1512530184168904,67108864,8388608,8,5392,12445
1512530184662083,1512530184674433,67108864,8388608,8,5433,12350
1512530185167598,1512530185180059,67108864,8388608,8,5385,12461
1512530185673411,1512530185685798,67108864,8388608,8,5417,12387
1512530186179059,1512530186191481,67108864,8388608,8,5402,12422
1512530186684496,1512530186696922,67108864,8388608,8,5400,12426
1512530187190416,1512530187202917,67108864,8388608,8,5368,12501
1512530187696088,1512530187708445,67108864,8388608,8,5430,12357
1512530188201632,1512530188214034,67108864,8388608,8,5411,12402
1512530188707206,1512530188719593,67108864,8388608,8,5417,12387
1512530189212895,1512530189225337,67108864,8388608,8,5393,12442
1512530189718694,1512530189731168,67108864,8388608,8,5379,12474
1512530190224159,1512530190236640,67108864,8388608,8,5376,12481
1512530190729826,1512530190742249,67108864,8388608,8,5401,12423
1512530191235147,1512530191247626,67108864,8388608,8,5377,12479
1512530191741160,1512530191753524,67108864,8388608,8,5427,12364
1512530192246695,1512530192259147,67108864,8388608,8,5389,12452
1512530192752287,1512530192764691,67108864,8388608,8,5410,12404
1512530193257800,1512530193270294,67108864,8388608,8,5371,12494
1512530193763881,1512530193776343,67108864,8388608,8,5385,12462
1512530194269688,1512530194282104,67108864,8388608,8,5405,12416
1512530194775637,1512530194788080,67108864,8388608,8,5393,12443
1512530195281111,1512530195293597,67108864,8388608,8,5374,12486
1512530195786978,1512530195799380,67108864,8388608,8,5411,12402
1512530196292612,1512530196305111,67108864,8388608,8,5369,12499
1512530196798295,1512530196810725,67108864,8388608,8,5398,12430
1512530197304123,1512530197316531,67108864,8388608,8,5408,12408
1512530197810103,1512530197822483,67108864,8388608,8,5420,12380
1512530198316071,1512530198328551,67108864,8388608,8,5377,12480
1512530198821686,1512530198834145,67108864,8388608,8,5386,12459
1512530199327441,1512530199339939,67108864,8388608,8,5369,12498
1512530199833117,1512530199845492,67108864,8388608,8,5422,12375
1512530200338845,1512530200351269,67108864,8388608,8,5401,12424
1512530200844218,1512530200856708,67108864,8388608,8,5373,12490
1512530201349762,1512530201362162,67108864,8388608,8,5412,12400
1512530201855328,1512530201867854,67108864,8388608,8,5357,12526
1512530202360905,1512530202373377,67108864,8388608,8,5380,12472
1512530202866510,1512530202878947,67108864,8388608,8,5395,12437
1512530203372150,1512530203384456,67108864,8388608,8,5453,12306
1512530203877609,1512530203890092,67108864,8388608,8,5376,12483
1512530204383261,1512530204395679,67108864,8388608,8,5404,12418
1512530204888711,1512530204901075,67108864,8388608,8,5427,12364
1512530205394506,1512530205406942,67108864,8388608,8,5396,12436
1512530205900084,1512530205912563,67108864,8388608,8,5377,12479
1512530206405652,1512530206418160,67108864,8388608,8,5365,12508
1512530206911371,1512530206923731,67108864,8388608,8,5429,12360
1512530207416688,1512530207429134,67108864,8388608,8,5392,12446
1512530207922172,1512530207934615,67108864,8388608,8,5393,12443
1512530208427996,1512530208440467,67108864,8388608,8,5381,12471
1512530208933800,1512530208946256,67108864,8388608,8,5387,12456
1512530209439323,1512530209451750,67108864,8388608,8,5400,12427
1512530209944830,1512530209957316,67108864,8388608,8,5374,12486
1512530210450768,1512530210463185,67108864,8388608,8,5404,12417
1512530210956405,1512530210968842,67108864,8388608,8,5395,12437
1512530211462038,1512530211474469,67108864,8388608,8,5398,12431
1512530211967553,1512530211980066,67108864,8388608,8,5363,12513
1512530212473129,1512530212485560,67108864,8388608,8,5398,12431
1512530212978909,1512530212991390,67108864,8388608,8,5376,12481
1512530213484521,1512530213496828,67108864,8388608,8,5452,12307
1512530213990122,1512530214002344,67108864,8388608,8,5490,12222
1512530214495604,1512530214508091,67108864,8388608,8,5374,12487
1512530215001074,1512530215013501,67108864,8388608,8,5400,12427
1512530215506978,1512530215519433,67108864,8388608,8,5388,12455
1512530216012589,1512530216025063,67108864,8388608,8,5379,12474
1512530216518727,1512530216531077,67108864,8388608,8,5433,12350
1512530217024181,1512530217036536,67108864,8388608,8,5431,12355
1512530217529983,1512530217542393,67108864,8388608,8,5407,12410
1512530218035532,1512530218047944,67108864,8388608,8,5406,12412
1512530218541443,1512530218553872,67108864,8388608,8,5399,12429
1512530219047107,1512530219059558,67108864,8388608,8,5389,12451
1512530219552816,1512530219565105,67108864,8388608,8,5460,12289
1512530220058528,1512530220070933,67108864,8388608,8,5409,12405
1512530220564303,1512530220576739,67108864,8388608,8,5396,12436
1512530221070242,1512530221082639,67108864,8388608,8,5413,12397
1512530221576472,1512530221588846,67108864,8388608,8,5423,12374
1512530222082285,1512530222094688,67108864,8388608,8,5410,12403
1512530222588286,1512530222600731,67108864,8388608,8,5392,12445
1512530223094071,1512530223106524,67108864,8388608,8,5388,12453
1512530223599788,1512530223612213,67108864,8388608,8,5401,12425
1512530224105443,1512530224117913,67108864,8388608,8,5381,12470
1512530224611469,1512530224623856,67108864,8388608,8,5417,12387
1512530225117239,1512530225129671,67108864,8388608,8,5398,12432
1512530225622856,1512530225635177,67108864,8388608,8,5446,12321
1512530226128816,1512530226141197,67108864,8388608,8,5420,12381
1512530226635051,1512530226647329,67108864,8388608,8,5465,12278
1512530227140711,1512530227153071,67108864,8388608,8,5429,12360
1512530227646491,1512530227658900,67108864,8388608,8,5408,12409
1512530228152213,1512530228164668,67108864,8388608,8,5388,12455
1512530228658090,1512530228670459,67108864,8388608,8,5425,12369
1512530229163931,1512530229176397,67108864,8388608,8,5383,12466
1512530229669821,1512530229682189,67108864,8388608,8,5426,12368
1512530230175781,1512530230188214,67108864,8388608,8,5397,12433
1512530230681941,1512530230694337,67108864,8388608,8,5413,12396
1512530231187732,1512530231200165,67108864,8388608,8,5397,12433
1512530231693896,1512530231706342,67108864,8388608,8,5392,12446
1512530232199536,1512530232212018,67108864,8388608,8,5376,12482
1512530232705430,1512530232717904,67108864,8388608,8,5379,12474
1512530233211174,1512530233223668,67108864,8388608,8,5371,12494
1512530233717235,1512530233729628,67108864,8388608,8,5415,12393
1512530234223196,1512530234235607,67108864,8388608,8,5407,12411
1512530234729498,1512530234741873,67108864,8388608,8,5422,12375
1512530235235525,1512530235247964,67108864,8388608,8,5395,12439
1512530235741785,1512530235754228,67108864,8388608,8,5393,12443
1512530236247712,1512530236260128,67108864,8388608,8,5405,12416
1512530236753504,1512530236765788,67108864,8388608,8,5463,12284
1512530237259211,1512530237271601,67108864,8388608,8,5416,12390
1512530237765201,1512530237777610,67108864,8388608,8,5408,12409
1512530238271005,1512530238283489,67108864,8388608,8,5375,12484
1512530238776860,1512530238789315,67108864,8388608,8,5388,12455
1512530239282689,1512530239295113,67108864,8388608,8,5401,12424
1512530239788632,1512530239801072,67108864,8388608,8,5394,12440
1512530240294605,1512530240307064,67108864,8388608,8,5386,12459
1512530240800516,1512530240812861,67108864,8388608,8,5436,12345
1512530241306441,1512530241318863,67108864,8388608,8,5402,12422
1512530241812368,1512530241824846,67108864,8388608,8,5378,12478
1512530242318572,1512530242330941,67108864,8388608,8,5425,12369
1512530242824392,1512530242836850,67108864,8388608,8,5386,12458
1512530243330370,1512530243342739,67108864,8388608,8,5425,12369
1512530243836041,1512530243848424,67108864,8388608,8,5419,12383
1512530244341613,1512530244353998,67108864,8388608,8,5418,12385
1512530244847040,1512530244859537,67108864,8388608,8,5369,12497
1512530245352945,1512530245365211,67108864,8388608,8,5471,12266
1512530245858727,1512530245871165,67108864,8388608,8,5395,12438
1512530246364268,1512530246376741,67108864,8388608,8,5380,12473
1512530246870198,1512530246882440,67108864,8388608,8,5481,12242
1512530247375890,1512530247388236,67108864,8388608,8,5435,12346
1512530247881624,1512530247894011,67108864,8388608,8,5417,12387
1512530248387178,1512530248399564,67108864,8388608,8,5418,12386
1512530248892701,1512530248905173,67108864,8388608,8,5380,12472
1512530249398313,1512530249410746,67108864,8388608,8,5397,12433
1512530249903967,1512530249916380,67108864,8388608,8,5406,12413
1512530250409327,1512530250421789,67108864,8388608,8,5385,12462
1512530250914864,1512530250927233,67108864,8388608,8,5425,12369
1512530251420639,1512530251433051,67108864,8388608,8,5406,12412
1512530251926387,1512530251938820,67108864,8388608,8,5397,12433
1512530252432067,1512530252444430,67108864,8388608,8,5428,12363
1512530252937642,1512530252950091,67108864,8388608,8,5390,12449
1512530253443496,1512530253455926,67108864,8388608,8,5398,12430
1512530253949300,1512530253961559,67108864,8388608,8,5474,12259
1512530254455058,1512530254467576,67108864,8388608,8,5360,12518
1512530254960777,1512530254973111,67108864,8388608,8,5440,12334
1512530255466423,1512530255478893,67108864,8388608,8,5381,12470
1512530255972526,1512530255984899,67108864,8388608,8,5423,12373
1512530256478386,1512530256490809,67108864,8388608,8,5401,12423
1512530256983893,1512530256996351,67108864,8388608,8,5386,12458
1512530257489616,1512530257502007,67108864,8388608,8,5415,12391
1512530257995042,1512530258007487,67108864,8388608,8,5392,12445
1512530258500656,1512530258513098,67108864,8388608,8,5393,12442
1512530259005901,1512530259018308,67108864,8388608,8,5408,12407
1512530259511681,1512530259524112,67108864,8388608,8,5398,12431
1512530260017296,1512530260029760,67108864,8388608,8,5384,12464
1512530260522679,1512530260535114,67108864,8388608,8,5396,12435
1512530261028220,1512530261040645,67108864,8388608,8,5401,12425
1512530261533791,1512530261546233,67108864,8388608,8,5393,12442
1512530262039237,1512530262051678,67108864,8388608,8,5394,12441
1512530262544992,1512530262557442,67108864,8388608,8,5390,12450
1512530263050633,1512530263063113,67108864,8388608,8,5377,12480
1512530263556367,1512530263568780,67108864,8388608,8,5406,12413
1512530264062171,1512530264074658,67108864,8388608,8,5374,12487
1512530264567833,1512530264580269,67108864,8388608,8,5396,12436
1512530265073405,1512530265085868,67108864,8388608,8,5384,12463
1512530265578871,1512530265591364,67108864,8388608,8,5371,12493
1512530266084656,1512530266097081,67108864,8388608,8,5401,12425
1512530266590078,1512530266602495,67108864,8388608,8,5404,12417
1512530267095862,1512530267108340,67108864,8388608,8,5378,12478
1512530267601379,1512530267613824,67108864,8388608,8,5392,12445
1512530268107317,1512530268119606,67108864,8388608,8,5460,12289
1512530268612650,1512530268625040,67108864,8388608,8,5416,12390
1512530269118761,1512530269131054,67108864,8388608,8,5459,12293
1512530269624049,1512530269636412,67108864,8388608,8,5428,12363
1512530270129697,1512530270142109,67108864,8388608,8,5406,12412
1512530270635526,1512530270647976,67108864,8388608,8,5390,12450
1512530271141266,1512530271153769,67108864,8388608,8,5367,12503
1512530271647196,1512530271659636,67108864,8388608,8,5394,12440
1512530272153209,1512530272165670,67108864,8388608,8,5385,12461
1512530272658707,1512530272671112,67108864,8388608,8,5409,12405
1512530273164320,1512530273176802,67108864,8388608,8,5376,12482
1512530273670229,1512530273682658,67108864,8388608,8,5399,12429
1512530274176005,1512530274188439,67108864,8388608,8,5397,12434
1512530274682221,1512530274694643,67108864,8388608,8,5402,12422
1512530275187982,1512530275200398,67108864,8388608,8,5405,12416
1512530275693636,1512530275706109,67108864,8388608,8,5380,12473
1512530276199143,1512530276211589,67108864,8388608,8,5392,12446
1512530276704949,1512530276717405,67108864,8388608,8,5387,12456
1512530277210581,1512530277223050,67108864,8388608,8,5382,12469
1512530277715775,1512530277728208,67108864,8388608,8,5397,12433
1512530278221383,1512530278233876,67108864,8388608,8,5371,12493
1512530278726853,1512530278739193,67108864,8388608,8,5438,12340
1512530279232570,1512530279245047,67108864,8388608,8,5378,12477
1512530279738429,1512530279750794,67108864,8388608,8,5427,12365
1512530280244214,1512530280256592,67108864,8388608,8,5421,12378
1512530280749733,1512530280762148,67108864,8388608,8,5405,12415
1512530281255143,1512530281267557,67108864,8388608,8,5405,12414
1512530281760716,1512530281773161,67108864,8388608,8,5392,12445
1512530282266556,1512530282278971,67108864,8388608,8,5405,12415
1512530282772248,1512530282784681,67108864,8388608,8,5397,12433
1512530283277991,1512530283290478,67108864,8388608,8,5374,12487
1512530283783934,1512530283796378,67108864,8388608,8,5392,12444
1512530284289827,1512530284302309,67108864,8388608,8,5376,12482
1512530284795231,1512530284807686,67108864,8388608,8,5388,12455
1512530285300957,1512530285313382,67108864,8388608,8,5401,12425
1512530285806541,1512530285818898,67108864,8388608,8,5430,12357
1512530286312075,1512530286324453,67108864,8388608,8,5421,12378
1512530286817439,1512530286829868,67108864,8388608,8,5399,12429
1512530287322940,1512530287335327,67108864,8388608,8,5417,12387
1512530287828245,1512530287840682,67108864,8388608,8,5395,12437
1512530288333976,1512530288346420,67108864,8388608,8,5392,12444
1512530288839447,1512530288851899,67108864,8388608,8,5389,12452
1512530289344979,1512530289357309,67108864,8388608,8,5442,12330
1512530289850403,1512530289862859,67108864,8388608,8,5387,12456
1512530290356299,1512530290368777,67108864,8388608,8,5378,12478
1512530290861843,1512530290874329,67108864,8388608,8,5374,12486
1512530291367539,1512530291379983,67108864,8388608,8,5392,12444
1512530291873130,1512530291885600,67108864,8388608,8,5381,12470
1512530292378790,1512530292391203,67108864,8388608,8,5406,12413
1512530292884747,1512530292897193,67108864,8388608,8,5392,12446
1512530293390396,1512530293402841,67108864,8388608,8,5392,12445
1512530293896231,1512530293908608,67108864,8388608,8,5422,12377
1512530294401961,1512530294414375,67108864,8388608,8,5405,12414
1512530294907489,1512530294919869,67108864,8388608,8,5420,12380
1512530295413455,1512530295425887,67108864,8388608,8,5398,12432
1512530295918997,1512530295931478,67108864,8388608,8,5376,12481
1512530296424422,1512530296436825,67108864,8388608,8,5410,12403
1512530296929944,1512530296942376,67108864,8388608,8,5398,12432
1512530297435226,1512530297447708,67108864,8388608,8,5376,12482
1512530297940968,1512530297953317,67108864,8388608,8,5434,12349
1512530298446366,1512530298458810,67108864,8388608,8,5392,12444
1512530298952173,1512530298964596,67108864,8388608,8,5401,12423
1512530299457685,1512530299470055,67108864,8388608,8,5425,12370
1512530299963258,1512530299975687,67108864,8388608,8,5399,12429
1512530300468648,1512530300481120,67108864,8388608,8,5380,12472
1512530300974202,1512530300986673,67108864,8388608,8,5381,12471
1512530301479606,1512530301491946,67108864,8388608,8,5438,12340
1512530301984874,1512530301997323,67108864,8388608,8,5390,12449
1512530302490576,1512530302503073,67108864,8388608,8,5369,12497
1512530302996022,1512530303008467,67108864,8388608,8,5392,12445
1512530303501873,1512530303514225,67108864,8388608,8,5433,12352
1512530304007218,1512530304019715,67108864,8388608,8,5369,12497
1512530304512859,1512530304525323,67108864,8388608,8,5384,12464
1512530305018398,1512530305030763,67108864,8388608,8,5427,12365
1512530305524166,1512530305536637,67108864,8388608,8,5381,12471
1512530306029805,1512530306042323,67108864,8388608,8,5360,12518
1512530306535635,1512530306548072,67108864,8388608,8,5395,12437
1512530307041221,1512530307053692,67108864,8388608,8,5381,12471
1512530307546944,1512530307559373,67108864,8388608,8,5399,12429
1512530308052548,1512530308064977,67108864,8388608,8,5399,12429
1512530308558226,1512530308570727,67108864,8388608,8,5368,12501
1512530309063882,1512530309076381,67108864,8388608,8,5369,12499
1512530309569846,1512530309582310,67108864,8388608,8,5384,12464
1512530310075468,1512530310087923,67108864,8388608,8,5388,12455
1512530310581064,1512530310593459,67108864,8388608,8,5414,12395
1512530311086914,1512530311099327,67108864,8388608,8,5406,12413
1512530311592324,1512530311604836,67108864,8388608,8,5363,12512
1512530312098151,1512530312110476,67108864,8388608,8,5444,12325
1512530312603461,1512530312615925,67108864,8388608,8,5384,12464
1512530313109036,1512530313121374,67108864,8388608,8,5439,12338
1512530313614394,1512530313626886,67108864,8388608,8,5372,12492
1512530314119964,1512530314132446,67108864,8388608,8,5376,12482
1512530314625400,1512530314637831,67108864,8388608,8,5398,12431
1512530315130822,1512530315143227,67108864,8388608,8,5409,12405
1512530315636202,1512530315648566,67108864,8388608,8,5427,12364
1512530316141805,1512530316154166,67108864,8388608,8,5429,12361
1512530316651363,1512530316663792,67108864,8388608,8,5399,12429
1512530317168479,1512530317180967,67108864,8388608,8,5373,12488
1512530317685531,1512530317697916,67108864,8388608,8,5418,12385
1512530318202533,1512530318215047,67108864,8388608,8,5362,12514
1512530318708083,1512530318720506,67108864,8388608,8,5401,12423
1512530319213623,1512530319226120,67108864,8388608,8,5369,12497
1512530319719410,1512530319731874,67108864,8388608,8,5384,12464
1512530320225226,1512530320237707,67108864,8388608,8,5376,12481
1512530320731072,1512530320743487,67108864,8388608,8,5405,12415
1512530321236740,1512530321249174,67108864,8388608,8,5397,12434
1512530321742691,1512530321755098,67108864,8388608,8,5408,12407
1512530322248126,1512530322260591,67108864,8388608,8,5383,12465
1512530322753761,1512530322766125,67108864,8388608,8,5427,12364
1512530323259535,1512530323272009,67108864,8388608,8,5379,12474
1512530323765352,1512530323777821,67108864,8388608,8,5382,12469
1512530324270969,1512530324283480,67108864,8388608,8,5363,12511
1512530324776651,1512530324789103,67108864,8388608,8,5389,12452
1512530325282105,1512530325294576,67108864,8388608,8,5381,12471
1512530325787877,1512530325800282,67108864,8388608,8,5409,12405
1512530326293084,1512530326305523,67108864,8388608,8,5395,12439
1512530326798652,1512530326811125,67108864,8388608,8,5380,12473
1512530327304202,1512530327316563,67108864,8388608,8,5429,12361
1512530327809892,1512530327822297,67108864,8388608,8,5409,12405
1512530328315704,1512530328328177,67108864,8388608,8,5380,12473
1512530328821615,1512530328834024,67108864,8388608,8,5408,12409
1512530329327077,1512530329339532,67108864,8388608,8,5388,12455
1512530329832930,1512530329845279,67108864,8388608,8,5434,12349
1512530330338524,1512530330350972,67108864,8388608,8,5391,12448
1512530330844368,1512530330856768,67108864,8388608,8,5412,12400
1512530331350094,1512530331362551,67108864,8388608,8,5387,12457
1512530331855590,1512530331868008,67108864,8388608,8,5404,12418
1512530332360930,1512530332373335,67108864,8388608,8,5409,12405
1512530332866973,1512530332879385,67108864,8388608,8,5406,12412
1512530333372593,1512530333385084,67108864,8388608,8,5372,12491
1512530333878334,1512530333890706,67108864,8388608,8,5424,12372
1512530334384249,1512530334396634,67108864,8388608,8,5418,12385
1512530334889641,1512530334902127,67108864,8388608,8,5374,12486
1512530335395151,1512530335407576,67108864,8388608,8,5401,12425
1512530335900802,1512530335913208,67108864,8388608,8,5409,12406
1512530336406410,1512530336418808,67108864,8388608,8,5412,12398
1512530336912105,1512530336924528,67108864,8388608,8,5401,12423
1512530337418018,1512530337430419,67108864,8388608,8,5411,12401
1512530337923749,1512530337936162,67108864,8388608,8,5406,12413
1512530338429408,1512530338441910,67108864,8388608,8,5367,12502
1512530338935014,1512530338947435,67108864,8388608,8,5402,12421
1512530339440440,1512530339452932,67108864,8388608,8,5372,12492
1512530339946221,1512530339958714,67108864,8388608,8,5371,12493
1512530340452499,1512530340464889,67108864,8388608,8,5416,12390
1512530340958406,1512530340970904,67108864,8388608,8,5369,12498
1512530341464379,1512530341476818,67108864,8388608,8,5395,12439
1512530341970460,1512530341982871,67108864,8388608,8,5407,12411
1512530342476389,1512530342488884,67108864,8388608,8,5370,12495
1512530342982470,1512530342994898,67108864,8388608,8,5399,12428
1512530343488631,1512530343501115,67108864,8388608,8,5375,12484
1512530343994698,1512530344007040,67108864,8388608,8,5437,12342
1512530344500657,1512530344513069,67108864,8388608,8,5406,12412
1512530345006593,1512530345019092,67108864,8388608,8,5369,12499
1512530345512413,1512530345524845,67108864,8388608,8,5398,12432
1512530346018330,1512530346030753,67108864,8388608,8,5401,12423
1512530346524094,1512530346536475,67108864,8388608,8,5420,12381
1512530347029818,1512530347042170,67108864,8388608,8,5433,12352
1512530347535668,1512530347548024,67108864,8388608,8,5431,12356
1512530348041236,1512530348053639,67108864,8388608,8,5410,12403
1512530348546808,1512530348559299,67108864,8388608,8,5372,12491
1512530349052502,1512530349064880,67108864,8388608,8,5421,12378
1512530349558210,1512530349570652,67108864,8388608,8,5393,12442
1512530350064075,1512530350076443,67108864,8388608,8,5426,12368
1512530350569792,1512530350582221,67108864,8388608,8,5399,12429
1512530351075765,1512530351088091,67108864,8388608,8,5444,12326
1512530351581157,1512530351593601,67108864,8388608,8,5392,12444
1512530352086967,1512530352099431,67108864,8388608,8,5384,12464
1512530352592399,1512530352604873,67108864,8388608,8,5379,12474
1512530353098192,1512530353110647,67108864,8388608,8,5388,12455
1512530353603723,1512530353616196,67108864,8388608,8,5380,12473
1512530354109307,1512530354121766,67108864,8388608,8,5386,12459
1512530354614874,1512530354627318,67108864,8388608,8,5392,12444
1512530355120671,1512530355133162,67108864,8388608,8,5372,12491
1512530355626337,1512530355638825,67108864,8388608,8,5373,12488
1512530356132087,1512530356144564,67108864,8388608,8,5378,12477
1512530356637583,1512530356649747,67108864,8388608,8,5517,12164
1512530357142684,1512530357155128,67108864,8388608,8,5392,12444
1512530357648477,1512530357660932,67108864,8388608,8,5388,12455
1512530358154659,1512530358167103,67108864,8388608,8,5392,12444
1512530358660445,1512530358672913,67108864,8388608,8,5382,12468
1512530359165965,1512530359178372,67108864,8388608,8,5408,12407
1512530359671911,1512530359684393,67108864,8388608,8,5376,12482
1512530360177672,1512530360190131,67108864,8388608,8,5386,12459
1512530360683586,1512530360695954,67108864,8388608,8,5426,12368
1512530361189319,1512530361201759,67108864,8388608,8,5394,12440
1512530361694975,1512530361707413,67108864,8388608,8,5395,12438
1512530362200793,1512530362213260,67108864,8388608,8,5382,12467
1512530362706463,1512530362718856,67108864,8388608,8,5415,12393
1512530363211914,1512530363224320,67108864,8388608,8,5409,12406
1512530363717402,1512530363729799,67108864,8388608,8,5413,12397
1512530364222785,1512530364235233,67108864,8388608,8,5391,12448
1512530364728769,1512530364741233,67108864,8388608,8,5384,12464
1512530365234436,1512530365246868,67108864,8388608,8,5398,12432
1512530365739897,1512530365752339,67108864,8388608,8,5393,12442
1512530366245293,1512530366257745,67108864,8388608,8,5389,12452
1512530366750986,1512530366763462,67108864,8388608,8,5379,12476
1512530367256600,1512530367268920,67108864,8388608,8,5447,12320
1512530367762160,1512530367774578,67108864,8388608,8,5404,12418
1512530368267599,1512530368280034,67108864,8388608,8,5396,12435
1512530368773226,1512530368785625,67108864,8388608,8,5412,12399
1512530369279071,1512530369291521,67108864,8388608,8,5390,12450
1512530369784871,1512530369797310,67108864,8388608,8,5395,12439
1512530370290488,1512530370302938,67108864,8388608,8,5390,12450
1512530370796200,1512530370808621,67108864,8388608,8,5402,12421
1512530371301670,1512530371314111,67108864,8388608,8,5394,12441
1512530371807464,1512530371819947,67108864,8388608,8,5376,12483
1512530372313024,1512530372325499,67108864,8388608,8,5379,12475
1512530372818631,1512530372831065,67108864,8388608,8,5397,12434
1512530373324336,1512530373336766,67108864,8388608,8,5398,12430
1512530373829854,1512530373842243,67108864,8388608,8,5416,12389
1512530374335183,1512530374347585,67108864,8388608,8,5411,12402
1512530374840890,1512530374853314,67108864,8388608,8,5401,12424
1512530375346337,1512530375358807,67108864,8388608,8,5381,12470
1512530375852063,1512530375864547,67108864,8388608,8,5375,12484
1512530376357564,1512530376370020,67108864,8388608,8,5387,12456
1512530376863129,1512530376875579,67108864,8388608,8,5390,12450
1512530377368835,1512530377381161,67108864,8388608,8,5444,12326
1512530377874254,1512530377886714,67108864,8388608,8,5385,12460
1512530378379933,1512530378392337,67108864,8388608,8,5410,12404
1512530378885251,1512530378897709,67108864,8388608,8,5386,12458
1512530379390802,1512530379403205,67108864,8388608,8,5410,12403
1512530379896375,1512530379908754,67108864,8388608,8,5421,12379
1512530380402007,1512530380414363,67108864,8388608,8,5431,12356
1512530380907358,1512530380919839,67108864,8388608,8,5376,12481
1512530381412932,1512530381425341,67108864,8388608,8,5408,12409
1512530381918474,1512530381930807,67108864,8388608,8,5441,12333
1512530382424016,1512530382436392,67108864,8388608,8,5422,12376
1512530382929475,1512530382941823,67108864,8388608,8,5434,12348
1512530383435266,1512530383447748,67108864,8388608,8,5376,12482
1512530383941074,1512530383953504,67108864,8388608,8,5398,12430
1512530384446483,1512530384458887,67108864,8388608,8,5410,12404
1512530384952134,1512530384964621,67108864,8388608,8,5374,12487
1512530385457564,1512530385469942,67108864,8388608,8,5421,12378
1512530385963292,1512530385975685,67108864,8388608,8,5415,12393
1512530386468812,1512530386481280,67108864,8388608,8,5382,12468
1512530386974883,1512530386987286,67108864,8388608,8,5410,12403
1512530387480447,1512530387492862,67108864,8388608,8,5405,12415
1512530387985901,1512530387998369,67108864,8388608,8,5382,12468
1512530388491540,1512530388503984,67108864,8388608,8,5392,12444
1512530388997633,1512530389010065,67108864,8388608,8,5398,12432
1512530389503296,1512530389515751,67108864,8388608,8,5388,12455
1512530390009084,1512530390021441,67108864,8388608,8,5430,12357
1512530390514439,1512530390526920,67108864,8388608,8,5376,12481
1512530391020086,1512530391032545,67108864,8388608,8,5386,12459
1512530391525699,1512530391538193,67108864,8388608,8,5371,12494
1512530392031633,1512530392044107,67108864,8388608,8,5379,12474
1512530392537089,1512530392549575,67108864,8388608,8,5374,12486
1512530393042762,1512530393055171,67108864,8388608,8,5408,12409
1512530393548269,1512530393560653,67108864,8388608,8,5418,12384
1512530394053696,1512530394066149,67108864,8388608,8,5388,12453
1512530394570670,1512530394583106,67108864,8388608,8,5396,12436
1512530395087875,1512530395100338,67108864,8388608,8,5384,12463
1512530395604836,1512530395617285,67108864,8388608,8,5390,12449
1512530396110583,1512530396123036,67108864,8388608,8,5388,12453
1512530396616083,1512530396628586,67108864,8388608,8,5367,12503
1512530397121998,1512530397134478,67108864,8388608,8,5377,12480
1512530397627552,1512530397640038,67108864,8388608,8,5374,12486
1512530398133209,1512530398145665,67108864,8388608,8,5387,12456
1512530398638869,1512530398651302,67108864,8388608,8,5397,12433
1512530399144629,1512530399156928,67108864,8388608,8,5456,12299
1512530399650279,1512530399662760,67108864,8388608,8,5376,12481
1512530400156035,1512530400168353,67108864,8388608,8,5448,12318
1512530400661766,1512530400674109,67108864,8388608,8,5436,12343
1512530401167353,1512530401179823,67108864,8388608,8,5381,12470
1512530401673552,1512530401686042,67108864,8388608,8,5373,12490
1512530402179593,1512530402192075,67108864,8388608,8,5376,12482
1512530402685599,1512530402698054,67108864,8388608,8,5388,12455
1512530403191367,1512530403203821,67108864,8388608,8,5388,12454
1512530403697478,1512530403709920,67108864,8388608,8,5393,12442
1512530404203538,1512530404215921,67108864,8388608,8,5419,12383
1512530404709522,1512530404721970,67108864,8388608,8,5391,12448
1512530405215304,1512530405227728,67108864,8388608,8,5401,12424
1512530405721401,1512530405733833,67108864,8388608,8,5398,12432
1512530406227306,1512530406239653,67108864,8388608,8,5435,12347
1512530406732926,1512530406745362,67108864,8388608,8,5396,12436
1512530407238659,1512530407251076,67108864,8388608,8,5404,12417
1512530407744731,1512530407757093,67108864,8388608,8,5428,12362
1512530408250551,1512530408263031,67108864,8388608,8,5377,12480
1512530408756467,1512530408768974,67108864,8388608,8,5365,12507
1512530409262464,1512530409274913,67108864,8388608,8,5390,12449
1512530409768788,1512530409781252,67108864,8388608,8,5384,12464
1512530410274596,1512530410287029,67108864,8388608,8,5397,12433
1512530410780548,1512530410792968,67108864,8388608,8,5403,12420
1512530411286719,1512530411299002,67108864,8388608,8,5463,12283
1512530411792553,1512530411805001,67108864,8388608,8,5391,12448
1512530412298570,1512530412310853,67108864,8388608,8,5463,12283
1512530412804042,1512530412816462,67108864,8388608,8,5403,12420
1512530413310031,1512530413322481,67108864,8388608,8,5390,12450
1512530413816174,1512530413828672,67108864,8388608,8,5369,12498
1512530414322297,1512530414334775,67108864,8388608,8,5378,12478
1512530414828567,1512530414841014,67108864,8388608,8,5391,12447
1512530415334353,1512530415346787,67108864,8388608,8,5397,12434
1512530415840209,1512530415852589,67108864,8388608,8,5420,12380
1512530416346145,1512530416358578,67108864,8388608,8,5397,12433
1512530416852664,1512530416865173,67108864,8388608,8,5364,12509
1512530417358308,1512530417370804,67108864,8388608,8,5370,12496
1512530417864117,1512530417876608,67108864,8388608,8,5372,12491
1512530418369920,1512530418382386,67108864,8388608,8,5383,12466
1512530418875665,1512530418888117,67108864,8388608,8,5389,12452
1512530419381492,1512530419393956,67108864,8388608,8,5384,12464
1512530419887324,1512530419899737,67108864,8388608,8,5406,12413
1512530420392929,1512530420405348,67108864,8388608,8,5403,12419
1512530420898491,1512530420910934,67108864,8388608,8,5393,12443
1512530421404083,1512530421416546,67108864,8388608,8,5384,12463
1512530421909817,1512530421922301,67108864,8388608,8,5375,12484
1512530422415486,1512530422427913,67108864,8388608,8,5400,12427
1512530422921406,1512530422933821,67108864,8388608,8,5405,12415
1512530423427112,1512530423439471,67108864,8388608,8,5429,12359
1512530423932852,1512530423945268,67108864,8388608,8,5405,12416
1512530424438180,1512530424450563,67108864,8388608,8,5419,12383
1512530424944015,1512530424956486,67108864,8388608,8,5381,12471
1512530425449848,1512530425462244,67108864,8388608,8,5413,12396
1512530425955325,1512530425967641,67108864,8388608,8,5448,12316
1512530426460691,1512530426473107,67108864,8388608,8,5405,12416
1512530426966420,1512530426978820,67108864,8388608,8,5412,12400
1512530427472022,1512530427484519,67108864,8388608,8,5369,12497
1512530427977639,1512530427989972,67108864,8388608,8,5441,12333
1512530428483185,1512530428495630,67108864,8388608,8,5392,12445
1512530428989092,1512530429001547,67108864,8388608,8,5388,12455
1512530429494522,1512530429506973,67108864,8388608,8,5389,12451
1512530430000158,1512530430012559,67108864,8388608,8,5411,12401
1512530430506121,1512530430518602,67108864,8388608,8,5376,12481
1512530431011728,1512530431024087,67108864,8388608,8,5429,12359
1512530431517576,1512530431530054,67108864,8388608,8,5378,12478
1512530432023625,1512530432036037,67108864,8388608,8,5406,12412
1512530432529495,1512530432541954,67108864,8388608,8,5386,12459
1512530433035540,1512530433047991,67108864,8388608,8,5389,12451
1512530433541126,1512530433553609,67108864,8388608,8,5376,12483
1512530434047083,1512530434059591,67108864,8388608,8,5365,12508
1512530434552723,1512530434565204,67108864,8388608,8,5376,12481
1512530435058586,1512530435071030,67108864,8388608,8,5392,12444
1512530435564391,1512530435576873,67108864,8388608,8,5376,12482
1512530436071167,1512530436083647,67108864,8388608,8,5377,12480
1512530436577050,1512530436589515,67108864,8388608,8,5383,12465
1512530437082590,1512530437095054,67108864,8388608,8,5384,12464
1512530437588170,1512530437600645,67108864,8388608,8,5379,12475
1512530438093812,1512530438106223,67108864,8388608,8,5407,12411
1512530438599504,1512530438611953,67108864,8388608,8,5390,12449
1512530439105362,1512530439117845,67108864,8388608,8,5376,12483
1512530439611004,1512530439623450,67108864,8388608,8,5392,12446
1512530440116539,1512530440128971,67108864,8388608,8,5398,12432
1512530440621931,1512530440634428,67108864,8388608,8,5369,12497
1512530441127734,1512530441140137,67108864,8388608,8,5410,12403
1512530441633194,1512530441645538,67108864,8388608,8,5436,12344
1512530442138601,1512530442151025,67108864,8388608,8,5401,12424
1512530442644193,1512530442656699,67108864,8388608,8,5366,12506
1512530443150078,1512530443162547,67108864,8388608,8,5382,12469
1512530443655733,1512530443668202,67108864,8388608,8,5382,12469
1512530444161701,1512530444174119,67108864,8388608,8,5404,12418
1512530444667102,1512530444679485,67108864,8388608,8,5419,12383
1512530445172772,1512530445185212,67108864,8388608,8,5394,12440
1512530445678200,1512530445690498,67108864,8388608,8,5456,12298
1512530446183682,1512530446196009,67108864,8388608,8,5444,12327
1512530446689102,1512530446701576,67108864,8388608,8,5379,12474
1512530447194766,1512530447207175,67108864,8388608,8,5408,12409
1512530447700391,1512530447712743,67108864,8388608,8,5433,12352
1512530448206012,1512530448218430,67108864,8388608,8,5404,12418
1512530448711776,1512530448724208,67108864,8388608,8,5398,12432
1512530449217511,1512530449229880,67108864,8388608,8,5425,12369
1512530449722966,1512530449735423,67108864,8388608,8,5387,12457
1512530450228355,1512530450240845,67108864,8388608,8,5373,12490
1512530450734016,1512530450746492,67108864,8388608,8,5379,12476
1512530451239660,1512530451252151,67108864,8388608,8,5372,12491
1512530451745214,1512530451757599,67108864,8388608,8,5418,12385
1512530452250836,1512530452263176,67108864,8388608,8,5438,12340
1512530452756300,1512530452768752,67108864,8388608,8,5389,12452
1512530453261996,1512530453274412,67108864,8388608,8,5405,12416
1512530453767747,1512530453780175,67108864,8388608,8,5399,12428
1512530454273129,1512530454285598,67108864,8388608,8,5382,12469
1512530454778677,1512530454791170,67108864,8388608,8,5371,12493
1512530455284281,1512530455296751,67108864,8388608,8,5381,12470
1512530455789964,1512530455802353,67108864,8388608,8,5416,12389
1512530456295479,1512530456307945,67108864,8388608,8,5383,12466
1512530456801177,1512530456813649,67108864,8388608,8,5380,12472
1512530457306742,1512530457319204,67108864,8388608,8,5385,12462
1512530457812366,1512530457824809,67108864,8388608,8,5393,12443
1512530458318366,1512530458330768,67108864,8388608,8,5411,12402
1512530458824527,1512530458836827,67108864,8388608,8,5456,12300
1512530459330060,1512530459342501,67108864,8388608,8,5394,12441
1512530459835786,1512530459848273,67108864,8388608,8,5374,12487
1512530460341675,1512530460353917,67108864,8388608,8,5481,12242
1512530460847218,1512530460859542,67108864,8388608,8,5445,12324
1512530461352898,1512530461365310,67108864,8388608,8,5406,12412
1512530461858798,1512530461871147,67108864,8388608,8,5434,12349
1512530462364204,1512530462376631,67108864,8388608,8,5400,12427
1512530462869818,1512530462882226,67108864,8388608,8,5408,12408
1512530463375466,1512530463387861,67108864,8388608,8,5414,12395
1512530463881307,1512530463893729,67108864,8388608,8,5402,12422
1512530464386796,1512530464399138,67108864,8388608,8,5437,12342
1512530464892141,1512530464904475,67108864,8388608,8,5440,12334
1512530465397776,1512530465410180,67108864,8388608,8,5410,12404
