1512465468412475,1512465468455041,33554432,2097152,16,788,42566
1512465468694975,1512465468736051,33554432,2097152,16,816,41076
1512465468976097,1512465469017197,33554432,2097152,16,816,41100
1512465469256936,1512465469298204,33554432,2097152,16,813,41268
1512465469537408,1512465469578662,33554432,2097152,16,813,41254
1512465469818856,1512465469860126,33554432,2097152,16,813,41270
1512465470101117,1512465470142377,33554432,2097152,16,813,41260
1512465470381929,1512465470422959,33554432,2097152,16,817,41030
1512465470663094,1512465470703917,33554432,2097152,16,821,40823
1512465470944302,1512465470985519,33554432,2097152,16,814,41217
1512465471226020,1512465471267324,33554432,2097152,16,812,41304
1512465471507058,1512465471548336,33554432,2097152,16,812,41278
1512465471788591,1512465471829712,33554432,2097152,16,815,41121
1512465472069660,1512465472110740,33554432,2097152,16,816,41080
1512465472351063,1512465472392182,33554432,2097152,16,816,41119
1512465472631979,1512465472673125,33554432,2097152,16,815,41146
1512465472912713,1512465472953825,33554432,2097152,16,816,41112
1512465473193432,1512465473234527,33554432,2097152,16,816,41095
1512465473474669,1512465473515897,33554432,2097152,16,813,41228
1512465473755813,1512465473797073,33554432,2097152,16,813,41260
1512465474036369,1512465474077659,33554432,2097152,16,812,41290
1512465474316610,1512465474357475,33554432,2097152,16,821,40865
1512465474597090,1512465474638168,33554432,2097152,16,816,41078
1512465474878108,1512465474919280,33554432,2097152,16,814,41172
1512465475158863,1512465475199919,33554432,2097152,16,817,41056
1512465475439062,1512465475480303,33554432,2097152,16,813,41241
1512465475719878,1512465475760517,33554432,2097152,16,825,40639
1512465475999739,1512465476040853,33554432,2097152,16,816,41114
1512465476279562,1512465476320682,33554432,2097152,16,816,41120
1512465476560641,1512465476601312,33554432,2097152,16,825,40671
1512465476841598,1512465476882690,33554432,2097152,16,816,41092
1512465477122497,1512465477163448,33554432,2097152,16,819,40951
1512465477403223,1512465477444311,33554432,2097152,16,816,41088
1512465477684347,1512465477725588,33554432,2097152,16,813,41241
1512465477965188,1512465478006326,33554432,2097152,16,815,41138
1512465478246960,1512465478287958,33554432,2097152,16,818,40998
1512465478527646,1512465478568867,33554432,2097152,16,814,41221
1512465478808133,1512465478848942,33554432,2097152,16,822,40809
1512465479089254,1512465479130480,33554432,2097152,16,813,41226
1512465479371004,1512465479412023,33554432,2097152,16,818,41019
1512465479652608,1512465479693718,33554432,2097152,16,816,41110
1512465479933752,1512465479974584,33554432,2097152,16,821,40832
1512465480214304,1512465480255408,33554432,2097152,16,816,41104
1512465480495471,1512465480536632,33554432,2097152,16,815,41161
1512465480776534,1512465480817442,33554432,2097152,16,820,40908
1512465481057172,1512465481098184,33554432,2097152,16,818,41012
1512465481337515,1512465481378769,33554432,2097152,16,813,41254
1512465481618894,1512465481660154,33554432,2097152,16,813,41260
1512465481900009,1512465481941157,33554432,2097152,16,815,41148
1512465482180997,1512465482222143,33554432,2097152,16,815,41146
1512465482461418,1512465482502647,33554432,2097152,16,813,41229
1512465482742086,1512465482783304,33554432,2097152,16,814,41218
1512465483023638,1512465483064822,33554432,2097152,16,814,41184
1512465483305331,1512465483346290,33554432,2097152,16,819,40959
1512465483585835,1512465483626933,33554432,2097152,16,816,41098
1512465483867148,1512465483908438,33554432,2097152,16,812,41290
1512465484148659,1512465484189756,33554432,2097152,16,816,41097
1512465484429534,1512465484470315,33554432,2097152,16,822,40781
1512465484710709,1512465484751778,33554432,2097152,16,817,41069
1512465484991709,1512465485032824,33554432,2097152,16,816,41115
1512465485272375,1512465485313232,33554432,2097152,16,821,40857
1512465485553465,1512465485594583,33554432,2097152,16,816,41118
1512465485834585,1512465485875653,33554432,2097152,16,817,41068
1512465486115928,1512465486156891,33554432,2097152,16,819,40963
1512465486397005,1512465486437982,33554432,2097152,16,818,40977
1512465486677937,1512465486719136,33554432,2097152,16,814,41199
1512465486959453,1512465487000617,33554432,2097152,16,815,41164
1512465487240409,1512465487281405,33554432,2097152,16,818,40996
1512465487520951,1512465487561919,33554432,2097152,16,819,40968
1512465487802527,1512465487843467,33554432,2097152,16,819,40940
1512465488083962,1512465488125278,33554432,2097152,16,812,41316
1512465488365985,1512465488407292,33554432,2097152,16,812,41307
1512465488648324,1512465488689182,33554432,2097152,16,821,40858
1512465488929052,1512465488970397,33554432,2097152,16,811,41345
1512465489210545,1512465489251645,33554432,2097152,16,816,41100
1512465489491666,1512465489532632,33554432,2097152,16,819,40966
1512465489772835,1512465489814120,33554432,2097152,16,812,41285
1512465490053758,1512465490094791,33554432,2097152,16,817,41033
1512465490335057,1512465490376057,33554432,2097152,16,818,41000
1512465490616092,1512465490657312,33554432,2097152,16,814,41220
1512465490896900,1512465490938122,33554432,2097152,16,813,41222
1512465491178079,1512465491219240,33554432,2097152,16,815,41161
1512465491459469,1512465491500269,33554432,2097152,16,822,40800
1512465491739920,1512465491780969,33554432,2097152,16,817,41049
1512465492020968,1512465492062255,33554432,2097152,16,812,41287
1512465492302139,1512465492343316,33554432,2097152,16,814,41177
1512465492582704,1512465492623932,33554432,2097152,16,813,41228
1512465492863685,1512465492904692,33554432,2097152,16,818,41007
1512465493144735,1512465493185969,33554432,2097152,16,813,41234
1512465493426159,1512465493467070,33554432,2097152,16,820,40911
1512465493706846,1512465493748087,33554432,2097152,16,813,41241
1512465493988488,1512465494029750,33554432,2097152,16,813,41262
1512465494269358,1512465494310216,33554432,2097152,16,821,40858
1512465494550013,1512465494591248,33554432,2097152,16,813,41235
1512465494830952,1512465494872031,33554432,2097152,16,816,41079
1512465495113206,1512465495154374,33554432,2097152,16,815,41168
1512465495394609,1512465495435562,33554432,2097152,16,819,40953
1512465495675395,1512465495716523,33554432,2097152,16,815,41128
1512465495956618,1512465495997564,33554432,2097152,16,819,40946
1512465496237278,1512465496278438,33554432,2097152,16,815,41160
1512465496518887,1512465496559726,33554432,2097152,16,821,40839
1512465496800212,1512465496841400,33554432,2097152,16,814,41188
1512465497081750,1512465497122734,33554432,2097152,16,818,40984
1512465497363299,1512465497404507,33554432,2097152,16,814,41208
1512465497644856,1512465497686144,33554432,2097152,16,812,41288
1512465497925902,1512465497967194,33554432,2097152,16,812,41292
1512465498206862,1512465498247819,33554432,2097152,16,819,40957
1512465498487379,1512465498528174,33554432,2097152,16,822,40795
1512465498768409,1512465498809623,33554432,2097152,16,814,41214
1512465499049801,1512465499090905,33554432,2097152,16,816,41104
1512465499330843,1512465499372161,33554432,2097152,16,812,41318
1512465499612343,1512465499653626,33554432,2097152,16,812,41283
1512465499893785,1512465499934939,33554432,2097152,16,815,41154
1512465500174888,1512465500216074,33554432,2097152,16,814,41186
1512465500457034,1512465500497923,33554432,2097152,16,820,40889
1512465500737828,1512465500779151,33554432,2097152,16,812,41323
1512465501019180,1512465501060306,33554432,2097152,16,815,41126
1512465501300098,1512465501340873,33554432,2097152,16,822,40775
1512465501581605,1512465501622803,33554432,2097152,16,814,41198
1512465501862479,1512465501903270,33554432,2097152,16,822,40791
1512465502143032,1512465502184208,33554432,2097152,16,814,41176
1512465502425200,1512465502466235,33554432,2097152,16,817,41035
1512465502706871,1512465502748057,33554432,2097152,16,814,41186
1512465502987255,1512465503028271,33554432,2097152,16,818,41016
1512465503268613,1512465503309919,33554432,2097152,16,812,41306
1512465503549010,1512465503590041,33554432,2097152,16,817,41031
1512465503830186,1512465503871379,33554432,2097152,16,814,41193
1512465504111756,1512465504152903,33554432,2097152,16,815,41147
1512465504393176,1512465504434219,33554432,2097152,16,817,41043
1512465504673966,1512465504714659,33554432,2097152,16,824,40693
1512465504954398,1512465504995179,33554432,2097152,16,822,40781
1512465505234762,1512465505275284,33554432,2097152,16,828,40522
1512465505515313,1512465505556068,33554432,2097152,16,823,40755
1512465505796385,1512465505837256,33554432,2097152,16,820,40871
1512465506077154,1512465506117982,33554432,2097152,16,821,40828
1512465506358428,1512465506399011,33554432,2097152,16,826,40583
1512465506639317,1512465506680142,33554432,2097152,16,821,40825
1512465506919894,1512465506960350,33554432,2097152,16,829,40456
1512465507200195,1512465507240688,33554432,2097152,16,828,40493
1512465507480718,1512465507521341,33554432,2097152,16,825,40623
1512465507761651,1512465507802415,33554432,2097152,16,823,40764
1512465508042700,1512465508083593,33554432,2097152,16,820,40893
1512465508324468,1512465508365326,33554432,2097152,16,821,40858
1512465508605619,1512465508646176,33554432,2097152,16,827,40557
1512465508885688,1512465508926499,33554432,2097152,16,822,40811
1512465509166950,1512465509207742,33554432,2097152,16,822,40792
1512465509448487,1512465509489333,33554432,2097152,16,821,40846
1512465509729390,1512465509769711,33554432,2097152,16,832,40321
1512465510009173,1512465510049745,33554432,2097152,16,827,40572
1512465510290154,1512465510330494,33554432,2097152,16,831,40340
1512465510571206,1512465510611776,33554432,2097152,16,827,40570
1512465510851593,1512465510892141,33554432,2097152,16,827,40548
1512465511132836,1512465511173281,33554432,2097152,16,829,40445
1512465511413106,1512465511453964,33554432,2097152,16,821,40858
1512465511693411,1512465511734154,33554432,2097152,16,823,40743
1512465511973948,1512465512014539,33554432,2097152,16,826,40591
1512465512254861,1512465512295666,33554432,2097152,16,822,40805
1512465512535895,1512465512576661,33554432,2097152,16,823,40766
1512465512817195,1512465512858086,33554432,2097152,16,820,40891
1512465513097877,1512465513138612,33554432,2097152,16,823,40735
1512465513378700,1512465513419349,33554432,2097152,16,825,40649
1512465513659033,1512465513699791,33554432,2097152,16,823,40758
1512465513939946,1512465513980682,33554432,2097152,16,823,40736
1512465514220457,1512465514261261,33554432,2097152,16,822,40804
1512465514501287,1512465514541909,33554432,2097152,16,826,40622
1512465514782030,1512465514822876,33554432,2097152,16,821,40846
1512465515061594,1512465515102479,33554432,2097152,16,820,40885
1512465515343147,1512465515383942,33554432,2097152,16,822,40795
1512465515624473,1512465515665436,33554432,2097152,16,819,40963
1512465515904588,1512465515945249,33554432,2097152,16,825,40661
1512465516185381,1512465516226229,33554432,2097152,16,821,40848
1512465516465615,1512465516506356,33554432,2097152,16,823,40741
1512465516746105,1512465516787040,33554432,2097152,16,819,40935
1512465517026258,1512465517066848,33554432,2097152,16,826,40590
1512465517306905,1512465517347746,33554432,2097152,16,821,40841
1512465517587356,1512465517627479,33554432,2097152,16,836,40123
1512465517867335,1512465517908194,33554432,2097152,16,821,40859
1512465518148278,1512465518188924,33554432,2097152,16,825,40646
1512465518428925,1512465518469754,33554432,2097152,16,821,40829
1512465518709833,1512465518750711,33554432,2097152,16,820,40878
1512465518990571,1512465519031449,33554432,2097152,16,820,40878
1512465519272333,1512465519313209,33554432,2097152,16,820,40876
1512465519553034,1512465519593754,33554432,2097152,16,824,40720
1512465519833119,1512465519873894,33554432,2097152,16,822,40775
1512465520113866,1512465520154658,33554432,2097152,16,822,40792
1512465520394710,1512465520435167,33554432,2097152,16,829,40457
1512465520675494,1512465520716208,33554432,2097152,16,824,40714
1512465520956158,1512465520996750,33554432,2097152,16,826,40592
1512465521236690,1512465521277374,33554432,2097152,16,824,40684
1512465521516982,1512465521557578,33554432,2097152,16,826,40596
1512465521797974,1512465521838904,33554432,2097152,16,819,40930
1512465522079343,1512465522119952,33554432,2097152,16,826,40609
1512465522360387,1512465522401263,33554432,2097152,16,820,40876
1512465522641155,1512465522682047,33554432,2097152,16,820,40892
1512465522922173,1512465522962693,33554432,2097152,16,828,40520
1512465523202408,1512465523242846,33554432,2097152,16,829,40438
1512465523482847,1512465523523681,33554432,2097152,16,821,40834
1512465523763951,1512465523804673,33554432,2097152,16,823,40722
1512465524044370,1512465524084947,33554432,2097152,16,826,40577
1512465524324840,1512465524365535,33554432,2097152,16,824,40695
1512465524606116,1512465524646823,33554432,2097152,16,824,40707
1512465524887007,1512465524927927,33554432,2097152,16,820,40920
1512465525167213,1512465525208079,33554432,2097152,16,821,40866
1512465525447732,1512465525488460,33554432,2097152,16,823,40728
1512465525728300,1512465525768848,33554432,2097152,16,827,40548
1512465526008648,1512465526049190,33554432,2097152,16,827,40542
1512465526288988,1512465526329776,33554432,2097152,16,822,40788
1512465526569775,1512465526610397,33554432,2097152,16,826,40622
1512465526850592,1512465526891290,33554432,2097152,16,824,40698
1512465527131266,1512465527171983,33554432,2097152,16,824,40717
1512465527411681,1512465527452493,33554432,2097152,16,822,40812
1512465527692455,1512465527733101,33554432,2097152,16,825,40646
1512465527973109,1512465528013857,33554432,2097152,16,823,40748
1512465528253711,1512465528294508,33554432,2097152,16,822,40797
1512465528534831,1512465528575678,33554432,2097152,16,821,40847
1512465528815741,1512465528856333,33554432,2097152,16,826,40592
1512465529095921,1512465529136784,33554432,2097152,16,821,40863
1512465529376528,1512465529417166,33554432,2097152,16,825,40638
1512465529657816,1512465529698526,33554432,2097152,16,824,40710
1512465529938675,1512465529979471,33554432,2097152,16,822,40796
1512465530219851,1512465530260628,33554432,2097152,16,822,40777
1512465530500525,1512465530541073,33554432,2097152,16,827,40548
1512465530781209,1512465530822049,33554432,2097152,16,821,40840
1512465531061724,1512465531102484,33554432,2097152,16,823,40760
1512465531342813,1512465531383644,33554432,2097152,16,821,40831
1512465531623941,1512465531664866,33554432,2097152,16,819,40925
1512465531904824,1512465531945429,33554432,2097152,16,826,40605
1512465532185242,1512465532226011,33554432,2097152,16,823,40769
1512465532466373,1512465532506996,33554432,2097152,16,825,40623
1512465532747034,1512465532787642,33554432,2097152,16,826,40608
1512465533028061,1512465533068921,33554432,2097152,16,821,40860
1512465533308806,1512465533349360,33554432,2097152,16,827,40554
1512465533589514,1512465533630094,33554432,2097152,16,826,40580
1512465533870440,1512465533911053,33554432,2097152,16,826,40613
1512465534151378,1512465534192111,33554432,2097152,16,823,40733
1512465534432070,1512465534472770,33554432,2097152,16,824,40700
1512465534712944,1512465534753526,33554432,2097152,16,826,40582
1512465534993186,1512465535034097,33554432,2097152,16,820,40911
1512465535274191,1512465535314882,33554432,2097152,16,824,40691
1512465535554427,1512465535595171,33554432,2097152,16,823,40744
1512465535835261,1512465535876163,33554432,2097152,16,820,40902
1512465536115610,1512465536156509,33554432,2097152,16,820,40899
1512465536396799,1512465536437342,33554432,2097152,16,827,40543
1512465536676560,1512465536717290,33554432,2097152,16,823,40730
1512465536956645,1512465536997392,33554432,2097152,16,823,40747
1512465537237430,1512465537278284,33554432,2097152,16,821,40854
1512465537518245,1512465537558925,33554432,2097152,16,824,40680
1512465537799359,1512465537840277,33554432,2097152,16,820,40918
1512465538080224,1512465538120121,33554432,2097152,16,841,39897
1512465538360399,1512465538401162,33554432,2097152,16,823,40763
1512465538640912,1512465538681485,33554432,2097152,16,827,40573
1512465538921554,1512465538962399,33554432,2097152,16,821,40845
1512465539202326,1512465539243212,33554432,2097152,16,820,40886
1512465539483565,1512465539524164,33554432,2097152,16,826,40599
1512465539763577,1512465539804117,33554432,2097152,16,827,40540
1512465540043965,1512465540084752,33554432,2097152,16,822,40787
1512465540324547,1512465540365425,33554432,2097152,16,820,40878
1512465540605743,1512465540647061,33554432,2097152,16,812,41318
1512465540887284,1512465540928409,33554432,2097152,16,815,41125
1512465541169211,1512465541210171,33554432,2097152,16,819,40960
1512465541449982,1512465541491030,33554432,2097152,16,817,41048
1512465541730429,1512465541771619,33554432,2097152,16,814,41190
1512465542011751,1512465542053129,33554432,2097152,16,810,41378
1512465542293032,1512465542334464,33554432,2097152,16,809,41432
1512465542574719,1512465542616013,33554432,2097152,16,812,41294
1512465542861876,1512465542903086,33554432,2097152,16,814,41210
1512465543148696,1512465543190178,33554432,2097152,16,808,41482
1512465543435810,1512465543477043,33554432,2097152,16,813,41233
1512465543719303,1512465543760742,33554432,2097152,16,809,41439
1512465544000213,1512465544041528,33554432,2097152,16,812,41315
1512465544281431,1512465544322756,33554432,2097152,16,811,41325
1512465544562058,1512465544603419,33554432,2097152,16,811,41361
1512465544843194,1512465544884642,33554432,2097152,16,809,41448
1512465545124557,1512465545165994,33554432,2097152,16,809,41437
1512465545406265,1512465545447373,33554432,2097152,16,816,41108
1512465545686443,1512465545727863,33554432,2097152,16,810,41420
1512465545967926,1512465546009268,33554432,2097152,16,811,41342
1512465546249185,1512465546290212,33554432,2097152,16,817,41027
1512465546530666,1512465546572054,33554432,2097152,16,810,41388
1512465546811985,1512465546853228,33554432,2097152,16,813,41243
1512465547092711,1512465547133848,33554432,2097152,16,815,41137
1512465547373873,1512465547415079,33554432,2097152,16,814,41206
1512465547655953,1512465547696983,33554432,2097152,16,817,41030
1512465547936701,1512465547978014,33554432,2097152,16,812,41313
1512465548218257,1512465548259515,33554432,2097152,16,813,41258
1512465548499337,1512465548540779,33554432,2097152,16,809,41442
1512465548780264,1512465548821141,33554432,2097152,16,820,40877
1512465549060963,1512465549102038,33554432,2097152,16,816,41075
1512465549342084,1512465549383265,33554432,2097152,16,814,41181
1512465549622540,1512465549663192,33554432,2097152,16,825,40652
1512465549902967,1512465549944224,33554432,2097152,16,813,41257
1512465550184115,1512465550225485,33554432,2097152,16,811,41370
1512465550465016,1512465550506391,33554432,2097152,16,810,41375
1512465550746121,1512465550787190,33554432,2097152,16,817,41069
1512465551026436,1512465551067584,33554432,2097152,16,815,41148
1512465551307764,1512465551349162,33554432,2097152,16,810,41398
1512465551589342,1512465551630370,33554432,2097152,16,817,41028
1512465551869906,1512465551911107,33554432,2097152,16,814,41201
1512465552150670,1512465552191728,33554432,2097152,16,817,41058
1512465552431375,1512465552472334,33554432,2097152,16,819,40959
1512465552711979,1512465552753453,33554432,2097152,16,809,41474
1512465552993502,1512465553034448,33554432,2097152,16,819,40946
1512465553274378,1512465553315794,33554432,2097152,16,810,41416
1512465553555262,1512465553596593,33554432,2097152,16,811,41331
1512465553836700,1512465553877778,33554432,2097152,16,816,41078
1512465554117877,1512465554159247,33554432,2097152,16,811,41370
1512465554399252,1512465554440549,33554432,2097152,16,812,41297
1512465554681066,1512465554722411,33554432,2097152,16,811,41345
1512465554963142,1512465555004561,33554432,2097152,16,810,41419
1512465555243585,1512465555285083,33554432,2097152,16,808,41498
1512465555524901,1512465555566226,33554432,2097152,16,811,41325
1512465555805649,1512465555846705,33554432,2097152,16,817,41056
1512465556086351,1512465556127800,33554432,2097152,16,809,41449
1512465556367928,1512465556409304,33554432,2097152,16,810,41376
1512465556649940,1512465556691381,33554432,2097152,16,809,41441
1512465556931409,1512465556972633,33554432,2097152,16,813,41224
1512465557212737,1512465557254057,33554432,2097152,16,812,41320
1512465557494065,1512465557535322,33554432,2097152,16,813,41257
1512465557775377,1512465557816819,33554432,2097152,16,809,41442
1512465558056612,1512465558098049,33554432,2097152,16,809,41437
1512465558337806,1512465558378988,33554432,2097152,16,814,41182
1512465558618825,1512465558659907,33554432,2097152,16,816,41082
1512465558899510,1512465558940735,33554432,2097152,16,813,41225
1512465559180285,1512465559221783,33554432,2097152,16,808,41498
1512465559461026,1512465559502402,33554432,2097152,16,810,41376
1512465559741869,1512465559783137,33554432,2097152,16,813,41268
1512465560023510,1512465560064677,33554432,2097152,16,815,41167
1512465560304897,1512465560346348,33554432,2097152,16,809,41451
1512465560586623,1512465560627802,33554432,2097152,16,814,41179
1512465560868371,1512465560909521,33554432,2097152,16,815,41150
1512465561149393,1512465561190706,33554432,2097152,16,812,41313
1512465561431098,1512465561471932,33554432,2097152,16,821,40834
1512465561712250,1512465561753756,33554432,2097152,16,808,41506
1512465561993718,1512465562034701,33554432,2097152,16,818,40983
1512465562274207,1512465562314821,33554432,2097152,16,826,40614
1512465562555049,1512465562595952,33554432,2097152,16,820,40903
1512465562836074,1512465562877134,33554432,2097152,16,817,41060
1512465563117011,1512465563158057,33554432,2097152,16,817,41046
1512465563398009,1512465563439368,33554432,2097152,16,811,41359
1512465563679405,1512465563720688,33554432,2097152,16,812,41283
1512465563960632,1512465564001791,33554432,2097152,16,815,41159
1512465564242954,1512465564284045,33554432,2097152,16,816,41091
1512465564523837,1512465564565191,33554432,2097152,16,811,41354
1512465564804677,1512465564845614,33554432,2097152,16,819,40937
1512465565085537,1512465565126552,33554432,2097152,16,818,41015
1512465565366351,1512465565407645,33554432,2097152,16,812,41294
1512465565647166,1512465565688371,33554432,2097152,16,814,41205
1512465565928298,1512465565969691,33554432,2097152,16,810,41393
1512465566209595,1512465566250846,33554432,2097152,16,813,41251
1512465566490215,1512465566531366,33554432,2097152,16,815,41151
1512465566770833,1512465566812213,33554432,2097152,16,810,41380
1512465567051814,1512465567093065,33554432,2097152,16,813,41251
1512465567333050,1512465567374400,33554432,2097152,16,811,41350
1512465567614127,1512465567654991,33554432,2097152,16,821,40864
1512465567895186,1512465567936555,33554432,2097152,16,811,41369
1512465568176901,1512465568218326,33554432,2097152,16,810,41425
1512465568458442,1512465568499770,33554432,2097152,16,811,41328
1512465568740079,1512465568781506,33554432,2097152,16,809,41427
1512465569021074,1512465569062491,33554432,2097152,16,810,41417
1512465569302481,1512465569343778,33554432,2097152,16,812,41297
1512465569584353,1512465569625617,33554432,2097152,16,813,41264
1512465569865019,1512465569905891,33554432,2097152,16,820,40872
1512465570145268,1512465570186697,33554432,2097152,16,809,41429
1512465570426692,1512465570468133,33554432,2097152,16,809,41441
1512465570707532,1512465570748617,33554432,2097152,16,816,41085
1512465570989471,1512465571030326,33554432,2097152,16,821,40855
1512465571270886,1512465571312248,33554432,2097152,16,811,41362
1512465571551868,1512465571592978,33554432,2097152,16,816,41110
1512465571832315,1512465571873658,33554432,2097152,16,811,41343
1512465572113489,1512465572154985,33554432,2097152,16,808,41496
1512465572394643,1512465572435934,33554432,2097152,16,812,41291
1512465572675722,1512465572716986,33554432,2097152,16,813,41264
1512465572956965,1512465572997997,33554432,2097152,16,817,41032
1512465573237479,1512465573278873,33554432,2097152,16,810,41394
1512465573516878,1512465573558229,33554432,2097152,16,811,41351
1512465573798196,1512465573839530,33554432,2097152,16,811,41334
1512465574079258,1512465574120286,33554432,2097152,16,817,41028
1512465574359992,1512465574401314,33554432,2097152,16,812,41322
1512465574640414,1512465574681713,33554432,2097152,16,812,41299
1512465574921559,1512465574962758,33554432,2097152,16,814,41199
1512465575202289,1512465575243729,33554432,2097152,16,809,41440
1512465575483638,1512465575524975,33554432,2097152,16,811,41337
1512465575764470,1512465575805860,33554432,2097152,16,810,41390
1512465576045304,1512465576086301,33554432,2097152,16,818,40997
1512465576325951,1512465576367249,33554432,2097152,16,812,41298
1512465576607378,1512465576648752,33554432,2097152,16,811,41374
1512465576888686,1512465576929920,33554432,2097152,16,813,41234
1512465577169536,1512465577210958,33554432,2097152,16,810,41422
1512465577451205,1512465577492529,33554432,2097152,16,811,41324
1512465577732953,1512465577774276,33554432,2097152,16,812,41323
1512465578013915,1512465578055182,33554432,2097152,16,813,41267
1512465578295238,1512465578336594,33554432,2097152,16,811,41356
1512465578576791,1512465578618225,33554432,2097152,16,809,41434
1512465578858905,1512465578900322,33554432,2097152,16,810,41417
1512465579141039,1512465579182320,33554432,2097152,16,812,41281
1512465579422419,1512465579463798,33554432,2097152,16,810,41379
1512465579703361,1512465579744647,33554432,2097152,16,812,41286
1512465579984752,1512465580026102,33554432,2097152,16,811,41350
1512465580265130,1512465580306108,33554432,2097152,16,818,40978
1512465580545652,1512465580586762,33554432,2097152,16,816,41110
1512465580827127,1512465580868233,33554432,2097152,16,816,41106
1512465581107983,1512465581149383,33554432,2097152,16,810,41400
1512465581389896,1512465581431292,33554432,2097152,16,810,41396
1512465581671727,1512465581712874,33554432,2097152,16,815,41147
1512465581952651,1512465581993893,33554432,2097152,16,813,41242
1512465582234397,1512465582275677,33554432,2097152,16,812,41280
1512465582516294,1512465582557250,33554432,2097152,16,819,40956
1512465582797447,1512465582838827,33554432,2097152,16,810,41380
1512465583079137,1512465583120538,33554432,2097152,16,810,41401
1512465583360443,1512465583401923,33554432,2097152,16,808,41480
1512465583643029,1512465583684455,33554432,2097152,16,809,41426
1512465583924857,1512465583966269,33554432,2097152,16,810,41412
1512465584206343,1512465584247499,33554432,2097152,16,815,41156
1512465584488700,1512465584529928,33554432,2097152,16,813,41228
1512465584770116,1512465584811343,33554432,2097152,16,813,41227
1512465585051306,1512465585092576,33554432,2097152,16,813,41270
1512465585332930,1512465585374195,33554432,2097152,16,813,41265
1512465585614404,1512465585655691,33554432,2097152,16,812,41287
1512465585896074,1512465585937495,33554432,2097152,16,810,41421
1512465586178144,1512465586219561,33554432,2097152,16,810,41417
1512465586460103,1512465586501511,33554432,2097152,16,810,41408
1512465586742430,1512465586783719,33554432,2097152,16,812,41289
1512465587024006,1512465587065261,33554432,2097152,16,813,41255
1512465587305218,1512465587346621,33554432,2097152,16,810,41403
1512465587586503,1512465587627921,33554432,2097152,16,810,41418
1512465587867944,1512465587909248,33554432,2097152,16,812,41304
1512465588149435,1512465588190676,33554432,2097152,16,813,41241
1512465588431243,1512465588472679,33554432,2097152,16,809,41436
1512465588712581,1512465588753570,33554432,2097152,16,818,40989
1512465588993789,1512465589034917,33554432,2097152,16,815,41128
1512465589274805,1512465589316196,33554432,2097152,16,810,41391
1512465589556405,1512465589597802,33554432,2097152,16,810,41397
1512465589838263,1512465589879580,33554432,2097152,16,812,41317
1512465590119732,1512465590160944,33554432,2097152,16,814,41212
1512465590401389,1512465590442332,33554432,2097152,16,819,40943
1512465590682843,1512465590724105,33554432,2097152,16,813,41262
1512465590965403,1512465591006485,33554432,2097152,16,816,41082
1512465591246871,1512465591288215,33554432,2097152,16,811,41344
1512465591528856,1512465591570143,33554432,2097152,16,812,41287
1512465591810440,1512465591851815,33554432,2097152,16,810,41375
1512465592091622,1512465592132893,33554432,2097152,16,813,41271
1512465592373541,1512465592414624,33554432,2097152,16,816,41083
1512465592654588,1512465592695730,33554432,2097152,16,815,41142
1512465592935570,1512465592977008,33554432,2097152,16,809,41438
1512465593217594,1512465593258852,33554432,2097152,16,813,41258
1512465593499077,1512465593540333,33554432,2097152,16,813,41256
1512465593779974,1512465593821366,33554432,2097152,16,810,41392
1512465594061442,1512465594102725,33554432,2097152,16,812,41283
1512465594342613,1512465594384060,33554432,2097152,16,809,41447
1512465594624016,1512465594665503,33554432,2097152,16,808,41487
1512465594905301,1512465594946578,33554432,2097152,16,812,41277
1512465595187107,1512465595228222,33554432,2097152,16,816,41115
1512465595468002,1512465595509167,33554432,2097152,16,815,41165
1512465595749185,1512465595790601,33554432,2097152,16,810,41416
1512465596030445,1512465596071690,33554432,2097152,16,813,41245
1512465596312520,1512465596353788,33554432,2097152,16,813,41268
1512465596594363,1512465596635765,33554432,2097152,16,810,41402
1512465596875615,1512465596916940,33554432,2097152,16,811,41325
1512465597156993,1512465597198406,33554432,2097152,16,810,41413
1512465597437990,1512465597479234,33554432,2097152,16,813,41244
1512465597719862,1512465597760967,33554432,2097152,16,816,41105
1512465598001194,1512465598042490,33554432,2097152,16,812,41296
1512465598282492,1512465598323620,33554432,2097152,16,815,41128
1512465598564077,1512465598605256,33554432,2097152,16,814,41179
1512465598845573,1512465598886891,33554432,2097152,16,812,41318
1512465599126789,1512465599168218,33554432,2097152,16,809,41429
1512465599408675,1512465599450070,33554432,2097152,16,810,41395
1512465599690930,1512465599732347,33554432,2097152,16,810,41417
1512465599973133,1512465600014877,33554432,2097152,16,803,41744
1512465600255439,1512465600296604,33554432,2097152,16,815,41165
1512465600536782,1512465600578041,33554432,2097152,16,813,41259
1512465600817578,1512465600858835,33554432,2097152,16,813,41257
1512465601098596,1512465601140059,33554432,2097152,16,809,41463
1512465601380110,1512465601421599,33554432,2097152,16,808,41489
1512465601661930,1512465601703224,33554432,2097152,16,812,41294
1512465601943034,1512465601984010,33554432,2097152,16,818,40976
1512465602224471,1512465602265699,33554432,2097152,16,813,41228
1512465602505893,1512465602547344,33554432,2097152,16,809,41451
1512465602785829,1512465602827351,33554432,2097152,16,808,41522
1512465603068049,1512465603109409,33554432,2097152,16,811,41360
1512465603349207,1512465603390446,33554432,2097152,16,813,41239
1512465603630754,1512465603672125,33554432,2097152,16,811,41371
1512465603912746,1512465603953996,33554432,2097152,16,813,41250
1512465604194596,1512465604235754,33554432,2097152,16,815,41158
1512465604476408,1512465604517652,33554432,2097152,16,813,41244
1512465604758204,1512465604799462,33554432,2097152,16,813,41258
1512465605039583,1512465605080961,33554432,2097152,16,810,41378
1512465605321527,1512465605362818,33554432,2097152,16,812,41291
1512465605602278,1512465605643661,33554432,2097152,16,810,41383
1512465605884183,1512465605925546,33554432,2097152,16,811,41363
1512465606165323,1512465606206570,33554432,2097152,16,813,41247
1512465606446618,1512465606488081,33554432,2097152,16,809,41463
1512465606728599,1512465606769811,33554432,2097152,16,814,41212
1512465607010201,1512465607051549,33554432,2097152,16,811,41348
1512465607291870,1512465607332893,33554432,2097152,16,817,41023
1512465607573196,1512465607614592,33554432,2097152,16,810,41396
1512465607855603,1512465607896936,33554432,2097152,16,811,41333
1512465608137263,1512465608178357,33554432,2097152,16,816,41094
1512465608418478,1512465608459473,33554432,2097152,16,818,40995
1512465608699428,1512465608740763,33554432,2097152,16,811,41335
1512465608981701,1512465609023148,33554432,2097152,16,809,41447
1512465609263525,1512465609304645,33554432,2097152,16,816,41120
1512465609544690,1512465609585757,33554432,2097152,16,817,41067
1512465609826186,1512465609867239,33554432,2097152,16,817,41053
1512465610107583,1512465610148705,33554432,2097152,16,815,41122
1512465610388759,1512465610429735,33554432,2097152,16,818,40976
1512465610669813,1512465610711057,33554432,2097152,16,813,41244
1512465610951534,1512465610992802,33554432,2097152,16,813,41268
1512465611232964,1512465611274150,33554432,2097152,16,814,41186
1512465611513714,1512465611554938,33554432,2097152,16,813,41224
1512465611795244,1512465611836672,33554432,2097152,16,809,41428
1512465612076895,1512465612118059,33554432,2097152,16,815,41164
1512465612358574,1512465612399560,33554432,2097152,16,818,40986
1512465612639778,1512465612681138,33554432,2097152,16,811,41360
1512465612921860,1512465612963215,33554432,2097152,16,811,41355
1512465613203248,1512465613244492,33554432,2097152,16,813,41244
1512465613484291,1512465613525436,33554432,2097152,16,815,41145
1512465613765773,1512465613807139,33554432,2097152,16,811,41366
1512465614047703,1512465614088985,33554432,2097152,16,812,41282
1512465614329800,1512465614371225,33554432,2097152,16,810,41425
1512465614611046,1512465614652400,33554432,2097152,16,811,41354
1512465614892734,1512465614933610,33554432,2097152,16,820,40876
1512465615173702,1512465615214974,33554432,2097152,16,813,41272
1512465615455136,1512465615496128,33554432,2097152,16,818,40992
1512465615736548,1512465615777644,33554432,2097152,16,816,41096
1512465616018370,1512465616059722,33554432,2097152,16,811,41352
1512465616300005,1512465616341347,33554432,2097152,16,811,41342
1512465616582065,1512465616623120,33554432,2097152,16,817,41055
1512465616862856,1512465616904325,33554432,2097152,16,809,41469
1512465617144928,1512465617186072,33554432,2097152,16,815,41144
1512465617425969,1512465617466943,33554432,2097152,16,818,40974
1512465617707484,1512465617748802,33554432,2097152,16,812,41318
1512465617989430,1512465618030927,33554432,2097152,16,808,41497
1512465618271205,1512465618312520,33554432,2097152,16,812,41315
1512465618552762,1512465618594130,33554432,2097152,16,811,41368
1512465618833959,1512465618875079,33554432,2097152,16,816,41120
1512465619115699,1512465619156648,33554432,2097152,16,819,40949
1512465619397090,1512465619438507,33554432,2097152,16,810,41417
1512465619679666,1512465619720748,33554432,2097152,16,816,41082
1512465619961030,1512465620002458,33554432,2097152,16,809,41428
1512465620242385,1512465620283756,33554432,2097152,16,811,41371
1512465620524026,1512465620565345,33554432,2097152,16,812,41319
1512465620805430,1512465620846877,33554432,2097152,16,809,41447
1512465621087674,1512465621129245,33554432,2097152,16,807,41571
1512465621369751,1512465621411170,33554432,2097152,16,810,41419
1512465621651437,1512465621692658,33554432,2097152,16,814,41221
1512465621933008,1512465621974445,33554432,2097152,16,809,41437
1512465622214674,1512465622255760,33554432,2097152,16,816,41086
1512465622496054,1512465622537277,33554432,2097152,16,813,41223
1512465622777476,1512465622818729,33554432,2097152,16,813,41253
1512465623059586,1512465623100851,33554432,2097152,16,813,41265
1512465623341097,1512465623382432,33554432,2097152,16,811,41335
1512465623622986,1512465623664419,33554432,2097152,16,809,41433
1512465623904821,1512465623945852,33554432,2097152,16,817,41031
1512465624186378,1512465624227643,33554432,2097152,16,813,41265
1512465624467622,1512465624508913,33554432,2097152,16,812,41291
1512465624748552,1512465624789688,33554432,2097152,16,815,41136
1512465625029903,1512465625071189,33554432,2097152,16,812,41286
1512465625311190,1512465625352443,33554432,2097152,16,813,41253
1512465625592782,1512465625634064,33554432,2097152,16,812,41282
1512465625874029,1512465625915366,33554432,2097152,16,811,41337
1512465626156166,1512465626197599,33554432,2097152,16,809,41433
1512465626438244,1512465626479686,33554432,2097152,16,809,41442
1512465626720287,1512465626761397,33554432,2097152,16,816,41110
1512465627000091,1512465627041370,33554432,2097152,16,812,41279
1512465627280047,1512465627321214,33554432,2097152,16,815,41167
1512465627560449,1512465627601682,33554432,2097152,16,813,41233
1512465627842261,1512465627883164,33554432,2097152,16,820,40903
1512465628123833,1512465628165155,33554432,2097152,16,812,41322
1512465628404708,1512465628446124,33554432,2097152,16,810,41416
1512465628686713,1512465628727990,33554432,2097152,16,812,41277
1512465628968448,1512465629009555,33554432,2097152,16,816,41107
1512465629250687,1512465629292009,33554432,2097152,16,812,41322
1512465629533172,1512465629574599,33554432,2097152,16,809,41427
1512465629815529,1512465629856712,33554432,2097152,16,814,41183
1512465630097400,1512465630138797,33554432,2097152,16,810,41397
1512465630379326,1512465630420387,33554432,2097152,16,817,41061
1512465630660796,1512465630701762,33554432,2097152,16,819,40966
1512465630941906,1512465630983156,33554432,2097152,16,813,41250
1512465631223307,1512465631264685,33554432,2097152,16,810,41378
1512465631505228,1512465631546346,33554432,2097152,16,816,41118
1512465631787049,1512465631828073,33554432,2097152,16,817,41024
1512465632068547,1512465632109891,33554432,2097152,16,811,41344
1512465632350075,1512465632391202,33554432,2097152,16,815,41127
1512465632631730,1512465632673124,33554432,2097152,16,810,41394
1512465632913458,1512465632954532,33554432,2097152,16,816,41074
1512465633194879,1512465633236197,33554432,2097152,16,812,41318
1512465633476609,1512465633518003,33554432,2097152,16,810,41394
1512465633757826,1512465633799073,33554432,2097152,16,813,41247
1512465634039136,1512465634080469,33554432,2097152,16,811,41333
1512465634320472,1512465634361899,33554432,2097152,16,809,41427
1512465634602461,1512465634643616,33554432,2097152,16,815,41155
1512465634884200,1512465634924993,33554432,2097152,16,822,40793
1512465635165168,1512465635206588,33554432,2097152,16,810,41420
1512465635447375,1512465635488760,33554432,2097152,16,810,41385
1512465635728675,1512465635770103,33554432,2097152,16,809,41428
1512465636010817,1512465636052086,33554432,2097152,16,813,41269
1512465636292048,1512465636333481,33554432,2097152,16,809,41433
1512465636573805,1512465636615113,33554432,2097152,16,812,41308
1512465636855457,1512465636896594,33554432,2097152,16,815,41137
1512465637136741,1512465637177849,33554432,2097152,16,816,41108
1512465637418683,1512465637460101,33554432,2097152,16,810,41418
1512465637700433,1512465637741627,33554432,2097152,16,814,41194
1512465637981894,1512465638023138,33554432,2097152,16,813,41244
1512465638263427,1512465638304717,33554432,2097152,16,812,41290
1512465638544760,1512465638585541,33554432,2097152,16,822,40781
1512465638826397,1512465638867499,33554432,2097152,16,816,41102
1512465639107059,1512465639148200,33554432,2097152,16,815,41141
1512465639389028,1512465639430199,33554432,2097152,16,815,41171
1512465639670768,1512465639712002,33554432,2097152,16,813,41234
1512465639951557,1512465639992687,33554432,2097152,16,815,41130
1512465640232426,1512465640273512,33554432,2097152,16,816,41086
1512465640513675,1512465640554778,33554432,2097152,16,816,41103
1512465640794676,1512465640835783,33554432,2097152,16,816,41107
1512465641076033,1512465641117447,33554432,2097152,16,810,41414
1512465641357759,1512465641398894,33554432,2097152,16,815,41135
1512465641639177,1512465641680618,33554432,2097152,16,809,41441
1512465641921562,1512465641962851,33554432,2097152,16,812,41289
1512465642203345,1512465642244618,33554432,2097152,16,812,41273
1512465642484131,1512465642525522,33554432,2097152,16,810,41391
1512465642766352,1512465642807376,33554432,2097152,16,817,41024
1512465643047429,1512465643088536,33554432,2097152,16,816,41107
1512465643330081,1512465643371224,33554432,2097152,16,815,41143
1512465643611709,1512465643652999,33554432,2097152,16,812,41290
1512465643893589,1512465643934724,33554432,2097152,16,815,41135
1512465644174566,1512465644215976,33554432,2097152,16,810,41410
1512465644456300,1512465644497610,33554432,2097152,16,812,41310
1512465644738986,1512465644780439,33554432,2097152,16,809,41453
1512465645020595,1512465645061730,33554432,2097152,16,815,41135
1512465645302175,1512465645343711,33554432,2097152,16,807,41536
1512465645583564,1512465645624960,33554432,2097152,16,810,41396
1512465645864780,1512465645906014,33554432,2097152,16,813,41234
1512465646145848,1512465646187251,33554432,2097152,16,810,41403
1512465646427421,1512465646468876,33554432,2097152,16,809,41455
1512465646709376,1512465646750579,33554432,2097152,16,814,41203
1512465646990835,1512465647032257,33554432,2097152,16,810,41422
1512465647272689,1512465647313900,33554432,2097152,16,814,41211
1512465647554078,1512465647595457,33554432,2097152,16,810,41379
1512465647835742,1512465647876991,33554432,2097152,16,813,41249
1512465648118269,1512465648159205,33554432,2097152,16,819,40936
1512465648400395,1512465648441652,33554432,2097152,16,813,41257
1512465648683299,1512465648724538,33554432,2097152,16,813,41239
1512465648965265,1512465649006542,33554432,2097152,16,812,41277
1512465649246711,1512465649287960,33554432,2097152,16,813,41249
1512465649528656,1512465649569968,33554432,2097152,16,812,41312
1512465649809405,1512465649850708,33554432,2097152,16,812,41303
1512465650091214,1512465650132494,33554432,2097152,16,812,41280
1512465650372685,1512465650413949,33554432,2097152,16,813,41264
1512465650654231,1512465650695097,33554432,2097152,16,821,40866
1512465650935801,1512465650977148,33554432,2097152,16,811,41347
1512465651217985,1512465651259361,33554432,2097152,16,810,41376
1512465651500074,1512465651541354,33554432,2097152,16,812,41280
1512465651781866,1512465651823100,33554432,2097152,16,813,41234
1512465652063501,1512465652104758,33554432,2097152,16,813,41257
1512465652345505,1512465652386863,33554432,2097152,16,811,41358
1512465652626529,1512465652667803,33554432,2097152,16,812,41274
1512465652908167,1512465652949561,33554432,2097152,16,810,41394
1512465653190113,1512465653230882,33554432,2097152,16,823,40769
1512465653471540,1512465653512775,33554432,2097152,16,813,41235
1512465653753390,1512465653794430,33554432,2097152,16,817,41040
1512465654034917,1512465654076033,33554432,2097152,16,816,41116
1512465654316638,1512465654357977,33554432,2097152,16,811,41339
1512465654599088,1512465654640309,33554432,2097152,16,814,41221
1512465654880522,1512465654921670,33554432,2097152,16,815,41148
1512465655162217,1512465655203367,33554432,2097152,16,815,41150
1512465655443942,1512465655485106,33554432,2097152,16,815,41164
1512465655725536,1512465655767001,33554432,2097152,16,809,41465
1512465656006804,1512465656047887,33554432,2097152,16,816,41083
1512465656288455,1512465656329050,33554432,2097152,16,826,40595
1512465656569225,1512465656610619,33554432,2097152,16,810,41394
1512465656850215,1512465656891619,33554432,2097152,16,810,41404
1512465657131853,1512465657173276,33554432,2097152,16,810,41423
1512465657413686,1512465657454839,33554432,2097152,16,815,41153
1512465657695299,1512465657736658,33554432,2097152,16,811,41359
1512465657976877,1512465658018158,33554432,2097152,16,812,41281
1512465658258301,1512465658299584,33554432,2097152,16,812,41283
1512465658540170,1512465658581433,33554432,2097152,16,813,41263
1512465658821872,1512465658863150,33554432,2097152,16,812,41278
1512465659103658,1512465659144937,33554432,2097152,16,812,41279
1512465659386033,1512465659427457,33554432,2097152,16,810,41424
1512465659667664,1512465659708952,33554432,2097152,16,812,41288
1512465659949063,1512465659990320,33554432,2097152,16,813,41257
1512465660230363,1512465660271310,33554432,2097152,16,819,40947
1512465660511503,1512465660552622,33554432,2097152,16,816,41119
1512465660792642,1512465660833635,33554432,2097152,16,818,40993
1512465661074051,1512465661115150,33554432,2097152,16,816,41099
1512465661355982,1512465661396955,33554432,2097152,16,818,40973
1512465661637431,1512465661678747,33554432,2097152,16,812,41316
1512465661919050,1512465661960305,33554432,2097152,16,813,41255
1512465662201428,1512465662242631,33554432,2097152,16,814,41203
1512465662483198,1512465662524429,33554432,2097152,16,813,41231
1512465662764436,1512465662805757,33554432,2097152,16,812,41321
1512465663046245,1512465663087514,33554432,2097152,16,813,41269
1512465663327633,1512465663368979,33554432,2097152,16,811,41346
1512465663609372,1512465663650614,33554432,2097152,16,813,41242
1512465663891107,1512465663932387,33554432,2097152,16,812,41280
1512465664171879,1512465664213350,33554432,2097152,16,809,41471
1512465664453971,1512465664495332,33554432,2097152,16,811,41361
1512465664736230,1512465664777195,33554432,2097152,16,819,40965
1512465665018067,1512465665059503,33554432,2097152,16,809,41436
1512465665300404,1512465665341852,33554432,2097152,16,809,41448
1512465665582318,1512465665623297,33554432,2097152,16,818,40979
1512465665863983,1512465665905195,33554432,2097152,16,814,41212
1512465666145150,1512465666186115,33554432,2097152,16,819,40965
1512465666427498,1512465666468909,33554432,2097152,16,810,41411
1512465666709816,1512465666751108,33554432,2097152,16,812,41292
1512465666991233,1512465667032237,33554432,2097152,16,818,41004
1512465667272723,1512465667313975,33554432,2097152,16,813,41252
1512465667554313,1512465667595768,33554432,2097152,16,809,41455
1512465667835921,1512465667877327,33554432,2097152,16,810,41406
1512465668117073,1512465668158087,33554432,2097152,16,818,41014
1512465668398937,1512465668440347,33554432,2097152,16,810,41410
1512465668681165,1512465668722433,33554432,2097152,16,813,41268
1512465668962888,1512465669003985,33554432,2097152,16,816,41097
1512465669243925,1512465669284971,33554432,2097152,16,817,41046
1512465669525212,1512465669566214,33554432,2097152,16,818,41002
1512465669806832,1512465669848294,33554432,2097152,16,809,41462
1512465670088621,1512465670130069,33554432,2097152,16,809,41448
1512465670370631,1512465670411792,33554432,2097152,16,815,41161
1512465670652918,1512465670694226,33554432,2097152,16,812,41308
1512465670935472,1512465670976721,33554432,2097152,16,813,41249
1512465671221953,1512465671263386,33554432,2097152,16,809,41433
1512465671508303,1512465671549603,33554432,2097152,16,812,41300
1512465671795121,1512465671836361,33554432,2097152,16,813,41240
1512465672081761,1512465672123250,33554432,2097152,16,808,41489
1512465672363732,1512465672404889,33554432,2097152,16,815,41157
1512465672645206,1512465672686624,33554432,2097152,16,810,41418
1512465672926425,1512465672967757,33554432,2097152,16,811,41332
1512465673207530,1512465673248845,33554432,2097152,16,812,41315
1512465673488454,1512465673529756,33554432,2097152,16,812,41302
1512465673769713,1512465673810912,33554432,2097152,16,814,41199
1512465674050653,1512465674092072,33554432,2097152,16,810,41419
1512465674331642,1512465674372888,33554432,2097152,16,813,41246
1512465674611952,1512465674653075,33554432,2097152,16,815,41123
1512465674893105,1512465674934533,33554432,2097152,16,809,41428
1512465675173786,1512465675215193,33554432,2097152,16,810,41407
1512465675455186,1512465675496420,33554432,2097152,16,813,41234
1512465675736281,1512465675777727,33554432,2097152,16,809,41446
1512465676017937,1512465676059262,33554432,2097152,16,811,41325
1512465676298501,1512465676339774,33554432,2097152,16,812,41273
1512465676579815,1512465676621250,33554432,2097152,16,809,41435
1512465676860522,1512465676901523,33554432,2097152,16,818,41001
1512465677141280,1512465677182634,33554432,2097152,16,811,41354
1512465677422582,1512465677463850,33554432,2097152,16,813,41268
1512465677703860,1512465677744785,33554432,2097152,16,819,40925
1512465677984412,1512465678025845,33554432,2097152,16,809,41433
1512465678266189,1512465678307293,33554432,2097152,16,816,41104
1512465678547109,1512465678588448,33554432,2097152,16,811,41339
1512465678828410,1512465678869639,33554432,2097152,16,813,41229
1512465679109608,1512465679151045,33554432,2097152,16,809,41437
1512465679391142,1512465679432217,33554432,2097152,16,816,41075
1512465679672588,1512465679713677,33554432,2097152,16,816,41089
1512465679953661,1512465679994750,33554432,2097152,16,816,41089
1512465680234962,1512465680276240,33554432,2097152,16,812,41278
1512465680516203,1512465680557659,33554432,2097152,16,809,41456
1512465680798018,1512465680839294,33554432,2097152,16,812,41276
1512465681079394,1512465681120487,33554432,2097152,16,816,41093
1512465681360436,1512465681401698,33554432,2097152,16,813,41262
1512465681641670,1512465681682544,33554432,2097152,16,820,40874
1512465681922164,1512465681963513,33554432,2097152,16,811,41349
1512465682203423,1512465682244756,33554432,2097152,16,811,41333
1512465682484835,1512465682526242,33554432,2097152,16,810,41407
1512465682765964,1512465682806946,33554432,2097152,16,818,40982
1512465683046550,1512465683087600,33554432,2097152,16,817,41050
1512465683327561,1512465683368671,33554432,2097152,16,816,41110
1512465683608104,1512465683649379,33554432,2097152,16,812,41275
1512465683889159,1512465683930554,33554432,2097152,16,810,41395
1512465684170887,1512465684212018,33554432,2097152,16,815,41131
1512465684452010,1512465684493271,33554432,2097152,16,813,41261
1512465684732989,1512465684774353,33554432,2097152,16,811,41364
1512465685013717,1512465685055106,33554432,2097152,16,810,41389
1512465685295540,1512465685336293,33554432,2097152,16,823,40753
1512465685575747,1512465685617110,33554432,2097152,16,811,41363
1512465685857799,1512465685899159,33554432,2097152,16,811,41360
1512465686138969,1512465686180224,33554432,2097152,16,813,41255
1512465686421093,1512465686462336,33554432,2097152,16,813,41243
1512465686702751,1512465686744001,33554432,2097152,16,813,41250
1512465686984315,1512465687025708,33554432,2097152,16,810,41393
1512465687265523,1512465687306511,33554432,2097152,16,818,40988
1512465687546362,1512465687587793,33554432,2097152,16,809,41431
1512465687827988,1512465687868987,33554432,2097152,16,818,40999
1512465688108682,1512465688149592,33554432,2097152,16,820,40910
1512465688389724,1512465688431041,33554432,2097152,16,812,41317
1512465688670771,1512465688711910,33554432,2097152,16,815,41139
1512465688951484,1512465688992705,33554432,2097152,16,814,41221
1512465689233269,1512465689274000,33554432,2097152,16,823,40731
1512465689514727,1512465689556198,33554432,2097152,16,809,41471
1512465689796162,1512465689837384,33554432,2097152,16,813,41222
1512465690077354,1512465690118557,33554432,2097152,16,814,41203
1512465690358778,1512465690399701,33554432,2097152,16,819,40923
1512465690639158,1512465690680559,33554432,2097152,16,810,41401
1512465690920442,1512465690961784,33554432,2097152,16,811,41342
1512465691201409,1512465691242771,33554432,2097152,16,811,41362
1512465691482602,1512465691523932,33554432,2097152,16,811,41330
1512465691764128,1512465691805344,33554432,2097152,16,814,41216
1512465692044970,1512465692086275,33554432,2097152,16,812,41305
1512465692326266,1512465692367638,33554432,2097152,16,811,41372
1512465692607261,1512465692648506,33554432,2097152,16,813,41245
1512465692888661,1512465692929770,33554432,2097152,16,816,41109
1512465693169743,1512465693211105,33554432,2097152,16,811,41362
1512465693451040,1512465693492280,33554432,2097152,16,813,41240
1512465693732612,1512465693774007,33554432,2097152,16,810,41395
1512465694013792,1512465694054733,33554432,2097152,16,819,40941
1512465694294720,1512465694335822,33554432,2097152,16,816,41102
1512465694575502,1512465694616812,33554432,2097152,16,812,41310
1512465694856689,1512465694897943,33554432,2097152,16,813,41254
1512465695137750,1512465695179074,33554432,2097152,16,811,41324
1512465695418965,1512465695460353,33554432,2097152,16,810,41388
1512465695699981,1512465695741216,33554432,2097152,16,813,41235
1512465695981447,1512465696022369,33554432,2097152,16,819,40922
1512465696262248,1512465696303609,33554432,2097152,16,811,41361
1512465696543440,1512465696584723,33554432,2097152,16,812,41283
1512465696825296,1512465696866773,33554432,2097152,16,808,41477
1512465697106816,1512465697147894,33554432,2097152,16,816,41078
1512465697387398,1512465697428622,33554432,2097152,16,813,41224
1512465697668557,1512465697709728,33554432,2097152,16,815,41171
1512465697949638,1512465697990880,33554432,2097152,16,813,41242
1512465698231452,1512465698272557,33554432,2097152,16,816,41105
1512465698513409,1512465698554663,33554432,2097152,16,813,41254
1512465698795004,1512465698836233,33554432,2097152,16,813,41229
1512465699076735,1512465699117839,33554432,2097152,16,816,41104
1512465699357479,1512465699398389,33554432,2097152,16,820,40910
1512465699638771,1512465699680025,33554432,2097152,16,813,41254
1512465699920585,1512465699961847,33554432,2097152,16,813,41262
1512465700202248,1512465700243631,33554432,2097152,16,810,41383
1512465700483759,1512465700525090,33554432,2097152,16,811,41331
1512465700765900,1512465700807202,33554432,2097152,16,812,41302
1512465701047110,1512465701088474,33554432,2097152,16,811,41364
1512465701329735,1512465701371087,33554432,2097152,16,811,41352
1512465701611778,1512465701652998,33554432,2097152,16,814,41220
1512465701893391,1512465701934824,33554432,2097152,16,809,41433
1512465702174557,1512465702215927,33554432,2097152,16,811,41370
1512465702456664,1512465702497908,33554432,2097152,16,813,41244
1512465702738066,1512465702779304,33554432,2097152,16,813,41238
1512465703019735,1512465703061029,33554432,2097152,16,812,41294
1512465703300865,1512465703341675,33554432,2097152,16,822,40810
1512465703582742,1512465703624140,33554432,2097152,16,810,41398
1512465703864366,1512465703905450,33554432,2097152,16,816,41084
1512465704144999,1512465704186371,33554432,2097152,16,811,41372
1512465704426743,1512465704467622,33554432,2097152,16,820,40879
1512465704708395,1512465704749783,33554432,2097152,16,810,41388
1512465704990157,1512465705031361,33554432,2097152,16,814,41204
1512465705272178,1512465705313386,33554432,2097152,16,814,41208
1512465705554657,1512465705596125,33554432,2097152,16,809,41468
1512465705836873,1512465705878101,33554432,2097152,16,813,41228
1512465706118238,1512465706159521,33554432,2097152,16,812,41283
1512465706400167,1512465706441546,33554432,2097152,16,810,41379
1512465706681680,1512465706723104,33554432,2097152,16,810,41424
1512465706963491,1512465707004569,33554432,2097152,16,816,41078
1512465707244482,1512465707285696,33554432,2097152,16,814,41214
1512465707525754,1512465707567192,33554432,2097152,16,809,41438
1512465707808626,1512465707849868,33554432,2097152,16,813,41242
1512465708090298,1512465708131705,33554432,2097152,16,810,41407
1512465708371859,1512465708413002,33554432,2097152,16,815,41143
1512465708652751,1512465708694073,33554432,2097152,16,812,41322
1512465708935051,1512465708976016,33554432,2097152,16,819,40965
1512465709216670,1512465709257832,33554432,2097152,16,815,41162
1512465709497968,1512465709539237,33554432,2097152,16,813,41269
1512465709779792,1512465709820861,33554432,2097152,16,817,41069
1512465710060750,1512465710102127,33554432,2097152,16,810,41377
1512465710342461,1512465710383558,33554432,2097152,16,816,41097
1512465710624863,1512465710666007,33554432,2097152,16,815,41144
1512465710906871,1512465710948204,33554432,2097152,16,811,41333
1512465711189166,1512465711230582,33554432,2097152,16,810,41416
1512465711470716,1512465711511939,33554432,2097152,16,813,41223
1512465711752243,1512465711793373,33554432,2097152,16,815,41130
1512465712034290,1512465712075670,33554432,2097152,16,810,41380
1512465712315527,1512465712356987,33554432,2097152,16,809,41460
1512465712597499,1512465712638963,33554432,2097152,16,809,41464
1512465712879211,1512465712920566,33554432,2097152,16,811,41355
1512465713161136,1512465713202250,33554432,2097152,16,816,41114
1512465713443176,1512465713484599,33554432,2097152,16,810,41423
1512465713724939,1512465713765999,33554432,2097152,16,817,41060
1512465714006234,1512465714047545,33554432,2097152,16,812,41311
1512465714287545,1512465714328947,33554432,2097152,16,810,41402
1512465714569262,1512465714610648,33554432,2097152,16,810,41386
1512465714851267,1512465714892672,33554432,2097152,16,810,41405
1512465715132744,1512465715173925,33554432,2097152,16,814,41181
1512465715414269,1512465715455677,33554432,2097152,16,810,41408
1512465715696386,1512465715737733,33554432,2097152,16,811,41347
1512465715978223,1512465716019225,33554432,2097152,16,818,41002
1512465716258822,1512465716300139,33554432,2097152,16,812,41317
1512465716541262,1512465716582631,33554432,2097152,16,811,41369
1512465716823179,1512465716864581,33554432,2097152,16,810,41402
1512465717105146,1512465717146482,33554432,2097152,16,811,41336
1512465717386351,1512465717427799,33554432,2097152,16,809,41448
1512465717668090,1512465717709023,33554432,2097152,16,819,40933
1512465717949560,1512465717990369,33554432,2097152,16,822,40809
1512465718231098,1512465718271938,33554432,2097152,16,821,40840
1512465718512199,1512465718553421,33554432,2097152,16,813,41222
1512465718793106,1512465718834310,33554432,2097152,16,814,41204
1512465719074879,1512465719115989,33554432,2097152,16,816,41110
1512465719356665,1512465719397966,33554432,2097152,16,812,41301
1512465719638232,1512465719679633,33554432,2097152,16,810,41401
1512465719919599,1512465719961048,33554432,2097152,16,809,41449
1512465720201536,1512465720242790,33554432,2097152,16,813,41254
1512465720482693,1512465720524065,33554432,2097152,16,811,41372
1512465720764826,1512465720806018,33554432,2097152,16,814,41192
1512465721046700,1512465721087603,33554432,2097152,16,820,40903
1512465721327815,1512465721369227,33554432,2097152,16,810,41412
1512465721609563,1512465721650877,33554432,2097152,16,812,41314
1512465721890893,1512465721932313,33554432,2097152,16,810,41420
1512465722172724,1512465722213938,33554432,2097152,16,814,41214
1512465722454412,1512465722495689,33554432,2097152,16,812,41277
1512465722736308,1512465722777569,33554432,2097152,16,813,41261
1512465723018334,1512465723059648,33554432,2097152,16,812,41314
1512465723299956,1512465723341423,33554432,2097152,16,809,41467
1512465723581873,1512465723623287,33554432,2097152,16,810,41414
1512465723863289,1512465723904458,33554432,2097152,16,815,41169
1512465724144772,1512465724185797,33554432,2097152,16,817,41025
1512465724426115,1512465724467443,33554432,2097152,16,811,41328
1512465724707279,1512465724748645,33554432,2097152,16,811,41366
1512465724988818,1512465725030208,33554432,2097152,16,810,41390
1512465725270068,1512465725311277,33554432,2097152,16,814,41209
1512465725551191,1512465725592507,33554432,2097152,16,812,41316
1512465725832882,1512465725874117,33554432,2097152,16,813,41235
1512465726114866,1512465726156300,33554432,2097152,16,809,41434
1512465726397057,1512465726438239,33554432,2097152,16,814,41182
1512465726678974,1512465726720332,33554432,2097152,16,811,41358
1512465726960876,1512465727002004,33554432,2097152,16,815,41128
1512465727242523,1512465727283628,33554432,2097152,16,816,41105
1512465727524302,1512465727565609,33554432,2097152,16,812,41307
1512465727806239,1512465727846985,33554432,2097152,16,823,40746
1512465728088189,1512465728129363,33554432,2097152,16,814,41174
1512465728369236,1512465728410676,33554432,2097152,16,809,41440
1512465728650842,1512465728691965,33554432,2097152,16,815,41123
1512465728931971,1512465728973418,33554432,2097152,16,809,41447
1512465729213597,1512465729254695,33554432,2097152,16,816,41098
1512465729495229,1512465729536194,33554432,2097152,16,819,40965
1512465729775750,1512465729817100,33554432,2097152,16,811,41350
1512465730056066,1512465730097495,33554432,2097152,16,809,41429
1512465730337264,1512465730378622,33554432,2097152,16,811,41358
1512465730619423,1512465730660714,33554432,2097152,16,812,41291
1512465730900360,1512465730941847,33554432,2097152,16,808,41487
1512465731181735,1512465731223133,33554432,2097152,16,810,41398
1512465731463290,1512465731504705,33554432,2097152,16,810,41415
1512465731744794,1512465731786153,33554432,2097152,16,811,41359
1512465732027047,1512465732068093,33554432,2097152,16,817,41046
1512465732307051,1512465732347858,33554432,2097152,16,822,40807
1512465732587939,1512465732628506,33554432,2097152,16,827,40567
1512465732868692,1512465732910104,33554432,2097152,16,810,41412
1512465733150693,1512465733191673,33554432,2097152,16,818,40980
1512465733432805,1512465733474012,33554432,2097152,16,814,41207
1512465733714013,1512465733755382,33554432,2097152,16,811,41369
1512465733995736,1512465734036993,33554432,2097152,16,813,41257
1512465734277319,1512465734318770,33554432,2097152,16,809,41451
1512465734558971,1512465734600535,33554432,2097152,16,807,41564
1512465734840975,1512465734882269,33554432,2097152,16,812,41294
1512465735122003,1512465735163295,33554432,2097152,16,812,41292
1512465735403922,1512465735445289,33554432,2097152,16,811,41367
1512465735684446,1512465735725765,33554432,2097152,16,812,41319
1512465735965232,1512465736006297,33554432,2097152,16,817,41065
1512465736246052,1512465736287175,33554432,2097152,16,815,41123
1512465736527732,1512465736568546,33554432,2097152,16,822,40814
1512465736809229,1512465736850408,33554432,2097152,16,814,41179
1512465737090937,1512465737132217,33554432,2097152,16,812,41280
1512465737372058,1512465737413405,33554432,2097152,16,811,41347
1512465737653741,1512465737695178,33554432,2097152,16,809,41437
1512465737934540,1512465737975680,33554432,2097152,16,815,41140
1512465738215013,1512465738256135,33554432,2097152,16,815,41122
1512465738495999,1512465738537249,33554432,2097152,16,813,41250
1512465738776816,1512465738817728,33554432,2097152,16,820,40912
1512465739057517,1512465739099000,33554432,2097152,16,808,41483
1512465739338813,1512465739379728,33554432,2097152,16,820,40915
1512465739620155,1512465739661693,33554432,2097152,16,807,41538
1512465739902206,1512465739943296,33554432,2097152,16,816,41090
1512465740184495,1512465740225914,33554432,2097152,16,810,41419
1512465740466338,1512465740507282,33554432,2097152,16,819,40944
1512465740747554,1512465740788570,33554432,2097152,16,818,41016
1512465741029649,1512465741070755,33554432,2097152,16,816,41106
1512465741311011,1512465741352507,33554432,2097152,16,808,41496
1512465741592092,1512465741633471,33554432,2097152,16,810,41379
1512465741873606,1512465741915047,33554432,2097152,16,809,41441
1512465742155567,1512465742196828,33554432,2097152,16,813,41261
1512465742437295,1512465742478309,33554432,2097152,16,818,41014
1512465742718323,1512465742759806,33554432,2097152,16,808,41483
1512465742999781,1512465743040972,33554432,2097152,16,814,41191
1512465743281623,1512465743322750,33554432,2097152,16,815,41127
1512465743563902,1512465743605036,33554432,2097152,16,815,41134
1512465743846479,1512465743887878,33554432,2097152,16,810,41399
1512465744127786,1512465744168849,33554432,2097152,16,817,41063
1512465744408913,1512465744450219,33554432,2097152,16,812,41306
1512465744690064,1512465744731183,33554432,2097152,16,816,41119
1512465744971859,1512465745013217,33554432,2097152,16,811,41358
1512465745254160,1512465745295506,33554432,2097152,16,811,41346
1512465745535580,1512465745576747,33554432,2097152,16,815,41167
1512465745817204,1512465745858493,33554432,2097152,16,812,41289
1512465746098213,1512465746139367,33554432,2097152,16,815,41154
1512465746379996,1512465746421048,33554432,2097152,16,817,41052
1512465746661368,1512465746702489,33554432,2097152,16,815,41121
1512465746942868,1512465746984259,33554432,2097152,16,810,41391
1512465747224208,1512465747265299,33554432,2097152,16,816,41091
1512465747505986,1512465747547271,33554432,2097152,16,812,41285
1512465747787163,1512465747828147,33554432,2097152,16,818,40984
1512465748068645,1512465748109863,33554432,2097152,16,814,41218
1512465748349842,1512465748391242,33554432,2097152,16,810,41400
1512465748631632,1512465748673013,33554432,2097152,16,810,41381
1512465748913522,1512465748955034,33554432,2097152,16,808,41512
1512465749196401,1512465749237720,33554432,2097152,16,812,41319
1512465749478017,1512465749519147,33554432,2097152,16,815,41130
