1512561773161526,1512561773175834,20971520,2621440,8,1465,14308
1512561773323462,1512561773337738,20971520,2621440,8,1469,14276
1512561773485643,1512561773499734,20971520,2621440,8,1488,14091
1512561773647480,1512561773661531,20971520,2621440,8,1492,14051
1512561773808049,1512561773822244,20971520,2621440,8,1477,14195
1512561773968792,1512561773982993,20971520,2621440,8,1476,14201
1512561774129268,1512561774143486,20971520,2621440,8,1474,14218
1512561774290006,1512561774304218,20971520,2621440,8,1475,14212
1512561774450460,1512561774464691,20971520,2621440,8,1473,14231
1512561774610885,1512561774625112,20971520,2621440,8,1474,14227
1512561774770935,1512561774785022,20971520,2621440,8,1488,14087
1512561774930663,1512561774944906,20971520,2621440,8,1472,14243
1512561775090713,1512561775104890,20971520,2621440,8,1479,14177
1512561775250611,1512561775264722,20971520,2621440,8,1486,14111
1512561775410504,1512561775424588,20971520,2621440,8,1489,14084
1512561775570581,1512561775584725,20971520,2621440,8,1482,14144
1512561775730300,1512561775744265,20971520,2621440,8,1501,13965
1512561775890171,1512561775904274,20971520,2621440,8,1487,14103
1512561776050053,1512561776064186,20971520,2621440,8,1483,14133
1512561776210217,1512561776224178,20971520,2621440,8,1502,13961
1512561776370017,1512561776384171,20971520,2621440,8,1481,14154
1512561776529927,1512561776543864,20971520,2621440,8,1504,13937
1512561776689702,1512561776703792,20971520,2621440,8,1488,14090
1512561776849819,1512561776863945,20971520,2621440,8,1484,14126
1512561777010456,1512561777024595,20971520,2621440,8,1483,14139
1512561777170334,1512561777184394,20971520,2621440,8,1491,14060
1512561777330280,1512561777344191,20971520,2621440,8,1507,13911
1512561777489803,1512561777503699,20971520,2621440,8,1509,13896
1512561777649445,1512561777663559,20971520,2621440,8,1485,14114
1512561777809083,1512561777823204,20971520,2621440,8,1485,14121
1512561777969177,1512561777983260,20971520,2621440,8,1489,14083
1512561778129110,1512561778143179,20971520,2621440,8,1490,14069
1512561778288921,1512561778303028,20971520,2621440,8,1486,14107
1512561778448720,1512561778462799,20971520,2621440,8,1489,14079
1512561778608624,1512561778622763,20971520,2621440,8,1483,14139
1512561778768844,1512561778782951,20971520,2621440,8,1486,14107
1512561778928306,1512561778942245,20971520,2621440,8,1504,13939
1512561779088086,1512561779102168,20971520,2621440,8,1489,14082
1512561779247833,1512561779261905,20971520,2621440,8,1490,14072
1512561779407476,1512561779421521,20971520,2621440,8,1493,14045
1512561779567483,1512561779581604,20971520,2621440,8,1485,14121
1512561779726945,1512561779741087,20971520,2621440,8,1482,14142
1512561779886435,1512561779900540,20971520,2621440,8,1486,14105
1512561780046065,1512561780060143,20971520,2621440,8,1489,14078
1512561780205643,1512561780219705,20971520,2621440,8,1491,14062
1512561780365411,1512561780379467,20971520,2621440,8,1491,14056
1512561780525417,1512561780539572,20971520,2621440,8,1481,14155
1512561780685092,1512561780699161,20971520,2621440,8,1490,14069
1512561780844694,1512561780858732,20971520,2621440,8,1493,14038
1512561781004415,1512561781018509,20971520,2621440,8,1487,14094
1512561781164280,1512561781178035,20971520,2621440,8,1524,13755
1512561781323760,1512561781337835,20971520,2621440,8,1489,14075
1512561781483394,1512561781497478,20971520,2621440,8,1489,14084
1512561781643023,1512561781657159,20971520,2621440,8,1483,14136
1512561781802633,1512561781816768,20971520,2621440,8,1483,14135
1512561781962414,1512561781976529,20971520,2621440,8,1485,14115
1512561782122149,1512561782136218,20971520,2621440,8,1490,14069
1512561782282122,1512561782296207,20971520,2621440,8,1488,14085
1512561782441927,1512561782456059,20971520,2621440,8,1483,14132
1512561782601771,1512561782615872,20971520,2621440,8,1487,14101
1512561782761618,1512561782775703,20971520,2621440,8,1488,14085
1512561782921480,1512561782935569,20971520,2621440,8,1488,14089
1512561783080965,1512561783095099,20971520,2621440,8,1483,14134
1512561783240931,1512561783255078,20971520,2621440,8,1482,14147
1512561783400824,1512561783414922,20971520,2621440,8,1487,14098
1512561783560769,1512561783574879,20971520,2621440,8,1486,14110
1512561783720562,1512561783734639,20971520,2621440,8,1489,14077
1512561783880183,1512561783894237,20971520,2621440,8,1492,14054
1512561784039750,1512561784053616,20971520,2621440,8,1512,13866
1512561784199262,1512561784213345,20971520,2621440,8,1489,14083
1512561784359015,1512561784373098,20971520,2621440,8,1489,14083
1512561784518860,1512561784532965,20971520,2621440,8,1486,14105
1512561784678391,1512561784692322,20971520,2621440,8,1505,13931
1512561784838279,1512561784852348,20971520,2621440,8,1490,14069
1512561784998151,1512561785012214,20971520,2621440,8,1491,14063
1512561785157892,1512561785171952,20971520,2621440,8,1491,14060
1512561785317733,1512561785331757,20971520,2621440,8,1495,14024
1512561785477389,1512561785491315,20971520,2621440,8,1505,13926
1512561785637090,1512561785651182,20971520,2621440,8,1488,14092
1512561785797120,1512561785811218,20971520,2621440,8,1487,14098
1512561785957037,1512561785971098,20971520,2621440,8,1491,14061
1512561786116871,1512561786130963,20971520,2621440,8,1488,14092
1512561786276633,1512561786290705,20971520,2621440,8,1490,14072
1512561786436506,1512561786450469,20971520,2621440,8,1501,13963
1512561786596465,1512561786610535,20971520,2621440,8,1490,14070
1512561786756379,1512561786770432,20971520,2621440,8,1492,14053
1512561786916209,1512561786929910,20971520,2621440,8,1530,13701
1512561787075471,1512561787089571,20971520,2621440,8,1487,14100
1512561787235430,1512561787249563,20971520,2621440,8,1483,14133
1512561787395451,1512561787409321,20971520,2621440,8,1512,13870
1512561787554927,1512561787569021,20971520,2621440,8,1487,14094
1512561787714769,1512561787728926,20971520,2621440,8,1481,14157
1512561787875035,1512561787889076,20971520,2621440,8,1493,14041
1512561788034817,1512561788048939,20971520,2621440,8,1485,14122
1512561788194676,1512561788208794,20971520,2621440,8,1485,14118
1512561788354537,1512561788368671,20971520,2621440,8,1483,14134
1512561788514425,1512561788528500,20971520,2621440,8,1489,14075
1512561788674497,1512561788688626,20971520,2621440,8,1484,14129
1512561788834704,1512561788848791,20971520,2621440,8,1488,14087
1512561788994717,1512561789008826,20971520,2621440,8,1486,14109
1512561789154671,1512561789168754,20971520,2621440,8,1489,14083
1512561789314925,1512561789328957,20971520,2621440,8,1494,14032
1512561789474603,1512561789488504,20971520,2621440,8,1508,13901
1512561789634315,1512561789648456,20971520,2621440,8,1483,14141
1512561789794126,1512561789808089,20971520,2621440,8,1501,13963
1512561789954193,1512561789968281,20971520,2621440,8,1488,14088
1512561790114038,1512561790128119,20971520,2621440,8,1489,14081
1512561790273802,1512561790287723,20971520,2621440,8,1506,13921
1512561790433491,1512561790447568,20971520,2621440,8,1489,14077
1512561790593233,1512561790607150,20971520,2621440,8,1506,13917
1512561790753495,1512561790767616,20971520,2621440,8,1485,14121
1512561790913324,1512561790927286,20971520,2621440,8,1502,13962
1512561791073022,1512561791087106,20971520,2621440,8,1489,14084
1512561791232758,1512561791246878,20971520,2621440,8,1485,14120
1512561791392605,1512561791406758,20971520,2621440,8,1481,14153
1512561791552272,1512561791566377,20971520,2621440,8,1486,14105
1512561791712228,1512561791726304,20971520,2621440,8,1489,14076
1512561791872189,1512561791886179,20971520,2621440,8,1499,13990
1512561792031975,1512561792046051,20971520,2621440,8,1489,14076
1512561792192017,1512561792205938,20971520,2621440,8,1506,13921
1512561792351536,1512561792365631,20971520,2621440,8,1487,14095
1512561792511594,1512561792524991,20971520,2621440,8,1565,13397
1512561792670756,1512561792684871,20971520,2621440,8,1485,14115
1512561792830777,1512561792844708,20971520,2621440,8,1505,13931
1512561792990429,1512561793004524,20971520,2621440,8,1487,14095
1512561793150115,1512561793164183,20971520,2621440,8,1490,14068
1512561793310457,1512561793324503,20971520,2621440,8,1493,14046
1512561793470216,1512561793484315,20971520,2621440,8,1487,14099
1512561793630380,1512561793644485,20971520,2621440,8,1486,14105
1512561793790079,1512561793803897,20971520,2621440,8,1517,13818
1512561793949596,1512561793963607,20971520,2621440,8,1496,14011
1512561794109415,1512561794123399,20971520,2621440,8,1499,13984
1512561794269592,1512561794283557,20971520,2621440,8,1501,13965
1512561794429163,1512561794443176,20971520,2621440,8,1496,14013
1512561794588850,1512561794602812,20971520,2621440,8,1502,13962
1512561794748859,1512561794762854,20971520,2621440,8,1498,13995
1512561794908638,1512561794922559,20971520,2621440,8,1506,13921
1512561795068341,1512561795082174,20971520,2621440,8,1516,13833
1512561795228108,1512561795241914,20971520,2621440,8,1519,13806
1512561795387516,1512561795401553,20971520,2621440,8,1494,14037
1512561795547558,1512561795561560,20971520,2621440,8,1497,14002
1512561795707359,1512561795721201,20971520,2621440,8,1515,13842
1512561795867087,1512561795881054,20971520,2621440,8,1501,13967
1512561796026938,1512561796040966,20971520,2621440,8,1494,14028
1512561796186634,1512561796200614,20971520,2621440,8,1500,13980
1512561796346447,1512561796360429,20971520,2621440,8,1499,13982
1512561796506586,1512561796520611,20971520,2621440,8,1495,14025
1512561796666374,1512561796680392,20971520,2621440,8,1496,14018
1512561796826572,1512561796840553,20971520,2621440,8,1500,13981
1512561796986441,1512561797000462,20971520,2621440,8,1495,14021
1512561797146211,1512561797160197,20971520,2621440,8,1499,13986
1512561797305768,1512561797319717,20971520,2621440,8,1503,13949
1512561797465753,1512561797479754,20971520,2621440,8,1497,14001
1512561797625461,1512561797639504,20971520,2621440,8,1493,14043
1512561797785149,1512561797798991,20971520,2621440,8,1515,13842
1512561797944612,1512561797958628,20971520,2621440,8,1496,14016
1512561798104711,1512561798118676,20971520,2621440,8,1501,13965
1512561798264573,1512561798278555,20971520,2621440,8,1499,13982
1512561798424077,1512561798437862,20971520,2621440,8,1521,13785
1512561798583637,1512561798597623,20971520,2621440,8,1499,13986
1512561798743483,1512561798757119,20971520,2621440,8,1537,13636
1512561798902869,1512561798916856,20971520,2621440,8,1499,13987
1512561799062608,1512561799076627,20971520,2621440,8,1495,14019
1512561799222830,1512561799236847,20971520,2621440,8,1496,14017
1512561799382718,1512561799396619,20971520,2621440,8,1508,13901
1512561799542443,1512561799556462,20971520,2621440,8,1495,14019
1512561799702088,1512561799716120,20971520,2621440,8,1494,14032
1512561799861846,1512561799875876,20971520,2621440,8,1494,14030
1512561800021997,1512561800035999,20971520,2621440,8,1497,14002
1512561800181677,1512561800195698,20971520,2621440,8,1495,14021
1512561800341727,1512561800355717,20971520,2621440,8,1499,13990
1512561800501769,1512561800515570,20971520,2621440,8,1519,13801
1512561800661200,1512561800675180,20971520,2621440,8,1500,13980
1512561800821158,1512561800835216,20971520,2621440,8,1491,14058
1512561800981201,1512561800995153,20971520,2621440,8,1503,13952
1512561801141151,1512561801155151,20971520,2621440,8,1497,14000
1512561801301070,1512561801315096,20971520,2621440,8,1495,14026
1512561801460843,1512561801474705,20971520,2621440,8,1512,13862
1512561801620699,1512561801634699,20971520,2621440,8,1497,14000
1512561801780733,1512561801794735,20971520,2621440,8,1497,14002
1512561801940708,1512561801954513,20971520,2621440,8,1519,13805
1512561802100035,1512561802114052,20971520,2621440,8,1496,14017
1512561802259814,1512561802273833,20971520,2621440,8,1495,14019
1512561802419313,1512561802433309,20971520,2621440,8,1498,13996
1512561802578908,1512561802592884,20971520,2621440,8,1500,13976
1512561802738935,1512561802753028,20971520,2621440,8,1488,14093
1512561802898636,1512561802912678,20971520,2621440,8,1493,14042
1512561803058697,1512561803072716,20971520,2621440,8,1495,14019
1512561803218919,1512561803232916,20971520,2621440,8,1498,13997
1512561803378602,1512561803392262,20971520,2621440,8,1535,13660
1512561803538207,1512561803552223,20971520,2621440,8,1496,14016
1512561803698288,1512561803712290,20971520,2621440,8,1497,14002
1512561803858366,1512561803872332,20971520,2621440,8,1501,13966
1512561804018127,1512561804031964,20971520,2621440,8,1515,13837
1512561804177563,1512561804191548,20971520,2621440,8,1499,13985
1512561804337543,1512561804351419,20971520,2621440,8,1511,13876
1512561804497377,1512561804511387,20971520,2621440,8,1496,14010
1512561804657225,1512561804671230,20971520,2621440,8,1497,14005
1512561804817011,1512561804831056,20971520,2621440,8,1493,14045
1512561804977209,1512561804991250,20971520,2621440,8,1493,14041
1512561805137002,1512561805151050,20971520,2621440,8,1492,14048
1512561805296980,1512561805310944,20971520,2621440,8,1501,13964
1512561805456792,1512561805470782,20971520,2621440,8,1499,13990
1512561805616646,1512561805630401,20971520,2621440,8,1524,13755
1512561805776030,1512561805789883,20971520,2621440,8,1513,13853
1512561805936068,1512561805949902,20971520,2621440,8,1515,13834
1512561806096130,1512561806110150,20971520,2621440,8,1495,14020
1512561806255980,1512561806269851,20971520,2621440,8,1511,13871
1512561806415514,1512561806429509,20971520,2621440,8,1498,13995
1512561806575612,1512561806589626,20971520,2621440,8,1496,14014
1512561806735621,1512561806749610,20971520,2621440,8,1499,13989
1512561806895624,1512561806909665,20971520,2621440,8,1493,14041
1512561807055379,1512561807069385,20971520,2621440,8,1497,14006
1512561807215235,1512561807229284,20971520,2621440,8,1492,14049
1512561807375585,1512561807389596,20971520,2621440,8,1496,14011
1512561807535679,1512561807549721,20971520,2621440,8,1493,14042
1512561807695432,1512561807709232,20971520,2621440,8,1519,13800
1512561807854892,1512561807868892,20971520,2621440,8,1497,14000
1512561808015081,1512561808029056,20971520,2621440,8,1500,13975
1512561808174913,1512561808188759,20971520,2621440,8,1514,13846
1512561808335004,1512561808348992,20971520,2621440,8,1499,13988
1512561808494566,1512561808508592,20971520,2621440,8,1495,14026
1512561808654497,1512561808668493,20971520,2621440,8,1498,13996
1512561808814494,1512561808828515,20971520,2621440,8,1495,14021
1512561808974481,1512561808988327,20971520,2621440,8,1514,13846
1512561809133993,1512561809147993,20971520,2621440,8,1497,14000
1512561809293778,1512561809307758,20971520,2621440,8,1500,13980
1512561809453483,1512561809467491,20971520,2621440,8,1497,14008
1512561809613301,1512561809627322,20971520,2621440,8,1495,14021
1512561809773178,1512561809787194,20971520,2621440,8,1496,14016
1512561809932827,1512561809946791,20971520,2621440,8,1501,13964
1512561810092351,1512561810106389,20971520,2621440,8,1493,14038
1512561810252261,1512561810266263,20971520,2621440,8,1497,14002
1512561810412313,1512561810426344,20971520,2621440,8,1494,14031
1512561810572187,1512561810586182,20971520,2621440,8,1498,13995
1512561810731950,1512561810745957,20971520,2621440,8,1497,14007
1512561810892073,1512561810905877,20971520,2621440,8,1519,13804
1512561811052005,1512561811066036,20971520,2621440,8,1494,14031
1512561811212201,1512561811226181,20971520,2621440,8,1500,13980
1512561811371933,1512561811385900,20971520,2621440,8,1501,13967
1512561811531682,1512561811545685,20971520,2621440,8,1497,14003
1512561811691611,1512561811705648,20971520,2621440,8,1494,14037
1512561811851529,1512561811865348,20971520,2621440,8,1517,13819
1512561812011018,1512561812025021,20971520,2621440,8,1497,14003
1512561812170961,1512561812184979,20971520,2621440,8,1496,14018
1512561812330740,1512561812344743,20971520,2621440,8,1497,14003
1512561812490772,1512561812504762,20971520,2621440,8,1499,13990
1512561812650456,1512561812664484,20971520,2621440,8,1494,14028
1512561812810562,1512561812824377,20971520,2621440,8,1518,13815
1512561812970750,1512561812984603,20971520,2621440,8,1513,13853
1512561813130979,1512561813144976,20971520,2621440,8,1498,13997
1512561813290888,1512561813304805,20971520,2621440,8,1506,13917
1512561813450379,1512561813464388,20971520,2621440,8,1497,14009
1512561813610169,1512561813624133,20971520,2621440,8,1501,13964
1512561813769926,1512561813783958,20971520,2621440,8,1494,14032
1512561813929592,1512561813943603,20971520,2621440,8,1496,14011
1512561814089513,1512561814103337,20971520,2621440,8,1517,13824
1512561814249050,1512561814262700,20971520,2621440,8,1536,13650
1512561814408553,1512561814422641,20971520,2621440,8,1488,14088
1512561814568359,1512561814582423,20971520,2621440,8,1491,14064
1512561814728297,1512561814742431,20971520,2621440,8,1483,14134
1512561814888298,1512561814902365,20971520,2621440,8,1490,14067
1512561815048246,1512561815062332,20971520,2621440,8,1488,14086
1512561815208280,1512561815222378,20971520,2621440,8,1487,14098
1512561815368006,1512561815382099,20971520,2621440,8,1488,14093
1512561815527971,1512561815542089,20971520,2621440,8,1485,14118
1512561815688002,1512561815701938,20971520,2621440,8,1504,13936
1512561815847703,1512561815861582,20971520,2621440,8,1511,13879
1512561816007290,1512561816021408,20971520,2621440,8,1485,14118
1512561816167205,1512561816181299,20971520,2621440,8,1487,14094
1512561816326916,1512561816341030,20971520,2621440,8,1485,14114
1512561816486685,1512561816500808,20971520,2621440,8,1484,14123
1512561816646804,1512561816660902,20971520,2621440,8,1487,14098
1512561816806749,1512561816820854,20971520,2621440,8,1486,14105
1512561816966813,1512561816980886,20971520,2621440,8,1490,14073
1512561817126762,1512561817140886,20971520,2621440,8,1484,14124
1512561817286815,1512561817300893,20971520,2621440,8,1489,14078
1512561817446671,1512561817460591,20971520,2621440,8,1506,13920
1512561817606293,1512561817620389,20971520,2621440,8,1487,14096
1512561817766730,1512561817780870,20971520,2621440,8,1483,14140
1512561817926599,1512561817940641,20971520,2621440,8,1493,14042
1512561818086615,1512561818100692,20971520,2621440,8,1489,14077
1512561818246319,1512561818260390,20971520,2621440,8,1490,14071
1512561818406215,1512561818420267,20971520,2621440,8,1492,14052
1512561818566203,1512561818580287,20971520,2621440,8,1489,14084
1512561818726367,1512561818740253,20971520,2621440,8,1510,13886
1512561818886211,1512561818899996,20971520,2621440,8,1521,13785
1512561819045546,1512561819059688,20971520,2621440,8,1482,14142
1512561819205400,1512561819219509,20971520,2621440,8,1486,14109
1512561819365330,1512561819379281,20971520,2621440,8,1503,13951
1512561819525189,1512561819539277,20971520,2621440,8,1488,14088
1512561819685414,1512561819699483,20971520,2621440,8,1490,14069
1512561819845645,1512561819859580,20971520,2621440,8,1504,13935
1512561820005261,1512561820019352,20971520,2621440,8,1488,14091
1512561820165266,1512561820179361,20971520,2621440,8,1487,14095
1512561820325156,1512561820339229,20971520,2621440,8,1490,14073
1512561820485212,1512561820499156,20971520,2621440,8,1503,13944
1512561820644757,1512561820658818,20971520,2621440,8,1491,14061
1512561820804746,1512561820818842,20971520,2621440,8,1487,14096
1512561820964539,1512561820978675,20971520,2621440,8,1483,14136
1512561821124496,1512561821138586,20971520,2621440,8,1488,14090
1512561821284456,1512561821298622,20971520,2621440,8,1480,14166
1512561821444811,1512561821458907,20971520,2621440,8,1487,14096
1512561821604688,1512561821618795,20971520,2621440,8,1486,14107
1512561821764713,1512561821778789,20971520,2621440,8,1489,14076
1512561821924642,1512561821938735,20971520,2621440,8,1488,14093
1512561822084775,1512561822098710,20971520,2621440,8,1504,13935
1512561822244610,1512561822258728,20971520,2621440,8,1485,14118
1512561822404779,1512561822418853,20971520,2621440,8,1490,14074
1512561822564835,1512561822578941,20971520,2621440,8,1486,14106
1512561822724706,1512561822738765,20971520,2621440,8,1491,14059
1512561822884549,1512561822898646,20971520,2621440,8,1487,14097
1512561823044783,1512561823058667,20971520,2621440,8,1510,13884
1512561823204243,1512561823218329,20971520,2621440,8,1488,14086
1512561823363961,1512561823377843,20971520,2621440,8,1510,13882
1512561823523634,1512561823537793,20971520,2621440,8,1481,14159
1512561823683590,1512561823697563,20971520,2621440,8,1500,13973
1512561823843376,1512561823857517,20971520,2621440,8,1483,14141
1512561824003592,1512561824017722,20971520,2621440,8,1484,14130
1512561824163793,1512561824177849,20971520,2621440,8,1491,14056
1512561824323759,1512561824337641,20971520,2621440,8,1510,13882
1512561824483145,1512561824497080,20971520,2621440,8,1504,13935
1512561824642811,1512561824656900,20971520,2621440,8,1488,14089
1512561824802599,1512561824816706,20971520,2621440,8,1486,14107
1512561824962519,1512561824976602,20971520,2621440,8,1489,14083
1512561825122596,1512561825136684,20971520,2621440,8,1488,14088
1512561825282487,1512561825296672,20971520,2621440,8,1478,14185
1512561825442666,1512561825456557,20971520,2621440,8,1509,13891
1512561825602392,1512561825616292,20971520,2621440,8,1508,13900
1512561825762171,1512561825776299,20971520,2621440,8,1484,14128
1512561825922018,1512561825936132,20971520,2621440,8,1485,14114
1512561826082172,1512561826096217,20971520,2621440,8,1493,14045
1512561826241979,1512561826256060,20971520,2621440,8,1489,14081
1512561826401608,1512561826415679,20971520,2621440,8,1490,14071
1512561826561658,1512561826575767,20971520,2621440,8,1486,14109
1512561826721647,1512561826735722,20971520,2621440,8,1489,14075
1512561826881901,1512561826895821,20971520,2621440,8,1506,13920
1512561827041691,1512561827055771,20971520,2621440,8,1489,14080
1512561827201493,1512561827215602,20971520,2621440,8,1486,14109
1512561827361229,1512561827375266,20971520,2621440,8,1494,14037
1512561827521250,1512561827535003,20971520,2621440,8,1524,13753
1512561827680817,1512561827694931,20971520,2621440,8,1485,14114
1512561827840857,1512561827854948,20971520,2621440,8,1488,14091
1512561828000935,1512561828015032,20971520,2621440,8,1487,14097
1512561828161073,1512561828175144,20971520,2621440,8,1490,14071
1512561828321014,1512561828335077,20971520,2621440,8,1491,14063
1512561828481194,1512561828495290,20971520,2621440,8,1487,14096
1512561828641271,1512561828655166,20971520,2621440,8,1509,13895
1512561828801083,1512561828815123,20971520,2621440,8,1493,14040
1512561828960817,1512561828974936,20971520,2621440,8,1485,14119
1512561829120874,1512561829134930,20971520,2621440,8,1491,14056
1512561829280441,1512561829294517,20971520,2621440,8,1489,14076
1512561829440400,1512561829454501,20971520,2621440,8,1487,14101
1512561829600076,1512561829614180,20971520,2621440,8,1486,14104
1512561829759843,1512561829773937,20971520,2621440,8,1487,14094
1512561829919676,1512561829933737,20971520,2621440,8,1491,14061
1512561830079549,1512561830093626,20971520,2621440,8,1489,14077
1512561830239711,1512561830253777,20971520,2621440,8,1490,14066
1512561830399474,1512561830413569,20971520,2621440,8,1487,14095
1512561830559199,1512561830573316,20971520,2621440,8,1485,14117
1512561830718890,1512561830733014,20971520,2621440,8,1484,14124
1512561830879228,1512561830893121,20971520,2621440,8,1509,13893
1512561831039068,1512561831053211,20971520,2621440,8,1482,14143
1512561831199137,1512561831213043,20971520,2621440,8,1508,13906
1512561831359158,1512561831373208,20971520,2621440,8,1492,14050
1512561831518886,1512561831532754,20971520,2621440,8,1512,13868
1512561831678595,1512561831692731,20971520,2621440,8,1483,14136
1512561831838941,1512561831853062,20971520,2621440,8,1485,14121
1512561831998910,1512561832013047,20971520,2621440,8,1483,14137
1512561832158967,1512561832173032,20971520,2621440,8,1491,14065
1512561832318762,1512561832332834,20971520,2621440,8,1490,14072
1512561832478762,1512561832492666,20971520,2621440,8,1508,13904
1512561832638477,1512561832652585,20971520,2621440,8,1486,14108
1512561832798339,1512561832812389,20971520,2621440,8,1492,14050
1512561832958595,1512561832972619,20971520,2621440,8,1495,14024
1512561833118777,1512561833132883,20971520,2621440,8,1486,14106
1512561833279005,1512561833293084,20971520,2621440,8,1489,14079
1512561833438909,1512561833452998,20971520,2621440,8,1488,14089
1512561833598854,1512561833612806,20971520,2621440,8,1503,13952
1512561833758777,1512561833772626,20971520,2621440,8,1514,13849
1512561833918531,1512561833932618,20971520,2621440,8,1488,14087
1512561834078704,1512561834092784,20971520,2621440,8,1489,14080
1512561834238523,1512561834252441,20971520,2621440,8,1506,13918
1512561834398175,1512561834412038,20971520,2621440,8,1512,13863
1512561834558004,1512561834571864,20971520,2621440,8,1513,13860
1512561834717499,1512561834731592,20971520,2621440,8,1488,14093
1512561834877434,1512561834891468,20971520,2621440,8,1494,14034
1512561835037014,1512561835051128,20971520,2621440,8,1485,14114
1512561835197197,1512561835211282,20971520,2621440,8,1488,14085
1512561835357082,1512561835371103,20971520,2621440,8,1495,14021
1512561835517023,1512561835531002,20971520,2621440,8,1500,13979
1512561835676554,1512561835690679,20971520,2621440,8,1484,14125
1512561835836905,1512561835851018,20971520,2621440,8,1485,14113
1512561835996858,1512561836010993,20971520,2621440,8,1483,14135
1512561836156966,1512561836170884,20971520,2621440,8,1506,13918
1512561836316660,1512561836330772,20971520,2621440,8,1486,14112
1512561836476636,1512561836490733,20971520,2621440,8,1487,14097
1512561836636725,1512561836650816,20971520,2621440,8,1488,14091
1512561836796840,1512561836811016,20971520,2621440,8,1479,14176
1512561836956845,1512561836970955,20971520,2621440,8,1486,14110
1512561837117112,1512561837131224,20971520,2621440,8,1486,14112
1512561837276974,1512561837290899,20971520,2621440,8,1506,13925
1512561837436678,1512561837450742,20971520,2621440,8,1491,14064
1512561837597242,1512561837611322,20971520,2621440,8,1489,14080
1512561837757299,1512561837771394,20971520,2621440,8,1487,14095
1512561837917489,1512561837931417,20971520,2621440,8,1505,13928
1512561838077673,1512561838091554,20971520,2621440,8,1510,13881
1512561838237538,1512561838251661,20971520,2621440,8,1484,14123
1512561838397402,1512561838411480,20971520,2621440,8,1489,14078
1512561838557368,1512561838571451,20971520,2621440,8,1489,14083
1512561838717399,1512561838731406,20971520,2621440,8,1497,14007
1512561838877453,1512561838891559,20971520,2621440,8,1486,14106
1512561839037431,1512561839051364,20971520,2621440,8,1505,13933
1512561839196871,1512561839210975,20971520,2621440,8,1486,14104
1512561839356867,1512561839370926,20971520,2621440,8,1491,14059
1512561839517190,1512561839531193,20971520,2621440,8,1497,14003
1512561839677220,1512561839691306,20971520,2621440,8,1488,14086
1512561839836898,1512561839850985,20971520,2621440,8,1488,14087
1512561839997104,1512561840011521,20971520,2621440,8,1454,14417
1512561840157385,1512561840171493,20971520,2621440,8,1486,14108
1512561840317334,1512561840331253,20971520,2621440,8,1506,13919
1512561840477032,1512561840491147,20971520,2621440,8,1485,14115
1512561840637174,1512561840651342,20971520,2621440,8,1480,14168
1512561840797459,1512561840811390,20971520,2621440,8,1505,13931
1512561840957216,1512561840970987,20971520,2621440,8,1522,13771
1512561841116924,1512561841131103,20971520,2621440,8,1479,14179
1512561841276643,1512561841290585,20971520,2621440,8,1504,13942
1512561841436661,1512561841450554,20971520,2621440,8,1509,13893
1512561841596479,1512561841610594,20971520,2621440,8,1485,14115
1512561841756529,1512561841770637,20971520,2621440,8,1486,14108
1512561841916535,1512561841930642,20971520,2621440,8,1486,14107
1512561842076540,1512561842090646,20971520,2621440,8,1486,14106
1512561842236697,1512561842250756,20971520,2621440,8,1491,14059
1512561842396675,1512561842410783,20971520,2621440,8,1486,14108
1512561842556553,1512561842570564,20971520,2621440,8,1496,14011
1512561842716327,1512561842730405,20971520,2621440,8,1489,14078
1512561842876579,1512561842890514,20971520,2621440,8,1504,13935
1512561843036254,1512561843050417,20971520,2621440,8,1480,14163
1512561843196150,1512561843210317,20971520,2621440,8,1480,14167
1512561843356378,1512561843370488,20971520,2621440,8,1486,14110
1512561843516195,1512561843530324,20971520,2621440,8,1484,14129
1512561843676165,1512561843690023,20971520,2621440,8,1513,13858
1512561843835884,1512561843850030,20971520,2621440,8,1482,14146
1512561843995763,1512561844009566,20971520,2621440,8,1519,13803
1512561844155410,1512561844169558,20971520,2621440,8,1482,14148
1512561844315419,1512561844329628,20971520,2621440,8,1475,14209
1512561844475688,1512561844489667,20971520,2621440,8,1500,13979
1512561844635437,1512561844649586,20971520,2621440,8,1482,14149
1512561844795484,1512561844809630,20971520,2621440,8,1482,14146
1512561844955529,1512561844969605,20971520,2621440,8,1489,14076
1512561845115344,1512561845129340,20971520,2621440,8,1498,13996
1512561845275143,1512561845289295,20971520,2621440,8,1481,14152
1512561845435712,1512561845449841,20971520,2621440,8,1484,14129
1512561845595631,1512561845609706,20971520,2621440,8,1489,14075
1512561845755399,1512561845769523,20971520,2621440,8,1484,14124
1512561845915396,1512561845929307,20971520,2621440,8,1507,13911
1512561846075129,1512561846089069,20971520,2621440,8,1504,13940
1512561846234932,1512561846249082,20971520,2621440,8,1482,14150
1512561846394919,1512561846409034,20971520,2621440,8,1485,14115
1512561846554739,1512561846568828,20971520,2621440,8,1488,14089
1512561846714670,1512561846728782,20971520,2621440,8,1486,14112
1512561846875351,1512561846889078,20971520,2621440,8,1527,13727
1512561847034903,1512561847048837,20971520,2621440,8,1505,13934
1512561847194835,1512561847208918,20971520,2621440,8,1489,14083
1512561847354997,1512561847369124,20971520,2621440,8,1484,14127
1512561847515136,1512561847529224,20971520,2621440,8,1488,14088
1512561847674996,1512561847688949,20971520,2621440,8,1503,13953
1512561847834597,1512561847848732,20971520,2621440,8,1483,14135
1512561847994366,1512561848008453,20971520,2621440,8,1488,14087
1512561848154273,1512561848168424,20971520,2621440,8,1481,14151
1512561848314326,1512561848328502,20971520,2621440,8,1479,14176
1512561848474305,1512561848488449,20971520,2621440,8,1482,14144
1512561848634446,1512561848648560,20971520,2621440,8,1485,14114
1512561848794597,1512561848808712,20971520,2621440,8,1485,14115
1512561848954682,1512561848968820,20971520,2621440,8,1483,14138
1512561849114462,1512561849128576,20971520,2621440,8,1485,14114
1512561849274591,1512561849288727,20971520,2621440,8,1483,14136
1512561849434394,1512561849448340,20971520,2621440,8,1503,13946
1512561849594133,1512561849608246,20971520,2621440,8,1485,14113
1512561849754052,1512561849768123,20971520,2621440,8,1490,14071
1512561849913909,1512561849928019,20971520,2621440,8,1486,14110
1512561850073843,1512561850087923,20971520,2621440,8,1489,14080
1512561850233681,1512561850247832,20971520,2621440,8,1481,14151
1512561850394339,1512561850408298,20971520,2621440,8,1502,13959
1512561850554151,1512561850568080,20971520,2621440,8,1505,13929
1512561850713821,1512561850727981,20971520,2621440,8,1481,14160
1512561850873595,1512561850887760,20971520,2621440,8,1480,14165
1512561851033413,1512561851047516,20971520,2621440,8,1487,14103
1512561851193259,1512561851207438,20971520,2621440,8,1479,14179
1512561851353070,1512561851367160,20971520,2621440,8,1488,14090
1512561851513089,1512561851527203,20971520,2621440,8,1485,14114
1512561851673143,1512561851687261,20971520,2621440,8,1485,14118
1512561851833508,1512561851847634,20971520,2621440,8,1484,14126
1512561851994076,1512561852008155,20971520,2621440,8,1489,14079
1512561852154177,1512561852168311,20971520,2621440,8,1483,14134
1512561852314203,1512561852328373,20971520,2621440,8,1479,14170
1512561852474179,1512561852488260,20971520,2621440,8,1489,14081
1512561852634092,1512561852648145,20971520,2621440,8,1492,14053
1512561852794015,1512561852807980,20971520,2621440,8,1501,13965
1512561852953744,1512561852967647,20971520,2621440,8,1508,13903
1512561853113642,1512561853127661,20971520,2621440,8,1495,14019
1512561853274048,1512561853288105,20971520,2621440,8,1491,14057
1512561853434628,1512561853448735,20971520,2621440,8,1486,14107
1512561853595088,1512561853609250,20971520,2621440,8,1480,14162
1512561853754891,1512561853768831,20971520,2621440,8,1504,13940
1512561853914953,1512561853929046,20971520,2621440,8,1488,14093
1512561854075111,1512561854089224,20971520,2621440,8,1485,14113
1512561854234711,1512561854248804,20971520,2621440,8,1488,14093
1512561854394539,1512561854408604,20971520,2621440,8,1491,14065
1512561854554676,1512561854568777,20971520,2621440,8,1487,14101
1512561854714638,1512561854728588,20971520,2621440,8,1503,13950
1512561854874230,1512561854888178,20971520,2621440,8,1503,13948
1512561855033929,1512561855048088,20971520,2621440,8,1481,14159
1512561855194033,1512561855208025,20971520,2621440,8,1498,13992
1512561855353996,1512561855368109,20971520,2621440,8,1485,14113
1512561855514130,1512561855528206,20971520,2621440,8,1489,14076
1512561855674033,1512561855687951,20971520,2621440,8,1506,13918
1512561855833861,1512561855848016,20971520,2621440,8,1481,14155
1512561855993983,1512561856007759,20971520,2621440,8,1522,13776
1512561856153772,1512561856167848,20971520,2621440,8,1489,14076
1512561856313625,1512561856327748,20971520,2621440,8,1484,14123
1512561856473462,1512561856487563,20971520,2621440,8,1487,14101
1512561856633351,1512561856647081,20971520,2621440,8,1527,13730
1512561856792996,1512561856806919,20971520,2621440,8,1506,13923
1512561856953052,1512561856967096,20971520,2621440,8,1493,14044
1512561857113247,1512561857127333,20971520,2621440,8,1488,14086
1512561857273163,1512561857287219,20971520,2621440,8,1491,14056
1512561857433102,1512561857447032,20971520,2621440,8,1505,13930
1512561857592897,1512561857606992,20971520,2621440,8,1487,14095
1512561857752709,1512561857766826,20971520,2621440,8,1485,14117
1512561857912975,1512561857926923,20971520,2621440,8,1503,13948
1512561858072540,1512561858086648,20971520,2621440,8,1486,14108
1512561858232439,1512561858246575,20971520,2621440,8,1483,14136
1512561858392443,1512561858406336,20971520,2621440,8,1509,13893
1512561858552101,1512561858566192,20971520,2621440,8,1488,14091
1512561858712098,1512561858726232,20971520,2621440,8,1483,14134
1512561858872380,1512561858886480,20971520,2621440,8,1487,14100
1512561859032373,1512561859046342,20971520,2621440,8,1501,13969
1512561859192370,1512561859206558,20971520,2621440,8,1478,14188
1512561859352395,1512561859366485,20971520,2621440,8,1488,14090
1512561859512306,1512561859526422,20971520,2621440,8,1485,14116
1512561859672067,1512561859685955,20971520,2621440,8,1510,13888
1512561859832040,1512561859845947,20971520,2621440,8,1507,13907
1512561859991692,1512561860005809,20971520,2621440,8,1485,14117
1512561860151538,1512561860165681,20971520,2621440,8,1482,14143
1512561860311834,1512561860325824,20971520,2621440,8,1499,13990
1512561860471906,1512561860486054,20971520,2621440,8,1482,14148
1512561860631922,1512561860646035,20971520,2621440,8,1485,14113
1512561860791867,1512561860805947,20971520,2621440,8,1489,14080
1512561860951743,1512561860965859,20971520,2621440,8,1485,14116
1512561861111608,1512561861125813,20971520,2621440,8,1476,14205
1512561861271526,1512561861285690,20971520,2621440,8,1480,14164
1512561861431352,1512561861445453,20971520,2621440,8,1487,14101
1512561861591208,1512561861605308,20971520,2621440,8,1487,14100
1512561861751268,1512561861765237,20971520,2621440,8,1501,13969
1512561861911206,1512561861925133,20971520,2621440,8,1505,13927
1512561862070787,1512561862084884,20971520,2621440,8,1487,14097
1512561862230896,1512561862244983,20971520,2621440,8,1488,14087
1512561862390809,1512561862404946,20971520,2621440,8,1483,14137
1512561862551337,1512561862565468,20971520,2621440,8,1484,14131
1512561862711578,1512561862725704,20971520,2621440,8,1484,14126
1512561862871425,1512561862885552,20971520,2621440,8,1484,14127
1512561863031416,1512561863045513,20971520,2621440,8,1487,14097
1512561863191381,1512561863205362,20971520,2621440,8,1500,13981
1512561863351086,1512561863365167,20971520,2621440,8,1489,14081
1512561863510701,1512561863524820,20971520,2621440,8,1485,14119
1512561863670721,1512561863684821,20971520,2621440,8,1487,14100
1512561863830362,1512561863844523,20971520,2621440,8,1480,14161
1512561863990228,1512561864004206,20971520,2621440,8,1500,13978
1512561864150458,1512561864164597,20971520,2621440,8,1483,14139
1512561864310530,1512561864324714,20971520,2621440,8,1478,14184
1512561864470796,1512561864484882,20971520,2621440,8,1488,14086
1512561864630607,1512561864644734,20971520,2621440,8,1484,14127
1512561864790599,1512561864804693,20971520,2621440,8,1487,14094
1512561864950250,1512561864964244,20971520,2621440,8,1498,13994
1512561865110086,1512561865124167,20971520,2621440,8,1489,14081
1512561865269982,1512561865284106,20971520,2621440,8,1484,14124
1512561865430114,1512561865444073,20971520,2621440,8,1502,13959
1512561865590198,1512561865604359,20971520,2621440,8,1480,14161
1512561865750373,1512561865764429,20971520,2621440,8,1491,14056
1512561865910443,1512561865924557,20971520,2621440,8,1485,14114
1512561866070910,1512561866084993,20971520,2621440,8,1489,14083
1512561866230879,1512561866245034,20971520,2621440,8,1481,14155
1512561866391344,1512561866405409,20971520,2621440,8,1491,14065
1512561866551296,1512561866565375,20971520,2621440,8,1489,14079
1512561866712102,1512561866726035,20971520,2621440,8,1505,13933
1512561866872422,1512561866886547,20971520,2621440,8,1484,14125
1512561867032985,1512561867047088,20971520,2621440,8,1487,14103
1512561867193038,1512561867207212,20971520,2621440,8,1479,14174
1512561867353101,1512561867367213,20971520,2621440,8,1486,14112
1512561867513255,1512561867527244,20971520,2621440,8,1499,13989
1512561867673022,1512561867687149,20971520,2621440,8,1484,14127
1512561867832880,1512561867847014,20971520,2621440,8,1483,14134
1512561867993027,1512561868006956,20971520,2621440,8,1505,13929
1512561868152821,1512561868166961,20971520,2621440,8,1483,14140
1512561868312791,1512561868326865,20971520,2621440,8,1490,14074
1512561868472914,1512561868486804,20971520,2621440,8,1509,13890
1512561868633021,1512561868647145,20971520,2621440,8,1484,14124
1512561868793088,1512561868807052,20971520,2621440,8,1501,13964
1512561868953214,1512561868967198,20971520,2621440,8,1499,13984
1512561869112792,1512561869126937,20971520,2621440,8,1482,14145
1512561869272553,1512561869286638,20971520,2621440,8,1488,14085
1512561869432412,1512561869446512,20971520,2621440,8,1487,14100
1512561869592751,1512561869606884,20971520,2621440,8,1483,14133
1512561869752862,1512561869766946,20971520,2621440,8,1489,14084
1512561869912592,1512561869926705,20971520,2621440,8,1485,14113
1512561870073047,1512561870086930,20971520,2621440,8,1510,13883
1512561870232636,1512561870246745,20971520,2621440,8,1486,14109
1512561870392680,1512561870406805,20971520,2621440,8,1484,14125
1512561870553347,1512561870567453,20971520,2621440,8,1486,14106
1512561870713451,1512561870727499,20971520,2621440,8,1492,14048
1512561870873640,1512561870887705,20971520,2621440,8,1491,14065
1512561871033376,1512561871047464,20971520,2621440,8,1488,14088
1512561871193630,1512561871207742,20971520,2621440,8,1486,14112
1512561871354263,1512561871367970,20971520,2621440,8,1529,13707
1512561871514014,1512561871527948,20971520,2621440,8,1505,13934
1512561871674014,1512561871688101,20971520,2621440,8,1488,14087
1512561871834062,1512561871848139,20971520,2621440,8,1489,14077
1512561871993912,1512561872008003,20971520,2621440,8,1488,14091
1512561872153793,1512561872167909,20971520,2621440,8,1485,14116
1512561872313657,1512561872327770,20971520,2621440,8,1485,14113
1512561872473488,1512561872487669,20971520,2621440,8,1478,14181
1512561872633530,1512561872647459,20971520,2621440,8,1505,13929
1512561872793687,1512561872807776,20971520,2621440,8,1488,14089
1512561872953624,1512561872967731,20971520,2621440,8,1486,14107
1512561873113599,1512561873127514,20971520,2621440,8,1507,13915
1512561873273317,1512561873287433,20971520,2621440,8,1485,14116
1512561873433125,1512561873446691,20971520,2621440,8,1545,13566
1512561873592647,1512561873606757,20971520,2621440,8,1486,14110
1512561873753153,1512561873767270,20971520,2621440,8,1485,14117
1512561873913427,1512561873927527,20971520,2621440,8,1487,14100
1512561874073300,1512561874087184,20971520,2621440,8,1510,13884
1512561874233242,1512561874247347,20971520,2621440,8,1486,14105
1512561874393295,1512561874407221,20971520,2621440,8,1505,13926
1512561874553114,1512561874567230,20971520,2621440,8,1485,14116
1512561874713159,1512561874726898,20971520,2621440,8,1526,13739
1512561874872804,1512561874886717,20971520,2621440,8,1507,13913
1512561875032734,1512561875046631,20971520,2621440,8,1509,13897
1512561875192469,1512561875206625,20971520,2621440,8,1481,14156
1512561875352363,1512561875366488,20971520,2621440,8,1484,14125
1512561875512433,1512561875526606,20971520,2621440,8,1479,14173
1512561875672910,1512561875686786,20971520,2621440,8,1511,13876
1512561875832507,1512561875846608,20971520,2621440,8,1487,14101
1512561875992405,1512561876006356,20971520,2621440,8,1503,13951
1512561876152122,1512561876166237,20971520,2621440,8,1485,14115
1512561876312573,1512561876326671,20971520,2621440,8,1487,14098
1512561876472450,1512561876486523,20971520,2621440,8,1490,14073
1512561876632783,1512561876646886,20971520,2621440,8,1487,14103
1512561876792780,1512561876806731,20971520,2621440,8,1503,13951
1512561876952659,1512561876966584,20971520,2621440,8,1506,13925
1512561877112786,1512561877126889,20971520,2621440,8,1487,14103
1512561877272913,1512561877287023,20971520,2621440,8,1486,14110
1512561877433338,1512561877447391,20971520,2621440,8,1492,14053
1512561877593290,1512561877607409,20971520,2621440,8,1485,14119
1512561877753146,1512561877767274,20971520,2621440,8,1484,14128
1512561877913261,1512561877927357,20971520,2621440,8,1487,14096
1512561878073340,1512561878087403,20971520,2621440,8,1491,14063
1512561878233116,1512561878247239,20971520,2621440,8,1484,14123
1512561878392899,1512561878406983,20971520,2621440,8,1489,14084
1512561878552939,1512561878567073,20971520,2621440,8,1483,14134
1512561878713040,1512561878727164,20971520,2621440,8,1484,14124
1512561878872918,1512561878887039,20971520,2621440,8,1485,14121
1512561879032828,1512561879046591,20971520,2621440,8,1523,13763
1512561879192333,1512561879206455,20971520,2621440,8,1485,14122
1512561879352343,1512561879366500,20971520,2621440,8,1481,14157
1512561879512360,1512561879526485,20971520,2621440,8,1484,14125
1512561879672112,1512561879686044,20971520,2621440,8,1505,13932
1512561879831890,1512561879846020,20971520,2621440,8,1484,14130
1512561879992190,1512561880005956,20971520,2621440,8,1523,13766
1512561880151699,1512561880165855,20971520,2621440,8,1481,14156
1512561880311973,1512561880326048,20971520,2621440,8,1489,14075
1512561880471971,1512561880485882,20971520,2621440,8,1507,13911
1512561880631792,1512561880645965,20971520,2621440,8,1479,14173
1512561880792021,1512561880806125,20971520,2621440,8,1486,14104
1512561880951763,1512561880965881,20971520,2621440,8,1485,14118
1512561881111597,1512561881125702,20971520,2621440,8,1486,14105
1512561881271280,1512561881285402,20971520,2621440,8,1485,14122
1512561881431112,1512561881445201,20971520,2621440,8,1488,14089
1512561881590950,1512561881604918,20971520,2621440,8,1501,13968
1512561881750836,1512561881764852,20971520,2621440,8,1496,14016
1512561881910685,1512561881924628,20971520,2621440,8,1504,13943
1512561882070323,1512561882084431,20971520,2621440,8,1486,14108
1512561882230035,1512561882244170,20971520,2621440,8,1483,14135
1512561882389955,1512561882403859,20971520,2621440,8,1508,13904
1512561882549517,1512561882563681,20971520,2621440,8,1480,14164
1512561882709567,1512561882723725,20971520,2621440,8,1481,14158
1512561882869601,1512561882883695,20971520,2621440,8,1487,14094
1512561883029324,1512561883043213,20971520,2621440,8,1509,13889
1512561883189115,1512561883203060,20971520,2621440,8,1503,13945
1512561883348708,1512561883362865,20971520,2621440,8,1481,14157
1512561883508950,1512561883523011,20971520,2621440,8,1491,14061
1512561883668926,1512561883683072,20971520,2621440,8,1482,14146
1512561883828917,1512561883843021,20971520,2621440,8,1486,14104
1512561883988722,1512561884002478,20971520,2621440,8,1524,13756
1512561884148381,1512561884162259,20971520,2621440,8,1511,13878
1512561884307828,1512561884321929,20971520,2621440,8,1487,14101
1512561884467739,1512561884481840,20971520,2621440,8,1487,14101
1512561884627583,1512561884641679,20971520,2621440,8,1487,14096
1512561884787635,1512561884801695,20971520,2621440,8,1491,14060
1512561884947308,1512561884961402,20971520,2621440,8,1487,14094
1512561885107059,1512561885121177,20971520,2621440,8,1485,14118
1512561885267244,1512561885281382,20971520,2621440,8,1483,14138
1512561885427717,1512561885441847,20971520,2621440,8,1484,14130
1512561885587801,1512561885601718,20971520,2621440,8,1506,13917
1512561885747962,1512561885762093,20971520,2621440,8,1484,14131
1512561885907834,1512561885921994,20971520,2621440,8,1481,14160
1512561886067722,1512561886081814,20971520,2621440,8,1488,14092
1512561886227708,1512561886241854,20971520,2621440,8,1482,14146
1512561886387504,1512561886401581,20971520,2621440,8,1489,14077
1512561886547334,1512561886561415,20971520,2621440,8,1489,14081
1512561886707377,1512561886721505,20971520,2621440,8,1484,14128
1512561886867308,1512561886881394,20971520,2621440,8,1488,14086
1512561887027369,1512561887041428,20971520,2621440,8,1491,14059
1512561887186954,1512561887201073,20971520,2621440,8,1485,14119
1512561887347100,1512561887361162,20971520,2621440,8,1491,14062
1512561887507361,1512561887521416,20971520,2621440,8,1492,14055
1512561887667170,1512561887681096,20971520,2621440,8,1505,13926
1512561887826774,1512561887840846,20971520,2621440,8,1490,14072
1512561887987128,1512561888001242,20971520,2621440,8,1485,14114
1512561888146979,1512561888161028,20971520,2621440,8,1492,14049
1512561888306802,1512561888320946,20971520,2621440,8,1482,14144
1512561888466462,1512561888480510,20971520,2621440,8,1492,14048
1512561888626142,1512561888640035,20971520,2621440,8,1509,13893
1512561888786228,1512561888800343,20971520,2621440,8,1485,14115
1512561888945914,1512561888959880,20971520,2621440,8,1501,13966
1512561889105537,1512561889119637,20971520,2621440,8,1487,14100
1512561889266075,1512561889280135,20971520,2621440,8,1491,14060
1512561889426054,1512561889440108,20971520,2621440,8,1492,14054
1512561889586081,1512561889600247,20971520,2621440,8,1480,14166
1512561889746158,1512561889760219,20971520,2621440,8,1491,14061
1512561889906064,1512561889919977,20971520,2621440,8,1507,13913
1512561890066012,1512561890080121,20971520,2621440,8,1486,14109
1512561890225921,1512561890240002,20971520,2621440,8,1489,14081
1512561890385904,1512561890400014,20971520,2621440,8,1486,14110
1512561890545949,1512561890559911,20971520,2621440,8,1502,13962
1512561890705991,1512561890719931,20971520,2621440,8,1504,13940
1512561890865802,1512561890879688,20971520,2621440,8,1510,13886
1512561891025457,1512561891039331,20971520,2621440,8,1511,13874
1512561891185313,1512561891199477,20971520,2621440,8,1480,14164
1512561891345546,1512561891359686,20971520,2621440,8,1483,14140
1512561891505563,1512561891519681,20971520,2621440,8,1485,14118
1512561891665671,1512561891679770,20971520,2621440,8,1487,14099
1512561891825557,1512561891839719,20971520,2621440,8,1480,14162
1512561891985539,1512561891999639,20971520,2621440,8,1487,14100
1512561892145570,1512561892159709,20971520,2621440,8,1483,14139
1512561892305870,1512561892319796,20971520,2621440,8,1505,13926
1512561892466114,1512561892480164,20971520,2621440,8,1492,14050
1512561892625881,1512561892640028,20971520,2621440,8,1482,14147
1512561892786172,1512561892799980,20971520,2621440,8,1518,13808
1512561892946089,1512561892960192,20971520,2621440,8,1487,14103
1512561893105850,1512561893119844,20971520,2621440,8,1498,13994
1512561893265944,1512561893279997,20971520,2621440,8,1492,14053
1512561893426078,1512561893440179,20971520,2621440,8,1487,14101
1512561893586110,1512561893600242,20971520,2621440,8,1483,14132
1512561893746163,1512561893760093,20971520,2621440,8,1505,13930
1512561893905924,1512561893919648,20971520,2621440,8,1528,13724
1512561894065319,1512561894079440,20971520,2621440,8,1485,14121
1512561894225283,1512561894239200,20971520,2621440,8,1506,13917
1512561894384983,1512561894399105,20971520,2621440,8,1485,14122
1512561894545263,1512561894559368,20971520,2621440,8,1486,14105
1512561894705436,1512561894719563,20971520,2621440,8,1484,14127
1512561894865402,1512561894879479,20971520,2621440,8,1489,14077
1512561895025133,1512561895039188,20971520,2621440,8,1492,14055
1512561895184949,1512561895198873,20971520,2621440,8,1506,13924
1512561895344521,1512561895358634,20971520,2621440,8,1485,14113
1512561895504537,1512561895518672,20971520,2621440,8,1483,14135
1512561895664272,1512561895678369,20971520,2621440,8,1487,14097
1512561895823984,1512561895838087,20971520,2621440,8,1487,14103
1512561895984302,1512561895998014,20971520,2621440,8,1529,13712
1512561896143943,1512561896157830,20971520,2621440,8,1510,13887
1512561896303766,1512561896317879,20971520,2621440,8,1485,14113
1512561896463491,1512561896477574,20971520,2621440,8,1489,14083
1512561896623126,1512561896637087,20971520,2621440,8,1502,13961
1512561896782837,1512561896796779,20971520,2621440,8,1504,13942
1512561896942886,1512561896957027,20971520,2621440,8,1483,14141
1512561897103157,1512561897117272,20971520,2621440,8,1485,14115
1512561897263014,1512561897277184,20971520,2621440,8,1479,14170
1512561897423214,1512561897437333,20971520,2621440,8,1485,14119
1512561897583254,1512561897597311,20971520,2621440,8,1491,14057
1512561897743139,1512561897757050,20971520,2621440,8,1507,13911
1512561897903030,1512561897917164,20971520,2621440,8,1483,14134
1512561898063275,1512561898077391,20971520,2621440,8,1485,14116
1512561898223697,1512561898237864,20971520,2621440,8,1480,14167
1512561898384024,1512561898398163,20971520,2621440,8,1483,14139
1512561898544278,1512561898558356,20971520,2621440,8,1489,14078
1512561898704111,1512561898718180,20971520,2621440,8,1490,14069
1512561898863961,1512561898878103,20971520,2621440,8,1482,14142
1512561899023917,1512561899038051,20971520,2621440,8,1483,14134
1512561899184079,1512561899198167,20971520,2621440,8,1488,14088
1512561899344051,1512561899358155,20971520,2621440,8,1486,14104
1512561899503926,1512561899518026,20971520,2621440,8,1487,14100
1512561899664311,1512561899678226,20971520,2621440,8,1507,13915
1512561899824294,1512561899838409,20971520,2621440,8,1485,14115
1512561899984283,1512561899998156,20971520,2621440,8,1511,13873
1512561900144413,1512561900158529,20971520,2621440,8,1485,14116
1512561900304494,1512561900318571,20971520,2621440,8,1489,14077
1512561900464461,1512561900478362,20971520,2621440,8,1508,13901
1512561900624128,1512561900638208,20971520,2621440,8,1489,14080
1512561900783799,1512561900797791,20971520,2621440,8,1498,13992
1512561900943750,1512561900957910,20971520,2621440,8,1481,14160
1512561901103813,1512561901117725,20971520,2621440,8,1507,13912
1512561901263582,1512561901277506,20971520,2621440,8,1506,13924
1512561901423485,1512561901437219,20971520,2621440,8,1526,13734
1512561901583216,1512561901597280,20971520,2621440,8,1491,14064
1512561901743101,1512561901757192,20971520,2621440,8,1488,14091
1512561901903182,1512561901917297,20971520,2621440,8,1485,14115
1512561902063193,1512561902077282,20971520,2621440,8,1488,14089
1512561902223112,1512561902237223,20971520,2621440,8,1486,14111
1512561902382906,1512561902396698,20971520,2621440,8,1520,13792
1512561902542717,1512561902556842,20971520,2621440,8,1484,14125
1512561902702831,1512561902716973,20971520,2621440,8,1482,14142
1512561902863004,1512561902876952,20971520,2621440,8,1503,13948
1512561903022593,1512561903036745,20971520,2621440,8,1481,14152
1512561903182769,1512561903196639,20971520,2621440,8,1512,13870
1512561903342918,1512561903357020,20971520,2621440,8,1487,14102
1512561903503024,1512561903517147,20971520,2621440,8,1484,14123
1512561903662981,1512561903676909,20971520,2621440,8,1505,13928
1512561903822896,1512561903837008,20971520,2621440,8,1486,14112
1512561903982735,1512561903996874,20971520,2621440,8,1483,14139
1512561904143140,1512561904157243,20971520,2621440,8,1487,14103
1512561904303415,1512561904317312,20971520,2621440,8,1509,13897
1512561904462931,1512561904476972,20971520,2621440,8,1493,14041
1512561904623194,1512561904637084,20971520,2621440,8,1509,13890
1512561904782787,1512561904796877,20971520,2621440,8,1488,14090
1512561904942924,1512561904956883,20971520,2621440,8,1502,13959
1512561905102974,1512561905117094,20971520,2621440,8,1485,14120
1512561905263208,1512561905277118,20971520,2621440,8,1507,13910
1512561905422810,1512561905436933,20971520,2621440,8,1484,14123
1512561905582966,1512561905597079,20971520,2621440,8,1485,14113
1512561905743114,1512561905757228,20971520,2621440,8,1485,14114
1512561905903092,1512561905916982,20971520,2621440,8,1509,13890
1512561906062943,1512561906076707,20971520,2621440,8,1523,13764
1512561906222766,1512561906236735,20971520,2621440,8,1501,13969
1512561906382615,1512561906396815,20971520,2621440,8,1476,14200
1512561906542507,1512561906556601,20971520,2621440,8,1487,14094
1512561906702697,1512561906716783,20971520,2621440,8,1488,14086
1512561906862671,1512561906876777,20971520,2621440,8,1486,14106
1512561907022393,1512561907036531,20971520,2621440,8,1483,14138
1512561907182337,1512561907196416,20971520,2621440,8,1489,14079
1512561907342215,1512561907356260,20971520,2621440,8,1493,14045
1512561907502074,1512561907516175,20971520,2621440,8,1487,14101
1512561907661874,1512561907676012,20971520,2621440,8,1483,14138
1512561907821864,1512561907835970,20971520,2621440,8,1486,14106
1512561907982004,1512561907996125,20971520,2621440,8,1485,14121
1512561908142136,1512561908156272,20971520,2621440,8,1483,14136
1512561908302374,1512561908316141,20971520,2621440,8,1523,13767
1512561908462100,1512561908476212,20971520,2621440,8,1486,14112
1512561908622080,1512561908635949,20971520,2621440,8,1512,13869
1512561908781727,1512561908795777,20971520,2621440,8,1492,14050
1512561908941632,1512561908955741,20971520,2621440,8,1486,14109
1512561909101385,1512561909115455,20971520,2621440,8,1490,14070
1512561909261297,1512561909275383,20971520,2621440,8,1488,14086
1512561909421104,1512561909435033,20971520,2621440,8,1505,13929
1512561909581390,1512561909595468,20971520,2621440,8,1489,14078
1512561909741361,1512561909755424,20971520,2621440,8,1491,14063
1512561909901704,1512561909915768,20971520,2621440,8,1491,14064
1512561910061893,1512561910075964,20971520,2621440,8,1490,14071
1512561910221821,1512561910235791,20971520,2621440,8,1501,13970
1512561910381572,1512561910395678,20971520,2621440,8,1486,14106
1512561910541385,1512561910555330,20971520,2621440,8,1503,13945
1512561910701863,1512561910715983,20971520,2621440,8,1485,14120
1512561910861855,1512561910875783,20971520,2621440,8,1505,13928
1512561911021421,1512561911035526,20971520,2621440,8,1486,14105
1512561911181434,1512561911195527,20971520,2621440,8,1488,14093
1512561911341397,1512561911355498,20971520,2621440,8,1487,14101
1512561911501222,1512561911515298,20971520,2621440,8,1489,14076
1512561911661032,1512561911674793,20971520,2621440,8,1523,13761
1512561911820830,1512561911835001,20971520,2621440,8,1479,14171
1512561911980934,1512561911995012,20971520,2621440,8,1489,14078
1512561912141052,1512561912154749,20971520,2621440,8,1531,13697
1512561912300385,1512561912314495,20971520,2621440,8,1486,14110
1512561912460308,1512561912474388,20971520,2621440,8,1489,14080
1512561912620043,1512561912634155,20971520,2621440,8,1486,14112
1512561912780152,1512561912794100,20971520,2621440,8,1503,13948
1512561912940330,1512561912954420,20971520,2621440,8,1488,14090
1512561913100045,1512561913114128,20971520,2621440,8,1489,14083
1512561913259862,1512561913273846,20971520,2621440,8,1499,13984
1512561913419752,1512561913433822,20971520,2621440,8,1490,14070
1512561913580024,1512561913594127,20971520,2621440,8,1487,14103
1512561913739784,1512561913753929,20971520,2621440,8,1482,14145
1512561913899606,1512561913913680,20971520,2621440,8,1490,14074
1512561914059628,1512561914073735,20971520,2621440,8,1486,14107
1512561914219394,1512561914233501,20971520,2621440,8,1486,14107
1512561914379062,1512561914392973,20971520,2621440,8,1507,13911
1512561914538914,1512561914553065,20971520,2621440,8,1481,14151
1512561914698957,1512561914713029,20971520,2621440,8,1490,14072
1512561914858794,1512561914872882,20971520,2621440,8,1488,14088
1512561915018595,1512561915032587,20971520,2621440,8,1498,13992
1512561915178811,1512561915192953,20971520,2621440,8,1482,14142
1512561915338687,1512561915352785,20971520,2621440,8,1487,14098
1512561915498605,1512561915512676,20971520,2621440,8,1490,14071
1512561915658726,1512561915672867,20971520,2621440,8,1483,14141
1512561915818809,1512561915832930,20971520,2621440,8,1485,14121
1512561915978626,1512561915992725,20971520,2621440,8,1487,14099
1512561916138571,1512561916152329,20971520,2621440,8,1524,13758
1512561916297988,1512561916312052,20971520,2621440,8,1491,14064
1512561916457804,1512561916471940,20971520,2621440,8,1483,14136
1512561916618042,1512561916632151,20971520,2621440,8,1486,14109
1512561916777774,1512561916791687,20971520,2621440,8,1507,13913
1512561916937592,1512561916951696,20971520,2621440,8,1486,14104
1512561917097344,1512561917111455,20971520,2621440,8,1486,14111
1512561917257091,1512561917271021,20971520,2621440,8,1505,13930
1512561917416731,1512561917430848,20971520,2621440,8,1485,14117
1512561917576917,1512561917591013,20971520,2621440,8,1487,14096
1512561917737037,1512561917751163,20971520,2621440,8,1484,14126
1512561917896902,1512561917911037,20971520,2621440,8,1483,14135
1512561918056889,1512561918070971,20971520,2621440,8,1489,14082
1512561918216558,1512561918230694,20971520,2621440,8,1483,14136
1512561918376346,1512561918390271,20971520,2621440,8,1506,13925
1512561918536435,1512561918550563,20971520,2621440,8,1484,14128
1512561918696608,1512561918710725,20971520,2621440,8,1485,14117
1512561918859357,1512561918873663,20971520,2621440,8,1465,14306
1512561919022598,1512561919036942,20971520,2621440,8,1462,14344
1512561919186259,1512561919200577,20971520,2621440,8,1464,14318
1512561919349526,1512561919363661,20971520,2621440,8,1483,14135
1512561919509710,1512561919523846,20971520,2621440,8,1483,14136
1512561919669285,1512561919683501,20971520,2621440,8,1475,14216
1512561919829015,1512561919843003,20971520,2621440,8,1499,13988
1512561919988405,1512561920002549,20971520,2621440,8,1482,14144
1512561920147861,1512561920161941,20971520,2621440,8,1489,14080
1512561920307331,1512561920321457,20971520,2621440,8,1484,14126
1512561920467123,1512561920481185,20971520,2621440,8,1491,14062
1512561920626631,1512561920640470,20971520,2621440,8,1515,13839
1512561920785921,1512561920799861,20971520,2621440,8,1504,13940
1512561920945211,1512561920959315,20971520,2621440,8,1486,14104
1512561921104787,1512561921118694,20971520,2621440,8,1507,13907
1512561921264231,1512561921278332,20971520,2621440,8,1487,14101
1512561921423970,1512561921438008,20971520,2621440,8,1493,14038
1512561921583566,1512561921597660,20971520,2621440,8,1487,14094
1512561921742940,1512561921757021,20971520,2621440,8,1489,14081
1512561921902380,1512561921916498,20971520,2621440,8,1485,14118
1512561922062259,1512561922076313,20971520,2621440,8,1492,14054
1512561922221862,1512561922235960,20971520,2621440,8,1487,14098
1512561922381427,1512561922395563,20971520,2621440,8,1483,14136
1512561922541552,1512561922555437,20971520,2621440,8,1510,13885
1512561922700765,1512561922714845,20971520,2621440,8,1489,14080
1512561922860371,1512561922874335,20971520,2621440,8,1501,13964
1512561923019967,1512561923034103,20971520,2621440,8,1483,14136
1512561923179719,1512561923193802,20971520,2621440,8,1489,14083
1512561923339488,1512561923353579,20971520,2621440,8,1488,14091
1512561923499016,1512561923512915,20971520,2621440,8,1508,13899
1512561923658488,1512561923672551,20971520,2621440,8,1491,14063
1512561923818067,1512561923832209,20971520,2621440,8,1482,14142
1512561923977656,1512561923991744,20971520,2621440,8,1488,14088
1512561924137175,1512561924151296,20971520,2621440,8,1485,14121
1512561924296879,1512561924310987,20971520,2621440,8,1486,14108
1512561924456605,1512561924470689,20971520,2621440,8,1489,14084
1512561924616480,1512561924630447,20971520,2621440,8,1501,13967
1512561924775774,1512561924789675,20971520,2621440,8,1508,13901
1512561924935396,1512561924949541,20971520,2621440,8,1482,14145
1512561925095170,1512561925109333,20971520,2621440,8,1480,14163
1512561925254769,1512561925268664,20971520,2621440,8,1509,13895
1512561925414101,1512561925428348,20971520,2621440,8,1471,14247
1512561925573986,1512561925588098,20971520,2621440,8,1486,14112
1512561925733524,1512561925747661,20971520,2621440,8,1483,14137
1512561925893242,1512561925907158,20971520,2621440,8,1507,13916
1512561926052715,1512561926066897,20971520,2621440,8,1478,14182
1512561926212312,1512561926226360,20971520,2621440,8,1492,14048
1512561926372094,1512561926386183,20971520,2621440,8,1488,14089
1512561926532056,1512561926545941,20971520,2621440,8,1510,13885
1512561926691412,1512561926705355,20971520,2621440,8,1504,13943
1512561926850796,1512561926864928,20971520,2621440,8,1483,14132
1512561927010565,1512561927024513,20971520,2621440,8,1503,13948
1512561927169860,1512561927183948,20971520,2621440,8,1488,14088
1512561927329238,1512561927343314,20971520,2621440,8,1489,14076
1512561927488648,1512561927502755,20971520,2621440,8,1486,14107
1512561927648368,1512561927662475,20971520,2621440,8,1486,14107
1512561927807871,1512561927821989,20971520,2621440,8,1485,14118
1512561927967503,1512561927981436,20971520,2621440,8,1505,13933
1512561928127002,1512561928140950,20971520,2621440,8,1503,13948
1512561928286824,1512561928300881,20971520,2621440,8,1491,14057
1512561928446288,1512561928460339,20971520,2621440,8,1492,14051
1512561928606029,1512561928619979,20971520,2621440,8,1503,13950
1512561928765505,1512561928779588,20971520,2621440,8,1489,14083
1512561928925479,1512561928939577,20971520,2621440,8,1487,14098
1512561929085121,1512561929099228,20971520,2621440,8,1486,14107
1512561929244895,1512561929259003,20971520,2621440,8,1486,14108
1512561929404300,1512561929418419,20971520,2621440,8,1485,14119
1512561929564082,1512561929578263,20971520,2621440,8,1478,14181
1512561929724048,1512561929738070,20971520,2621440,8,1495,14022
1512561929883807,1512561929897702,20971520,2621440,8,1509,13895
1512561930043205,1512561930057326,20971520,2621440,8,1485,14121
1512561930202864,1512561930216972,20971520,2621440,8,1486,14108
1512561930362551,1512561930376471,20971520,2621440,8,1506,13920
1512561930521888,1512561930535976,20971520,2621440,8,1488,14088
1512561930681516,1512561930695714,20971520,2621440,8,1477,14198
1512561930841061,1512561930854967,20971520,2621440,8,1508,13906
1512561931000579,1512561931014672,20971520,2621440,8,1488,14093
1512561931160299,1512561931174461,20971520,2621440,8,1480,14162
1512561931319799,1512561931333899,20971520,2621440,8,1487,14100
1512561931479681,1512561931493786,20971520,2621440,8,1486,14105
1512561931639319,1512561931653443,20971520,2621440,8,1484,14124
1512561931798907,1512561931812950,20971520,2621440,8,1493,14043
1512561931958762,1512561931972896,20971520,2621440,8,1483,14134
1512561932118776,1512561932132873,20971520,2621440,8,1487,14097
1512561932278217,1512561932292382,20971520,2621440,8,1480,14165
1512561932438149,1512561932452270,20971520,2621440,8,1485,14121
1512561932597489,1512561932611569,20971520,2621440,8,1489,14080
1512561932756899,1512561932770833,20971520,2621440,8,1505,13934
1512561932916577,1512561932930671,20971520,2621440,8,1487,14094
