1512598439731205,1512598439737265,33554432,4194304,8,5537,6060
1512598439985774,1512598439991907,33554432,4194304,8,5471,6133
1512598440240634,1512598440246726,33554432,4194304,8,5507,6092
1512598440495544,1512598440501627,33554432,4194304,8,5516,6083
1512598440750316,1512598440756334,33554432,4194304,8,5575,6018
1512598441004923,1512598441011004,33554432,4194304,8,5517,6081
1512598441259554,1512598441265463,33554432,4194304,8,5678,5909
1512598441513405,1512598441519436,33554432,4194304,8,5563,6031
1512598441767612,1512598441773709,33554432,4194304,8,5503,6097
1512598442021778,1512598442027937,33554432,4194304,8,5448,6159
1512598442275987,1512598442282148,33554432,4194304,8,5446,6161
1512598442530036,1512598442536074,33554432,4194304,8,5557,6038
1512598442783946,1512598442790030,33554432,4194304,8,5515,6084
1512598443038201,1512598443044293,33554432,4194304,8,5507,6092
1512598443292239,1512598443298326,33554432,4194304,8,5512,6087
1512598443546364,1512598443552495,33554432,4194304,8,5472,6131
1512598443800689,1512598443806795,33554432,4194304,8,5495,6106
1512598444054966,1512598444061060,33554432,4194304,8,5506,6094
1512598444309118,1512598444315158,33554432,4194304,8,5555,6040
1512598444562985,1512598444569084,33554432,4194304,8,5501,6099
1512598444817057,1512598444823148,33554432,4194304,8,5508,6091
1512598445071208,1512598445077168,33554432,4194304,8,5629,5960
1512598445325266,1512598445331430,33554432,4194304,8,5443,6164
1512598445579366,1512598445585442,33554432,4194304,8,5522,6076
1512598445833437,1512598445839512,33554432,4194304,8,5523,6075
1512598446087305,1512598446093394,33554432,4194304,8,5510,6089
1512598446341310,1512598446347289,33554432,4194304,8,5612,5979
1512598446595198,1512598446601239,33554432,4194304,8,5554,6041
1512598446849219,1512598446855297,33554432,4194304,8,5520,6078
1512598447103269,1512598447109359,33554432,4194304,8,5509,6090
1512598447357129,1512598447363285,33554432,4194304,8,5450,6156
1512598447611574,1512598447617693,33554432,4194304,8,5483,6119
1512598447865681,1512598447871800,33554432,4194304,8,5483,6119
1512598448119560,1512598448125632,33554432,4194304,8,5526,6072
1512598448373211,1512598448379347,33554432,4194304,8,5468,6136
1512598448627155,1512598448633197,33554432,4194304,8,5553,6042
1512598448881312,1512598448887272,33554432,4194304,8,5629,5960
1512598449134919,1512598449141024,33554432,4194304,8,5496,6105
1512598449388749,1512598449394780,33554432,4194304,8,5563,6031
1512598449642593,1512598449648735,33554432,4194304,8,5463,6142
1512598449896642,1512598449902705,33554432,4194304,8,5534,6063
1512598450150757,1512598450156899,33554432,4194304,8,5463,6142
1512598450404748,1512598450410867,33554432,4194304,8,5483,6119
1512598450658785,1512598450664880,33554432,4194304,8,5505,6095
1512598450913346,1512598450919462,33554432,4194304,8,5486,6116
1512598451167333,1512598451173439,33554432,4194304,8,5495,6106
1512598451421638,1512598451427773,33554432,4194304,8,5469,6135
1512598451675644,1512598451681715,33554432,4194304,8,5527,6071
1512598451929517,1512598451935644,33554432,4194304,8,5476,6127
1512598452183345,1512598452189450,33554432,4194304,8,5496,6105
1512598452437108,1512598452443214,33554432,4194304,8,5495,6106
1512598452691019,1512598452697167,33554432,4194304,8,5457,6148
1512598452945028,1512598452951154,33554432,4194304,8,5477,6126
1512598453198972,1512598453205143,33554432,4194304,8,5437,6171
1512598453452891,1512598453458917,33554432,4194304,8,5568,6026
1512598453706762,1512598453712788,33554432,4194304,8,5568,6026
1512598453960653,1512598453966779,33554432,4194304,8,5477,6126
1512598454214695,1512598454220790,33554432,4194304,8,5505,6095
1512598454468582,1512598454474668,33554432,4194304,8,5513,6086
1512598454722433,1512598454728560,33554432,4194304,8,5476,6127
1512598454976479,1512598454982620,33554432,4194304,8,5464,6141
1512598455230382,1512598455236422,33554432,4194304,8,5555,6040
1512598455484405,1512598455490458,33554432,4194304,8,5543,6053
1512598455738343,1512598455744362,33554432,4194304,8,5574,6019
1512598455992403,1512598455998543,33554432,4194304,8,5464,6140
1512598456246526,1512598456252684,33554432,4194304,8,5448,6158
1512598456500728,1512598456506818,33554432,4194304,8,5509,6090
1512598456754798,1512598456760914,33554432,4194304,8,5486,6116
1512598457008819,1512598457014830,33554432,4194304,8,5582,6011
1512598457262729,1512598457268838,33554432,4194304,8,5492,6109
1512598457516760,1512598457522728,33554432,4194304,8,5622,5968
1512598457770601,1512598457776704,33554432,4194304,8,5498,6103
1512598458024802,1512598458030781,33554432,4194304,8,5612,5979
1512598458278741,1512598458284882,33554432,4194304,8,5464,6141
1512598458532885,1512598458539038,33554432,4194304,8,5453,6153
1512598458787062,1512598458793045,33554432,4194304,8,5608,5983
1512598459041034,1512598459047029,33554432,4194304,8,5597,5995
1512598459294898,1512598459301034,33554432,4194304,8,5468,6136
1512598459548957,1512598459554975,33554432,4194304,8,5575,6018
1512598459802898,1512598459808987,33554432,4194304,8,5510,6089
1512598460056902,1512598460063023,33554432,4194304,8,5481,6121
1512598460310818,1512598460316967,33554432,4194304,8,5456,6149
1512598460564943,1512598460571053,33554432,4194304,8,5491,6110
1512598460819055,1512598460825120,33554432,4194304,8,5532,6065
1512598461073155,1512598461079244,33554432,4194304,8,5510,6089
1512598461327229,1512598461333290,33554432,4194304,8,5536,6061
1512598461581233,1512598461587327,33554432,4194304,8,5506,6094
1512598461835360,1512598461841431,33554432,4194304,8,5527,6071
1512598462089457,1512598462095592,33554432,4194304,8,5469,6135
1512598462343733,1512598462349809,33554432,4194304,8,5522,6076
1512598462597739,1512598462603890,33554432,4194304,8,5455,6151
1512598462851846,1512598462857927,33554432,4194304,8,5517,6081
1512598463106007,1512598463112058,33554432,4194304,8,5545,6051
1512598463360044,1512598463366098,33554432,4194304,8,5542,6054
1512598463614029,1512598463620006,33554432,4194304,8,5613,5977
1512598463867947,1512598463874034,33554432,4194304,8,5512,6087
1512598464122045,1512598464128138,33554432,4194304,8,5507,6093
1512598464376107,1512598464382148,33554432,4194304,8,5554,6041
1512598464630068,1512598464635968,33554432,4194304,8,5687,5900
1512598464883965,1512598464890038,33554432,4194304,8,5525,6073
1512598465138226,1512598465144325,33554432,4194304,8,5501,6099
1512598465392267,1512598465398410,33554432,4194304,8,5462,6143
1512598465646292,1512598465652305,33554432,4194304,8,5580,6013
1512598465900466,1512598465906582,33554432,4194304,8,5486,6116
1512598466154616,1512598466160750,33554432,4194304,8,5470,6134
1512598466408825,1512598466414905,33554432,4194304,8,5518,6080
1512598466663033,1512598466669137,33554432,4194304,8,5497,6104
1512598466917106,1512598466923195,33554432,4194304,8,5510,6089
1512598467171198,1512598467177299,33554432,4194304,8,5499,6101
1512598467425125,1512598467431278,33554432,4194304,8,5453,6153
1512598467679286,1512598467685442,33554432,4194304,8,5450,6156
1512598467933426,1512598467939540,33554432,4194304,8,5488,6114
1512598468187632,1512598468193754,33554432,4194304,8,5480,6122
1512598468441697,1512598468447777,33554432,4194304,8,5518,6080
1512598468695883,1512598468701973,33554432,4194304,8,5509,6090
1512598468950076,1512598468956147,33554432,4194304,8,5527,6071
1512598469204301,1512598469210381,33554432,4194304,8,5518,6080
1512598469458389,1512598469464552,33554432,4194304,8,5444,6163
1512598469712460,1512598469718610,33554432,4194304,8,5456,6150
1512598469966698,1512598469972829,33554432,4194304,8,5472,6131
1512598470220856,1512598470226905,33554432,4194304,8,5547,6049
1512598470475031,1512598470481212,33554432,4194304,8,5428,6181
1512598470729303,1512598470735347,33554432,4194304,8,5551,6044
1512598470983380,1512598470989466,33554432,4194304,8,5513,6086
1512598471237746,1512598471243878,33554432,4194304,8,5472,6132
1512598471491878,1512598471497960,33554432,4194304,8,5517,6082
1512598471746039,1512598471752186,33554432,4194304,8,5458,6147
1512598472000108,1512598472006153,33554432,4194304,8,5550,6045
1512598472254168,1512598472260257,33554432,4194304,8,5510,6089
1512598472508161,1512598472514313,33554432,4194304,8,5454,6152
1512598472762175,1512598472768314,33554432,4194304,8,5465,6139
1512598473016613,1512598473022671,33554432,4194304,8,5538,6058
1512598473270847,1512598473276863,33554432,4194304,8,5577,6016
1512598473525031,1512598473531180,33554432,4194304,8,5456,6149
1512598473779073,1512598473785233,33554432,4194304,8,5447,6160
1512598474033210,1512598474039293,33554432,4194304,8,5516,6083
1512598474287154,1512598474293296,33554432,4194304,8,5463,6142
1512598474541439,1512598474547469,33554432,4194304,8,5564,6030
1512598474795527,1512598474801672,33554432,4194304,8,5460,6145
1512598475049928,1512598475056004,33554432,4194304,8,5522,6076
1512598475304058,1512598475310026,33554432,4194304,8,5622,5968
1512598475558520,1512598475564556,33554432,4194304,8,5559,6036
1512598475812504,1512598475818572,33554432,4194304,8,5529,6068
1512598476066643,1512598476072739,33554432,4194304,8,5504,6096
1512598476320872,1512598476327000,33554432,4194304,8,5475,6128
1512598476575175,1512598476581157,33554432,4194304,8,5609,5982
1512598476829146,1512598476835296,33554432,4194304,8,5456,6150
1512598477083399,1512598477089445,33554432,4194304,8,5549,6046
1512598477337499,1512598477343619,33554432,4194304,8,5482,6120
1512598477591493,1512598477597630,33554432,4194304,8,5467,6137
1512598477845911,1512598477852030,33554432,4194304,8,5483,6119
1512598478099932,1512598478106081,33554432,4194304,8,5456,6149
1512598478354068,1512598478360189,33554432,4194304,8,5481,6121
1512598478608308,1512598478614455,33554432,4194304,8,5458,6147
1512598478862526,1512598478868550,33554432,4194304,8,5570,6024
1512598479116597,1512598479122611,33554432,4194304,8,5579,6014
1512598479370748,1512598479376887,33554432,4194304,8,5465,6139
1512598479624851,1512598479630957,33554432,4194304,8,5495,6106
1512598479878919,1512598479885045,33554432,4194304,8,5477,6126
1512598480133031,1512598480139153,33554432,4194304,8,5480,6122
1512598480387356,1512598480393447,33554432,4194304,8,5508,6091
1512598480641559,1512598480647633,33554432,4194304,8,5524,6074
1512598480895611,1512598480901678,33554432,4194304,8,5530,6067
1512598481149700,1512598481155738,33554432,4194304,8,5557,6038
1512598481403846,1512598481409915,33554432,4194304,8,5528,6069
1512598481658034,1512598481664190,33554432,4194304,8,5450,6156
1512598481912160,1512598481918300,33554432,4194304,8,5464,6140
1512598482166269,1512598482172347,33554432,4194304,8,5520,6078
1512598482420379,1512598482426482,33554432,4194304,8,5498,6103
1512598482674536,1512598482680628,33554432,4194304,8,5507,6092
1512598482928646,1512598482934794,33554432,4194304,8,5457,6148
1512598483182841,1512598483188938,33554432,4194304,8,5503,6097
1512598483436985,1512598483443062,33554432,4194304,8,5521,6077
1512598483691172,1512598483697273,33554432,4194304,8,5499,6101
1512598483945167,1512598483951253,33554432,4194304,8,5513,6086
1512598484199361,1512598484205445,33554432,4194304,8,5515,6084
1512598484453479,1512598484459643,33554432,4194304,8,5443,6164
1512598484707602,1512598484713688,33554432,4194304,8,5513,6086
1512598484961577,1512598484967669,33554432,4194304,8,5507,6092
1512598485215629,1512598485221775,33554432,4194304,8,5459,6146
1512598485469828,1512598485475904,33554432,4194304,8,5522,6076
1512598485724046,1512598485730199,33554432,4194304,8,5453,6153
1512598485978185,1512598485984211,33554432,4194304,8,5568,6026
1512598486232387,1512598486238407,33554432,4194304,8,5573,6020
1512598486486598,1512598486492668,33554432,4194304,8,5527,6070
1512598486740791,1512598486746910,33554432,4194304,8,5483,6119
1512598486994971,1512598487000992,33554432,4194304,8,5572,6021
1512598487248956,1512598487255035,33554432,4194304,8,5519,6079
1512598487502994,1512598487509125,33554432,4194304,8,5472,6131
1512598487757239,1512598487763326,33554432,4194304,8,5512,6087
1512598488011382,1512598488017523,33554432,4194304,8,5464,6141
1512598488265977,1512598488272050,33554432,4194304,8,5525,6073
1512598488520214,1512598488526293,33554432,4194304,8,5519,6079
1512598488774250,1512598488780360,33554432,4194304,8,5491,6110
1512598489028559,1512598489034708,33554432,4194304,8,5456,6149
1512598489282523,1512598489288620,33554432,4194304,8,5503,6097
1512598489536709,1512598489542859,33554432,4194304,8,5456,6150
1512598489791047,1512598489797190,33554432,4194304,8,5462,6143
1512598490045653,1512598490051766,33554432,4194304,8,5489,6113
1512598490299847,1512598490306002,33554432,4194304,8,5451,6155
1512598490554142,1512598490560215,33554432,4194304,8,5525,6073
1512598490808285,1512598490814398,33554432,4194304,8,5489,6113
1512598491062494,1512598491068528,33554432,4194304,8,5560,6034
1512598491316507,1512598491322677,33554432,4194304,8,5438,6170
1512598491570546,1512598491576710,33554432,4194304,8,5443,6164
1512598491824636,1512598491830718,33554432,4194304,8,5517,6082
1512598492078974,1512598492085021,33554432,4194304,8,5548,6047
1512598492333195,1512598492339291,33554432,4194304,8,5504,6096
1512598492587422,1512598492593469,33554432,4194304,8,5548,6047
1512598492841724,1512598492847819,33554432,4194304,8,5505,6095
1512598493095907,1512598493102004,33554432,4194304,8,5503,6097
1512598493350200,1512598493356248,33554432,4194304,8,5548,6048
1512598493604383,1512598493610519,33554432,4194304,8,5468,6136
1512598493858476,1512598493864577,33554432,4194304,8,5499,6101
1512598494112577,1512598494118676,33554432,4194304,8,5501,6099
1512598494366858,1512598494372950,33554432,4194304,8,5507,6092
1512598494620930,1512598494627009,33554432,4194304,8,5519,6079
1512598494875031,1512598494881147,33554432,4194304,8,5486,6116
1512598495129282,1512598495135380,33554432,4194304,8,5502,6098
1512598495383420,1512598495389508,33554432,4194304,8,5511,6088
1512598495637451,1512598495643540,33554432,4194304,8,5510,6089
1512598495891494,1512598495897516,33554432,4194304,8,5571,6022
1512598496145582,1512598496151758,33554432,4194304,8,5433,6176
1512598496399841,1512598496405914,33554432,4194304,8,5525,6073
1512598496654159,1512598496660084,33554432,4194304,8,5663,5925
1512598496908066,1512598496914141,33554432,4194304,8,5523,6075
1512598497162433,1512598497168611,33554432,4194304,8,5431,6178
1512598497416711,1512598497422734,33554432,4194304,8,5571,6023
1512598497671088,1512598497677091,33554432,4194304,8,5589,6003
1512598497925058,1512598497931088,33554432,4194304,8,5564,6030
1512598498178999,1512598498185148,33554432,4194304,8,5456,6149
1512598498433202,1512598498439352,33554432,4194304,8,5456,6150
1512598498687580,1512598498693562,33554432,4194304,8,5609,5982
1512598498941594,1512598498947754,33554432,4194304,8,5447,6160
1512598499195586,1512598499201767,33554432,4194304,8,5428,6181
1512598499449926,1512598499456013,33554432,4194304,8,5512,6087
1512598499704222,1512598499710353,33554432,4194304,8,5472,6131
1512598499958284,1512598499964339,33554432,4194304,8,5541,6055
1512598500212731,1512598500218712,33554432,4194304,8,5610,5981
1512598500467097,1512598500473048,33554432,4194304,8,5638,5951
1512598500721088,1512598500727222,33554432,4194304,8,5470,6134
1512598500975219,1512598500981303,33554432,4194304,8,5515,6084
1512598501229232,1512598501235368,33554432,4194304,8,5468,6136
1512598501483516,1512598501489632,33554432,4194304,8,5486,6116
1512598501737472,1512598501743570,33554432,4194304,8,5502,6098
1512598501991571,1512598501997668,33554432,4194304,8,5503,6097
1512598502245755,1512598502251833,33554432,4194304,8,5520,6078
1512598502499792,1512598502505910,33554432,4194304,8,5484,6118
1512598502753871,1512598502759993,33554432,4194304,8,5480,6122
1512598503008221,1512598503014361,33554432,4194304,8,5464,6140
1512598503262321,1512598503268457,33554432,4194304,8,5468,6136
1512598503516474,1512598503522551,33554432,4194304,8,5521,6077
1512598503770419,1512598503776451,33554432,4194304,8,5562,6032
1512598504024667,1512598504030747,33554432,4194304,8,5518,6080
1512598504278876,1512598504285019,33554432,4194304,8,5462,6143
1512598504533185,1512598504539328,33554432,4194304,8,5462,6143
1512598504787431,1512598504793515,33554432,4194304,8,5515,6084
1512598505041443,1512598505047495,33554432,4194304,8,5544,6052
1512598505295611,1512598505301713,33554432,4194304,8,5498,6102
1512598505549806,1512598505555931,33554432,4194304,8,5478,6125
1512598505803911,1512598505810028,33554432,4194304,8,5485,6117
1512598506058127,1512598506064235,33554432,4194304,8,5493,6108
1512598506312596,1512598506318743,33554432,4194304,8,5458,6147
1512598506566859,1512598506572964,33554432,4194304,8,5496,6105
1512598506821097,1512598506827242,33554432,4194304,8,5460,6145
1512598507075281,1512598507081352,33554432,4194304,8,5527,6071
1512598507329327,1512598507335480,33554432,4194304,8,5453,6153
1512598507583709,1512598507589724,33554432,4194304,8,5578,6015
1512598507837843,1512598507843861,33554432,4194304,8,5575,6018
1512598508091962,1512598508097992,33554432,4194304,8,5564,6030
1512598508345879,1512598508351960,33554432,4194304,8,5517,6081
1512598508600130,1512598508606096,33554432,4194304,8,5624,5966
1512598508854054,1512598508860138,33554432,4194304,8,5515,6084
1512598509108357,1512598509114515,33554432,4194304,8,5448,6158
1512598509362978,1512598509369007,33554432,4194304,8,5565,6029
1512598509622121,1512598509628163,33554432,4194304,8,5553,6042
1512598509878063,1512598509884124,33554432,4194304,8,5536,6061
1512598510131795,1512598510137865,33554432,4194304,8,5527,6070
1512598510385290,1512598510391357,33554432,4194304,8,5530,6067
1512598510638682,1512598510644793,33554432,4194304,8,5490,6111
1512598510892504,1512598510898500,33554432,4194304,8,5596,5996
1512598511145728,1512598511151827,33554432,4194304,8,5501,6099
1512598511399408,1512598511405472,33554432,4194304,8,5533,6064
1512598511652722,1512598511658878,33554432,4194304,8,5450,6156
1512598511906264,1512598511912343,33554432,4194304,8,5519,6079
1512598512159660,1512598512165750,33554432,4194304,8,5509,6090
1512598512413163,1512598512419307,33554432,4194304,8,5461,6144
1512598512666636,1512598512672766,33554432,4194304,8,5473,6130
1512598512920335,1512598512926420,33554432,4194304,8,5514,6085
1512598513173712,1512598513179792,33554432,4194304,8,5518,6080
1512598513427235,1512598513433264,33554432,4194304,8,5565,6029
1512598513680617,1512598513686762,33554432,4194304,8,5460,6145
1512598513934076,1512598513940220,33554432,4194304,8,5461,6144
1512598514187766,1512598514193911,33554432,4194304,8,5460,6145
1512598514441436,1512598514447456,33554432,4194304,8,5573,6020
1512598514694941,1512598514701090,33554432,4194304,8,5456,6149
1512598514948445,1512598514954514,33554432,4194304,8,5528,6069
1512598515201966,1512598515208121,33554432,4194304,8,5451,6155
1512598515455840,1512598515461845,33554432,4194304,8,5587,6005
1512598515709307,1512598515715392,33554432,4194304,8,5514,6085
1512598515962844,1512598515968984,33554432,4194304,8,5464,6140
1512598516216786,1512598516222933,33554432,4194304,8,5458,6147
1512598516470424,1512598516476534,33554432,4194304,8,5491,6110
1512598516723755,1512598516729827,33554432,4194304,8,5526,6072
1512598516977258,1512598516983416,33554432,4194304,8,5448,6158
1512598517230821,1512598517236893,33554432,4194304,8,5526,6072
1512598517484313,1512598517490454,33554432,4194304,8,5464,6141
1512598517737894,1512598517743939,33554432,4194304,8,5550,6045
1512598517991303,1512598517997340,33554432,4194304,8,5558,6037
1512598518245109,1512598518251275,33554432,4194304,8,5441,6166
1512598518498684,1512598518504792,33554432,4194304,8,5493,6108
1512598518752322,1512598518758491,33554432,4194304,8,5439,6169
1512598519006047,1512598519012118,33554432,4194304,8,5527,6071
1512598519259535,1512598519265623,33554432,4194304,8,5511,6088
1512598519512993,1512598519519084,33554432,4194304,8,5508,6091
1512598519766514,1512598519772635,33554432,4194304,8,5481,6121
1512598520019882,1512598520026011,33554432,4194304,8,5474,6129
1512598520273484,1512598520279540,33554432,4194304,8,5540,6056
1512598520526909,1512598520532917,33554432,4194304,8,5584,6008
1512598520780352,1512598520786512,33554432,4194304,8,5447,6160
1512598521034072,1512598521040140,33554432,4194304,8,5529,6068
1512598521287567,1512598521293761,33554432,4194304,8,5417,6194
1512598521541392,1512598521547361,33554432,4194304,8,5621,5969
1512598521794723,1512598521800845,33554432,4194304,8,5480,6122
1512598522048366,1512598522054496,33554432,4194304,8,5473,6130
1512598522301943,1512598522308035,33554432,4194304,8,5507,6092
1512598522555414,1512598522561515,33554432,4194304,8,5499,6101
1512598522809018,1512598522815081,33554432,4194304,8,5534,6063
1512598523062456,1512598523068565,33554432,4194304,8,5492,6109
1512598523315994,1512598523321991,33554432,4194304,8,5595,5997
1512598523569497,1512598523575532,33554432,4194304,8,5559,6035
1512598523823044,1512598523829139,33554432,4194304,8,5505,6095
1512598524076540,1512598524082643,33554432,4194304,8,5498,6103
1512598524329929,1512598524336051,33554432,4194304,8,5480,6122
1512598524583595,1512598524589729,33554432,4194304,8,5470,6134
1512598524837322,1512598524843432,33554432,4194304,8,5491,6110
1512598525090908,1512598525097035,33554432,4194304,8,5476,6127
1512598525344522,1512598525350608,33554432,4194304,8,5513,6086
1512598525597844,1512598525603913,33554432,4194304,8,5528,6069
1512598525851278,1512598525857357,33554432,4194304,8,5519,6079
1512598526104771,1512598526110849,33554432,4194304,8,5520,6078
1512598526358238,1512598526364228,33554432,4194304,8,5601,5990
1512598526611699,1512598526617814,33554432,4194304,8,5487,6115
1512598526865363,1512598526871437,33554432,4194304,8,5524,6074
1512598527118987,1512598527124930,33554432,4194304,8,5646,5943
1512598527372364,1512598527378397,33554432,4194304,8,5561,6033
1512598527625821,1512598527631952,33554432,4194304,8,5472,6131
1512598527879271,1512598527885349,33554432,4194304,8,5520,6078
1512598528132994,1512598528139072,33554432,4194304,8,5520,6078
1512598528386589,1512598528392751,33554432,4194304,8,5445,6162
1512598528640068,1512598528646038,33554432,4194304,8,5620,5970
1512598528893419,1512598528899578,33554432,4194304,8,5448,6159
1512598529147358,1512598529153436,33554432,4194304,8,5520,6078
1512598529400900,1512598529406998,33554432,4194304,8,5502,6098
1512598529654436,1512598529660447,33554432,4194304,8,5582,6011
1512598529907792,1512598529913870,33554432,4194304,8,5520,6078
1512598530161232,1512598530167360,33554432,4194304,8,5475,6128
1512598530414773,1512598530420910,33554432,4194304,8,5467,6137
1512598530668560,1512598530674643,33554432,4194304,8,5516,6083
1512598530922164,1512598530928241,33554432,4194304,8,5521,6077
1512598531175914,1512598531182004,33554432,4194304,8,5509,6090
1512598531429415,1512598531435537,33554432,4194304,8,5480,6122
1512598531683100,1512598531689218,33554432,4194304,8,5484,6118
1512598531936666,1512598531942718,33554432,4194304,8,5544,6052
1512598532190112,1512598532196234,33554432,4194304,8,5480,6122
1512598532443685,1512598532449849,33554432,4194304,8,5443,6164
1512598532697304,1512598532703361,33554432,4194304,8,5539,6057
1512598532950869,1512598532956947,33554432,4194304,8,5520,6078
1512598533204522,1512598533210662,33554432,4194304,8,5464,6140
1512598533458037,1512598533464059,33554432,4194304,8,5571,6022
1512598533711540,1512598533717662,33554432,4194304,8,5480,6122
1512598533965312,1512598533971446,33554432,4194304,8,5470,6134
1512598534218940,1512598534225033,33554432,4194304,8,5507,6093
1512598534472408,1512598534478567,33554432,4194304,8,5448,6159
1512598534725817,1512598534731960,33554432,4194304,8,5462,6143
1512598534979442,1512598534985435,33554432,4194304,8,5598,5993
1512598535233024,1512598535239077,33554432,4194304,8,5543,6053
1512598535486528,1512598535492536,33554432,4194304,8,5584,6008
1512598535740097,1512598535746118,33554432,4194304,8,5572,6021
1512598535993489,1512598535999502,33554432,4194304,8,5580,6013
1512598536247183,1512598536253254,33554432,4194304,8,5527,6071
1512598536500844,1512598536506986,33554432,4194304,8,5463,6142
1512598536754729,1512598536760819,33554432,4194304,8,5509,6090
1512598537008204,1512598537014309,33554432,4194304,8,5496,6105
1512598537261751,1512598537267911,33554432,4194304,8,5447,6160
1512598537515443,1512598537521530,33554432,4194304,8,5512,6087
1512598537768931,1512598537774965,33554432,4194304,8,5560,6034
1512598538022476,1512598538028580,33554432,4194304,8,5497,6104
1512598538275965,1512598538282075,33554432,4194304,8,5491,6110
1512598538529620,1512598538535705,33554432,4194304,8,5514,6085
1512598538783171,1512598538789246,33554432,4194304,8,5523,6075
1512598539036595,1512598539042676,33554432,4194304,8,5517,6081
1512598539290028,1512598539296111,33554432,4194304,8,5516,6083
1512598539543631,1512598539549595,33554432,4194304,8,5626,5964
1512598539797018,1512598539803080,33554432,4194304,8,5535,6062
1512598540050686,1512598540056679,33554432,4194304,8,5598,5993
1512598540304193,1512598540310249,33554432,4194304,8,5540,6056
1512598540557759,1512598540563795,33554432,4194304,8,5559,6036
1512598540811466,1512598540817594,33554432,4194304,8,5475,6128
1512598541065028,1512598541071082,33554432,4194304,8,5542,6054
1512598541319042,1512598541325172,33554432,4194304,8,5473,6130
1512598541573231,1512598541579353,33554432,4194304,8,5480,6122
1512598541827619,1512598541833701,33554432,4194304,8,5517,6082
1512598542081699,1512598542087795,33554432,4194304,8,5504,6096
1512598542335832,1512598542341900,33554432,4194304,8,5529,6068
1512598542590047,1512598542596210,33554432,4194304,8,5444,6163
1512598542844406,1512598542850440,33554432,4194304,8,5560,6034
1512598543098445,1512598543104526,33554432,4194304,8,5517,6081
1512598543352603,1512598543358744,33554432,4194304,8,5464,6141
1512598543606794,1512598543612894,33554432,4194304,8,5500,6100
1512598543860841,1512598543866924,33554432,4194304,8,5516,6083
1512598544115063,1512598544121133,33554432,4194304,8,5527,6070
1512598544369363,1512598544375451,33554432,4194304,8,5511,6088
1512598544623386,1512598544629510,33554432,4194304,8,5479,6124
1512598544877627,1512598544883711,33554432,4194304,8,5515,6084
1512598545131946,1512598545137921,33554432,4194304,8,5615,5975
1512598545385891,1512598545392035,33554432,4194304,8,5461,6144
1512598545640224,1512598545646282,33554432,4194304,8,5538,6058
1512598545894326,1512598545900389,33554432,4194304,8,5534,6063
1512598546148419,1512598546154479,33554432,4194304,8,5537,6060
1512598546402704,1512598546408820,33554432,4194304,8,5486,6116
1512598546656878,1512598546663037,33554432,4194304,8,5448,6159
1512598546911131,1512598546917279,33554432,4194304,8,5457,6148
1512598547165447,1512598547171521,33554432,4194304,8,5524,6074
1512598547419544,1512598547425532,33554432,4194304,8,5603,5988
1512598547673544,1512598547679677,33554432,4194304,8,5471,6133
1512598547927679,1512598547933699,33554432,4194304,8,5573,6020
1512598548181772,1512598548187730,33554432,4194304,8,5631,5958
1512598548435773,1512598548441791,33554432,4194304,8,5575,6018
1512598548689810,1512598548695957,33554432,4194304,8,5458,6147
1512598548944027,1512598548950112,33554432,4194304,8,5514,6085
1512598549198316,1512598549204452,33554432,4194304,8,5468,6136
1512598549452394,1512598549458509,33554432,4194304,8,5487,6115
1512598549706572,1512598549712695,33554432,4194304,8,5480,6123
1512598549960666,1512598549966737,33554432,4194304,8,5527,6071
1512598550214756,1512598550220881,33554432,4194304,8,5478,6125
1512598550468946,1512598550475081,33554432,4194304,8,5469,6135
1512598550723463,1512598550729534,33554432,4194304,8,5527,6071
1512598550977548,1512598550983642,33554432,4194304,8,5506,6094
1512598551231501,1512598551237571,33554432,4194304,8,5527,6070
1512598551485551,1512598551491622,33554432,4194304,8,5527,6071
1512598551739644,1512598551745731,33554432,4194304,8,5512,6087
1512598551993793,1512598551999927,33554432,4194304,8,5470,6134
1512598552247856,1512598552253989,33554432,4194304,8,5471,6133
1512598552501966,1512598552508077,33554432,4194304,8,5490,6111
1512598552756058,1512598552762199,33554432,4194304,8,5464,6141
1512598553010530,1512598553016543,33554432,4194304,8,5580,6013
1512598553264452,1512598553270463,33554432,4194304,8,5582,6011
1512598553518419,1512598553524487,33554432,4194304,8,5529,6068
1512598553772457,1512598553778595,33554432,4194304,8,5466,6138
1512598554026480,1512598554032550,33554432,4194304,8,5527,6070
1512598554280736,1512598554286804,33554432,4194304,8,5529,6068
1512598554534847,1512598554540923,33554432,4194304,8,5522,6076
1512598554789024,1512598554795170,33554432,4194304,8,5459,6146
1512598555043163,1512598555049168,33554432,4194304,8,5587,6005
1512598555297137,1512598555303150,33554432,4194304,8,5580,6013
1512598555551064,1512598555557189,33554432,4194304,8,5478,6125
1512598555805539,1512598555811618,33554432,4194304,8,5519,6079
1512598556059593,1512598556065617,33554432,4194304,8,5570,6024
1512598556313840,1512598556319946,33554432,4194304,8,5495,6106
1512598556568022,1512598556574171,33554432,4194304,8,5456,6149
1512598556822168,1512598556828324,33554432,4194304,8,5450,6156
1512598557076325,1512598557082406,33554432,4194304,8,5517,6081
1512598557330427,1512598557336569,33554432,4194304,8,5463,6142
1512598557584629,1512598557590722,33554432,4194304,8,5507,6093
1512598557838698,1512598557844774,33554432,4194304,8,5522,6076
1512598558092978,1512598558099007,33554432,4194304,8,5565,6029
1512598558347359,1512598558353469,33554432,4194304,8,5491,6110
1512598558601601,1512598558607694,33554432,4194304,8,5507,6093
1512598558855870,1512598558862006,33554432,4194304,8,5468,6136
1512598559110188,1512598559116346,33554432,4194304,8,5448,6158
1512598559364367,1512598559370373,33554432,4194304,8,5586,6006
1512598559618367,1512598559624501,33554432,4194304,8,5470,6134
1512598559872503,1512598559878502,33554432,4194304,8,5593,5999
1512598560126701,1512598560132691,33554432,4194304,8,5601,5990
1512598560380789,1512598560386925,33554432,4194304,8,5468,6136
1512598560634943,1512598560641032,33554432,4194304,8,5510,6089
1512598560889078,1512598560895238,33554432,4194304,8,5447,6160
1512598561143282,1512598561149204,33554432,4194304,8,5666,5922
1512598561397472,1512598561403599,33554432,4194304,8,5476,6127
1512598561651794,1512598561657832,33554432,4194304,8,5557,6038
1512598561905656,1512598561911723,33554432,4194304,8,5530,6067
1512598562159764,1512598562165847,33554432,4194304,8,5516,6083
1512598562414160,1512598562420186,33554432,4194304,8,5568,6026
1512598562668200,1512598562674308,33554432,4194304,8,5493,6108
1512598562922366,1512598562928368,33554432,4194304,8,5590,6002
1512598563176381,1512598563182505,33554432,4194304,8,5479,6124
1512598563430799,1512598563436803,33554432,4194304,8,5588,6004
1512598563684775,1512598563690831,33554432,4194304,8,5540,6056
1512598563939059,1512598563945250,33554432,4194304,8,5419,6191
1512598564193427,1512598564199429,33554432,4194304,8,5590,6002
1512598564447491,1512598564453593,33554432,4194304,8,5498,6102
1512598564701528,1512598564707530,33554432,4194304,8,5590,6002
1512598564955491,1512598564961621,33554432,4194304,8,5473,6130
1512598565209848,1512598565215922,33554432,4194304,8,5524,6074
1512598565464061,1512598565470152,33554432,4194304,8,5508,6091
1512598565718220,1512598565724361,33554432,4194304,8,5464,6141
1512598565972392,1512598565978498,33554432,4194304,8,5495,6106
1512598566226581,1512598566232651,33554432,4194304,8,5527,6070
1512598566480775,1512598566486809,33554432,4194304,8,5560,6034
1512598566734863,1512598566740927,33554432,4194304,8,5533,6064
1512598566989075,1512598566995210,33554432,4194304,8,5469,6135
1512598567243143,1512598567249289,33554432,4194304,8,5459,6146
1512598567497372,1512598567503512,33554432,4194304,8,5464,6140
1512598567751898,1512598567757907,33554432,4194304,8,5584,6009
1512598568005794,1512598568011877,33554432,4194304,8,5516,6083
1512598568259921,1512598568266007,33554432,4194304,8,5513,6086
1512598568514045,1512598568520062,33554432,4194304,8,5576,6017
1512598568768231,1512598568774360,33554432,4194304,8,5474,6129
1512598569022336,1512598569028474,33554432,4194304,8,5466,6138
1512598569276823,1512598569282976,33554432,4194304,8,5453,6153
1512598569531033,1512598569537184,33554432,4194304,8,5455,6151
1512598569785054,1512598569791192,33554432,4194304,8,5466,6138
1512598570039055,1512598570045193,33554432,4194304,8,5466,6138
1512598570293074,1512598570299237,33554432,4194304,8,5444,6163
1512598570547555,1512598570553624,33554432,4194304,8,5528,6069
1512598570802003,1512598570808090,33554432,4194304,8,5512,6087
1512598571056000,1512598571062075,33554432,4194304,8,5523,6075
1512598571310164,1512598571316216,33554432,4194304,8,5544,6052
1512598571564290,1512598571570380,33554432,4194304,8,5509,6090
1512598571818373,1512598571824458,33554432,4194304,8,5514,6085
1512598572072545,1512598572078654,33554432,4194304,8,5492,6109
1512598572326699,1512598572332761,33554432,4194304,8,5535,6062
1512598572580812,1512598572586866,33554432,4194304,8,5542,6054
1512598572834943,1512598572841021,33554432,4194304,8,5520,6078
1512598573089196,1512598573095344,33554432,4194304,8,5457,6148
1512598573343467,1512598573349485,33554432,4194304,8,5575,6018
1512598573597556,1512598573603675,33554432,4194304,8,5483,6119
1512598573851705,1512598573857839,33554432,4194304,8,5470,6134
1512598574105836,1512598574111956,33554432,4194304,8,5482,6120
1512598574360055,1512598574366144,33554432,4194304,8,5510,6089
1512598574614244,1512598574620383,33554432,4194304,8,5465,6139
1512598574868305,1512598574874437,33554432,4194304,8,5472,6132
1512598575122352,1512598575128335,33554432,4194304,8,5608,5983
1512598575376593,1512598575382542,33554432,4194304,8,5640,5949
1512598575630563,1512598575636454,33554432,4194304,8,5695,5891
1512598575884544,1512598575890607,33554432,4194304,8,5534,6063
1512598576138547,1512598576144683,33554432,4194304,8,5468,6136
1512598576392982,1512598576399089,33554432,4194304,8,5494,6107
1512598576647076,1512598576653204,33554432,4194304,8,5475,6128
1512598576901327,1512598576907457,33554432,4194304,8,5473,6130
1512598577155635,1512598577161771,33554432,4194304,8,5468,6136
1512598577409791,1512598577415875,33554432,4194304,8,5515,6084
1512598577663783,1512598577669712,33554432,4194304,8,5659,5929
1512598577917784,1512598577923850,33554432,4194304,8,5531,6066
1512598578171929,1512598578178037,33554432,4194304,8,5493,6108
1512598578425979,1512598578432106,33554432,4194304,8,5476,6127
1512598578680119,1512598578686190,33554432,4194304,8,5527,6071
1512598578934384,1512598578940343,33554432,4194304,8,5630,5959
1512598579188464,1512598579194565,33554432,4194304,8,5499,6101
1512598579442598,1512598579448498,33554432,4194304,8,5687,5900
1512598579696549,1512598579702687,33554432,4194304,8,5466,6138
1512598579950796,1512598579956801,33554432,4194304,8,5587,6005
1512598580204963,1512598580211047,33554432,4194304,8,5515,6084
1512598580459083,1512598580465221,33554432,4194304,8,5466,6138
1512598580713207,1512598580719271,33554432,4194304,8,5533,6064
1512598580967239,1512598580973289,33554432,4194304,8,5546,6050
1512598581221299,1512598581227379,33554432,4194304,8,5518,6080
1512598581475514,1512598581481520,33554432,4194304,8,5586,6006
1512598581729583,1512598581735651,33554432,4194304,8,5529,6068
1512598581983823,1512598581989946,33554432,4194304,8,5480,6123
1512598582238025,1512598582244153,33554432,4194304,8,5475,6128
1512598582492521,1512598582498486,33554432,4194304,8,5625,5965
1512598582746479,1512598582752513,33554432,4194304,8,5560,6034
1512598583000592,1512598583006671,33554432,4194304,8,5519,6079
1512598583254660,1512598583260731,33554432,4194304,8,5527,6071
1512598583508778,1512598583514781,33554432,4194304,8,5589,6003
1512598583762843,1512598583768890,33554432,4194304,8,5548,6047
1512598584017019,1512598584023067,33554432,4194304,8,5548,6048
1512598584271335,1512598584277477,33554432,4194304,8,5463,6142
1512598584525500,1512598584531647,33554432,4194304,8,5458,6147
1512598584779525,1512598584785611,33554432,4194304,8,5513,6086
1512598585034263,1512598585040371,33554432,4194304,8,5493,6108
1512598585288339,1512598585294425,33554432,4194304,8,5513,6086
1512598585542689,1512598585548743,33554432,4194304,8,5542,6054
1512598585796634,1512598585802631,33554432,4194304,8,5595,5997
1512598586050763,1512598586056888,33554432,4194304,8,5478,6125
1512598586304880,1512598586310950,33554432,4194304,8,5527,6070
1512598586559349,1512598586565493,33554432,4194304,8,5461,6144
1512598586813537,1512598586819612,33554432,4194304,8,5523,6075
1512598587067819,1512598587073919,33554432,4194304,8,5500,6100
1512598587322044,1512598587328124,33554432,4194304,8,5518,6080
1512598587576241,1512598587582369,33554432,4194304,8,5475,6128
1512598587830492,1512598587836451,33554432,4194304,8,5630,5959
1512598588084636,1512598588090663,33554432,4194304,8,5567,6027
1512598588338953,1512598588344958,33554432,4194304,8,5587,6005
1512598588592882,1512598588598968,33554432,4194304,8,5513,6086
1512598588847152,1512598588853280,33554432,4194304,8,5475,6128
1512598589101246,1512598589107248,33554432,4194304,8,5590,6002
1512598589355234,1512598589361374,33554432,4194304,8,5464,6140
1512598589609361,1512598589615394,33554432,4194304,8,5561,6033
1512598589863344,1512598589869466,33554432,4194304,8,5480,6122
1512598590117497,1512598590123565,33554432,4194304,8,5529,6068
1512598590371569,1512598590377703,33554432,4194304,8,5470,6134
1512598590625945,1512598590632076,33554432,4194304,8,5472,6131
1512598590880078,1512598590886144,33554432,4194304,8,5531,6066
1512598591134152,1512598591140262,33554432,4194304,8,5491,6110
1512598591388458,1512598591394593,33554432,4194304,8,5469,6135
1512598591642641,1512598591648735,33554432,4194304,8,5506,6094
1512598591896752,1512598591902837,33554432,4194304,8,5514,6085
1512598592150843,1512598592156940,33554432,4194304,8,5503,6097
1512598592405065,1512598592411193,33554432,4194304,8,5475,6128
1512598592659075,1512598592665162,33554432,4194304,8,5512,6087
1512598592913235,1512598592919327,33554432,4194304,8,5507,6092
1512598593167375,1512598593173449,33554432,4194304,8,5524,6074
1512598593421462,1512598593427477,33554432,4194304,8,5578,6015
1512598593675468,1512598593681505,33554432,4194304,8,5558,6037
1512598593929593,1512598593935668,33554432,4194304,8,5523,6075
1512598594183828,1512598594189838,33554432,4194304,8,5583,6010
1512598594437854,1512598594443994,33554432,4194304,8,5464,6140
1512598594692386,1512598594698469,33554432,4194304,8,5516,6083
1512598594946508,1512598594952641,33554432,4194304,8,5471,6133
1512598595200850,1512598595206967,33554432,4194304,8,5485,6117
1512598595455002,1512598595461068,33554432,4194304,8,5531,6066
1512598595709072,1512598595715198,33554432,4194304,8,5477,6126
1512598595963126,1512598595969194,33554432,4194304,8,5529,6068
1512598596217260,1512598596223388,33554432,4194304,8,5475,6128
1512598596471279,1512598596477415,33554432,4194304,8,5468,6136
1512598596725533,1512598596731556,33554432,4194304,8,5571,6023
1512598596979633,1512598596985825,33554432,4194304,8,5418,6192
1512598597234099,1512598597240154,33554432,4194304,8,5541,6055
1512598597488173,1512598597494302,33554432,4194304,8,5474,6129
1512598597742231,1512598597748379,33554432,4194304,8,5457,6148
1512598597996430,1512598598002501,33554432,4194304,8,5527,6071
1512598598250510,1512598598256650,33554432,4194304,8,5464,6140
1512598598504801,1512598598510873,33554432,4194304,8,5526,6072
1512598598758876,1512598598765007,33554432,4194304,8,5472,6131
1512598599013293,1512598599019174,33554432,4194304,8,5705,5881
1512598599267440,1512598599273519,33554432,4194304,8,5519,6079
1512598599521469,1512598599527555,33554432,4194304,8,5513,6086
1512598599775618,1512598599781756,33554432,4194304,8,5466,6138
1512598600029802,1512598600035931,33554432,4194304,8,5474,6129
1512598600283987,1512598600290007,33554432,4194304,8,5573,6020
1512598600538157,1512598600544251,33554432,4194304,8,5506,6094
1512598600792154,1512598600798175,33554432,4194304,8,5572,6021
1512598601046306,1512598601052422,33554432,4194304,8,5486,6116
1512598601300452,1512598601306529,33554432,4194304,8,5521,6077
1512598601554510,1512598601560599,33554432,4194304,8,5510,6089
1512598601808465,1512598601814618,33554432,4194304,8,5453,6153
1512598602062686,1512598602068753,33554432,4194304,8,5530,6067
1512598602316671,1512598602322693,33554432,4194304,8,5571,6022
1512598602570879,1512598602576908,33554432,4194304,8,5565,6029
1512598602825089,1512598602831209,33554432,4194304,8,5482,6120
1512598603079520,1512598603085608,33554432,4194304,8,5511,6088
1512598603333517,1512598603339583,33554432,4194304,8,5531,6066
1512598603587716,1512598603593787,33554432,4194304,8,5527,6071
1512598603841911,1512598603847990,33554432,4194304,8,5519,6079
1512598604096128,1512598604102244,33554432,4194304,8,5486,6116
1512598604350480,1512598604356567,33554432,4194304,8,5512,6087
1512598604604582,1512598604610734,33554432,4194304,8,5454,6152
1512598604858613,1512598604864688,33554432,4194304,8,5523,6075
1512598605112975,1512598605119093,33554432,4194304,8,5484,6118
1512598605367199,1512598605373338,33554432,4194304,8,5465,6139
1512598605621373,1512598605627506,33554432,4194304,8,5471,6133
1512598605875503,1512598605881525,33554432,4194304,8,5571,6022
1512598606129657,1512598606135782,33554432,4194304,8,5478,6125
1512598606383787,1512598606389912,33554432,4194304,8,5478,6125
1512598606637917,1512598606643983,33554432,4194304,8,5531,6066
1512598606892074,1512598606898139,33554432,4194304,8,5532,6065
1512598607146290,1512598607152225,33554432,4194304,8,5653,5935
1512598607400169,1512598607406239,33554432,4194304,8,5527,6070
1512598607654377,1512598607660469,33554432,4194304,8,5507,6092
1512598607908515,1512598607914623,33554432,4194304,8,5493,6108
1512598608162760,1512598608168891,33554432,4194304,8,5472,6131
1512598608417080,1512598608423198,33554432,4194304,8,5484,6118
1512598608671261,1512598608677271,33554432,4194304,8,5583,6010
1512598608925224,1512598608931355,33554432,4194304,8,5472,6131
1512598609179362,1512598609185496,33554432,4194304,8,5470,6134
1512598609433710,1512598609439800,33554432,4194304,8,5509,6090
1512598609687892,1512598609693918,33554432,4194304,8,5568,6026
1512598609942152,1512598609948279,33554432,4194304,8,5476,6127
1512598610196508,1512598610202571,33554432,4194304,8,5534,6063
1512598610450551,1512598610456583,33554432,4194304,8,5562,6032
1512598610704601,1512598610710684,33554432,4194304,8,5516,6083
1512598610958615,1512598610964720,33554432,4194304,8,5496,6105
1512598611212919,1512598611218950,33554432,4194304,8,5563,6031
1512598611467471,1512598611473602,33554432,4194304,8,5472,6131
1512598611721699,1512598611727845,33554432,4194304,8,5459,6146
1512598611975809,1512598611981894,33554432,4194304,8,5514,6085
1512598612229978,1512598612236027,33554432,4194304,8,5547,6049
1512598612484005,1512598612490077,33554432,4194304,8,5526,6072
1512598612737960,1512598612744032,33554432,4194304,8,5526,6072
1512598612992021,1512598612998164,33554432,4194304,8,5462,6143
1512598613246371,1512598613252462,33554432,4194304,8,5508,6091
1512598613500490,1512598613506633,33554432,4194304,8,5462,6143
1512598613754595,1512598613760744,33554432,4194304,8,5456,6149
1512598614008638,1512598614014687,33554432,4194304,8,5547,6049
1512598614262656,1512598614268619,33554432,4194304,8,5627,5963
1512598614516564,1512598614522707,33554432,4194304,8,5462,6143
1512598614770876,1512598614777018,33554432,4194304,8,5463,6142
1512598615024979,1512598615030859,33554432,4194304,8,5706,5880
1512598615279227,1512598615285357,33554432,4194304,8,5473,6130
1512598615533360,1512598615539494,33554432,4194304,8,5470,6134
1512598615787695,1512598615793780,33554432,4194304,8,5514,6085
1512598616041876,1512598616047949,33554432,4194304,8,5525,6073
1512598616296262,1512598616302391,33554432,4194304,8,5474,6129
1512598616550503,1512598616556582,33554432,4194304,8,5519,6079
1512598616804885,1512598616810903,33554432,4194304,8,5575,6018
1512598617059262,1512598617065289,33554432,4194304,8,5567,6027
1512598617313452,1512598617319513,33554432,4194304,8,5536,6061
1512598617567485,1512598617573569,33554432,4194304,8,5515,6084
1512598617821614,1512598617827775,33554432,4194304,8,5446,6161
1512598618075785,1512598618081868,33554432,4194304,8,5516,6083
1512598618329679,1512598618335779,33554432,4194304,8,5500,6100
1512598618583708,1512598618589729,33554432,4194304,8,5572,6021
1512598618837796,1512598618843770,33554432,4194304,8,5616,5974
1512598619091944,1512598619098012,33554432,4194304,8,5529,6068
1512598619346295,1512598619352367,33554432,4194304,8,5526,6072
1512598619600284,1512598619606343,33554432,4194304,8,5537,6059
1512598619854406,1512598619860494,33554432,4194304,8,5511,6088
1512598620108854,1512598620114878,33554432,4194304,8,5570,6024
1512598620362976,1512598620369103,33554432,4194304,8,5476,6127
1512598620617362,1512598620623518,33554432,4194304,8,5450,6156
1512598620871677,1512598620877813,33554432,4194304,8,5468,6136
1512598621125901,1512598621131981,33554432,4194304,8,5518,6080
1512598621380251,1512598621386248,33554432,4194304,8,5595,5997
1512598621634432,1512598621640510,33554432,4194304,8,5520,6078
1512598621888572,1512598621894728,33554432,4194304,8,5450,6156
1512598622142813,1512598622148915,33554432,4194304,8,5498,6102
1512598622396827,1512598622402970,33554432,4194304,8,5462,6143
1512598622650992,1512598622657082,33554432,4194304,8,5509,6090
1512598622904879,1512598622910983,33554432,4194304,8,5497,6104
1512598623158941,1512598623165000,33554432,4194304,8,5537,6059
1512598623413043,1512598623419164,33554432,4194304,8,5481,6121
1512598623667243,1512598623673376,33554432,4194304,8,5471,6133
1512598623921595,1512598623927735,33554432,4194304,8,5464,6140
1512598624175925,1512598624181981,33554432,4194304,8,5540,6056
1512598624430031,1512598624436149,33554432,4194304,8,5484,6118
1512598624684065,1512598624690206,33554432,4194304,8,5464,6141
1512598624938178,1512598624944178,33554432,4194304,8,5592,6000
1512598625192206,1512598625198337,33554432,4194304,8,5472,6131
1512598625446381,1512598625452539,33554432,4194304,8,5448,6158
1512598625700685,1512598625706813,33554432,4194304,8,5475,6128
1512598625954930,1512598625960829,33554432,4194304,8,5688,5899
1512598626208867,1512598626214965,33554432,4194304,8,5502,6098
1512598626463226,1512598626469349,33554432,4194304,8,5480,6123
1512598626717616,1512598626723762,33554432,4194304,8,5459,6146
1512598626971741,1512598626977819,33554432,4194304,8,5520,6078
1512598627225750,1512598627231832,33554432,4194304,8,5517,6082
1512598627479882,1512598627486025,33554432,4194304,8,5462,6143
1512598627734240,1512598627740365,33554432,4194304,8,5478,6125
1512598627988354,1512598627994356,33554432,4194304,8,5590,6002
1512598628242375,1512598628248379,33554432,4194304,8,5588,6004
1512598628496529,1512598628502614,33554432,4194304,8,5514,6085
1512598628750741,1512598628756825,33554432,4194304,8,5515,6084
1512598629005177,1512598629011210,33554432,4194304,8,5561,6033
1512598629259272,1512598629265359,33554432,4194304,8,5512,6087
1512598629513306,1512598629519380,33554432,4194304,8,5524,6074
1512598629767580,1512598629773679,33554432,4194304,8,5501,6099
1512598630021701,1512598630027891,33554432,4194304,8,5420,6190
1512598630276038,1512598630282038,33554432,4194304,8,5592,6000
1512598630530193,1512598630536205,33554432,4194304,8,5581,6012
1512598630784964,1512598630791082,33554432,4194304,8,5484,6118
1512598631039173,1512598631045301,33554432,4194304,8,5475,6128
1512598631293343,1512598631299382,33554432,4194304,8,5556,6039
1512598631547556,1512598631553671,33554432,4194304,8,5487,6115
1512598631801679,1512598631807760,33554432,4194304,8,5517,6081
1512598632055804,1512598632061881,33554432,4194304,8,5521,6077
1512598632309924,1512598632316063,33554432,4194304,8,5465,6139
1512598632564016,1512598632570038,33554432,4194304,8,5571,6022
1512598632818255,1512598632824385,33554432,4194304,8,5473,6130
1512598633072686,1512598633078815,33554432,4194304,8,5474,6129
1512598633326984,1512598633332900,33554432,4194304,8,5671,5916
1512598633580996,1512598633587034,33554432,4194304,8,5557,6038
1512598633835076,1512598633841147,33554432,4194304,8,5527,6071
1512598634089354,1512598634095429,33554432,4194304,8,5523,6075
1512598634343407,1512598634349485,33554432,4194304,8,5520,6078
1512598634597569,1512598634603709,33554432,4194304,8,5464,6140
1512598634851601,1512598634857678,33554432,4194304,8,5521,6077
1512598635105817,1512598635111899,33554432,4194304,8,5517,6082
1512598635359912,1512598635366008,33554432,4194304,8,5504,6096
1512598635614059,1512598635620058,33554432,4194304,8,5593,5999
1512598635867981,1512598635874142,33554432,4194304,8,5446,6161
1512598636122292,1512598636128411,33554432,4194304,8,5483,6119
1512598636376361,1512598636382423,33554432,4194304,8,5535,6062
1512598636630335,1512598636636397,33554432,4194304,8,5535,6062
1512598636884596,1512598636890735,33554432,4194304,8,5465,6139
1512598637138862,1512598637144985,33554432,4194304,8,5480,6123
1512598637393168,1512598637399283,33554432,4194304,8,5487,6115
1512598637647438,1512598637653562,33554432,4194304,8,5479,6124
1512598637901643,1512598637907746,33554432,4194304,8,5498,6103
1512598638155761,1512598638161840,33554432,4194304,8,5519,6079
1512598638409983,1512598638416025,33554432,4194304,8,5553,6042
1512598638664171,1512598638670221,33554432,4194304,8,5546,6050
1512598638918232,1512598638924372,33554432,4194304,8,5464,6140
1512598639172590,1512598639178703,33554432,4194304,8,5489,6113
1512598639426745,1512598639432838,33554432,4194304,8,5507,6093
1512598639680764,1512598639686849,33554432,4194304,8,5514,6085
1512598639934990,1512598639941072,33554432,4194304,8,5517,6082
1512598640189384,1512598640195465,33554432,4194304,8,5517,6081
1512598640443483,1512598640449551,33554432,4194304,8,5529,6068
1512598640697580,1512598640703581,33554432,4194304,8,5591,6001
1512598640951564,1512598640957608,33554432,4194304,8,5551,6044
1512598641205468,1512598641211447,33554432,4194304,8,5612,5979
1512598641459755,1512598641465885,33554432,4194304,8,5473,6130
1512598641713933,1512598641720016,33554432,4194304,8,5516,6083
1512598641968051,1512598641974081,33554432,4194304,8,5564,6030
1512598642222164,1512598642228164,33554432,4194304,8,5592,6000
1512598642476265,1512598642482346,33554432,4194304,8,5517,6081
1512598642730237,1512598642736254,33554432,4194304,8,5576,6017
1512598642984219,1512598642990239,33554432,4194304,8,5573,6020
1512598643238428,1512598643244546,33554432,4194304,8,5484,6118
1512598643492531,1512598643498602,33554432,4194304,8,5527,6071
1512598643746784,1512598643752927,33554432,4194304,8,5462,6143
1512598644000852,1512598644006992,33554432,4194304,8,5464,6140
1512598644255047,1512598644261064,33554432,4194304,8,5576,6017
1512598644509208,1512598644515345,33554432,4194304,8,5467,6137
1512598644763540,1512598644769659,33554432,4194304,8,5483,6119
1512598645017768,1512598645023853,33554432,4194304,8,5514,6085
1512598645271859,1512598645277929,33554432,4194304,8,5527,6070
1512598645526017,1512598645532154,33554432,4194304,8,5467,6137
1512598645780249,1512598645786315,33554432,4194304,8,5531,6066
1512598646034939,1512598646041010,33554432,4194304,8,5527,6071
1512598646289259,1512598646295218,33554432,4194304,8,5630,5959
1512598646543565,1512598646549713,33554432,4194304,8,5457,6148
1512598646797963,1512598646803995,33554432,4194304,8,5562,6032
1512598647052268,1512598647058283,33554432,4194304,8,5578,6015
1512598647306450,1512598647312596,33554432,4194304,8,5459,6146
1512598647560829,1512598647566963,33554432,4194304,8,5470,6134
1512598647815192,1512598647821209,33554432,4194304,8,5576,6017
1512598648069522,1512598648075532,33554432,4194304,8,5583,6010
1512598648323770,1512598648329864,33554432,4194304,8,5506,6094
1512598648577861,1512598648583964,33554432,4194304,8,5498,6103
1512598648832044,1512598648838167,33554432,4194304,8,5480,6123
1512598649086247,1512598649092376,33554432,4194304,8,5474,6129
1512598649340697,1512598649346831,33554432,4194304,8,5470,6134
1512598649594747,1512598649600764,33554432,4194304,8,5576,6017
1512598649848817,1512598649854902,33554432,4194304,8,5514,6085
1512598650102982,1512598650109118,33554432,4194304,8,5468,6136
1512598650357018,1512598650363157,33554432,4194304,8,5465,6139
1512598650611171,1512598650617151,33554432,4194304,8,5611,5980
1512598650865169,1512598650871235,33554432,4194304,8,5531,6066
1512598651119223,1512598651125358,33554432,4194304,8,5469,6135
1512598651373311,1512598651379382,33554432,4194304,8,5527,6071
1512598651627617,1512598651633697,33554432,4194304,8,5518,6080
1512598651881617,1512598651887725,33554432,4194304,8,5493,6108
1512598652135852,1512598652141989,33554432,4194304,8,5467,6137
1512598652390035,1512598652396159,33554432,4194304,8,5479,6124
1512598652644339,1512598652650211,33554432,4194304,8,5714,5872
1512598652898618,1512598652904598,33554432,4194304,8,5611,5980
1512598653152872,1512598653158941,33554432,4194304,8,5528,6069
1512598653406853,1512598653413003,33554432,4194304,8,5456,6150
1512598653661364,1512598653667480,33554432,4194304,8,5486,6116
1512598653915717,1512598653921793,33554432,4194304,8,5522,6076
1512598654169974,1512598654176009,33554432,4194304,8,5559,6035
1512598654424363,1512598654430433,33554432,4194304,8,5527,6070
1512598654678546,1512598654684688,33554432,4194304,8,5463,6142
1512598654932703,1512598654938839,33554432,4194304,8,5468,6136
1512598655186925,1512598655193060,33554432,4194304,8,5469,6135
1512598655441090,1512598655447115,33554432,4194304,8,5569,6025
1512598655695093,1512598655701212,33554432,4194304,8,5483,6119
1512598655949180,1512598655955321,33554432,4194304,8,5464,6141
1512598656203336,1512598656209459,33554432,4194304,8,5480,6123
1512598656457519,1512598656463665,33554432,4194304,8,5459,6146
1512598656711708,1512598656717837,33554432,4194304,8,5474,6129
1512598656966053,1512598656972131,33554432,4194304,8,5520,6078
1512598657220269,1512598657226373,33554432,4194304,8,5497,6104
1512598657474441,1512598657480565,33554432,4194304,8,5479,6124
1512598657728550,1512598657734683,33554432,4194304,8,5471,6133
1512598657982649,1512598657988724,33554432,4194304,8,5523,6075
1512598658236646,1512598658242659,33554432,4194304,8,5580,6013
1512598658490772,1512598658496851,33554432,4194304,8,5519,6079
1512598658745072,1512598658751222,33554432,4194304,8,5456,6150
1512598658999141,1512598659005271,33554432,4194304,8,5473,6130
1512598659253478,1512598659259522,33554432,4194304,8,5551,6044
1512598659507667,1512598659513827,33554432,4194304,8,5447,6160
1512598659761834,1512598659767907,33554432,4194304,8,5525,6073
1512598660015955,1512598660022048,33554432,4194304,8,5507,6093
1512598660270395,1512598660276500,33554432,4194304,8,5496,6105
1512598660524450,1512598660530590,33554432,4194304,8,5464,6140
1512598660778717,1512598660784737,33554432,4194304,8,5573,6020
1512598661032835,1512598661038968,33554432,4194304,8,5471,6133
1512598661287233,1512598661293321,33554432,4194304,8,5511,6088
1512598661541432,1512598661547561,33554432,4194304,8,5474,6129
1512598661795440,1512598661801413,33554432,4194304,8,5617,5973
1512598662049628,1512598662055771,33554432,4194304,8,5462,6143
1512598662303767,1512598662309803,33554432,4194304,8,5559,6036
1512598662557796,1512598662563765,33554432,4194304,8,5621,5969
1512598662811763,1512598662817899,33554432,4194304,8,5468,6136
1512598663066072,1512598663072090,33554432,4194304,8,5575,6018
1512598663320355,1512598663326485,33554432,4194304,8,5473,6130
1512598663574532,1512598663580661,33554432,4194304,8,5474,6129
1512598663828610,1512598663834566,33554432,4194304,8,5633,5956
1512598664082626,1512598664088753,33554432,4194304,8,5476,6127
1512598664336653,1512598664342693,33554432,4194304,8,5555,6040
1512598664590585,1512598664596622,33554432,4194304,8,5558,6037
1512598664844494,1512598664850444,33554432,4194304,8,5639,5950
1512598665098453,1512598665104466,33554432,4194304,8,5580,6013
1512598665352554,1512598665358696,33554432,4194304,8,5463,6142
1512598665606958,1512598665613050,33554432,4194304,8,5507,6092
1512598665860941,1512598665867032,33554432,4194304,8,5508,6091
1512598666115042,1512598666121116,33554432,4194304,8,5524,6074
1512598666369157,1512598666375297,33554432,4194304,8,5464,6140
1512598666623197,1512598666629285,33554432,4194304,8,5511,6088
1512598666877235,1512598666883373,33554432,4194304,8,5466,6138
1512598667131726,1512598667137789,33554432,4194304,8,5534,6063
1512598667386098,1512598667392225,33554432,4194304,8,5476,6127
1512598667640240,1512598667646288,33554432,4194304,8,5548,6048
1512598667894386,1512598667900504,33554432,4194304,8,5484,6118
1512598668148559,1512598668154628,33554432,4194304,8,5528,6069
1512598668402548,1512598668408660,33554432,4194304,8,5489,6112
1512598668656811,1512598668662832,33554432,4194304,8,5572,6021
1512598668910877,1512598668916958,33554432,4194304,8,5517,6081
1512598669164997,1512598669171072,33554432,4194304,8,5523,6075
1512598669419107,1512598669425111,33554432,4194304,8,5588,6004
1512598669672937,1512598669679051,33554432,4194304,8,5488,6114
1512598669926876,1512598669932957,33554432,4194304,8,5517,6081
1512598670181114,1512598670187266,33554432,4194304,8,5454,6152
1512598670435236,1512598670441263,33554432,4194304,8,5567,6027
1512598670689482,1512598670695611,33554432,4194304,8,5474,6129
1512598670943770,1512598670949888,33554432,4194304,8,5484,6118
1512598671197920,1512598671204046,33554432,4194304,8,5477,6126
1512598671451990,1512598671458089,33554432,4194304,8,5501,6099
1512598671706045,1512598671712175,33554432,4194304,8,5473,6130
1512598671960293,1512598671966433,33554432,4194304,8,5464,6140
1512598672214556,1512598672220568,33554432,4194304,8,5581,6012
1512598672469054,1512598672475117,33554432,4194304,8,5534,6063
1512598672723061,1512598672729124,33554432,4194304,8,5534,6063
1512598672977158,1512598672983172,33554432,4194304,8,5579,6014
1512598673231258,1512598673237284,33554432,4194304,8,5568,6026
1512598673485245,1512598673491280,33554432,4194304,8,5559,6035
1512598673739130,1512598673745197,33554432,4194304,8,5530,6067
1512598673993113,1512598673999200,33554432,4194304,8,5512,6087
1512598674247281,1512598674253325,33554432,4194304,8,5551,6044
1512598674501668,1512598674507789,33554432,4194304,8,5481,6121
1512598674755735,1512598674761738,33554432,4194304,8,5589,6003
1512598675010021,1512598675016099,33554432,4194304,8,5520,6078
1512598675264145,1512598675270261,33554432,4194304,8,5486,6116
1512598675518292,1512598675524439,33554432,4194304,8,5458,6147
1512598675772422,1512598675778573,33554432,4194304,8,5455,6151
1512598676026666,1512598676032796,33554432,4194304,8,5473,6130
1512598676280917,1512598676286953,33554432,4194304,8,5559,6036
1512598676534997,1512598676541021,33554432,4194304,8,5570,6024
1512598676788952,1512598676795060,33554432,4194304,8,5493,6108
1512598677043234,1512598677049246,33554432,4194304,8,5581,6012
1512598677297483,1512598677303542,33554432,4194304,8,5537,6059
1512598677551469,1512598677557512,33554432,4194304,8,5552,6043
1512598677805471,1512598677811474,33554432,4194304,8,5589,6003
1512598678059751,1512598678065877,33554432,4194304,8,5477,6126
1512598678314039,1512598678319982,33554432,4194304,8,5646,5943
1512598678568079,1512598678574218,33554432,4194304,8,5465,6139
1512598678822220,1512598678828251,33554432,4194304,8,5563,6031
1512598679076177,1512598679082256,33554432,4194304,8,5519,6079
1512598679330247,1512598679336339,33554432,4194304,8,5507,6092
1512598679584445,1512598679590587,33554432,4194304,8,5463,6142
1512598679838725,1512598679844736,33554432,4194304,8,5582,6011
1512598680093107,1512598680099038,33554432,4194304,8,5657,5931
1512598680347177,1512598680353206,33554432,4194304,8,5565,6029
1512598680601198,1512598680607269,33554432,4194304,8,5527,6071
1512598680855114,1512598680861184,33554432,4194304,8,5527,6070
1512598681109215,1512598681115340,33554432,4194304,8,5478,6125
1512598681363372,1512598681369461,33554432,4194304,8,5510,6089
1512598681617689,1512598681623770,33554432,4194304,8,5517,6081
1512598681871610,1512598681877741,33554432,4194304,8,5472,6131
1512598682125858,1512598682131985,33554432,4194304,8,5476,6127
1512598682380203,1512598682386152,33554432,4194304,8,5640,5949
1512598682634269,1512598682640369,33554432,4194304,8,5500,6100
1512598682888435,1512598682894526,33554432,4194304,8,5508,6091
1512598683142667,1512598683148745,33554432,4194304,8,5520,6078
1512598683396938,1512598683403023,33554432,4194304,8,5514,6085
1512598683651230,1512598683657319,33554432,4194304,8,5510,6089
1512598683905386,1512598683911527,33554432,4194304,8,5464,6141
1512598684159669,1512598684165696,33554432,4194304,8,5567,6027
1512598684413866,1512598684420004,33554432,4194304,8,5466,6138
1512598684668214,1512598684674358,33554432,4194304,8,5461,6144
1512598684922616,1512598684928747,33554432,4194304,8,5472,6131
1512598685176782,1512598685182864,33554432,4194304,8,5517,6082
1512598685431054,1512598685437065,33554432,4194304,8,5582,6011
1512598685685111,1512598685691126,33554432,4194304,8,5578,6015
1512598685939329,1512598685945483,33554432,4194304,8,5452,6154
1512598686193884,1512598686199964,33554432,4194304,8,5518,6080
1512598686448082,1512598686454206,33554432,4194304,8,5479,6124
1512598686702188,1512598686708266,33554432,4194304,8,5520,6078
1512598686956431,1512598686962585,33554432,4194304,8,5452,6154
1512598687210727,1512598687216808,33554432,4194304,8,5517,6081
1512598687464707,1512598687470782,33554432,4194304,8,5523,6075
1512598687718761,1512598687724899,33554432,4194304,8,5466,6138
1512598687973002,1512598687979136,33554432,4194304,8,5470,6134
1512598688227184,1512598688233304,33554432,4194304,8,5482,6120
1512598688481259,1512598688487355,33554432,4194304,8,5504,6096
1512598688735384,1512598688741522,33554432,4194304,8,5466,6138
1512598688989586,1512598688995662,33554432,4194304,8,5522,6076
1512598689243538,1512598689249614,33554432,4194304,8,5522,6076
1512598689497626,1512598689503752,33554432,4194304,8,5477,6126
1512598689751987,1512598689758053,33554432,4194304,8,5531,6066
1512598690006068,1512598690012149,33554432,4194304,8,5517,6081
1512598690260544,1512598690266616,33554432,4194304,8,5526,6072
1512598690514529,1512598690520554,33554432,4194304,8,5569,6025
1512598690768563,1512598690774632,33554432,4194304,8,5528,6069
1512598691022583,1512598691028584,33554432,4194304,8,5591,6001
1512598691276666,1512598691282736,33554432,4194304,8,5527,6070
1512598691530941,1512598691537014,33554432,4194304,8,5525,6073
1512598691785239,1512598691791245,33554432,4194304,8,5586,6006
1512598692039105,1512598692045216,33554432,4194304,8,5490,6111
1512598692293209,1512598692299294,33554432,4194304,8,5514,6085
1512598692547366,1512598692553498,33554432,4194304,8,5472,6132
1512598692801642,1512598692807622,33554432,4194304,8,5611,5980
1512598693055567,1512598693061504,33554432,4194304,8,5651,5937
1512598693309702,1512598693315724,33554432,4194304,8,5571,6022
1512598693563743,1512598693569807,33554432,4194304,8,5533,6064
