1512603507612221,1512603507712183,536870912,67108864,8,5370,99962
1512603511628286,1512603511728073,536870912,67108864,8,5380,99787
1512603515642861,1512603515742505,536870912,67108864,8,5387,99644
1512603519658545,1512603519758239,536870912,67108864,8,5385,99694
1512603523675416,1512603523775296,536870912,67108864,8,5375,99880
1512603527690477,1512603527790107,536870912,67108864,8,5388,99630
1512603531706105,1512603531806119,536870912,67108864,8,5367,100014
1512603535721673,1512603535821428,536870912,67108864,8,5381,99755
1512603539736368,1512603539836151,536870912,67108864,8,5380,99783
1512603543753252,1512603543853060,536870912,67108864,8,5379,99808
1512603547769598,1512603547869325,536870912,67108864,8,5383,99727
1512603551784644,1512603551884722,536870912,67108864,8,5364,100078
1512603555801093,1512603555900849,536870912,67108864,8,5381,99756
1512603559825413,1512603559925129,536870912,67108864,8,5383,99716
1512603563838517,1512603563938222,536870912,67108864,8,5384,99705
1512603567851689,1512603567951474,536870912,67108864,8,5380,99785
1512603571864792,1512603571964836,536870912,67108864,8,5366,100044
1512603575878859,1512603575978852,536870912,67108864,8,5369,99993
1512603579893512,1512603579993450,536870912,67108864,8,5372,99938
1512603583906838,1512603584006763,536870912,67108864,8,5372,99925
1512603587922971,1512603588023075,536870912,67108864,8,5363,100104
1512603591938636,1512603592038610,536870912,67108864,8,5370,99974
1512603595955490,1512603596055229,536870912,67108864,8,5382,99739
1512603599971173,1512603600071590,536870912,67108864,8,5346,100417
1512603603988145,1512603604087887,536870912,67108864,8,5382,99742
1512603608003736,1512603608103396,536870912,67108864,8,5387,99660
1512603612019977,1512603612119605,536870912,67108864,8,5388,99628
1512603616036880,1512603616136529,536870912,67108864,8,5387,99649
1512603620052835,1512603620152384,536870912,67108864,8,5393,99549
1512603624067962,1512603624167560,536870912,67108864,8,5390,99598
1512603628085416,1512603628185015,536870912,67108864,8,5390,99599
1512603632100177,1512603632199937,536870912,67108864,8,5381,99760
1512603636115915,1512603636215713,536870912,67108864,8,5379,99798
1512603640131479,1512603640231449,536870912,67108864,8,5370,99970
1512603644147372,1512603644247270,536870912,67108864,8,5374,99898
1512603648163124,1512603648262931,536870912,67108864,8,5379,99807
1512603652177974,1512603652277532,536870912,67108864,8,5392,99558
1512603656194031,1512603656294006,536870912,67108864,8,5370,99975
1512603660213043,1512603660312774,536870912,67108864,8,5383,99731
1512603664232317,1512603664332058,536870912,67108864,8,5382,99741
1512603668247194,1512603668347211,536870912,67108864,8,5367,100017
1512603672263066,1512603672362767,536870912,67108864,8,5384,99701
1512603676280275,1512603676380239,536870912,67108864,8,5370,99964
1512603680296345,1512603680396166,536870912,67108864,8,5378,99821
1512603684356564,1512603684456327,536870912,67108864,8,5381,99763
1512603688371597,1512603688471420,536870912,67108864,8,5378,99823
1512603692387051,1512603692486974,536870912,67108864,8,5372,99923
1512603696402486,1512603696502423,536870912,67108864,8,5372,99937
1512603700416939,1512603700516763,536870912,67108864,8,5378,99824
1512603704431860,1512603704531626,536870912,67108864,8,5381,99766
1512603708447865,1512603708547760,536870912,67108864,8,5374,99895
1512603712464323,1512603712564224,536870912,67108864,8,5374,99901
1512603716480691,1512603716580609,536870912,67108864,8,5373,99918
1512603720497707,1512603720597660,536870912,67108864,8,5371,99953
1512603724517447,1512603724617153,536870912,67108864,8,5384,99706
1512603728539708,1512603728639538,536870912,67108864,8,5377,99830
1512603732559900,1512603732659886,536870912,67108864,8,5369,99986
1512603736581028,1512603736680843,536870912,67108864,8,5378,99815
1512603740602744,1512603740702557,536870912,67108864,8,5378,99813
1512603744622039,1512603744722088,536870912,67108864,8,5366,100049
1512603748642126,1512603748741993,536870912,67108864,8,5375,99867
1512603752660949,1512603752760949,536870912,67108864,8,5368,100000
1512603756681266,1512603756780886,536870912,67108864,8,5389,99620
1512603760700939,1512603760800783,536870912,67108864,8,5377,99844
1512603764721166,1512603764821291,536870912,67108864,8,5362,100125
1512603768740891,1512603768840895,536870912,67108864,8,5368,100004
1512603772760599,1512603772860548,536870912,67108864,8,5371,99949
1512603776783658,1512603776883465,536870912,67108864,8,5379,99807
1512603780804557,1512603780904572,536870912,67108864,8,5367,100015
1512603784824025,1512603784924010,536870912,67108864,8,5369,99985
1512603788845429,1512603788945748,536870912,67108864,8,5351,100319
1512603792865079,1512603792965003,536870912,67108864,8,5372,99924
1512603796884498,1512603796984501,536870912,67108864,8,5368,100003
1512603800904477,1512603801004260,536870912,67108864,8,5380,99783
1512603804925047,1512603805024963,536870912,67108864,8,5373,99916
1512603808945017,1512603809044928,536870912,67108864,8,5373,99911
1512603812965007,1512603813064986,536870912,67108864,8,5369,99979
1512603816985953,1512603817085913,536870912,67108864,8,5370,99960
1512603821006281,1512603821106216,536870912,67108864,8,5372,99935
1512603825027721,1512603825127605,536870912,67108864,8,5374,99884
1512603829047353,1512603829147423,536870912,67108864,8,5364,100070
1512603833067918,1512603833168024,536870912,67108864,8,5363,100106
1512603837090043,1512603837190101,536870912,67108864,8,5365,100058
1512603841110052,1512603841210183,536870912,67108864,8,5361,100131
1512603845131705,1512603845231884,536870912,67108864,8,5359,100179
1512603849152402,1512603849252715,536870912,67108864,8,5351,100313
1512603853171582,1512603853271529,536870912,67108864,8,5371,99947
1512603857191888,1512603857291719,536870912,67108864,8,5377,99831
1512603861211138,1512603861311275,536870912,67108864,8,5361,100137
1512603865232717,1512603865332531,536870912,67108864,8,5378,99814
1512603869254266,1512603869354138,536870912,67108864,8,5375,99872
1512603873273532,1512603873373455,536870912,67108864,8,5372,99923
1512603877293565,1512603877393481,536870912,67108864,8,5373,99916
1512603881313445,1512603881413241,536870912,67108864,8,5379,99796
1512603885333052,1512603885432972,536870912,67108864,8,5373,99920
1512603889353372,1512603889453164,536870912,67108864,8,5379,99792
1512603893372960,1512603893472839,536870912,67108864,8,5375,99879
1512603897393391,1512603897493326,536870912,67108864,8,5372,99935
1512603901412816,1512603901512591,536870912,67108864,8,5380,99775
1512603905431994,1512603905531677,536870912,67108864,8,5385,99683
1512603909454978,1512603909554854,536870912,67108864,8,5375,99876
1512603913475379,1512603913575354,536870912,67108864,8,5370,99975
1512603917496778,1512603917596820,536870912,67108864,8,5366,100042
1512603921518365,1512603921618305,536870912,67108864,8,5371,99940
1512603925538305,1512603925638086,536870912,67108864,8,5380,99781
1512603929558025,1512603929657904,536870912,67108864,8,5375,99879
1512603933580491,1512603933680362,536870912,67108864,8,5375,99871
1512603937600150,1512603937700090,536870912,67108864,8,5371,99940
1512603941621820,1512603941721850,536870912,67108864,8,5367,100030
1512603945641699,1512603945741767,536870912,67108864,8,5365,100068
1512603949662601,1512603949762657,536870912,67108864,8,5365,100056
1512603953682336,1512603953782256,536870912,67108864,8,5373,99920
1512603957705016,1512603957805111,536870912,67108864,8,5363,100095
1512603961727555,1512603961827387,536870912,67108864,8,5377,99832
1512603965747445,1512603965847355,536870912,67108864,8,5373,99910
1512603969769615,1512603969869519,536870912,67108864,8,5373,99904
1512603973790183,1512603973890000,536870912,67108864,8,5378,99817
1512603977810326,1512603977910474,536870912,67108864,8,5360,100148
1512603981830483,1512603981930251,536870912,67108864,8,5381,99768
1512603985850711,1512603985950524,536870912,67108864,8,5378,99813
1512603989872001,1512603989972120,536870912,67108864,8,5362,100119
1512603993894595,1512603993994538,536870912,67108864,8,5371,99943
1512603997914836,1512603998014783,536870912,67108864,8,5371,99947
1512604001935037,1512604002034934,536870912,67108864,8,5374,99897
1512604005957162,1512604006057174,536870912,67108864,8,5368,100012
1512604009978011,1512604010077823,536870912,67108864,8,5378,99812
1512604013998892,1512604014099012,536870912,67108864,8,5362,100120
1512604018019751,1512604018119631,536870912,67108864,8,5375,99880
1512604022042649,1512604022142501,536870912,67108864,8,5376,99852
1512604026063847,1512604026163781,536870912,67108864,8,5372,99934
1512604030083977,1512604030184063,536870912,67108864,8,5364,100086
1512604034103446,1512604034203173,536870912,67108864,8,5383,99727
1512604038122944,1512604038222962,536870912,67108864,8,5367,100018
1512604042143127,1512604042242976,536870912,67108864,8,5376,99849
1512604046163338,1512604046263158,536870912,67108864,8,5378,99820
1512604050183498,1512604050283288,536870912,67108864,8,5380,99790
1512604054203776,1512604054303598,536870912,67108864,8,5378,99822
1512604058224084,1512604058323807,536870912,67108864,8,5383,99723
1512604062243637,1512604062343574,536870912,67108864,8,5372,99937
1512604066263807,1512604066363600,536870912,67108864,8,5379,99793
1512604070283617,1512604070383564,536870912,67108864,8,5371,99947
1512604074302842,1512604074402677,536870912,67108864,8,5377,99835
1512604078329039,1512604078428915,536870912,67108864,8,5375,99876
1512604082349383,1512604082449362,536870912,67108864,8,5369,99979
1512604086369513,1512604086469529,536870912,67108864,8,5367,100016
1512604090389979,1512604090490199,536870912,67108864,8,5356,100220
1512604094409928,1512604094510001,536870912,67108864,8,5364,100073
1512604098429947,1512604098529768,536870912,67108864,8,5378,99821
1512604102450534,1512604102550469,536870912,67108864,8,5372,99935
1512604106471610,1512604106571417,536870912,67108864,8,5379,99807
1512604110492691,1512604110592628,536870912,67108864,8,5372,99937
1512604114512354,1512604114612327,536870912,67108864,8,5370,99973
1512604118532580,1512604118632506,536870912,67108864,8,5372,99926
1512604122552267,1512604122652134,536870912,67108864,8,5375,99867
1512604126571994,1512604126671991,536870912,67108864,8,5368,99997
1512604130591892,1512604130691705,536870912,67108864,8,5378,99813
1512604134611212,1512604134711094,536870912,67108864,8,5375,99882
1512604138631002,1512604138731084,536870912,67108864,8,5364,100082
1512604142652122,1512604142752035,536870912,67108864,8,5373,99913
1512604146672777,1512604146772594,536870912,67108864,8,5378,99817
1512604150691933,1512604150791757,536870912,67108864,8,5378,99824
1512604154716399,1512604154816341,536870912,67108864,8,5371,99942
1512604158736290,1512604158836142,536870912,67108864,8,5376,99852
1512604162756157,1512604162856272,536870912,67108864,8,5362,100115
1512604166776793,1512604166876634,536870912,67108864,8,5377,99841
1512604170796899,1512604170896631,536870912,67108864,8,5383,99732
1512604174820013,1512604174920068,536870912,67108864,8,5365,100055
1512604178840335,1512604178940334,536870912,67108864,8,5368,99999
1512604182860170,1512604182960058,536870912,67108864,8,5374,99888
1512604186879428,1512604186979286,536870912,67108864,8,5376,99858
1512604190899785,1512604190999684,536870912,67108864,8,5374,99899
1512604194919117,1512604195019095,536870912,67108864,8,5369,99978
1512604198940206,1512604199040259,536870912,67108864,8,5365,100053
1512604202961440,1512604203061234,536870912,67108864,8,5379,99794
1512604206982097,1512604207082081,536870912,67108864,8,5369,99984
1512604211003135,1512604211103036,536870912,67108864,8,5374,99901
1512604215024908,1512604215124852,536870912,67108864,8,5371,99944
1512604219045534,1512604219145534,536870912,67108864,8,5368,100000
1512604223065219,1512604223165209,536870912,67108864,8,5369,99990
1512604227084744,1512604227184727,536870912,67108864,8,5369,99983
1512604231109535,1512604231209576,536870912,67108864,8,5366,100041
1512604235131435,1512604235231462,536870912,67108864,8,5367,100027
1512604239152921,1512604239252881,536870912,67108864,8,5370,99960
1512604243176632,1512604243276557,536870912,67108864,8,5372,99925
1512604247197869,1512604247297931,536870912,67108864,8,5365,100062
1512604251218332,1512604251318391,536870912,67108864,8,5365,100059
1512604255240531,1512604255340481,536870912,67108864,8,5371,99950
1512604259259757,1512604259359649,536870912,67108864,8,5374,99892
1512604263280441,1512604263380383,536870912,67108864,8,5371,99942
1512604267300610,1512604267400361,536870912,67108864,8,5382,99751
1512604271328585,1512604271428391,536870912,67108864,8,5379,99806
1512604275348532,1512604275448316,536870912,67108864,8,5380,99784
1512604279366506,1512604279466281,536870912,67108864,8,5380,99775
1512604283385390,1512604283485315,536870912,67108864,8,5372,99925
1512604287403812,1512604287503529,536870912,67108864,8,5383,99717
1512604291422355,1512604291522209,536870912,67108864,8,5376,99854
1512604295440319,1512604295540167,536870912,67108864,8,5376,99848
1512604299460500,1512604299560429,536870912,67108864,8,5372,99929
1512604303480708,1512604303580738,536870912,67108864,8,5367,100030
1512604307502362,1512604307602452,536870912,67108864,8,5363,100090
1512604311522973,1512604311622880,536870912,67108864,8,5373,99907
1512604315543122,1512604315643203,536870912,67108864,8,5364,100081
1512604319563382,1512604319663510,536870912,67108864,8,5361,100128
1512604323583555,1512604323683634,536870912,67108864,8,5364,100079
1512604327604352,1512604327704343,536870912,67108864,8,5369,99991
1512604331625454,1512604331725765,536870912,67108864,8,5352,100311
1512604335647192,1512604335747058,536870912,67108864,8,5375,99866
1512604339666389,1512604339766651,536870912,67108864,8,5354,100262
1512604343687163,1512604343786914,536870912,67108864,8,5382,99751
1512604347706317,1512604347806110,536870912,67108864,8,5379,99793
1512604351729825,1512604351829806,536870912,67108864,8,5369,99981
1512604355750477,1512604355850621,536870912,67108864,8,5360,100144
1512604359770498,1512604359870358,536870912,67108864,8,5376,99860
1512604363790174,1512604363890007,536870912,67108864,8,5377,99833
1512604367809665,1512604367909589,536870912,67108864,8,5372,99924
1512604371829918,1512604371929748,536870912,67108864,8,5377,99830
1512604375851291,1512604375951369,536870912,67108864,8,5364,100078
1512604379881531,1512604379981465,536870912,67108864,8,5372,99934
1512604383900354,1512604384000203,536870912,67108864,8,5376,99849
1512604387917415,1512604388017190,536870912,67108864,8,5380,99775
1512604391936536,1512604392036459,536870912,67108864,8,5372,99923
1512604395953837,1512604396053667,536870912,67108864,8,5377,99830
1512604399971574,1512604400071328,536870912,67108864,8,5381,99754
1512604403990157,1512604404090002,536870912,67108864,8,5377,99845
1512604408005574,1512604408105433,536870912,67108864,8,5376,99859
1512604412022137,1512604412122132,536870912,67108864,8,5368,99995
1512604416037587,1512604416137420,536870912,67108864,8,5377,99833
1512604420054300,1512604420154174,536870912,67108864,8,5375,99874
1512604424073662,1512604424173729,536870912,67108864,8,5365,100067
1512604428093997,1512604428194174,536870912,67108864,8,5359,100177
1512604432115574,1512604432215649,536870912,67108864,8,5364,100075
1512604436136783,1512604436236826,536870912,67108864,8,5366,100043
1512604440157597,1512604440257543,536870912,67108864,8,5371,99946
1512604444177498,1512604444277268,536870912,67108864,8,5381,99770
1512604448197444,1512604448297705,536870912,67108864,8,5354,100261
1512604452217374,1512604452317172,536870912,67108864,8,5379,99798
1512604456237819,1512604456338002,536870912,67108864,8,5358,100183
1512604460257716,1512604460357697,536870912,67108864,8,5369,99981
1512604464277968,1512604464377919,536870912,67108864,8,5371,99951
1512604468298649,1512604468398624,536870912,67108864,8,5370,99975
1512604472318528,1512604472418464,536870912,67108864,8,5372,99936
1512604476338923,1512604476438897,536870912,67108864,8,5370,99974
1512604480359717,1512604480459598,536870912,67108864,8,5375,99881
1512604484380259,1512604484480071,536870912,67108864,8,5378,99812
1512604488400450,1512604488500339,536870912,67108864,8,5374,99889
1512604492420243,1512604492520132,536870912,67108864,8,5374,99889
1512604496440407,1512604496540169,536870912,67108864,8,5381,99762
1512604500460379,1512604500560289,536870912,67108864,8,5373,99910
1512604504480222,1512604504580188,536870912,67108864,8,5370,99966
1512604508499914,1512604508599849,536870912,67108864,8,5372,99935
1512604512518867,1512604512618805,536870912,67108864,8,5372,99938
1512604516539103,1512604516639099,536870912,67108864,8,5368,99996
1512604520559637,1512604520659435,536870912,67108864,8,5379,99798
1512604524579495,1512604524679262,536870912,67108864,8,5381,99767
1512604528599776,1512604528699841,536870912,67108864,8,5365,100065
1512604532621631,1512604532721598,536870912,67108864,8,5370,99967
1512604536641891,1512604536741669,536870912,67108864,8,5380,99778
1512604540662599,1512604540762516,536870912,67108864,8,5373,99917
1512604544682244,1512604544782183,536870912,67108864,8,5371,99939
1512604548703634,1512604548803553,536870912,67108864,8,5373,99919
1512604552726134,1512604552826078,536870912,67108864,8,5371,99944
1512604556747104,1512604556847112,536870912,67108864,8,5368,100008
1512604560768933,1512604560868726,536870912,67108864,8,5379,99793
1512604564789441,1512604564889297,536870912,67108864,8,5376,99856
1512604568809487,1512604568909630,536870912,67108864,8,5361,100143
1512604572830071,1512604572930021,536870912,67108864,8,5371,99950
1512604576850597,1512604576950432,536870912,67108864,8,5377,99835
1512604580869577,1512604580969579,536870912,67108864,8,5368,100002
1512604584890031,1512604584989960,536870912,67108864,8,5372,99929
1512604588940764,1512604589040825,536870912,67108864,8,5365,100061
1512604592956758,1512604593056300,536870912,67108864,8,5393,99542
1512604596971029,1512604597070619,536870912,67108864,8,5390,99590
1512604600984568,1512604601084212,536870912,67108864,8,5387,99644
1512604605005671,1512604605105482,536870912,67108864,8,5378,99811
1512604609025250,1512604609124902,536870912,67108864,8,5387,99652
1512604613044863,1512604613144542,536870912,67108864,8,5385,99679
1512604617064877,1512604617164773,536870912,67108864,8,5374,99896
1512604621085709,1512604621185392,536870912,67108864,8,5385,99683
1512604625105471,1512604625205386,536870912,67108864,8,5373,99915
1512604629125586,1512604629225565,536870912,67108864,8,5369,99979
1512604633146671,1512604633246417,536870912,67108864,8,5382,99746
1512604637167205,1512604637267268,536870912,67108864,8,5365,100063
1512604641187072,1512604641286961,536870912,67108864,8,5374,99889
1512604645206937,1512604645306980,536870912,67108864,8,5366,100043
1512604649227296,1512604649327412,536870912,67108864,8,5362,100116
1512604653247149,1512604653346980,536870912,67108864,8,5377,99831
1512604657267367,1512604657367411,536870912,67108864,8,5366,100044
1512604661287036,1512604661386897,536870912,67108864,8,5376,99861
1512604665306895,1512604665406938,536870912,67108864,8,5366,100043
1512604669326512,1512604669426483,536870912,67108864,8,5370,99971
1512604673346523,1512604673446483,536870912,67108864,8,5370,99960
1512604677366872,1512604677466547,536870912,67108864,8,5386,99675
1512604681387166,1512604681486984,536870912,67108864,8,5378,99818
1512604685406820,1512604685506724,536870912,67108864,8,5373,99904
1512604689426629,1512604689526662,536870912,67108864,8,5366,100033
1512604693447939,1512604693547909,536870912,67108864,8,5370,99970
1512604697467946,1512604697567812,536870912,67108864,8,5375,99866
1512604701488464,1512604701588352,536870912,67108864,8,5374,99888
1512604705508653,1512604705608454,536870912,67108864,8,5379,99801
1512604709528036,1512604709627736,536870912,67108864,8,5384,99700
1512604713576798,1512604713676386,536870912,67108864,8,5390,99588
1512604717612473,1512604717712151,536870912,67108864,8,5386,99678
1512604721629802,1512604721729490,536870912,67108864,8,5385,99688
1512604725648797,1512604725748563,536870912,67108864,8,5381,99766
1512604729668743,1512604729768595,536870912,67108864,8,5376,99852
1512604733689181,1512604733789062,536870912,67108864,8,5375,99881
1512604737708885,1512604737808694,536870912,67108864,8,5378,99809
1512604741729141,1512604741828905,536870912,67108864,8,5381,99764
1512604745750278,1512604745850012,536870912,67108864,8,5383,99734
1512604749770345,1512604749870341,536870912,67108864,8,5368,99996
1512604753791355,1512604753891183,536870912,67108864,8,5377,99828
1512604757812827,1512604757912834,536870912,67108864,8,5368,100007
1512604761832489,1512604761932483,536870912,67108864,8,5369,99994
1512604765851569,1512604765951505,536870912,67108864,8,5372,99936
1512604769872531,1512604769972428,536870912,67108864,8,5374,99897
1512604773894097,1512604773994029,536870912,67108864,8,5372,99932
1512604777914392,1512604778014280,536870912,67108864,8,5374,99888
1512604781934008,1512604782033850,536870912,67108864,8,5377,99842
1512604785955085,1512604786054772,536870912,67108864,8,5385,99687
1512604789974223,1512604790073982,536870912,67108864,8,5381,99759
1512604793994927,1512604794094673,536870912,67108864,8,5382,99746
1512604798014644,1512604798114573,536870912,67108864,8,5372,99929
1512604802034773,1512604802134653,536870912,67108864,8,5375,99880
1512604806055626,1512604806155489,536870912,67108864,8,5376,99863
1512604810075616,1512604810175670,536870912,67108864,8,5365,100054
1512604814096253,1512604814196124,536870912,67108864,8,5375,99871
1512604818117221,1512604818217258,536870912,67108864,8,5366,100037
1512604822138084,1512604822238077,536870912,67108864,8,5369,99993
1512604826157855,1512604826257705,536870912,67108864,8,5376,99850
1512604830178331,1512604830278097,536870912,67108864,8,5381,99766
1512604834200540,1512604834300340,536870912,67108864,8,5379,99800
1512604838220224,1512604838319883,536870912,67108864,8,5387,99659
1512604842239272,1512604842338955,536870912,67108864,8,5385,99683
1512604846258920,1512604846358701,536870912,67108864,8,5380,99781
1512604850278685,1512604850378471,536870912,67108864,8,5380,99786
1512604854299043,1512604854398957,536870912,67108864,8,5373,99914
1512604858321835,1512604858421747,536870912,67108864,8,5373,99912
1512604862343134,1512604862443026,536870912,67108864,8,5374,99892
1512604866364176,1512604866463959,536870912,67108864,8,5380,99783
1512604870383498,1512604870483365,536870912,67108864,8,5375,99867
1512604874403742,1512604874503844,536870912,67108864,8,5363,100102
1512604878423932,1512604878524063,536870912,67108864,8,5361,100131
1512604882445454,1512604882545279,536870912,67108864,8,5378,99825
1512604886465879,1512604886565737,536870912,67108864,8,5376,99858
1512604890485375,1512604890585250,536870912,67108864,8,5375,99875
1512604894505599,1512604894605609,536870912,67108864,8,5368,100010
1512604898526117,1512604898625857,536870912,67108864,8,5382,99740
1512604902545889,1512604902645723,536870912,67108864,8,5377,99834
1512604906566053,1512604906665824,536870912,67108864,8,5381,99771
1512604910585900,1512604910685730,536870912,67108864,8,5377,99830
1512604914606396,1512604914706410,536870912,67108864,8,5367,100014
1512604918627038,1512604918727140,536870912,67108864,8,5363,100102
1512604922647949,1512604922747663,536870912,67108864,8,5384,99714
1512604926667259,1512604926767155,536870912,67108864,8,5374,99896
1512604930687634,1512604930787541,536870912,67108864,8,5373,99907
1512604934708225,1512604934808161,536870912,67108864,8,5372,99936
1512604938728694,1512604938828771,536870912,67108864,8,5364,100077
1512604942748936,1512604942848846,536870912,67108864,8,5373,99910
1512604946768551,1512604946868370,536870912,67108864,8,5378,99819
1512604950788614,1512604950888547,536870912,67108864,8,5372,99933
1512604954808585,1512604954908446,536870912,67108864,8,5376,99861
1512604958828186,1512604958928203,536870912,67108864,8,5367,100017
1512604962848237,1512604962948063,536870912,67108864,8,5378,99826
1512604966868278,1512604966968402,536870912,67108864,8,5362,100124
1512604970889593,1512604970989476,536870912,67108864,8,5374,99883
1512604974910211,1512604975010376,536870912,67108864,8,5359,100165
1512604978930697,1512604979030753,536870912,67108864,8,5365,100056
1512604982951362,1512604983051371,536870912,67108864,8,5368,100009
1512604986972033,1512604987072094,536870912,67108864,8,5365,100061
1512604990992040,1512604991092112,536870912,67108864,8,5364,100072
1512604995011485,1512604995111177,536870912,67108864,8,5385,99692
1512604999031976,1512604999131696,536870912,67108864,8,5383,99720
1512605003051737,1512605003151766,536870912,67108864,8,5367,100029
1512605007072264,1512605007172298,536870912,67108864,8,5366,100034
1512605011092942,1512605011192937,536870912,67108864,8,5368,99995
1512605015113198,1512605015213358,536870912,67108864,8,5360,100160
1512605019133230,1512605019233063,536870912,67108864,8,5377,99833
1512605023152577,1512605023252522,536870912,67108864,8,5371,99945
1512605027172469,1512605027272342,536870912,67108864,8,5375,99873
1512605031192321,1512605031292178,536870912,67108864,8,5376,99857
1512605035212865,1512605035312791,536870912,67108864,8,5372,99926
1512605039234851,1512605039334691,536870912,67108864,8,5377,99840
1512605043254864,1512605043354844,536870912,67108864,8,5369,99980
1512605047275945,1512605047375837,536870912,67108864,8,5374,99892
1512605051297467,1512605051397258,536870912,67108864,8,5379,99791
1512605055317523,1512605055417355,536870912,67108864,8,5377,99832
1512605059337601,1512605059437418,536870912,67108864,8,5378,99817
1512605063357561,1512605063457370,536870912,67108864,8,5378,99809
1512605067377914,1512605067477626,536870912,67108864,8,5384,99712
1512605071397774,1512605071498000,536870912,67108864,8,5356,100226
1512605075419034,1512605075518836,536870912,67108864,8,5379,99802
1512605079440501,1512605079540422,536870912,67108864,8,5372,99921
1512605083460656,1512605083560429,536870912,67108864,8,5380,99773
1512605087480826,1512605087580538,536870912,67108864,8,5384,99712
1512605091499950,1512605091600036,536870912,67108864,8,5364,100086
1512605095521030,1512605095621232,536870912,67108864,8,5357,100202
1512605099540816,1512605099640746,536870912,67108864,8,5372,99930
1512605103561453,1512605103661603,536870912,67108864,8,5360,100150
1512605107582060,1512605107681933,536870912,67108864,8,5375,99873
1512605111603310,1512605111703128,536870912,67108864,8,5378,99818
1512605115622981,1512605115722703,536870912,67108864,8,5383,99722
1512605119642558,1512605119742346,536870912,67108864,8,5380,99788
1512605123661811,1512605123761680,536870912,67108864,8,5375,99869
1512605127682213,1512605127782080,536870912,67108864,8,5375,99867
1512605131704078,1512605131804315,536870912,67108864,8,5356,100237
1512605135725127,1512605135824956,536870912,67108864,8,5377,99829
1512605139745201,1512605139845034,536870912,67108864,8,5377,99833
1512605143767995,1512605143867977,536870912,67108864,8,5369,99982
1512605147788307,1512605147888305,536870912,67108864,8,5368,99998
1512605151808046,1512605151908033,536870912,67108864,8,5369,99987
1512605155830112,1512605155930022,536870912,67108864,8,5373,99910
1512605159849517,1512605159949373,536870912,67108864,8,5376,99856
1512605163869090,1512605163968988,536870912,67108864,8,5374,99898
1512605167889511,1512605167989400,536870912,67108864,8,5374,99889
1512605171908985,1512605172008878,536870912,67108864,8,5374,99893
1512605175929093,1512605176028914,536870912,67108864,8,5378,99821
1512605179948857,1512605180049064,536870912,67108864,8,5357,100207
1512605183968903,1512605184068717,536870912,67108864,8,5378,99814
1512605187989405,1512605188089194,536870912,67108864,8,5380,99789
1512605192009509,1512605192109104,536870912,67108864,8,5390,99595
1512605196029564,1512605196129498,536870912,67108864,8,5372,99934
1512605200050886,1512605200150904,536870912,67108864,8,5367,100018
1512605204072059,1512605204171985,536870912,67108864,8,5372,99926
1512605208091264,1512605208191038,536870912,67108864,8,5380,99774
1512605212113248,1512605212213058,536870912,67108864,8,5378,99810
1512605216135911,1512605216235940,536870912,67108864,8,5367,100029
1512605220157154,1512605220257212,536870912,67108864,8,5365,100058
1512605224177435,1512605224277416,536870912,67108864,8,5369,99981
1512605228198452,1512605228298309,536870912,67108864,8,5376,99857
1512605232224262,1512605232324244,536870912,67108864,8,5369,99982
1512605236242953,1512605236343096,536870912,67108864,8,5361,100143
1512605240263995,1512605240364038,536870912,67108864,8,5366,100043
1512605244284293,1512605244384342,536870912,67108864,8,5366,100049
1512605248303749,1512605248403725,536870912,67108864,8,5369,99976
1512605252323916,1512605252423832,536870912,67108864,8,5373,99916
1512605256344012,1512605256444324,536870912,67108864,8,5352,100312
1512605260362200,1512605260462196,536870912,67108864,8,5368,99996
1512605264381639,1512605264481830,536870912,67108864,8,5358,100191
1512605268402080,1512605268502072,536870912,67108864,8,5369,99992
1512605272423152,1512605272523324,536870912,67108864,8,5359,100172
1512605276444392,1512605276544415,536870912,67108864,8,5367,100023
1512605280464848,1512605280564560,536870912,67108864,8,5384,99712
1512605284484609,1512605284584520,536870912,67108864,8,5373,99911
1512605288504596,1512605288604390,536870912,67108864,8,5379,99794
1512605292524292,1512605292624258,536870912,67108864,8,5370,99966
1512605296544238,1512605296643951,536870912,67108864,8,5384,99713
1512605300565066,1512605300665031,536870912,67108864,8,5370,99965
1512605304595362,1512605304694990,536870912,67108864,8,5388,99628
1512605308609881,1512605308709456,536870912,67108864,8,5391,99575
1512605312625966,1512605312725564,536870912,67108864,8,5390,99598
1512605316641771,1512605316741593,536870912,67108864,8,5378,99822
1512605320656792,1512605320756680,536870912,67108864,8,5374,99888
1512605324678331,1512605324778204,536870912,67108864,8,5375,99873
1512605328698686,1512605328798341,536870912,67108864,8,5387,99655
1512605332718110,1512605332817894,536870912,67108864,8,5380,99784
1512605336738224,1512605336837949,536870912,67108864,8,5383,99725
1512605340758721,1512605340858469,536870912,67108864,8,5382,99748
1512605344779047,1512605344879200,536870912,67108864,8,5360,100153
1512605348799407,1512605348899251,536870912,67108864,8,5377,99844
1512605352819984,1512605352919982,536870912,67108864,8,5368,99998
1512605356840742,1512605356940645,536870912,67108864,8,5373,99903
1512605360860734,1512605360960407,536870912,67108864,8,5386,99673
1512605364879906,1512605364979712,536870912,67108864,8,5379,99806
1512605368900936,1512605369000696,536870912,67108864,8,5381,99760
1512605372920432,1512605373020264,536870912,67108864,8,5377,99832
1512605376941199,1512605377041235,536870912,67108864,8,5366,100036
1512605380961149,1512605381061156,536870912,67108864,8,5368,100007
1512605384981490,1512605385081329,536870912,67108864,8,5377,99839
1512605389000633,1512605389100928,536870912,67108864,8,5352,100295
1512605393021010,1512605393120751,536870912,67108864,8,5382,99741
1512605397040666,1512605397140569,536870912,67108864,8,5373,99903
1512605401059893,1512605401159761,536870912,67108864,8,5375,99868
1512605405080355,1512605405180389,536870912,67108864,8,5366,100034
1512605409100871,1512605409200696,536870912,67108864,8,5378,99825
1512605413120600,1512605413220397,536870912,67108864,8,5379,99797
1512605417140232,1512605417240245,536870912,67108864,8,5368,100013
1512605421166293,1512605421265733,536870912,67108864,8,5398,99440
1512605425179878,1512605425279518,536870912,67108864,8,5388,99640
1512605429195257,1512605429294801,536870912,67108864,8,5393,99544
1512605433210541,1512605433310264,536870912,67108864,8,5383,99723
1512605437225000,1512605437324902,536870912,67108864,8,5373,99902
1512605441241278,1512605441340987,536870912,67108864,8,5384,99709
1512605445262162,1512605445361753,536870912,67108864,8,5390,99591
1512605449281869,1512605449381718,536870912,67108864,8,5376,99849
1512605453302415,1512605453402208,536870912,67108864,8,5379,99793
1512605457322211,1512605457421924,536870912,67108864,8,5384,99713
1512605461342518,1512605461442276,536870912,67108864,8,5381,99758
1512605465363408,1512605465463029,536870912,67108864,8,5389,99621
1512605469383657,1512605469483341,536870912,67108864,8,5385,99684
1512605473405239,1512605473504992,536870912,67108864,8,5382,99753
1512605477425604,1512605477525429,536870912,67108864,8,5378,99825
1512605481446345,1512605481546030,536870912,67108864,8,5385,99685
1512605485466093,1512605485565903,536870912,67108864,8,5378,99810
1512605489485852,1512605489585634,536870912,67108864,8,5380,99782
1512605493505320,1512605493605306,536870912,67108864,8,5369,99986
1512605497525041,1512605497624881,536870912,67108864,8,5377,99840
1512605501545538,1512605501645334,536870912,67108864,8,5379,99796
1512605505566594,1512605505666343,536870912,67108864,8,5382,99749
1512605509587064,1512605509687122,536870912,67108864,8,5365,100058
1512605513606835,1512605513706807,536870912,67108864,8,5370,99972
1512605517627702,1512605517727511,536870912,67108864,8,5378,99809
1512605521647093,1512605521746742,536870912,67108864,8,5387,99649
1512605525667661,1512605525767392,536870912,67108864,8,5383,99731
1512605529687266,1512605529787008,536870912,67108864,8,5382,99742
1512605533707926,1512605533807711,536870912,67108864,8,5380,99785
1512605537728560,1512605537828219,536870912,67108864,8,5387,99659
1512605541748200,1512605541847976,536870912,67108864,8,5380,99776
1512605545768205,1512605545868056,536870912,67108864,8,5376,99851
1512605549788494,1512605549888329,536870912,67108864,8,5377,99835
1512605553809997,1512605553909821,536870912,67108864,8,5378,99824
1512605557831177,1512605557931247,536870912,67108864,8,5364,100070
1512605561851157,1512605561951063,536870912,67108864,8,5373,99906
1512605565870795,1512605565970887,536870912,67108864,8,5363,100092
1512605569890528,1512605569990377,536870912,67108864,8,5376,99849
1512605573910744,1512605574010671,536870912,67108864,8,5372,99927
1512605577930387,1512605578030343,536870912,67108864,8,5371,99956
1512605581951451,1512605582051393,536870912,67108864,8,5371,99942
1512605585972092,1512605586071994,536870912,67108864,8,5373,99902
1512605589993082,1512605590093146,536870912,67108864,8,5365,100064
1512605594013482,1512605594113492,536870912,67108864,8,5368,100010
1512605598033097,1512605598133003,536870912,67108864,8,5373,99906
1512605602054171,1512605602153977,536870912,67108864,8,5379,99806
1512605606074863,1512605606174782,536870912,67108864,8,5373,99919
1512605610094829,1512605610194704,536870912,67108864,8,5375,99875
1512605614116288,1512605614216374,536870912,67108864,8,5364,100086
1512605618152690,1512605618252371,536870912,67108864,8,5385,99681
1512605622169064,1512605622269251,536870912,67108864,8,5358,100187
1512605626190310,1512605626289994,536870912,67108864,8,5385,99684
1512605630210652,1512605630310416,536870912,67108864,8,5381,99764
1512605634230167,1512605634330077,536870912,67108864,8,5373,99910
1512605638251344,1512605638351004,536870912,67108864,8,5387,99660
1512605642272441,1512605642372137,536870912,67108864,8,5385,99696
1512605646291924,1512605646391922,536870912,67108864,8,5368,99998
1512605650311286,1512605650411226,536870912,67108864,8,5371,99940
1512605654331309,1512605654431234,536870912,67108864,8,5372,99925
1512605658350798,1512605658450854,536870912,67108864,8,5365,100056
1512605662370351,1512605662470356,536870912,67108864,8,5368,100005
1512605666390549,1512605666490694,536870912,67108864,8,5360,100145
1512605670410967,1512605670511161,536870912,67108864,8,5358,100194
1512605674431624,1512605674531915,536870912,67108864,8,5353,100291
1512605678451343,1512605678551283,536870912,67108864,8,5371,99940
1512605682471297,1512605682571295,536870912,67108864,8,5368,99998
1512605686491850,1512605686591885,536870912,67108864,8,5366,100035
1512605690513182,1512605690613204,536870912,67108864,8,5367,100022
1512605694535419,1512605694635454,536870912,67108864,8,5366,100035
1512605698555443,1512605698655333,536870912,67108864,8,5374,99890
1512605702575575,1512605702675603,536870912,67108864,8,5367,100028
1512605706595513,1512605706695433,536870912,67108864,8,5373,99920
1512605710616149,1512605710716200,536870912,67108864,8,5365,100051
1512605714635642,1512605714735338,536870912,67108864,8,5385,99696
1512605718656084,1512605718755996,536870912,67108864,8,5373,99912
1512605722676428,1512605722776197,536870912,67108864,8,5381,99769
1512605726696263,1512605726796113,536870912,67108864,8,5376,99850
1512605730717318,1512605730817000,536870912,67108864,8,5385,99682
1512605734737926,1512605734837593,536870912,67108864,8,5386,99667
1512605738758306,1512605738858185,536870912,67108864,8,5375,99879
1512605742788069,1512605742887947,536870912,67108864,8,5375,99878
1512605746808642,1512605746908670,536870912,67108864,8,5367,100028
1512605750829709,1512605750929698,536870912,67108864,8,5369,99989
1512605754849939,1512605754949802,536870912,67108864,8,5376,99863
1512605758870243,1512605758970250,536870912,67108864,8,5368,100007
1512605762890549,1512605762990523,536870912,67108864,8,5370,99974
1512605766910943,1512605767010820,536870912,67108864,8,5375,99877
1512605770931885,1512605771031834,536870912,67108864,8,5371,99949
1512605774952306,1512605775052324,536870912,67108864,8,5367,100018
1512605778972140,1512605779072291,536870912,67108864,8,5360,100151
1512605782992494,1512605783092510,536870912,67108864,8,5367,100016
1512605787014263,1512605787114170,536870912,67108864,8,5373,99907
1512605791034333,1512605791134426,536870912,67108864,8,5363,100093
1512605795055007,1512605795155269,536870912,67108864,8,5354,100262
1512605799075459,1512605799175674,536870912,67108864,8,5357,100215
1512605803096018,1512605803195855,536870912,67108864,8,5377,99837
1512605807115677,1512605807215402,536870912,67108864,8,5383,99725
1512605811135666,1512605811235486,536870912,67108864,8,5378,99820
1512605815155063,1512605815255088,536870912,67108864,8,5367,100025
1512605819175266,1512605819275225,536870912,67108864,8,5370,99959
1512605823195101,1512605823295013,536870912,67108864,8,5373,99912
1512605827216904,1512605827316925,536870912,67108864,8,5367,100021
1512605831237135,1512605831337075,536870912,67108864,8,5371,99940
1512605835258225,1512605835358224,536870912,67108864,8,5368,99999
1512605839278387,1512605839378210,536870912,67108864,8,5378,99823
1512605843298410,1512605843398182,536870912,67108864,8,5380,99772
1512605847317922,1512605847417880,536870912,67108864,8,5370,99958
1512605851336873,1512605851436820,536870912,67108864,8,5371,99947
1512605855357044,1512605855457116,536870912,67108864,8,5364,100072
1512605859376523,1512605859476466,536870912,67108864,8,5371,99943
1512605863396825,1512605863496998,536870912,67108864,8,5359,100173
1512605867417566,1512605867517295,536870912,67108864,8,5383,99729
1512605871437161,1512605871537045,536870912,67108864,8,5374,99884
1512605875456810,1512605875556785,536870912,67108864,8,5370,99975
1512605879477900,1512605879577848,536870912,67108864,8,5371,99948
1512605883499336,1512605883599366,536870912,67108864,8,5367,100030
1512605887519467,1512605887619708,536870912,67108864,8,5355,100241
1512605891539699,1512605891639715,536870912,67108864,8,5367,100016
1512605895560025,1512605895659697,536870912,67108864,8,5386,99672
1512605899579109,1512605899678850,536870912,67108864,8,5382,99741
1512605903599901,1512605903699816,536870912,67108864,8,5373,99915
1512605907619435,1512605907719179,536870912,67108864,8,5382,99744
1512605911639299,1512605911739285,536870912,67108864,8,5369,99986
1512605915661448,1512605915761269,536870912,67108864,8,5378,99821
1512605919681821,1512605919781686,536870912,67108864,8,5375,99865
1512605923702042,1512605923801859,536870912,67108864,8,5378,99817
1512605927723418,1512605927823314,536870912,67108864,8,5374,99896
1512605931743794,1512605931843631,536870912,67108864,8,5377,99837
1512605935766483,1512605935866436,536870912,67108864,8,5371,99953
1512605939785955,1512605939885631,536870912,67108864,8,5386,99676
1512605943805251,1512605943905029,536870912,67108864,8,5380,99778
1512605947824785,1512605947924702,536870912,67108864,8,5373,99917
1512605951843959,1512605951943769,536870912,67108864,8,5378,99810
1512605955864347,1512605955964376,536870912,67108864,8,5367,100029
1512605959884079,1512605959984032,536870912,67108864,8,5371,99953
1512605963904398,1512605964004270,536870912,67108864,8,5375,99872
1512605967923728,1512605968023591,536870912,67108864,8,5376,99863
1512605971943539,1512605972043731,536870912,67108864,8,5358,100192
1512605975965585,1512605976065506,536870912,67108864,8,5372,99921
1512605979986115,1512605980086160,536870912,67108864,8,5366,100045
1512605984006944,1512605984106801,536870912,67108864,8,5376,99857
1512605988027540,1512605988127478,536870912,67108864,8,5372,99938
1512605992047670,1512605992147688,536870912,67108864,8,5367,100018
1512605996068671,1512605996168580,536870912,67108864,8,5373,99909
1512606000089716,1512606000189837,536870912,67108864,8,5362,100121
1512606004110412,1512606004210128,536870912,67108864,8,5383,99716
1512606008132417,1512606008232251,536870912,67108864,8,5377,99834
1512606012151548,1512606012251541,536870912,67108864,8,5369,99993
1512606016171663,1512606016271709,536870912,67108864,8,5366,100046
1512606020191900,1512606020291979,536870912,67108864,8,5364,100079
1512606024212096,1512606024312151,536870912,67108864,8,5365,100055
1512606028231339,1512606028331327,536870912,67108864,8,5369,99988
1512606032251408,1512606032351357,536870912,67108864,8,5371,99949
1512606036271568,1512606036371536,536870912,67108864,8,5370,99968
1512606040291603,1512606040391400,536870912,67108864,8,5379,99797
1512606044312532,1512606044412412,536870912,67108864,8,5375,99880
1512606048332451,1512606048432319,536870912,67108864,8,5375,99868
1512606052351629,1512606052451429,536870912,67108864,8,5379,99800
1512606056371405,1512606056471687,536870912,67108864,8,5353,100282
1512606060392892,1512606060492715,536870912,67108864,8,5378,99823
1512606064412852,1512606064512836,536870912,67108864,8,5369,99984
1512606068433698,1512606068533775,536870912,67108864,8,5364,100077
1512606072455839,1512606072555884,536870912,67108864,8,5366,100045
1512606076476279,1512606076576382,536870912,67108864,8,5363,100103
1512606080497727,1512606080597611,536870912,67108864,8,5374,99884
1512606084517851,1512606084617748,536870912,67108864,8,5374,99897
1512606088540215,1512606088639997,536870912,67108864,8,5380,99782
1512606092560520,1512606092660386,536870912,67108864,8,5375,99866
1512606096579625,1512606096679479,536870912,67108864,8,5376,99854
1512606100601602,1512606100701434,536870912,67108864,8,5377,99832
1512606104621862,1512606104721999,536870912,67108864,8,5361,100137
1512606108642632,1512606108742629,536870912,67108864,8,5368,99997
1512606112663052,1512606112762989,536870912,67108864,8,5372,99937
1512606116683621,1512606116783400,536870912,67108864,8,5380,99779
1512606120702677,1512606120802569,536870912,67108864,8,5374,99892
1512606124721668,1512606124821712,536870912,67108864,8,5366,100044
1512606128743936,1512606128843948,536870912,67108864,8,5368,100012
1512606132765365,1512606132865413,536870912,67108864,8,5366,100048
1512606136789047,1512606136888989,536870912,67108864,8,5371,99942
1512606140810952,1512606140910769,536870912,67108864,8,5378,99817
1512606144835789,1512606144935537,536870912,67108864,8,5382,99748
1512606148857977,1512606148957791,536870912,67108864,8,5378,99814
1512606152879865,1512606152979748,536870912,67108864,8,5374,99883
1512606156899869,1512606156999927,536870912,67108864,8,5365,100058
1512606160920934,1512606161020589,536870912,67108864,8,5387,99655
1512606164940992,1512606165040994,536870912,67108864,8,5368,100002
1512606168960323,1512606169060219,536870912,67108864,8,5374,99896
1512606172980713,1512606173080504,536870912,67108864,8,5379,99791
1512606177002185,1512606177102249,536870912,67108864,8,5365,100064
1512606181022290,1512606181122196,536870912,67108864,8,5373,99906
1512606185042372,1512606185142206,536870912,67108864,8,5377,99834
1512606189061919,1512606189161718,536870912,67108864,8,5379,99799
1512606193081892,1512606193181643,536870912,67108864,8,5382,99751
1512606197101786,1512606197201837,536870912,67108864,8,5365,100051
1512606201122079,1512606201222080,536870912,67108864,8,5368,100001
1512606205143110,1512606205242948,536870912,67108864,8,5377,99838
1512606209164138,1512606209264031,536870912,67108864,8,5374,99893
1512606213184048,1512606213283860,536870912,67108864,8,5378,99812
1512606217203974,1512606217304314,536870912,67108864,8,5350,100340
1512606221224721,1512606221324618,536870912,67108864,8,5374,99897
1512606225244361,1512606225344286,536870912,67108864,8,5372,99925
1512606229263921,1512606229363713,536870912,67108864,8,5379,99792
1512606233284372,1512606233384235,536870912,67108864,8,5376,99863
1512606237304754,1512606237404611,536870912,67108864,8,5376,99857
1512606241324911,1512606241424845,536870912,67108864,8,5372,99934
1512606245344876,1512606245444833,536870912,67108864,8,5371,99957
1512606249365661,1512606249465713,536870912,67108864,8,5365,100052
1512606253386344,1512606253486122,536870912,67108864,8,5380,99778
1512606257405229,1512606257505411,536870912,67108864,8,5358,100182
1512606261426882,1512606261526954,536870912,67108864,8,5364,100072
1512606265447730,1512606265547741,536870912,67108864,8,5368,100011
1512606269467877,1512606269567878,536870912,67108864,8,5368,100001
1512606273488341,1512606273588421,536870912,67108864,8,5364,100080
1512606277509653,1512606277609535,536870912,67108864,8,5375,99882
1512606281530238,1512606281630418,536870912,67108864,8,5359,100180
1512606285550280,1512606285650016,536870912,67108864,8,5382,99736
1512606289571170,1512606289671028,536870912,67108864,8,5376,99858
1512606293591085,1512606293690809,536870912,67108864,8,5383,99724
1512606297611196,1512606297711211,536870912,67108864,8,5367,100015
1512606301631740,1512606301731813,536870912,67108864,8,5364,100073
1512606305653098,1512606305752976,536870912,67108864,8,5375,99878
1512606309673965,1512606309773780,536870912,67108864,8,5378,99815
1512606313694015,1512606313793861,536870912,67108864,8,5376,99846
1512606317714955,1512606317814793,536870912,67108864,8,5377,99838
1512606321736067,1512606321836008,536870912,67108864,8,5371,99941
1512606325755638,1512606325855694,536870912,67108864,8,5365,100056
1512606329776194,1512606329876021,536870912,67108864,8,5378,99827
1512606333795814,1512606333895705,536870912,67108864,8,5374,99891
1512606337816718,1512606337916413,536870912,67108864,8,5385,99695
1512606341874966,1512606341974667,536870912,67108864,8,5384,99701
1512606345889136,1512606345988805,536870912,67108864,8,5386,99669
1512606349903835,1512606350003669,536870912,67108864,8,5377,99834
1512606353918069,1512606354018189,536870912,67108864,8,5362,100120
1512606357933268,1512606358033150,536870912,67108864,8,5375,99882
1512606361948072,1512606362048022,536870912,67108864,8,5371,99950
1512606365967241,1512606366067160,536870912,67108864,8,5373,99919
1512606369985354,1512606370085247,536870912,67108864,8,5374,99893
1512606374004238,1512606374104079,536870912,67108864,8,5377,99841
1512606378023955,1512606378123890,536870912,67108864,8,5372,99935
1512606382042852,1512606382142850,536870912,67108864,8,5368,99998
1512606386062208,1512606386162104,536870912,67108864,8,5374,99896
1512606390081504,1512606390181326,536870912,67108864,8,5378,99822
1512606394099993,1512606394199920,536870912,67108864,8,5372,99927
1512606398119078,1512606398218976,536870912,67108864,8,5374,99898
1512606402138553,1512606402238293,536870912,67108864,8,5382,99740
1512606406159209,1512606406259059,536870912,67108864,8,5376,99850
1512606410178711,1512606410278433,536870912,67108864,8,5383,99722
1512606414198862,1512606414298756,536870912,67108864,8,5374,99894
1512606418218226,1512606418318026,536870912,67108864,8,5379,99800
1512606422238896,1512606422338624,536870912,67108864,8,5383,99728
1512606426259617,1512606426359959,536870912,67108864,8,5350,100342
1512606430280303,1512606430380307,536870912,67108864,8,5368,100004
1512606434300661,1512606434400523,536870912,67108864,8,5376,99862
1512606438321253,1512606438421195,536870912,67108864,8,5371,99942
1512606442342343,1512606442442135,536870912,67108864,8,5379,99792
1512606446364405,1512606446464385,536870912,67108864,8,5369,99980
1512606450394503,1512606450494183,536870912,67108864,8,5385,99680
1512606454408805,1512606454508898,536870912,67108864,8,5363,100093
1512606458423649,1512606458523645,536870912,67108864,8,5368,99996
1512606462438577,1512606462538428,536870912,67108864,8,5376,99851
1512606466460028,1512606466559795,536870912,67108864,8,5381,99767
1512606470478775,1512606470578662,536870912,67108864,8,5374,99887
1512606474498614,1512606474598601,536870912,67108864,8,5369,99987
1512606478518020,1512606478618105,536870912,67108864,8,5364,100085
1512606482537903,1512606482637999,536870912,67108864,8,5363,100096
1512606486557687,1512606486657695,536870912,67108864,8,5368,100008
1512606490578079,1512606490677771,536870912,67108864,8,5385,99692
1512606494598357,1512606494698220,536870912,67108864,8,5376,99863
1512606498618614,1512606498718609,536870912,67108864,8,5368,99995
1512606502639250,1512606502739281,536870912,67108864,8,5367,100031
1512606506659395,1512606506759560,536870912,67108864,8,5359,100165
1512606510679056,1512606510779021,536870912,67108864,8,5370,99965
1512606514698807,1512606514798842,536870912,67108864,8,5366,100035
1512606518719790,1512606518819737,536870912,67108864,8,5371,99947
1512606522739518,1512606522839587,536870912,67108864,8,5365,100069
1512606526759685,1512606526859672,536870912,67108864,8,5369,99987
1512606530780357,1512606530880468,536870912,67108864,8,5362,100111
1512606534802077,1512606534901973,536870912,67108864,8,5374,99896
1512606538822509,1512606538922391,536870912,67108864,8,5375,99882
1512606542843862,1512606542944027,536870912,67108864,8,5359,100165
1512606546864457,1512606546964370,536870912,67108864,8,5373,99913
1512606550885220,1512606550985248,536870912,67108864,8,5367,100028
1512606554905465,1512606555005667,536870912,67108864,8,5357,100202
1512606558926741,1512606559026736,536870912,67108864,8,5368,99995
1512606562947875,1512606563047932,536870912,67108864,8,5365,100057
1512606566968329,1512606567068137,536870912,67108864,8,5379,99808
1512606570988009,1512606571088131,536870912,67108864,8,5362,100122
1512606575007770,1512606575108032,536870912,67108864,8,5354,100262
1512606579028206,1512606579128169,536870912,67108864,8,5370,99963
1512606583049913,1512606583149999,536870912,67108864,8,5364,100086
1512606587070239,1512606587170403,536870912,67108864,8,5359,100164
1512606591090222,1512606591190162,536870912,67108864,8,5371,99940
1512606595111012,1512606595211162,536870912,67108864,8,5360,100150
1512606599132161,1512606599232276,536870912,67108864,8,5362,100115
1512606603152102,1512606603252303,536870912,67108864,8,5357,100201
1512606607171836,1512606607271784,536870912,67108864,8,5371,99948
1512606611192777,1512606611293064,536870912,67108864,8,5353,100287
1512606615212756,1512606615312736,536870912,67108864,8,5369,99980
1512606619232285,1512606619332447,536870912,67108864,8,5360,100162
1512606623251603,1512606623351473,536870912,67108864,8,5375,99870
1512606627272114,1512606627372087,536870912,67108864,8,5370,99973
1512606631292781,1512606631392930,536870912,67108864,8,5360,100149
1512606635313030,1512606635413041,536870912,67108864,8,5368,100011
1512606639333608,1512606639433876,536870912,67108864,8,5354,100268
1512606643395115,1512606643495105,536870912,67108864,8,5369,99990
1512606647411932,1512606647511752,536870912,67108864,8,5378,99820
1512606651427697,1512606651527720,536870912,67108864,8,5367,100023
1512606655442949,1512606655542831,536870912,67108864,8,5375,99882
1512606659459107,1512606659559339,536870912,67108864,8,5356,100232
1512606663475957,1512606663575902,536870912,67108864,8,5371,99945
1512606667495592,1512606667595447,536870912,67108864,8,5376,99855
1512606671514630,1512606671614411,536870912,67108864,8,5380,99781
1512606675534289,1512606675634437,536870912,67108864,8,5360,100148
1512606679554304,1512606679654173,536870912,67108864,8,5375,99869
1512606683573792,1512606683673977,536870912,67108864,8,5358,100185
1512606687593236,1512606687693090,536870912,67108864,8,5376,99854
1512606691611772,1512606691711697,536870912,67108864,8,5372,99925
1512606695631597,1512606695731604,536870912,67108864,8,5368,100007
1512606699652100,1512606699752176,536870912,67108864,8,5364,100076
1512606703672667,1512606703772658,536870912,67108864,8,5369,99991
1512606707694331,1512606707794351,536870912,67108864,8,5367,100020
1512606711717105,1512606711816865,536870912,67108864,8,5381,99760
1512606715736648,1512606715836697,536870912,67108864,8,5366,100049
1512606719757630,1512606719857616,536870912,67108864,8,5369,99986
1512606723778553,1512606723878598,536870912,67108864,8,5366,100045
1512606727801437,1512606727901368,536870912,67108864,8,5372,99931
1512606731820423,1512606731920272,536870912,67108864,8,5376,99849
1512606735840473,1512606735940441,536870912,67108864,8,5370,99968
1512606739861172,1512606739961172,536870912,67108864,8,5368,100000
1512606743880855,1512606743980904,536870912,67108864,8,5366,100049
1512606747900802,1512606748000604,536870912,67108864,8,5379,99802
1512606751920594,1512606752020449,536870912,67108864,8,5376,99855
1512606755940856,1512606756040884,536870912,67108864,8,5367,100028
1512606759962632,1512606760062402,536870912,67108864,8,5381,99770
1512606763983140,1512606764083156,536870912,67108864,8,5367,100016
1512606768003567,1512606768103771,536870912,67108864,8,5357,100204
1512606772034809,1512606772134788,536870912,67108864,8,5369,99979
1512606776052978,1512606776152900,536870912,67108864,8,5372,99922
1512606780073149,1512606780173124,536870912,67108864,8,5370,99975
1512606784093276,1512606784193163,536870912,67108864,8,5374,99887
1512606788113923,1512606788213851,536870912,67108864,8,5372,99928
1512606792133697,1512606792233891,536870912,67108864,8,5358,100194
1512606796154252,1512606796254220,536870912,67108864,8,5370,99968
1512606800175079,1512606800275067,536870912,67108864,8,5369,99988
1512606804194771,1512606804294556,536870912,67108864,8,5380,99785
1512606808214865,1512606808314725,536870912,67108864,8,5376,99860
1512606812235277,1512606812335100,536870912,67108864,8,5378,99823
1512606816255481,1512606816355290,536870912,67108864,8,5378,99809
1512606820275224,1512606820374989,536870912,67108864,8,5381,99765
1512606824295754,1512606824395589,536870912,67108864,8,5377,99835
1512606828315590,1512606828415468,536870912,67108864,8,5375,99878
1512606832335760,1512606832435504,536870912,67108864,8,5382,99744
1512606836355362,1512606836455121,536870912,67108864,8,5381,99759
1512606840375007,1512606840474884,536870912,67108864,8,5375,99877
1512606844395015,1512606844494960,536870912,67108864,8,5371,99945
1512606848414582,1512606848514423,536870912,67108864,8,5377,99841
1512606852434545,1512606852534622,536870912,67108864,8,5364,100077
1512606856454511,1512606856554524,536870912,67108864,8,5368,100013
1512606860474909,1512606860575011,536870912,67108864,8,5363,100102
1512606864495518,1512606864595308,536870912,67108864,8,5380,99790
1512606868515933,1512606868615717,536870912,67108864,8,5380,99784
1512606872536097,1512606872635946,536870912,67108864,8,5376,99849
1512606876555735,1512606876655498,536870912,67108864,8,5381,99763
1512606880575597,1512606880675631,536870912,67108864,8,5366,100034
1512606884596784,1512606884696702,536870912,67108864,8,5373,99918
1512606888616444,1512606888716087,536870912,67108864,8,5387,99643
1512606892636694,1512606892736545,536870912,67108864,8,5376,99851
1512606896657676,1512606896757370,536870912,67108864,8,5385,99694
1512606900678515,1512606900778162,536870912,67108864,8,5387,99647
1512606904697772,1512606904797840,536870912,67108864,8,5365,100068
1512606908719080,1512606908818890,536870912,67108864,8,5378,99810
1512606912738917,1512606912838815,536870912,67108864,8,5374,99898
1512606916759264,1512606916859288,536870912,67108864,8,5367,100024
1512606920779461,1512606920879135,536870912,67108864,8,5386,99674
1512606924800249,1512606924900420,536870912,67108864,8,5359,100171
1512606928821713,1512606928921726,536870912,67108864,8,5368,100013
1512606932841064,1512606932940973,536870912,67108864,8,5373,99909
1512606936861531,1512606936961516,536870912,67108864,8,5369,99985
1512606940882899,1512606940982763,536870912,67108864,8,5376,99864
1512606944903288,1512606945003251,536870912,67108864,8,5370,99963
1512606948923294,1512606949023199,536870912,67108864,8,5373,99905
1512606952943345,1512606953043434,536870912,67108864,8,5363,100089
1512606956963082,1512606957063004,536870912,67108864,8,5372,99922
1512606960983889,1512606961083725,536870912,67108864,8,5377,99836
1512606965007581,1512606965107529,536870912,67108864,8,5371,99948
1512606969029143,1512606969128804,536870912,67108864,8,5386,99661
1512606973050713,1512606973150582,536870912,67108864,8,5375,99869
1512606977072303,1512606977171977,536870912,67108864,8,5386,99674
1512606981092021,1512606981191810,536870912,67108864,8,5380,99789
1512606985113793,1512606985213671,536870912,67108864,8,5375,99878
1512606989134553,1512606989234452,536870912,67108864,8,5374,99899
1512606993156308,1512606993256242,536870912,67108864,8,5372,99934
1512606997178772,1512606997278597,536870912,67108864,8,5378,99825
1512607001198491,1512607001298406,536870912,67108864,8,5373,99915
1512607005218262,1512607005318296,536870912,67108864,8,5366,100034
1512607009239150,1512607009339019,536870912,67108864,8,5375,99869
1512607013259269,1512607013359235,536870912,67108864,8,5370,99966
1512607017278674,1512607017378596,536870912,67108864,8,5372,99922
1512607021300346,1512607021400256,536870912,67108864,8,5373,99910
1512607025319670,1512607025419532,536870912,67108864,8,5376,99862
1512607029339928,1512607029439884,536870912,67108864,8,5371,99956
1512607033360271,1512607033460007,536870912,67108864,8,5382,99736
1512607037380543,1512607037480580,536870912,67108864,8,5366,100037
1512607041404476,1512607041504088,536870912,67108864,8,5389,99612
1512607045425404,1512607045525246,536870912,67108864,8,5377,99842
1512607049445695,1512607049545459,536870912,67108864,8,5381,99764
1512607053465450,1512607053565200,536870912,67108864,8,5382,99750
1512607057485428,1512607057585280,536870912,67108864,8,5376,99852
1512607061506509,1512607061606303,536870912,67108864,8,5379,99794
1512607065525649,1512607065625510,536870912,67108864,8,5376,99861
1512607069546453,1512607069646373,536870912,67108864,8,5373,99920
1512607073566399,1512607073666316,536870912,67108864,8,5373,99917
1512607077585885,1512607077685670,536870912,67108864,8,5380,99785
1512607081606279,1512607081706141,536870912,67108864,8,5376,99862
1512607085625927,1512607085725675,536870912,67108864,8,5382,99748
1512607089647253,1512607089747030,536870912,67108864,8,5380,99777
1512607093667016,1512607093766762,536870912,67108864,8,5382,99746
1512607097688041,1512607097787901,536870912,67108864,8,5376,99860
1512607101709364,1512607101809181,536870912,67108864,8,5378,99817
1512607105728765,1512607105828580,536870912,67108864,8,5378,99815
1512607109747930,1512607109847834,536870912,67108864,8,5373,99904
1512607113768530,1512607113868444,536870912,67108864,8,5373,99914
1512607117788919,1512607117888751,536870912,67108864,8,5377,99832
1512607121807938,1512607121907728,536870912,67108864,8,5380,99790
1512607125827980,1512607125927867,536870912,67108864,8,5374,99887
1512607129847431,1512607129947217,536870912,67108864,8,5380,99786
1512607133867754,1512607133967682,536870912,67108864,8,5372,99928
1512607137887666,1512607137987406,536870912,67108864,8,5382,99740
1512607141908041,1512607142007859,536870912,67108864,8,5378,99818
1512607145928058,1512607146027908,536870912,67108864,8,5376,99850
1512607149947787,1512607150047747,536870912,67108864,8,5370,99960
1512607153969023,1512607154068841,536870912,67108864,8,5378,99818
1512607157988570,1512607158088685,536870912,67108864,8,5362,100115
1512607162009367,1512607162109192,536870912,67108864,8,5378,99825
1512607166028798,1512607166128592,536870912,67108864,8,5379,99794
1512607170048852,1512607170148934,536870912,67108864,8,5364,100082
1512607174069884,1512607174169587,536870912,67108864,8,5384,99703
1512607178089703,1512607178189622,536870912,67108864,8,5373,99919
1512607182109435,1512607182209162,536870912,67108864,8,5383,99727
1512607186128684,1512607186228477,536870912,67108864,8,5379,99793
1512607190148110,1512607190248009,536870912,67108864,8,5374,99899
1512607194169465,1512607194269316,536870912,67108864,8,5376,99851
1512607198189315,1512607198289135,536870912,67108864,8,5378,99820
1512607202209348,1512607202309248,536870912,67108864,8,5374,99900
1512607206228916,1512607206328731,536870912,67108864,8,5378,99815
1512607210249985,1512607210349789,536870912,67108864,8,5379,99804
1512607214269754,1512607214369492,536870912,67108864,8,5382,99738
1512607218290205,1512607218390106,536870912,67108864,8,5374,99901
1512607222311318,1512607222411171,536870912,67108864,8,5376,99853
1512607226331387,1512607226431215,536870912,67108864,8,5377,99828
1512607230351170,1512607230450853,536870912,67108864,8,5385,99683
1512607234371707,1512607234471567,536870912,67108864,8,5376,99860
1512607238391472,1512607238491294,536870912,67108864,8,5378,99822
1512607242412918,1512607242512597,536870912,67108864,8,5385,99679
1512607246433044,1512607246532784,536870912,67108864,8,5382,99740
1512607250453067,1512607250552981,536870912,67108864,8,5373,99914
1512607254473760,1512607254573533,536870912,67108864,8,5380,99773
1512607258493354,1512607258593130,536870912,67108864,8,5380,99776
1512607262514387,1512607262614059,536870912,67108864,8,5386,99672
1512607266534237,1512607266634138,536870912,67108864,8,5374,99901
1512607270556304,1512607270656099,536870912,67108864,8,5379,99795
1512607274576172,1512607274676038,536870912,67108864,8,5375,99866
1512607278597631,1512607278697546,536870912,67108864,8,5373,99915
1512607282618748,1512607282718639,536870912,67108864,8,5374,99891
1512607286638599,1512607286738586,536870912,67108864,8,5369,99987
1512607290658675,1512607290758404,536870912,67108864,8,5383,99729
1512607294678198,1512607294778205,536870912,67108864,8,5368,100007
1512607298699236,1512607298799135,536870912,67108864,8,5374,99899
1512607302719765,1512607302819565,536870912,67108864,8,5379,99800
1512607306739756,1512607306839499,536870912,67108864,8,5382,99743
1512607310760115,1512607310859805,536870912,67108864,8,5385,99690
1512607314779046,1512607314878855,536870912,67108864,8,5378,99809
1512607318800533,1512607318900777,536870912,67108864,8,5355,100244
1512607322821808,1512607322921660,536870912,67108864,8,5376,99852
1512607326841775,1512607326941693,536870912,67108864,8,5373,99918
1512607330861294,1512607330961059,536870912,67108864,8,5381,99765
1512607334881464,1512607334981253,536870912,67108864,8,5380,99789
1512607338900625,1512607339000486,536870912,67108864,8,5376,99861
1512607342920716,1512607343020478,536870912,67108864,8,5381,99762
1512607346940501,1512607347040149,536870912,67108864,8,5387,99648
1512607350961477,1512607351061495,536870912,67108864,8,5367,100018
1512607354981736,1512607355081704,536870912,67108864,8,5370,99968
1512607359001049,1512607359100959,536870912,67108864,8,5373,99910
1512607363020586,1512607363120254,536870912,67108864,8,5386,99668
1512607367040266,1512607367140092,536870912,67108864,8,5378,99826
1512607371060098,1512607371160142,536870912,67108864,8,5366,100044
1512607375080520,1512607375180473,536870912,67108864,8,5371,99953
1512607379101275,1512607379201147,536870912,67108864,8,5375,99872
1512607383129729,1512607383229107,536870912,67108864,8,5402,99378
1512607387144430,1512607387244075,536870912,67108864,8,5387,99645
1512607391159417,1512607391259286,536870912,67108864,8,5375,99869
1512607395173261,1512607395273260,536870912,67108864,8,5368,99999
1512607399188785,1512607399288444,536870912,67108864,8,5387,99659
1512607403202724,1512607403302682,536870912,67108864,8,5370,99958
1512607407218876,1512607407318614,536870912,67108864,8,5382,99738
1512607411233402,1512607411333058,536870912,67108864,8,5387,99656
1512607415248164,1512607415348353,536870912,67108864,8,5358,100189
1512607419264735,1512607419364438,536870912,67108864,8,5384,99703
1512607423279489,1512607423379242,536870912,67108864,8,5382,99753
1512607427295534,1512607427395072,536870912,67108864,8,5393,99538
1512607431311264,1512607431410779,536870912,67108864,8,5394,99515
1512607435325640,1512607435425474,536870912,67108864,8,5377,99834
1512607439339946,1512607439439635,536870912,67108864,8,5385,99689
1512607443355488,1512607443455371,536870912,67108864,8,5374,99883
1512607447374448,1512607447474125,536870912,67108864,8,5386,99677
1512607451393859,1512607451493910,536870912,67108864,8,5365,100051
1512607455412142,1512607455511818,536870912,67108864,8,5386,99676
1512607459430039,1512607459529741,536870912,67108864,8,5384,99702
1512607463448129,1512607463547957,536870912,67108864,8,5377,99828
1512607467466383,1512607467566044,536870912,67108864,8,5386,99661
1512607471483715,1512607471583687,536870912,67108864,8,5370,99972
1512607475502763,1512607475602365,536870912,67108864,8,5390,99602
1512607479520199,1512607479619874,536870912,67108864,8,5386,99675
1512607483537482,1512607483637216,536870912,67108864,8,5383,99734
1512607487555189,1512607487654894,536870912,67108864,8,5384,99705
1512607491572255,1512607491672028,536870912,67108864,8,5380,99773
1512607495616592,1512607495716124,536870912,67108864,8,5393,99532
1512607499630417,1512607499730365,536870912,67108864,8,5371,99948
1512607503647647,1512607503747626,536870912,67108864,8,5369,99979
1512607507667928,1512607507767798,536870912,67108864,8,5375,99870
1512607511686442,1512607511786356,536870912,67108864,8,5373,99914
1512607515704620,1512607515804373,536870912,67108864,8,5382,99753
1512607519723179,1512607519822966,536870912,67108864,8,5380,99787
1512607523741691,1512607523841577,536870912,67108864,8,5374,99886
