1512430575878213,1512430575905608,33554432,2097152,16,1224,27395
1512430576148031,1512430576174429,33554432,2097152,16,1271,26398
1512430576415525,1512430576441781,33554432,2097152,16,1277,26256
1512430576680606,1512430576706996,33554432,2097152,16,1271,26390
1512430576946112,1512430576972494,33554432,2097152,16,1271,26382
1512430577212256,1512430577238539,33554432,2097152,16,1276,26283
1512430577477774,1512430577504178,33554432,2097152,16,1270,26404
1512430577743417,1512430577769799,33554432,2097152,16,1271,26382
1512430578009156,1512430578035500,33554432,2097152,16,1273,26344
1512430578274530,1512430578300843,33554432,2097152,16,1275,26313
1512430578539876,1512430578566066,33554432,2097152,16,1281,26190
1512430578803302,1512430578829648,33554432,2097152,16,1273,26346
1512430579067137,1512430579093323,33554432,2097152,16,1281,26186
1512430579331200,1512430579357393,33554432,2097152,16,1281,26193
1512430579596252,1512430579622454,33554432,2097152,16,1280,26202
1512430579860076,1512430579886294,33554432,2097152,16,1279,26218
1512430580123879,1512430580150260,33554432,2097152,16,1271,26381
1512430580388365,1512430580414725,33554432,2097152,16,1272,26360
1512430580652286,1512430580678314,33554432,2097152,16,1289,26028
1512430580915104,1512430580941467,33554432,2097152,16,1272,26363
1512430581179868,1512430581206200,33554432,2097152,16,1274,26332
1512430581443236,1512430581469420,33554432,2097152,16,1281,26184
1512430581706842,1512430581732771,33554432,2097152,16,1294,25929
1512430581969931,1512430581996371,33554432,2097152,16,1269,26440
1512430582234185,1512430582260590,33554432,2097152,16,1270,26405
1512430582498613,1512430582524970,33554432,2097152,16,1273,26357
1512430582762372,1512430582788604,33554432,2097152,16,1279,26232
1512430583026508,1512430583052722,33554432,2097152,16,1280,26214
1512430583291130,1512430583317528,33554432,2097152,16,1271,26398
1512430583556154,1512430583582229,33554432,2097152,16,1286,26075
1512430583820148,1512430583846487,33554432,2097152,16,1273,26339
1512430584084896,1512430584111228,33554432,2097152,16,1274,26332
1512430584350011,1512430584376349,33554432,2097152,16,1273,26338
1512430584614463,1512430584640685,33554432,2097152,16,1279,26222
1512430584878468,1512430584904548,33554432,2097152,16,1286,26080
1512430585141551,1512430585167920,33554432,2097152,16,1272,26369
1512430585406254,1512430585432611,33554432,2097152,16,1273,26357
1512430585670110,1512430585696490,33554432,2097152,16,1271,26380
1512430585934031,1512430585960245,33554432,2097152,16,1280,26214
1512430586198461,1512430586224844,33554432,2097152,16,1271,26383
1512430586462484,1512430586488826,33554432,2097152,16,1273,26342
1512430586726589,1512430586752916,33554432,2097152,16,1274,26327
1512430586990444,1512430587016779,33554432,2097152,16,1274,26335
1512430587254162,1512430587280511,33554432,2097152,16,1273,26349
1512430587519129,1512430587545462,33554432,2097152,16,1274,26333
1512430587783507,1512430587809856,33554432,2097152,16,1273,26349
1512430588046748,1512430588073014,33554432,2097152,16,1277,26266
1512430588310542,1512430588336617,33554432,2097152,16,1286,26075
1512430588574287,1512430588600625,33554432,2097152,16,1273,26338
1512430588837618,1512430588863951,33554432,2097152,16,1274,26333
1512430589102292,1512430589128514,33554432,2097152,16,1279,26222
1512430589366443,1512430589392546,33554432,2097152,16,1285,26103
1512430589630644,1512430589656847,33554432,2097152,16,1280,26203
1512430589894615,1512430589920531,33554432,2097152,16,1294,25916
1512430590158506,1512430590184609,33554432,2097152,16,1285,26103
1512430590423863,1512430590450227,33554432,2097152,16,1272,26364
1512430590688522,1512430590714744,33554432,2097152,16,1279,26222
1512430590952247,1512430590978636,33554432,2097152,16,1271,26389
1512430591215365,1512430591241249,33554432,2097152,16,1296,25884
1512430591479958,1512430591506296,33554432,2097152,16,1273,26338
1512430591744827,1512430591771043,33554432,2097152,16,1279,26216
1512430592008306,1512430592034531,33554432,2097152,16,1279,26225
1512430592272993,1512430592299353,33554432,2097152,16,1272,26360
1512430592536972,1512430592563027,33554432,2097152,16,1287,26055
1512430592800235,1512430592826478,33554432,2097152,16,1278,26243
1512430593064013,1512430593090200,33554432,2097152,16,1281,26187
1512430593329172,1512430593355492,33554432,2097152,16,1274,26320
1512430593593791,1512430593620152,33554432,2097152,16,1272,26361
1512430593857956,1512430593884258,33554432,2097152,16,1275,26302
1512430594121967,1512430594148307,33554432,2097152,16,1273,26340
1512430594386923,1512430594413274,33554432,2097152,16,1273,26351
1512430594650664,1512430594677068,33554432,2097152,16,1270,26404
1512430594914560,1512430594940731,33554432,2097152,16,1282,26171
1512430595178402,1512430595204509,33554432,2097152,16,1285,26107
1512430595442384,1512430595468696,33554432,2097152,16,1275,26312
1512430595706581,1512430595732950,33554432,2097152,16,1272,26369
1512430595970454,1512430595996689,33554432,2097152,16,1278,26235
1512430596234824,1512430596261024,33554432,2097152,16,1280,26200
1512430596499988,1512430596526216,33554432,2097152,16,1279,26228
1512430596764402,1512430596790803,33554432,2097152,16,1270,26401
1512430597029214,1512430597055430,33554432,2097152,16,1279,26216
1512430597293046,1512430597319444,33554432,2097152,16,1271,26398
1512430597557784,1512430597584028,33554432,2097152,16,1278,26244
1512430597821264,1512430597847589,33554432,2097152,16,1274,26325
1512430598085795,1512430598112129,33554432,2097152,16,1274,26334
1512430598350458,1512430598376594,33554432,2097152,16,1283,26136
1512430598615218,1512430598641554,33554432,2097152,16,1274,26336
1512430598879523,1512430598905753,33554432,2097152,16,1279,26230
1512430599144089,1512430599170328,33554432,2097152,16,1278,26239
1512430599407754,1512430599433908,33554432,2097152,16,1282,26154
1512430599671748,1512430599697791,33554432,2097152,16,1288,26043
1512430599936033,1512430599962374,33554432,2097152,16,1273,26341
1512430600201081,1512430600227389,33554432,2097152,16,1275,26308
1512430600466259,1512430600492318,33554432,2097152,16,1287,26059
1512430600736508,1512430600762831,33554432,2097152,16,1274,26323
1512430601006431,1512430601032795,33554432,2097152,16,1272,26364
1512430601275896,1512430601302212,33554432,2097152,16,1275,26316
1512430601545366,1512430601571705,33554432,2097152,16,1273,26339
1512430601815554,1512430601841908,33554432,2097152,16,1273,26354
1512430602084888,1512430602111111,33554432,2097152,16,1279,26223
1512430602355271,1512430602381444,33554432,2097152,16,1282,26173
1512430602624325,1512430602650553,33554432,2097152,16,1279,26228
1512430602890030,1512430602916236,33554432,2097152,16,1280,26206
1512430603154637,1512430603180826,33554432,2097152,16,1281,26189
1512430603417799,1512430603444087,33554432,2097152,16,1276,26288
1512430603681419,1512430603707607,33554432,2097152,16,1281,26188
1512430603944653,1512430603970928,33554432,2097152,16,1277,26275
1512430604208265,1512430604234503,33554432,2097152,16,1278,26238
1512430604471016,1512430604497079,33554432,2097152,16,1287,26063
1512430604734630,1512430604760738,33554432,2097152,16,1285,26108
1512430604997369,1512430605023347,33554432,2097152,16,1291,25978
1512430605261932,1512430605288240,33554432,2097152,16,1275,26308
1512430605525624,1512430605551915,33554432,2097152,16,1276,26291
1512430605789758,1512430605815914,33554432,2097152,16,1282,26156
1512430606053654,1512430606079719,33554432,2097152,16,1287,26065
1512430606317644,1512430606343799,33554432,2097152,16,1282,26155
1512430606581417,1512430606607702,33554432,2097152,16,1276,26285
1512430606845496,1512430606871696,33554432,2097152,16,1280,26200
1512430607110160,1512430607136156,33554432,2097152,16,1290,25996
1512430607374366,1512430607400698,33554432,2097152,16,1274,26332
1512430607638782,1512430607665086,33554432,2097152,16,1275,26304
1512430607903388,1512430607929707,33554432,2097152,16,1274,26319
1512430608167246,1512430608193433,33554432,2097152,16,1281,26187
1512430608430942,1512430608457152,33554432,2097152,16,1280,26210
1512430608696085,1512430608722267,33554432,2097152,16,1281,26182
1512430608960172,1512430608986494,33554432,2097152,16,1274,26322
1512430609224175,1512430609250352,33554432,2097152,16,1281,26177
1512430609487496,1512430609513646,33554432,2097152,16,1283,26150
1512430609751528,1512430609777694,33554432,2097152,16,1282,26166
1512430610021018,1512430610047256,33554432,2097152,16,1278,26238
1512430610291559,1512430610317863,33554432,2097152,16,1275,26304
1512430610561640,1512430610587972,33554432,2097152,16,1274,26332
1512430610832076,1512430610858211,33554432,2097152,16,1283,26135
1512430611103165,1512430611129316,33554432,2097152,16,1283,26151
1512430611371987,1512430611398176,33554432,2097152,16,1281,26189
1512430611635833,1512430611662193,33554432,2097152,16,1272,26360
1512430611900456,1512430611926587,33554432,2097152,16,1284,26131
1512430612164473,1512430612190727,33554432,2097152,16,1278,26254
1512430612429387,1512430612455497,33554432,2097152,16,1285,26110
1512430612692801,1512430612719037,33554432,2097152,16,1278,26236
1512430612957443,1512430612983434,33554432,2097152,16,1291,25991
1512430613221935,1512430613248042,33554432,2097152,16,1285,26107
1512430613485309,1512430613511449,33554432,2097152,16,1283,26140
1512430613750064,1512430613776227,33554432,2097152,16,1282,26163
1512430614013950,1512430614040230,33554432,2097152,16,1276,26280
1512430614278219,1512430614304536,33554432,2097152,16,1275,26317
1512430614542512,1512430614568774,33554432,2097152,16,1277,26262
1512430614806222,1512430614832474,33554432,2097152,16,1278,26252
1512430615069889,1512430615095999,33554432,2097152,16,1285,26110
1512430615333188,1512430615359484,33554432,2097152,16,1276,26296
1512430615597705,1512430615623652,33554432,2097152,16,1293,25947
1512430615862088,1512430615888367,33554432,2097152,16,1276,26279
1512430616125604,1512430616151701,33554432,2097152,16,1285,26097
1512430616389395,1512430616415563,33554432,2097152,16,1282,26168
1512430616653979,1512430616680142,33554432,2097152,16,1282,26163
1512430616918354,1512430616944591,33554432,2097152,16,1278,26237
1512430617182589,1512430617208697,33554432,2097152,16,1285,26108
1512430617446097,1512430617472396,33554432,2097152,16,1275,26299
1512430617709538,1512430617735829,33554432,2097152,16,1276,26291
1512430617974614,1512430618000902,33554432,2097152,16,1276,26288
1512430618238340,1512430618264505,33554432,2097152,16,1282,26165
1512430618502703,1512430618528926,33554432,2097152,16,1279,26223
1512430618766425,1512430618792753,33554432,2097152,16,1274,26328
1512430619030624,1512430619056799,33554432,2097152,16,1281,26175
1512430619294002,1512430619320122,33554432,2097152,16,1284,26120
1512430619558081,1512430619584415,33554432,2097152,16,1274,26334
1512430619823062,1512430619849342,33554432,2097152,16,1276,26280
1512430620087052,1512430620113112,33554432,2097152,16,1287,26060
1512430620351212,1512430620377547,33554432,2097152,16,1274,26335
1512430620616574,1512430620642586,33554432,2097152,16,1289,26012
1512430620881213,1512430620907393,33554432,2097152,16,1281,26180
1512430621145603,1512430621171750,33554432,2097152,16,1283,26147
1512430621409885,1512430621436165,33554432,2097152,16,1276,26280
1512430621675171,1512430621701459,33554432,2097152,16,1276,26288
1512430621940152,1512430621966477,33554432,2097152,16,1274,26325
1512430622205600,1512430622231902,33554432,2097152,16,1275,26302
1512430622470429,1512430622496696,33554432,2097152,16,1277,26267
1512430622734145,1512430622760470,33554432,2097152,16,1274,26325
1512430622998240,1512430623024599,33554432,2097152,16,1272,26359
1512430623263462,1512430623289606,33554432,2097152,16,1283,26144
1512430623527678,1512430623553908,33554432,2097152,16,1279,26230
1512430623792356,1512430623818622,33554432,2097152,16,1277,26266
1512430624056688,1512430624083013,33554432,2097152,16,1274,26325
1512430624320974,1512430624347154,33554432,2097152,16,1281,26180
1512430624585453,1512430624611593,33554432,2097152,16,1283,26140
1512430624849154,1512430624875279,33554432,2097152,16,1284,26125
1512430625113377,1512430625139646,33554432,2097152,16,1277,26269
1512430625377911,1512430625404113,33554432,2097152,16,1280,26202
1512430625643231,1512430625669398,33554432,2097152,16,1282,26167
1512430625908022,1512430625934344,33554432,2097152,16,1274,26322
1512430626171698,1512430626197874,33554432,2097152,16,1281,26176
1512430626436353,1512430626462661,33554432,2097152,16,1275,26308
1512430626701331,1512430626727594,33554432,2097152,16,1277,26263
1512430626965875,1512430626992029,33554432,2097152,16,1282,26154
1512430627229888,1512430627256179,33554432,2097152,16,1276,26291
1512430627494324,1512430627520641,33554432,2097152,16,1275,26317
1512430627758252,1512430627784441,33554432,2097152,16,1281,26189
1512430628022983,1512430628049182,33554432,2097152,16,1280,26199
1512430628288944,1512430628315097,33554432,2097152,16,1283,26153
1512430628553210,1512430628579518,33554432,2097152,16,1275,26308
1512430628817790,1512430628844109,33554432,2097152,16,1274,26319
1512430629082181,1512430629108475,33554432,2097152,16,1276,26294
1512430629346775,1512430629372919,33554432,2097152,16,1283,26144
1512430629611979,1512430629638267,33554432,2097152,16,1276,26288
1512430629876143,1512430629902306,33554432,2097152,16,1282,26163
1512430630140688,1512430630166839,33554432,2097152,16,1283,26151
1512430630404783,1512430630431047,33554432,2097152,16,1277,26264
1512430630669876,1512430630696245,33554432,2097152,16,1272,26369
1512430630934421,1512430630960723,33554432,2097152,16,1275,26302
1512430631198940,1512430631225270,33554432,2097152,16,1274,26330
1512430631463919,1512430631490214,33554432,2097152,16,1276,26295
1512430631729857,1512430631756007,33554432,2097152,16,1283,26150
1512430631994457,1512430632020643,33554432,2097152,16,1281,26186
1512430632259017,1512430632285308,33554432,2097152,16,1276,26291
1512430632524188,1512430632550474,33554432,2097152,16,1276,26286
1512430632790258,1512430632816594,33554432,2097152,16,1274,26336
1512430633055046,1512430633081375,33554432,2097152,16,1274,26329
1512430633319256,1512430633345541,33554432,2097152,16,1276,26285
1512430633583294,1512430633609441,33554432,2097152,16,1283,26147
1512430633847049,1512430633873199,33554432,2097152,16,1283,26150
1512430634110855,1512430634137156,33554432,2097152,16,1275,26301
1512430634375324,1512430634401503,33554432,2097152,16,1281,26179
1512430634639645,1512430634665813,33554432,2097152,16,1282,26168
1512430634903645,1512430634929933,33554432,2097152,16,1276,26288
1512430635167677,1512430635193815,33554432,2097152,16,1283,26138
1512430635431831,1512430635458164,33554432,2097152,16,1274,26333
1512430635697298,1512430635723605,33554432,2097152,16,1275,26307
1512430635961732,1512430635987874,33554432,2097152,16,1283,26142
1512430636226393,1512430636252562,33554432,2097152,16,1282,26169
1512430636490561,1512430636516913,33554432,2097152,16,1273,26352
1512430636754583,1512430636780752,33554432,2097152,16,1282,26169
1512430637018667,1512430637044703,33554432,2097152,16,1288,26036
1512430637282020,1512430637308112,33554432,2097152,16,1286,26092
1512430637546432,1512430637572784,33554432,2097152,16,1273,26352
1512430637810778,1512430637837097,33554432,2097152,16,1274,26319
1512430638074937,1512430638100856,33554432,2097152,16,1294,25919
1512430638339467,1512430638365709,33554432,2097152,16,1278,26242
1512430638603075,1512430638629347,33554432,2097152,16,1277,26272
1512430638867012,1512430638893184,33554432,2097152,16,1282,26172
1512430639131569,1512430639157858,33554432,2097152,16,1276,26289
1512430639396053,1512430639422193,33554432,2097152,16,1283,26140
1512430639660654,1512430639686988,33554432,2097152,16,1274,26334
1512430639924766,1512430639950957,33554432,2097152,16,1281,26191
1512430640188919,1512430640215217,33554432,2097152,16,1275,26298
1512430640453267,1512430640479355,33554432,2097152,16,1286,26088
1512430640717269,1512430640743582,33554432,2097152,16,1275,26313
1512430640981385,1512430641007581,33554432,2097152,16,1280,26196
1512430641245395,1512430641271618,33554432,2097152,16,1279,26223
1512430641508745,1512430641534893,33554432,2097152,16,1283,26148
1512430641772723,1512430641799064,33554432,2097152,16,1273,26341
1512430642036844,1512430642062898,33554432,2097152,16,1287,26054
1512430642301388,1512430642327545,33554432,2097152,16,1282,26157
1512430642566174,1512430642592503,33554432,2097152,16,1274,26329
1512430642830746,1512430642857050,33554432,2097152,16,1275,26304
1512430643096166,1512430643121887,33554432,2097152,16,1304,25721
1512430643360490,1512430643386634,33554432,2097152,16,1283,26144
1512430643624688,1512430643650854,33554432,2097152,16,1282,26166
1512430643889464,1512430643915688,33554432,2097152,16,1279,26224
1512430644154187,1512430644180579,33554432,2097152,16,1271,26392
1512430644419058,1512430644445246,33554432,2097152,16,1281,26188
1512430644683113,1512430644709446,33554432,2097152,16,1274,26333
1512430644947169,1512430644973537,33554432,2097152,16,1272,26368
1512430645211092,1512430645237182,33554432,2097152,16,1286,26090
1512430645475459,1512430645501724,33554432,2097152,16,1277,26265
1512430645739730,1512430645766101,33554432,2097152,16,1272,26371
1512430646004810,1512430646031060,33554432,2097152,16,1278,26250
1512430646268870,1512430646295064,33554432,2097152,16,1280,26194
1512430646533571,1512430646559937,33554432,2097152,16,1272,26366
1512430646797583,1512430646823821,33554432,2097152,16,1278,26238
1512430647062667,1512430647089065,33554432,2097152,16,1271,26398
1512430647326622,1512430647353030,33554432,2097152,16,1270,26408
1512430647591256,1512430647617467,33554432,2097152,16,1280,26211
1512430647855807,1512430647881895,33554432,2097152,16,1286,26088
1512430648119578,1512430648145844,33554432,2097152,16,1277,26266
1512430648384305,1512430648410534,33554432,2097152,16,1279,26229
1512430648648353,1512430648674763,33554432,2097152,16,1270,26410
1512430648913044,1512430648939432,33554432,2097152,16,1271,26388
1512430649176622,1512430649202898,33554432,2097152,16,1276,26276
1512430649440238,1512430649466342,33554432,2097152,16,1285,26104
1512430649704942,1512430649731260,33554432,2097152,16,1274,26318
1512430649969490,1512430649995731,33554432,2097152,16,1278,26241
1512430650234138,1512430650260392,33554432,2097152,16,1278,26254
1512430650499578,1512430650525977,33554432,2097152,16,1271,26399
1512430650763578,1512430650789849,33554432,2097152,16,1277,26271
1512430651028466,1512430651054718,33554432,2097152,16,1278,26252
1512430651291725,1512430651318127,33554432,2097152,16,1270,26402
1512430651555792,1512430651582180,33554432,2097152,16,1271,26388
1512430651820373,1512430651846775,33554432,2097152,16,1270,26402
1512430652084925,1512430652111122,33554432,2097152,16,1280,26197
1512430652348925,1512430652375289,33554432,2097152,16,1272,26364
1512430652614029,1512430652640369,33554432,2097152,16,1273,26340
1512430652878841,1512430652905221,33554432,2097152,16,1271,26380
1512430653144069,1512430653170441,33554432,2097152,16,1272,26372
1512430653408577,1512430653434935,33554432,2097152,16,1273,26358
1512430653673016,1512430653699332,33554432,2097152,16,1275,26316
1512430653937796,1512430653964155,33554432,2097152,16,1272,26359
1512430654202849,1512430654228965,33554432,2097152,16,1284,26116
1512430654467281,1512430654493587,33554432,2097152,16,1275,26306
1512430654731126,1512430654757479,33554432,2097152,16,1273,26353
1512430654995647,1512430655021977,33554432,2097152,16,1274,26330
1512430655259647,1512430655285912,33554432,2097152,16,1277,26265
1512430655523888,1512430655550273,33554432,2097152,16,1271,26385
1512430655789104,1512430655815424,33554432,2097152,16,1274,26320
1512430656054438,1512430656080778,33554432,2097152,16,1273,26340
1512430656318454,1512430656344830,33554432,2097152,16,1272,26376
1512430656582959,1512430656609325,33554432,2097152,16,1272,26366
1512430656847110,1512430656873341,33554432,2097152,16,1279,26231
1512430657111003,1512430657137345,33554432,2097152,16,1273,26342
1512430657375735,1512430657402091,33554432,2097152,16,1273,26356
1512430657639637,1512430657665746,33554432,2097152,16,1285,26109
1512430657903687,1512430657930016,33554432,2097152,16,1274,26329
1512430658168031,1512430658194376,33554432,2097152,16,1273,26345
1512430658431631,1512430658458045,33554432,2097152,16,1270,26414
1512430658695638,1512430658722009,33554432,2097152,16,1272,26371
1512430658959852,1512430658986126,33554432,2097152,16,1277,26274
1512430659223674,1512430659250051,33554432,2097152,16,1272,26377
1512430659488553,1512430659514912,33554432,2097152,16,1272,26359
1512430659752971,1512430659779227,33554432,2097152,16,1277,26256
1512430660016625,1512430660042611,33554432,2097152,16,1291,25986
1512430660281845,1512430660308062,33554432,2097152,16,1279,26217
1512430660545462,1512430660571560,33554432,2097152,16,1285,26098
1512430660808949,1512430660835127,33554432,2097152,16,1281,26178
1512430661072695,1512430661099024,33554432,2097152,16,1274,26329
1512430661337110,1512430661363423,33554432,2097152,16,1275,26313
1512430661601452,1512430661627644,33554432,2097152,16,1281,26192
1512430661866816,1512430661892912,33554432,2097152,16,1285,26096
1512430662131387,1512430662157447,33554432,2097152,16,1287,26060
1512430662395108,1512430662421472,33554432,2097152,16,1272,26364
1512430662659293,1512430662685571,33554432,2097152,16,1276,26278
1512430662923422,1512430662949501,33554432,2097152,16,1286,26079
1512430663188319,1512430663214572,33554432,2097152,16,1278,26253
1512430663452342,1512430663478728,33554432,2097152,16,1271,26386
1512430663716729,1512430663742976,33554432,2097152,16,1278,26247
1512430663980699,1512430664007052,33554432,2097152,16,1273,26353
1512430664244146,1512430664270487,33554432,2097152,16,1273,26341
1512430664508359,1512430664534544,33554432,2097152,16,1281,26185
1512430664773322,1512430664799699,33554432,2097152,16,1272,26377
1512430665038216,1512430665064590,33554432,2097152,16,1272,26374
1512430665302905,1512430665329213,33554432,2097152,16,1275,26308
1512430665567638,1512430665593906,33554432,2097152,16,1277,26268
1512430665831192,1512430665857419,33554432,2097152,16,1279,26227
1512430666095787,1512430666121967,33554432,2097152,16,1281,26180
1512430666360123,1512430666386509,33554432,2097152,16,1271,26386
1512430666624830,1512430666651198,33554432,2097152,16,1272,26368
1512430666891132,1512430666917233,33554432,2097152,16,1285,26101
1512430667155673,1512430667182059,33554432,2097152,16,1271,26386
1512430667420545,1512430667446888,33554432,2097152,16,1273,26343
1512430667686316,1512430667712405,33554432,2097152,16,1286,26089
1512430667951209,1512430667977435,33554432,2097152,16,1279,26226
1512430668215567,1512430668241790,33554432,2097152,16,1279,26223
1512430668480286,1512430668506660,33554432,2097152,16,1272,26374
1512430668744870,1512430668771213,33554432,2097152,16,1273,26343
1512430669009732,1512430669036108,33554432,2097152,16,1272,26376
1512430669273910,1512430669300094,33554432,2097152,16,1281,26184
1512430669538939,1512430669565316,33554432,2097152,16,1272,26377
1512430669802369,1512430669828685,33554432,2097152,16,1275,26316
1512430670067235,1512430670093438,33554432,2097152,16,1280,26203
1512430670331773,1512430670358168,33554432,2097152,16,1271,26395
1512430670596811,1512430670623176,33554432,2097152,16,1272,26365
1512430670861369,1512430670887726,33554432,2097152,16,1273,26357
1512430671125174,1512430671151538,33554432,2097152,16,1272,26364
1512430671390215,1512430671416335,33554432,2097152,16,1284,26120
1512430671654707,1512430671681098,33554432,2097152,16,1271,26391
1512430671919088,1512430671945310,33554432,2097152,16,1279,26222
1512430672183845,1512430672210225,33554432,2097152,16,1271,26380
1512430672449826,1512430672476090,33554432,2097152,16,1277,26264
1512430672714506,1512430672740887,33554432,2097152,16,1271,26381
1512430672979030,1512430673005249,33554432,2097152,16,1279,26219
1512430673244158,1512430673270506,33554432,2097152,16,1273,26348
1512430673508411,1512430673534800,33554432,2097152,16,1271,26389
1512430673772448,1512430673798824,33554432,2097152,16,1272,26376
1512430674036217,1512430674062400,33554432,2097152,16,1281,26183
1512430674300588,1512430674326807,33554432,2097152,16,1279,26219
1512430674567421,1512430674593671,33554432,2097152,16,1278,26250
1512430674836802,1512430674863071,33554432,2097152,16,1277,26269
1512430675106103,1512430675132483,33554432,2097152,16,1271,26380
1512430675374530,1512430675400871,33554432,2097152,16,1273,26341
1512430675639170,1512430675665379,33554432,2097152,16,1280,26209
1512430675902685,1512430675929090,33554432,2097152,16,1270,26405
1512430676167015,1512430676193352,33554432,2097152,16,1274,26337
1512430676431590,1512430676457843,33554432,2097152,16,1278,26253
1512430676695701,1512430676721952,33554432,2097152,16,1278,26251
1512430676960436,1512430676986694,33554432,2097152,16,1277,26258
1512430677224474,1512430677250852,33554432,2097152,16,1272,26378
1512430677487278,1512430677513661,33554432,2097152,16,1271,26383
1512430677751960,1512430677778337,33554432,2097152,16,1272,26377
1512430678016118,1512430678042319,33554432,2097152,16,1280,26201
1512430678279133,1512430678305522,33554432,2097152,16,1271,26389
1512430678542530,1512430678568732,33554432,2097152,16,1280,26202
1512430678806741,1512430678832975,33554432,2097152,16,1279,26234
1512430679071904,1512430679098149,33554432,2097152,16,1278,26245
1512430679335292,1512430679361599,33554432,2097152,16,1275,26307
1512430679598897,1512430679625112,33554432,2097152,16,1279,26215
1512430679863640,1512430679889748,33554432,2097152,16,1285,26108
1512430680127818,1512430680153984,33554432,2097152,16,1282,26166
1512430680391335,1512430680417582,33554432,2097152,16,1278,26247
1512430680656134,1512430680682333,33554432,2097152,16,1280,26199
1512430680920330,1512430680946725,33554432,2097152,16,1271,26395
1512430681184989,1512430681211350,33554432,2097152,16,1272,26361
1512430681448882,1512430681475222,33554432,2097152,16,1273,26340
1512430681713389,1512430681739762,33554432,2097152,16,1272,26373
1512430681978818,1512430682005192,33554432,2097152,16,1272,26374
1512430682243202,1512430682269414,33554432,2097152,16,1280,26212
1512430682507966,1512430682534340,33554432,2097152,16,1272,26374
1512430682772683,1512430682798999,33554432,2097152,16,1275,26316
1512430683037901,1512430683064149,33554432,2097152,16,1278,26248
1512430683302603,1512430683328931,33554432,2097152,16,1274,26328
1512430683567285,1512430683593354,33554432,2097152,16,1287,26069
1512430683831852,1512430683858079,33554432,2097152,16,1279,26227
1512430684095786,1512430684122060,33554432,2097152,16,1277,26274
1512430684359951,1512430684386321,33554432,2097152,16,1272,26370
1512430684624325,1512430684650742,33554432,2097152,16,1270,26417
1512430684888782,1512430684915123,33554432,2097152,16,1273,26341
1512430685152835,1512430685179191,33554432,2097152,16,1273,26356
1512430685417165,1512430685443561,33554432,2097152,16,1271,26396
1512430685680622,1512430685706961,33554432,2097152,16,1273,26339
1512430685944232,1512430685970370,33554432,2097152,16,1283,26138
1512430686208385,1512430686234710,33554432,2097152,16,1274,26325
1512430686472152,1512430686498402,33554432,2097152,16,1278,26250
1512430686736392,1512430686762611,33554432,2097152,16,1279,26219
1512430687001096,1512430687027427,33554432,2097152,16,1274,26331
1512430687265314,1512430687291559,33554432,2097152,16,1278,26245
1512430687529636,1512430687555993,33554432,2097152,16,1273,26357
1512430687794180,1512430687820548,33554432,2097152,16,1272,26368
1512430688058865,1512430688085092,33554432,2097152,16,1279,26227
1512430688322891,1512430688349095,33554432,2097152,16,1280,26204
1512430688586735,1512430688613090,33554432,2097152,16,1273,26355
1512430688852044,1512430688878222,33554432,2097152,16,1281,26178
1512430689116886,1512430689143154,33554432,2097152,16,1277,26268
1512430689380673,1512430689406880,33554432,2097152,16,1280,26207
1512430689644801,1512430689670950,33554432,2097152,16,1283,26149
1512430689909174,1512430689935531,33554432,2097152,16,1273,26357
1512430690173207,1512430690199437,33554432,2097152,16,1279,26230
1512430690437339,1512430690463738,33554432,2097152,16,1271,26399
1512430690702830,1512430690729060,33554432,2097152,16,1279,26230
1512430690967597,1512430690993954,33554432,2097152,16,1273,26357
1512430691232084,1512430691258162,33554432,2097152,16,1286,26078
1512430691496312,1512430691522209,33554432,2097152,16,1295,25897
1512430691759889,1512430691786004,33554432,2097152,16,1284,26115
1512430692024543,1512430692050793,33554432,2097152,16,1278,26250
1512430692289890,1512430692316254,33554432,2097152,16,1272,26364
1512430692553951,1512430692580298,33554432,2097152,16,1273,26347
1512430692818803,1512430692845160,33554432,2097152,16,1273,26357
1512430693083125,1512430693109391,33554432,2097152,16,1277,26266
1512430693346521,1512430693372472,33554432,2097152,16,1292,25951
1512430693610044,1512430693636273,33554432,2097152,16,1279,26229
1512430693875003,1512430693901379,33554432,2097152,16,1272,26376
1512430694140050,1512430694166465,33554432,2097152,16,1270,26415
1512430694405105,1512430694431350,33554432,2097152,16,1278,26245
1512430694670349,1512430694696748,33554432,2097152,16,1271,26399
1512430694934517,1512430694960847,33554432,2097152,16,1274,26330
1512430695199240,1512430695225492,33554432,2097152,16,1278,26252
1512430695463909,1512430695490084,33554432,2097152,16,1281,26175
1512430695728177,1512430695754535,33554432,2097152,16,1273,26358
1512430695993037,1512430696019241,33554432,2097152,16,1280,26204
1512430696257912,1512430696284291,33554432,2097152,16,1272,26379
1512430696522511,1512430696548726,33554432,2097152,16,1279,26215
1512430696787266,1512430696813648,33554432,2097152,16,1271,26382
1512430697052212,1512430697078590,33554432,2097152,16,1272,26378
1512430697316478,1512430697342880,33554432,2097152,16,1270,26402
1512430697580724,1512430697607092,33554432,2097152,16,1272,26368
1512430697844720,1512430697870802,33554432,2097152,16,1286,26082
1512430698109349,1512430698135401,33554432,2097152,16,1287,26052
1512430698373962,1512430698400331,33554432,2097152,16,1272,26369
1512430698637444,1512430698663675,33554432,2097152,16,1279,26231
1512430698901573,1512430698927925,33554432,2097152,16,1273,26352
1512430699166250,1512430699192462,33554432,2097152,16,1280,26212
1512430699430159,1512430699456506,33554432,2097152,16,1273,26347
1512430699695844,1512430699722174,33554432,2097152,16,1274,26330
1512430699960274,1512430699986668,33554432,2097152,16,1271,26394
1512430700224995,1512430700251191,33554432,2097152,16,1280,26196
1512430700490081,1512430700516470,33554432,2097152,16,1271,26389
1512430700755283,1512430700781536,33554432,2097152,16,1278,26253
1512430701019041,1512430701045348,33554432,2097152,16,1275,26307
1512430701283850,1512430701310213,33554432,2097152,16,1272,26363
1512430701549236,1512430701575583,33554432,2097152,16,1273,26347
1512430701813484,1512430701839399,33554432,2097152,16,1294,25915
1512430702077025,1512430702103166,33554432,2097152,16,1283,26141
1512430702341641,1512430702367902,33554432,2097152,16,1277,26261
1512430702606177,1512430702632537,33554432,2097152,16,1272,26360
1512430702871139,1512430702897551,33554432,2097152,16,1270,26412
1512430703135347,1512430703161572,33554432,2097152,16,1279,26225
1512430703400846,1512430703427208,33554432,2097152,16,1272,26362
1512430703665188,1512430703691417,33554432,2097152,16,1279,26229
1512430703929504,1512430703955712,33554432,2097152,16,1280,26208
1512430704192770,1512430704219186,33554432,2097152,16,1270,26416
1512430704457213,1512430704483622,33554432,2097152,16,1270,26409
1512430704721556,1512430704747812,33554432,2097152,16,1277,26256
1512430704985378,1512430705011723,33554432,2097152,16,1273,26345
1512430705249698,1512430705276068,33554432,2097152,16,1272,26370
1512430705515026,1512430705541212,33554432,2097152,16,1281,26186
1512430705779221,1512430705805571,33554432,2097152,16,1273,26350
1512430706044430,1512430706070781,33554432,2097152,16,1273,26351
1512430706309770,1512430706335997,33554432,2097152,16,1279,26227
1512430706574601,1512430706600947,33554432,2097152,16,1273,26346
1512430706838350,1512430706864603,33554432,2097152,16,1278,26253
1512430707102604,1512430707128965,33554432,2097152,16,1272,26361
1512430707367224,1512430707393316,33554432,2097152,16,1286,26092
1512430707631711,1512430707658127,33554432,2097152,16,1270,26416
1512430707896867,1512430707923079,33554432,2097152,16,1280,26212
1512430708161204,1512430708187451,33554432,2097152,16,1278,26247
1512430708426112,1512430708452513,33554432,2097152,16,1270,26401
1512430708689973,1512430708716361,33554432,2097152,16,1271,26388
1512430708954850,1512430708981242,33554432,2097152,16,1271,26392
1512430709219555,1512430709245951,33554432,2097152,16,1271,26396
1512430709483598,1512430709509974,33554432,2097152,16,1272,26376
1512430709748652,1512430709775004,33554432,2097152,16,1273,26352
1512430710013558,1512430710039913,33554432,2097152,16,1273,26355
1512430710278202,1512430710304529,33554432,2097152,16,1274,26327
1512430710543531,1512430710569909,33554432,2097152,16,1272,26378
1512430710808000,1512430710833927,33554432,2097152,16,1294,25927
1512430711072766,1512430711099148,33554432,2097152,16,1271,26382
1512430711337808,1512430711364145,33554432,2097152,16,1274,26337
1512430711602854,1512430711629225,33554432,2097152,16,1272,26371
1512430711867313,1512430711893675,33554432,2097152,16,1272,26362
1512430712132173,1512430712158507,33554432,2097152,16,1274,26334
1512430712397065,1512430712423430,33554432,2097152,16,1272,26365
1512430712662007,1512430712688374,33554432,2097152,16,1272,26367
1512430712926361,1512430712952489,33554432,2097152,16,1284,26128
1512430713190748,1512430713217172,33554432,2097152,16,1269,26424
1512430713455438,1512430713481766,33554432,2097152,16,1274,26328
1512430713719964,1512430713746093,33554432,2097152,16,1284,26129
1512430713983423,1512430714009555,33554432,2097152,16,1284,26132
1512430714247240,1512430714273645,33554432,2097152,16,1270,26405
1512430714511623,1512430714537993,33554432,2097152,16,1272,26370
1512430714777358,1512430714803625,33554432,2097152,16,1277,26267
1512430715041436,1512430715067634,33554432,2097152,16,1280,26198
1512430715306699,1512430715332885,33554432,2097152,16,1281,26186
1512430715570751,1512430715596844,33554432,2097152,16,1285,26093
1512430715835301,1512430715861641,33554432,2097152,16,1273,26340
1512430716100103,1512430716126523,33554432,2097152,16,1270,26420
1512430716363788,1512430716389899,33554432,2097152,16,1285,26111
1512430716629371,1512430716655751,33554432,2097152,16,1271,26380
1512430716894777,1512430716921039,33554432,2097152,16,1277,26262
1512430717159117,1512430717185220,33554432,2097152,16,1285,26103
1512430717424760,1512430717450825,33554432,2097152,16,1287,26065
1512430717690954,1512430717717177,33554432,2097152,16,1279,26223
1512430717956015,1512430717982096,33554432,2097152,16,1286,26081
1512430718220139,1512430718246343,33554432,2097152,16,1280,26204
1512430718484767,1512430718511024,33554432,2097152,16,1277,26257
1512430718750674,1512430718776918,33554432,2097152,16,1278,26244
1512430719015497,1512430719041710,33554432,2097152,16,1280,26213
1512430719281052,1512430719307407,33554432,2097152,16,1273,26355
1512430719544964,1512430719571203,33554432,2097152,16,1278,26239
1512430719809029,1512430719835080,33554432,2097152,16,1288,26051
1512430720073413,1512430720099782,33554432,2097152,16,1272,26369
1512430720337981,1512430720364097,33554432,2097152,16,1284,26116
1512430720602400,1512430720628728,33554432,2097152,16,1274,26328
1512430720867273,1512430720893481,33554432,2097152,16,1280,26208
1512430721131117,1512430721157317,33554432,2097152,16,1280,26200
1512430721395683,1512430721422077,33554432,2097152,16,1271,26394
1512430721660398,1512430721686783,33554432,2097152,16,1271,26385
1512430721924660,1512430721950997,33554432,2097152,16,1274,26337
1512430722189574,1512430722215984,33554432,2097152,16,1270,26410
1512430722454334,1512430722480762,33554432,2097152,16,1269,26428
1512430722719038,1512430722745403,33554432,2097152,16,1272,26365
1512430722983170,1512430723009521,33554432,2097152,16,1273,26351
1512430723248320,1512430723274667,33554432,2097152,16,1273,26347
1512430723513443,1512430723539714,33554432,2097152,16,1277,26271
1512430723777905,1512430723803979,33554432,2097152,16,1286,26074
1512430724042694,1512430724069043,33554432,2097152,16,1273,26349
1512430724307917,1512430724334019,33554432,2097152,16,1285,26102
1512430724572545,1512430724598786,33554432,2097152,16,1278,26241
1512430724837134,1512430724863334,33554432,2097152,16,1280,26200
1512430725100735,1512430725127147,33554432,2097152,16,1270,26412
1512430725365994,1512430725391936,33554432,2097152,16,1293,25942
1512430725631160,1512430725657532,33554432,2097152,16,1272,26372
1512430725896237,1512430725922590,33554432,2097152,16,1273,26353
1512430726160697,1512430726187039,33554432,2097152,16,1273,26342
1512430726425588,1512430726451842,33554432,2097152,16,1278,26254
1512430726690736,1512430726716924,33554432,2097152,16,1281,26188
1512430726956388,1512430726982794,33554432,2097152,16,1270,26406
1512430727221436,1512430727247875,33554432,2097152,16,1269,26439
1512430727486749,1512430727512810,33554432,2097152,16,1287,26061
1512430727751228,1512430727777564,33554432,2097152,16,1274,26336
1512430728016098,1512430728042326,33554432,2097152,16,1279,26228
1512430728279897,1512430728306241,33554432,2097152,16,1273,26344
1512430728544811,1512430728571040,33554432,2097152,16,1279,26229
1512430728809915,1512430728836274,33554432,2097152,16,1272,26359
1512430729074082,1512430729100320,33554432,2097152,16,1278,26238
1512430729338510,1512430729364745,33554432,2097152,16,1278,26235
1512430729602480,1512430729628616,33554432,2097152,16,1283,26136
1512430729867538,1512430729893912,33554432,2097152,16,1272,26374
1512430730131396,1512430730157784,33554432,2097152,16,1271,26388
1512430730396178,1512430730422509,33554432,2097152,16,1274,26331
1512430730660522,1512430730686762,33554432,2097152,16,1278,26240
1512430730924647,1512430730951039,33554432,2097152,16,1271,26392
1512430731188406,1512430731214666,33554432,2097152,16,1277,26260
1512430731453558,1512430731479939,33554432,2097152,16,1271,26381
1512430731718362,1512430731744651,33554432,2097152,16,1276,26289
1512430731983203,1512430732009555,33554432,2097152,16,1273,26352
1512430732247965,1512430732274314,33554432,2097152,16,1273,26349
1512430732511404,1512430732537764,33554432,2097152,16,1272,26360
1512430732776199,1512430732802334,33554432,2097152,16,1283,26135
1512430733040993,1512430733067362,33554432,2097152,16,1272,26369
1512430733306509,1512430733332738,33554432,2097152,16,1279,26229
1512430733570434,1512430733596784,33554432,2097152,16,1273,26350
1512430733835358,1512430733861605,33554432,2097152,16,1278,26247
1512430734099624,1512430734126025,33554432,2097152,16,1270,26401
1512430734363547,1512430734389826,33554432,2097152,16,1276,26279
1512430734628190,1512430734654191,33554432,2097152,16,1290,26001
1512430734893301,1512430734919678,33554432,2097152,16,1272,26377
1512430735157230,1512430735183425,33554432,2097152,16,1280,26195
1512430735422091,1512430735448284,33554432,2097152,16,1281,26193
1512430735686205,1512430735712411,33554432,2097152,16,1280,26206
1512430735951121,1512430735977375,33554432,2097152,16,1278,26254
1512430736215381,1512430736241401,33554432,2097152,16,1289,26020
1512430736480433,1512430736506865,33554432,2097152,16,1269,26432
1512430736746195,1512430736772557,33554432,2097152,16,1272,26362
1512430737010530,1512430737036602,33554432,2097152,16,1286,26072
1512430737274613,1512430737301000,33554432,2097152,16,1271,26387
1512430737539607,1512430737565990,33554432,2097152,16,1271,26383
1512430737804066,1512430737830224,33554432,2097152,16,1282,26158
1512430738068372,1512430738094727,33554432,2097152,16,1273,26355
1512430738332858,1512430738359072,33554432,2097152,16,1280,26214
1512430738596629,1512430738623000,33554432,2097152,16,1272,26371
1512430738861348,1512430738887566,33554432,2097152,16,1279,26218
1512430739125772,1512430739152143,33554432,2097152,16,1272,26371
1512430739390543,1512430739417050,33554432,2097152,16,1265,26507
1512430739660657,1512430739687110,33554432,2097152,16,1268,26453
1512430739925030,1512430739951260,33554432,2097152,16,1279,26230
1512430740189150,1512430740215166,33554432,2097152,16,1289,26016
1512430740453969,1512430740480007,33554432,2097152,16,1288,26038
1512430740718161,1512430740744357,33554432,2097152,16,1280,26196
1512430740982532,1512430741008736,33554432,2097152,16,1280,26204
1512430741246921,1512430741273138,33554432,2097152,16,1279,26217
1512430741511928,1512430741538144,33554432,2097152,16,1279,26216
1512430741776839,1512430741803200,33554432,2097152,16,1272,26361
1512430742041305,1512430742067493,33554432,2097152,16,1281,26188
1512430742306476,1512430742332718,33554432,2097152,16,1278,26242
1512430742570766,1512430742596995,33554432,2097152,16,1279,26229
1512430742835023,1512430742861385,33554432,2097152,16,1272,26362
1512430743100139,1512430743126523,33554432,2097152,16,1271,26384
1512430743365222,1512430743391448,33554432,2097152,16,1279,26226
1512430743630269,1512430743656595,33554432,2097152,16,1274,26326
1512430743895405,1512430743921807,33554432,2097152,16,1270,26402
1512430744159849,1512430744186041,33554432,2097152,16,1281,26192
1512430744423897,1512430744450235,33554432,2097152,16,1273,26338
1512430744688224,1512430744714388,33554432,2097152,16,1282,26164
1512430744952354,1512430744978737,33554432,2097152,16,1271,26383
1512430745216680,1512430745243038,33554432,2097152,16,1273,26358
1512430745480876,1512430745507163,33554432,2097152,16,1276,26287
1512430745744826,1512430745771162,33554432,2097152,16,1274,26336
1512430746009066,1512430746035453,33554432,2097152,16,1271,26387
1512430746272462,1512430746298806,33554432,2097152,16,1273,26344
1512430746537247,1512430746563480,33554432,2097152,16,1279,26233
1512430746800608,1512430746826950,33554432,2097152,16,1273,26342
1512430747064083,1512430747090414,33554432,2097152,16,1274,26331
1512430747328239,1512430747354588,33554432,2097152,16,1273,26349
1512430747593058,1512430747619428,33554432,2097152,16,1272,26370
1512430747857121,1512430747883083,33554432,2097152,16,1292,25962
1512430748121657,1512430748147930,33554432,2097152,16,1277,26273
1512430748386374,1512430748412772,33554432,2097152,16,1271,26398
1512430748650340,1512430748676588,33554432,2097152,16,1278,26248
1512430748915231,1512430748941602,33554432,2097152,16,1272,26371
1512430749180618,1512430749207001,33554432,2097152,16,1271,26383
1512430749444258,1512430749470630,33554432,2097152,16,1272,26372
1512430749707916,1512430749733978,33554432,2097152,16,1287,26062
1512430749972146,1512430749998516,33554432,2097152,16,1272,26370
1512430750236159,1512430750262358,33554432,2097152,16,1280,26199
1512430750501720,1512430750528110,33554432,2097152,16,1271,26390
1512430750766101,1512430750792466,33554432,2097152,16,1272,26365
1512430751030399,1512430751056792,33554432,2097152,16,1271,26393
1512430751294713,1512430751320802,33554432,2097152,16,1286,26089
1512430751559401,1512430751585748,33554432,2097152,16,1273,26347
1512430751823489,1512430751849727,33554432,2097152,16,1278,26238
1512430752086277,1512430752112486,33554432,2097152,16,1280,26209
1512430752350269,1512430752376504,33554432,2097152,16,1278,26235
1512430752614005,1512430752640105,33554432,2097152,16,1285,26100
1512430752877420,1512430752903638,33554432,2097152,16,1279,26218
1512430753141318,1512430753167688,33554432,2097152,16,1272,26370
1512430753405556,1512430753431792,33554432,2097152,16,1278,26236
1512430753669842,1512430753696081,33554432,2097152,16,1278,26239
1512430753933982,1512430753960365,33554432,2097152,16,1271,26383
1512430754197805,1512430754223853,33554432,2097152,16,1288,26048
1512430754461932,1512430754488307,33554432,2097152,16,1272,26375
1512430754726217,1512430754752612,33554432,2097152,16,1271,26395
1512430754991115,1512430755017515,33554432,2097152,16,1271,26400
1512430755255337,1512430755281404,33554432,2097152,16,1287,26067
1512430755519897,1512430755546128,33554432,2097152,16,1279,26231
1512430755783672,1512430755809866,33554432,2097152,16,1280,26194
1512430756047340,1512430756073715,33554432,2097152,16,1272,26375
1512430756311786,1512430756338044,33554432,2097152,16,1277,26258
1512430756576018,1512430756602377,33554432,2097152,16,1272,26359
1512430756840849,1512430756866970,33554432,2097152,16,1284,26121
1512430757105031,1512430757131395,33554432,2097152,16,1272,26364
1512430757369821,1512430757396045,33554432,2097152,16,1279,26224
1512430757633853,1512430757659846,33554432,2097152,16,1290,25993
1512430757898269,1512430757924599,33554432,2097152,16,1274,26330
1512430758163128,1512430758189512,33554432,2097152,16,1271,26384
1512430758427860,1512430758454072,33554432,2097152,16,1280,26212
1512430758692312,1512430758718420,33554432,2097152,16,1285,26108
1512430758957894,1512430758983970,33554432,2097152,16,1286,26076
1512430759222818,1512430759249114,33554432,2097152,16,1276,26296
1512430759487205,1512430759513379,33554432,2097152,16,1281,26174
1512430759751569,1512430759777987,33554432,2097152,16,1270,26418
1512430760015325,1512430760041547,33554432,2097152,16,1279,26222
1512430760279812,1512430760306171,33554432,2097152,16,1272,26359
1512430760544156,1512430760570387,33554432,2097152,16,1279,26231
1512430760808049,1512430760834292,33554432,2097152,16,1278,26243
1512430761072567,1512430761098637,33554432,2097152,16,1287,26070
1512430761336600,1512430761362875,33554432,2097152,16,1277,26275
1512430761600704,1512430761627083,33554432,2097152,16,1272,26379
1512430761865112,1512430761891521,33554432,2097152,16,1270,26409
1512430762129121,1512430762155332,33554432,2097152,16,1280,26211
1512430762393310,1512430762419733,33554432,2097152,16,1269,26423
1512430762657966,1512430762684318,33554432,2097152,16,1273,26352
1512430762922230,1512430762948464,33554432,2097152,16,1279,26234
1512430763187323,1512430763213571,33554432,2097152,16,1278,26248
1512430763452092,1512430763478337,33554432,2097152,16,1278,26245
1512430763716214,1512430763742625,33554432,2097152,16,1270,26411
1512430763980948,1512430764007201,33554432,2097152,16,1278,26253
1512430764245821,1512430764272187,33554432,2097152,16,1272,26366
1512430764510706,1512430764537098,33554432,2097152,16,1271,26392
1512430764776455,1512430764802825,33554432,2097152,16,1272,26370
1512430765040114,1512430765066477,33554432,2097152,16,1272,26363
1512430765304407,1512430765330743,33554432,2097152,16,1274,26336
1512430765569678,1512430765596045,33554432,2097152,16,1272,26367
1512430765834379,1512430765860751,33554432,2097152,16,1272,26372
1512430766098620,1512430766124864,33554432,2097152,16,1278,26244
1512430766362839,1512430766389037,33554432,2097152,16,1280,26198
1512430766627304,1512430766653680,33554432,2097152,16,1272,26376
1512430766892123,1512430766918483,33554432,2097152,16,1272,26360
1512430767156187,1512430767182562,33554432,2097152,16,1272,26375
1512430767421266,1512430767447495,33554432,2097152,16,1279,26229
1512430767684963,1512430767711206,33554432,2097152,16,1278,26243
1512430767950067,1512430767976266,33554432,2097152,16,1280,26199
1512430768214013,1512430768240078,33554432,2097152,16,1287,26065
1512430768477585,1512430768503809,33554432,2097152,16,1279,26224
1512430768741620,1512430768768019,33554432,2097152,16,1271,26399
1512430769006530,1512430769032884,33554432,2097152,16,1273,26354
1512430769271138,1512430769297598,33554432,2097152,16,1268,26460
1512430769535896,1512430769562260,33554432,2097152,16,1272,26364
1512430769800176,1512430769826574,33554432,2097152,16,1271,26398
1512430770064805,1512430770091193,33554432,2097152,16,1271,26388
1512430770328384,1512430770354518,33554432,2097152,16,1283,26134
1512430770593360,1512430770619728,33554432,2097152,16,1272,26368
1512430770858065,1512430770884221,33554432,2097152,16,1282,26156
1512430771122561,1512430771148722,33554432,2097152,16,1282,26161
1512430771387636,1512430771414008,33554432,2097152,16,1272,26372
1512430771652201,1512430771678439,33554432,2097152,16,1278,26238
1512430771917345,1512430771943712,33554432,2097152,16,1272,26367
1512430772182187,1512430772208101,33554432,2097152,16,1294,25914
1512430772447287,1512430772473523,33554432,2097152,16,1278,26236
1512430772710801,1512430772737174,33554432,2097152,16,1272,26373
1512430772975114,1512430773001379,33554432,2097152,16,1277,26265
1512430773239570,1512430773265978,33554432,2097152,16,1270,26408
1512430773504026,1512430773530424,33554432,2097152,16,1271,26398
1512430773769234,1512430773795607,33554432,2097152,16,1272,26373
1512430774034289,1512430774060679,33554432,2097152,16,1271,26390
1512430774299297,1512430774325408,33554432,2097152,16,1285,26111
1512430774563904,1512430774590162,33554432,2097152,16,1277,26258
1512430774828080,1512430774854275,33554432,2097152,16,1280,26195
1512430775092067,1512430775118421,33554432,2097152,16,1273,26354
1512430775357529,1512430775383887,33554432,2097152,16,1273,26358
1512430775621832,1512430775648152,33554432,2097152,16,1274,26320
1512430775886263,1512430775912521,33554432,2097152,16,1277,26258
1512430776151165,1512430776177402,33554432,2097152,16,1278,26237
1512430776415815,1512430776442226,33554432,2097152,16,1270,26411
1512430776680554,1512430776706806,33554432,2097152,16,1278,26252
1512430776945026,1512430776971118,33554432,2097152,16,1286,26092
1512430777208033,1512430777234301,33554432,2097152,16,1277,26268
1512430777473531,1512430777499775,33554432,2097152,16,1278,26244
1512430777738619,1512430777765005,33554432,2097152,16,1271,26386
1512430778002974,1512430778029215,33554432,2097152,16,1278,26241
1512430778267656,1512430778294043,33554432,2097152,16,1271,26387
1512430778532003,1512430778558236,33554432,2097152,16,1279,26233
1512430778796842,1512430778823210,33554432,2097152,16,1272,26368
1512430779063206,1512430779089594,33554432,2097152,16,1271,26388
1512430779327566,1512430779353676,33554432,2097152,16,1285,26110
1512430779591737,1512430779618102,33554432,2097152,16,1272,26365
1512430779856219,1512430779882644,33554432,2097152,16,1269,26425
1512430780120785,1512430780147046,33554432,2097152,16,1277,26261
1512430780385453,1512430780411768,33554432,2097152,16,1275,26315
1512430780650527,1512430780676595,33554432,2097152,16,1287,26068
1512430780915483,1512430780941688,33554432,2097152,16,1280,26205
1512430781180203,1512430781206633,33554432,2097152,16,1269,26430
1512430781444214,1512430781470376,33554432,2097152,16,1282,26162
1512430781708672,1512430781734872,33554432,2097152,16,1280,26200
1512430781972002,1512430781998391,33554432,2097152,16,1271,26389
1512430782237063,1512430782263309,33554432,2097152,16,1278,26246
1512430782500695,1512430782526893,33554432,2097152,16,1280,26198
1512430782765311,1512430782791756,33554432,2097152,16,1268,26445
1512430783030778,1512430783056877,33554432,2097152,16,1285,26099
1512430783295797,1512430783322038,33554432,2097152,16,1278,26241
1512430783560250,1512430783586600,33554432,2097152,16,1273,26350
1512430783825305,1512430783851678,33554432,2097152,16,1272,26373
1512430784089871,1512430784115957,33554432,2097152,16,1286,26086
1512430784353868,1512430784380203,33554432,2097152,16,1274,26335
1512430784617930,1512430784644198,33554432,2097152,16,1277,26268
1512430784882265,1512430784908302,33554432,2097152,16,1288,26037
1512430785148152,1512430785174256,33554432,2097152,16,1285,26104
1512430785411850,1512430785438183,33554432,2097152,16,1274,26333
1512430785675712,1512430785701912,33554432,2097152,16,1280,26200
1512430785940293,1512430785966625,33554432,2097152,16,1274,26332
1512430786205147,1512430786231387,33554432,2097152,16,1278,26240
1512430786469196,1512430786495506,33554432,2097152,16,1275,26310
1512430786733992,1512430786760333,33554432,2097152,16,1273,26341
1512430786999686,1512430787025897,33554432,2097152,16,1280,26211
1512430787263823,1512430787290160,33554432,2097152,16,1274,26337
1512430787528948,1512430787555277,33554432,2097152,16,1274,26329
1512430787793773,1512430787819975,33554432,2097152,16,1280,26202
1512430788058032,1512430788084385,33554432,2097152,16,1273,26353
1512430788324020,1512430788350357,33554432,2097152,16,1274,26337
1512430788588209,1512430788614413,33554432,2097152,16,1280,26204
1512430788852966,1512430788879209,33554432,2097152,16,1278,26243
1512430789118108,1512430789144446,33554432,2097152,16,1273,26338
1512430789382531,1512430789408676,33554432,2097152,16,1283,26145
1512430789647233,1512430789673290,33554432,2097152,16,1287,26057
1512430789911265,1512430789937603,33554432,2097152,16,1273,26338
1512430790175614,1512430790201951,33554432,2097152,16,1274,26337
1512430790440229,1512430790466591,33554432,2097152,16,1272,26362
1512430790704971,1512430790731209,33554432,2097152,16,1278,26238
1512430790968985,1512430790995400,33554432,2097152,16,1270,26415
1512430791235106,1512430791261363,33554432,2097152,16,1277,26257
1512430791499175,1512430791525432,33554432,2097152,16,1277,26257
1512430791763744,1512430791790109,33554432,2097152,16,1272,26365
1512430792027378,1512430792053728,33554432,2097152,16,1273,26350
1512430792291785,1512430792318139,33554432,2097152,16,1273,26354
1512430792556398,1512430792582809,33554432,2097152,16,1270,26411
1512430792820911,1512430792847127,33554432,2097152,16,1279,26216
1512430793085980,1512430793112355,33554432,2097152,16,1272,26375
1512430793350499,1512430793376720,33554432,2097152,16,1279,26221
1512430793614499,1512430793640719,33554432,2097152,16,1279,26220
1512430793878562,1512430793904974,33554432,2097152,16,1270,26412
1512430794142779,1512430794169160,33554432,2097152,16,1271,26381
1512430794407696,1512430794434035,33554432,2097152,16,1273,26339
1512430794672587,1512430794698704,33554432,2097152,16,1284,26117
1512430794937037,1512430794963408,33554432,2097152,16,1272,26371
1512430795201698,1512430795227905,33554432,2097152,16,1280,26207
1512430795466961,1512430795493328,33554432,2097152,16,1272,26367
1512430795731126,1512430795757483,33554432,2097152,16,1273,26357
1512430795994694,1512430796020878,33554432,2097152,16,1281,26184
1512430796259027,1512430796285101,33554432,2097152,16,1286,26074
1512430796522701,1512430796549053,33554432,2097152,16,1273,26352
1512430796787356,1512430796813569,33554432,2097152,16,1280,26213
1512430797051054,1512430797077281,33554432,2097152,16,1279,26227
1512430797315530,1512430797341753,33554432,2097152,16,1279,26223
1512430797579430,1512430797605658,33554432,2097152,16,1279,26228
1512430797843944,1512430797870245,33554432,2097152,16,1275,26301
1512430798107583,1512430798133945,33554432,2097152,16,1272,26362
1512430798371479,1512430798397871,33554432,2097152,16,1271,26392
1512430798636166,1512430798662525,33554432,2097152,16,1272,26359
1512430798901315,1512430798927624,33554432,2097152,16,1275,26309
1512430799165085,1512430799191433,33554432,2097152,16,1273,26348
1512430799429973,1512430799456320,33554432,2097152,16,1273,26347
1512430799694639,1512430799720993,33554432,2097152,16,1273,26354
1512430799958275,1512430799984225,33554432,2097152,16,1293,25950
1512430800222267,1512430800248517,33554432,2097152,16,1278,26250
1512430800485377,1512430800511630,33554432,2097152,16,1278,26253
1512430800748890,1512430800774955,33554432,2097152,16,1287,26065
1512430801012211,1512430801038435,33554432,2097152,16,1279,26224
1512430801275443,1512430801301857,33554432,2097152,16,1270,26414
1512430801538527,1512430801564897,33554432,2097152,16,1272,26370
1512430801804507,1512430801830751,33554432,2097152,16,1278,26244
1512430802068782,1512430802095181,33554432,2097152,16,1271,26399
1512430802333759,1512430802360118,33554432,2097152,16,1272,26359
1512430802597516,1512430802623876,33554432,2097152,16,1272,26360
1512430802860749,1512430802886849,33554432,2097152,16,1285,26100
1512430803124044,1512430803150427,33554432,2097152,16,1271,26383
1512430803387853,1512430803414061,33554432,2097152,16,1280,26208
1512430803651554,1512430803677628,33554432,2097152,16,1286,26074
1512430803915507,1512430803941586,33554432,2097152,16,1286,26079
1512430804178442,1512430804204808,33554432,2097152,16,1272,26366
1512430804442215,1512430804468560,33554432,2097152,16,1273,26345
1512430804705491,1512430804732119,33554432,2097152,16,1260,26628
1512430804975037,1512430805001299,33554432,2097152,16,1277,26262
1512430805243123,1512430805269337,33554432,2097152,16,1280,26214
1512430805512172,1512430805538552,33554432,2097152,16,1271,26380
1512430805782087,1512430805808330,33554432,2097152,16,1278,26243
1512430806052943,1512430806079314,33554432,2097152,16,1272,26371
1512430806323699,1512430806350051,33554432,2097152,16,1273,26352
1512430806592496,1512430806618876,33554432,2097152,16,1271,26380
1512430806860665,1512430806886822,33554432,2097152,16,1282,26157
1512430807125094,1512430807151464,33554432,2097152,16,1272,26370
1512430807390935,1512430807417332,33554432,2097152,16,1271,26397
1512430807654649,1512430807681070,33554432,2097152,16,1269,26421
1512430807919068,1512430807945304,33554432,2097152,16,1278,26236
1512430808182847,1512430808209226,33554432,2097152,16,1272,26379
1512430808446331,1512430808472589,33554432,2097152,16,1277,26258
1512430808711137,1512430808737356,33554432,2097152,16,1279,26219
1512430808975094,1512430809001433,33554432,2097152,16,1273,26339
1512430809239391,1512430809265669,33554432,2097152,16,1276,26278
1512430809505123,1512430809531186,33554432,2097152,16,1287,26063
1512430809769287,1512430809795550,33554432,2097152,16,1277,26263
1512430810033884,1512430810059879,33554432,2097152,16,1290,25995
1512430810299460,1512430810325551,33554432,2097152,16,1286,26091
1512430810563618,1512430810589931,33554432,2097152,16,1275,26313
1512430810828013,1512430810854213,33554432,2097152,16,1280,26200
1512430811092559,1512430811118763,33554432,2097152,16,1280,26204
1512430811356090,1512430811382279,33554432,2097152,16,1281,26189
1512430811619874,1512430811646218,33554432,2097152,16,1273,26344
1512430811884409,1512430811910640,33554432,2097152,16,1279,26231
1512430812147731,1512430812173971,33554432,2097152,16,1278,26240
1512430812411887,1512430812438234,33554432,2097152,16,1273,26347
1512430812675642,1512430812701830,33554432,2097152,16,1281,26188
1512430812940265,1512430812966424,33554432,2097152,16,1282,26159
1512430813203563,1512430813229949,33554432,2097152,16,1271,26386
1512430813466893,1512430813493147,33554432,2097152,16,1278,26254
1512430813731605,1512430813757931,33554432,2097152,16,1274,26326
1512430813996136,1512430814022512,33554432,2097152,16,1272,26376
1512430814259761,1512430814285990,33554432,2097152,16,1279,26229
1512430814523691,1512430814549920,33554432,2097152,16,1279,26229
1512430814788397,1512430814814784,33554432,2097152,16,1271,26387
1512430815052998,1512430815079243,33554432,2097152,16,1278,26245
1512430815318115,1512430815344371,33554432,2097152,16,1277,26256
1512430815581873,1512430815608270,33554432,2097152,16,1271,26397
1512430815845938,1512430815872228,33554432,2097152,16,1276,26290
1512430816110686,1512430816137022,33554432,2097152,16,1274,26336
1512430816374342,1512430816400604,33554432,2097152,16,1277,26262
1512430816638175,1512430816664562,33554432,2097152,16,1271,26387
1512430816901353,1512430816927652,33554432,2097152,16,1275,26299
1512430817164500,1512430817190875,33554432,2097152,16,1272,26375
1512430817428571,1512430817454798,33554432,2097152,16,1279,26227
1512430817691793,1512430817718133,33554432,2097152,16,1273,26340
1512430817956547,1512430817982902,33554432,2097152,16,1273,26355
1512430818219848,1512430818246241,33554432,2097152,16,1271,26393
1512430818484125,1512430818510490,33554432,2097152,16,1272,26365
1512430818748002,1512430818774187,33554432,2097152,16,1281,26185
1512430819011680,1512430819038000,33554432,2097152,16,1274,26320
1512430819276418,1512430819302504,33554432,2097152,16,1286,26086
1512430819540126,1512430819566211,33554432,2097152,16,1286,26085
1512430819804771,1512430819830844,33554432,2097152,16,1286,26073
1512430820068165,1512430820094410,33554432,2097152,16,1278,26245
1512430820332597,1512430820358707,33554432,2097152,16,1285,26110
1512430820596149,1512430820622441,33554432,2097152,16,1276,26292
1512430820859675,1512430820885920,33554432,2097152,16,1278,26245
1512430821123529,1512430821149916,33554432,2097152,16,1271,26387
1512430821387757,1512430821414145,33554432,2097152,16,1271,26388
1512430821651716,1512430821677988,33554432,2097152,16,1277,26272
1512430821915935,1512430821942316,33554432,2097152,16,1271,26381
1512430822182102,1512430822208515,33554432,2097152,16,1270,26413
1512430822445962,1512430822472339,33554432,2097152,16,1272,26377
1512430822710247,1512430822736663,33554432,2097152,16,1270,26416
1512430822974627,1512430823000571,33554432,2097152,16,1293,25944
1512430823238025,1512430823264222,33554432,2097152,16,1280,26197
1512430823502203,1512430823528396,33554432,2097152,16,1281,26193
1512430823766696,1512430823792892,33554432,2097152,16,1280,26196
1512430824031473,1512430824057890,33554432,2097152,16,1270,26417
1512430824296126,1512430824322359,33554432,2097152,16,1279,26233
1512430824559881,1512430824586255,33554432,2097152,16,1272,26374
1512430824824444,1512430824850398,33554432,2097152,16,1292,25954
1512430825088100,1512430825114471,33554432,2097152,16,1272,26371
1512430825351991,1512430825378372,33554432,2097152,16,1271,26381
1512430825615555,1512430825641896,33554432,2097152,16,1273,26341
1512430825879699,1512430825905964,33554432,2097152,16,1277,26265
1512430826143788,1512430826170172,33554432,2097152,16,1271,26384
1512430826408104,1512430826434345,33554432,2097152,16,1278,26241
1512430826671895,1512430826698239,33554432,2097152,16,1273,26344
1512430826935568,1512430826961970,33554432,2097152,16,1270,26402
1512430827199922,1512430827226291,33554432,2097152,16,1272,26369
1512430827464225,1512430827490471,33554432,2097152,16,1278,26246
1512430827729005,1512430827755421,33554432,2097152,16,1270,26416
1512430827993828,1512430828020038,33554432,2097152,16,1280,26210
1512430828256670,1512430828283028,33554432,2097152,16,1273,26358
1512430828520610,1512430828546880,33554432,2097152,16,1277,26270
1512430828785623,1512430828811985,33554432,2097152,16,1272,26362
1512430829049847,1512430829076232,33554432,2097152,16,1271,26385
1512430829314053,1512430829340417,33554432,2097152,16,1272,26364
1512430829578360,1512430829604576,33554432,2097152,16,1279,26216
1512430829841375,1512430829867793,33554432,2097152,16,1270,26418
1512430830106335,1512430830132782,33554432,2097152,16,1268,26447
1512430830370783,1512430830397024,33554432,2097152,16,1278,26241
1512430830635211,1512430830661603,33554432,2097152,16,1271,26392
1512430830898886,1512430830925267,33554432,2097152,16,1271,26381
1512430831163643,1512430831190009,33554432,2097152,16,1272,26366
1512430831427457,1512430831453500,33554432,2097152,16,1288,26043
1512430831690787,1512430831717044,33554432,2097152,16,1277,26257
1512430831954901,1512430831981122,33554432,2097152,16,1279,26221
1512430832219041,1512430832245421,33554432,2097152,16,1271,26380
1512430832483705,1512430832509925,33554432,2097152,16,1279,26220
1512430832748950,1512430832775306,33554432,2097152,16,1273,26356
1512430833012474,1512430833038603,33554432,2097152,16,1284,26129
1512430833276310,1512430833302698,33554432,2097152,16,1271,26388
1512430833539870,1512430833566199,33554432,2097152,16,1274,26329
1512430833804098,1512430833830200,33554432,2097152,16,1285,26102
1512430834067422,1512430834093646,33554432,2097152,16,1279,26224
1512430834330771,1512430834356979,33554432,2097152,16,1280,26208
1512430834595624,1512430834621915,33554432,2097152,16,1276,26291
1512430834859146,1512430834885540,33554432,2097152,16,1271,26394
1512430835123450,1512430835149730,33554432,2097152,16,1276,26280
1512430835388229,1512430835414637,33554432,2097152,16,1270,26408
1512430835652599,1512430835678846,33554432,2097152,16,1278,26247
1512430835916772,1512430835943125,33554432,2097152,16,1273,26353
1512430836182052,1512430836208408,33554432,2097152,16,1273,26356
1512430836446674,1512430836473017,33554432,2097152,16,1273,26343
1512430836711960,1512430836738198,33554432,2097152,16,1278,26238
1512430836977082,1512430837003500,33554432,2097152,16,1270,26418
1512430837241191,1512430837267434,33554432,2097152,16,1278,26243
1512430837505924,1512430837532309,33554432,2097152,16,1271,26385
1512430837770314,1512430837796724,33554432,2097152,16,1270,26410
1512430838034426,1512430838060689,33554432,2097152,16,1277,26263
1512430838298067,1512430838324441,33554432,2097152,16,1272,26374
1512430838562101,1512430838588440,33554432,2097152,16,1273,26339
1512430838826342,1512430838852599,33554432,2097152,16,1277,26257
1512430839089514,1512430839115500,33554432,2097152,16,1291,25986
1512430839352703,1512430839378891,33554432,2097152,16,1281,26188
1512430839617520,1512430839643910,33554432,2097152,16,1271,26390
1512430839881199,1512430839907567,33554432,2097152,16,1272,26368
1512430840145046,1512430840171403,33554432,2097152,16,1273,26357
