1512501863102554,1512501863103559,1048576,65536,16,1043,1005
1512501863116509,1512501863117383,1048576,65536,16,1199,874
1512501863128909,1512501863129766,1048576,65536,16,1223,857
1512501863141178,1512501863142031,1048576,65536,16,1229,853
1512501863153432,1512501863154273,1048576,65536,16,1246,841
1512501863165679,1512501863166503,1048576,65536,16,1272,824
1512501863177615,1512501863178449,1048576,65536,16,1257,834
1512501863189555,1512501863190386,1048576,65536,16,1261,831
1512501863201472,1512501863202301,1048576,65536,16,1264,829
1512501863213413,1512501863214246,1048576,65536,16,1258,833
1512501863225370,1512501863226202,1048576,65536,16,1260,832
1512501863237321,1512501863238156,1048576,65536,16,1255,835
1512501863249290,1512501863250121,1048576,65536,16,1261,831
1512501863261271,1512501863262106,1048576,65536,16,1255,835
1512501863273279,1512501863274108,1048576,65536,16,1264,829
1512501863285257,1512501863286081,1048576,65536,16,1272,824
1512501863297352,1512501863298187,1048576,65536,16,1255,835
1512501863309289,1512501863310122,1048576,65536,16,1258,833
1512501863321265,1512501863322094,1048576,65536,16,1264,829
1512501863333171,1512501863334001,1048576,65536,16,1263,830
1512501863345135,1512501863345967,1048576,65536,16,1260,832
1512501863357098,1512501863357926,1048576,65536,16,1266,828
1512501863369019,1512501863369847,1048576,65536,16,1266,828
1512501863380933,1512501863381764,1048576,65536,16,1261,831
1512501863392889,1512501863393719,1048576,65536,16,1263,830
1512501863404817,1512501863405647,1048576,65536,16,1263,830
1512501863416806,1512501863417636,1048576,65536,16,1263,830
1512501863428765,1512501863429590,1048576,65536,16,1271,825
1512501863440675,1512501863441507,1048576,65536,16,1260,832
1512501863452605,1512501863453435,1048576,65536,16,1263,830
1512501863464583,1512501863465416,1048576,65536,16,1258,833
1512501863476535,1512501863477370,1048576,65536,16,1255,835
1512501863488466,1512501863489302,1048576,65536,16,1254,836
1512501863500381,1512501863501215,1048576,65536,16,1257,834
1512501863512307,1512501863513140,1048576,65536,16,1258,833
1512501863524339,1512501863525175,1048576,65536,16,1254,836
1512501863536421,1512501863537241,1048576,65536,16,1278,820
1512501863548321,1512501863549146,1048576,65536,16,1271,825
1512501863560252,1512501863561088,1048576,65536,16,1254,836
1512501863572338,1512501863573172,1048576,65536,16,1257,834
1512501863584259,1512501863585089,1048576,65536,16,1263,830
1512501863596172,1512501863596998,1048576,65536,16,1269,826
1512501863608139,1512501863608968,1048576,65536,16,1264,829
1512501863620070,1512501863620908,1048576,65536,16,1251,838
1512501863631997,1512501863632829,1048576,65536,16,1260,832
1512501863643890,1512501863644722,1048576,65536,16,1260,832
1512501863655846,1512501863656683,1048576,65536,16,1252,837
1512501863667802,1512501863668627,1048576,65536,16,1271,825
1512501863679706,1512501863680538,1048576,65536,16,1260,832
1512501863691639,1512501863692472,1048576,65536,16,1258,833
1512501863703605,1512501863704437,1048576,65536,16,1260,832
1512501863715537,1512501863716372,1048576,65536,16,1255,835
1512501863727475,1512501863728299,1048576,65536,16,1272,824
1512501863739340,1512501863740175,1048576,65536,16,1255,835
1512501863751289,1512501863752126,1048576,65536,16,1252,837
1512501863763206,1512501863764037,1048576,65536,16,1261,831
1512501863775112,1512501863775948,1048576,65536,16,1254,836
1512501863787044,1512501863787877,1048576,65536,16,1258,833
1512501863799020,1512501863799851,1048576,65536,16,1261,831
1512501863810926,1512501863811757,1048576,65536,16,1261,831
1512501863822803,1512501863823633,1048576,65536,16,1263,830
1512501863834769,1512501863835600,1048576,65536,16,1261,831
1512501863846693,1512501863847528,1048576,65536,16,1255,835
1512501863858643,1512501863859480,1048576,65536,16,1252,837
1512501863870687,1512501863871520,1048576,65536,16,1258,833
1512501863882615,1512501863883448,1048576,65536,16,1258,833
1512501863894561,1512501863895394,1048576,65536,16,1258,833
1512501863906532,1512501863907368,1048576,65536,16,1254,836
1512501863918500,1512501863919333,1048576,65536,16,1258,833
1512501863930453,1512501863931286,1048576,65536,16,1258,833
1512501863942368,1512501863943193,1048576,65536,16,1271,825
1512501863954286,1512501863955122,1048576,65536,16,1254,836
1512501863966230,1512501863967064,1048576,65536,16,1257,834
1512501863978176,1512501863979003,1048576,65536,16,1267,827
1512501863990143,1512501863990967,1048576,65536,16,1272,824
1512501864002071,1512501864002900,1048576,65536,16,1264,829
1512501864013969,1512501864014804,1048576,65536,16,1255,835
1512501864025904,1512501864026739,1048576,65536,16,1255,835
1512501864037840,1512501864038675,1048576,65536,16,1255,835
1512501864049777,1512501864050599,1048576,65536,16,1275,822
1512501864061720,1512501864062546,1048576,65536,16,1269,826
1512501864073614,1512501864074450,1048576,65536,16,1254,836
1512501864085582,1512501864086406,1048576,65536,16,1272,824
1512501864097506,1512501864098333,1048576,65536,16,1267,827
1512501864109413,1512501864110247,1048576,65536,16,1257,834
1512501864121368,1512501864122195,1048576,65536,16,1267,827
1512501864133315,1512501864134151,1048576,65536,16,1254,836
1512501864145291,1512501864146119,1048576,65536,16,1266,828
1512501864157350,1512501864158180,1048576,65536,16,1263,830
1512501864169327,1512501864170158,1048576,65536,16,1261,831
1512501864181315,1512501864182130,1048576,65536,16,1286,815
1512501864193219,1512501864194053,1048576,65536,16,1257,834
1512501864205146,1512501864205977,1048576,65536,16,1261,831
1512501864217094,1512501864217926,1048576,65536,16,1260,832
1512501864229049,1512501864229882,1048576,65536,16,1258,833
1512501864241000,1512501864241831,1048576,65536,16,1261,831
1512501864253024,1512501864253856,1048576,65536,16,1260,832
1512501864264909,1512501864265741,1048576,65536,16,1260,832
1512501864276804,1512501864277637,1048576,65536,16,1258,833
1512501864288718,1512501864289548,1048576,65536,16,1263,830
1512501864300659,1512501864301492,1048576,65536,16,1258,833
1512501864312607,1512501864313440,1048576,65536,16,1258,833
1512501864324558,1512501864325394,1048576,65536,16,1254,836
1512501864336542,1512501864337376,1048576,65536,16,1257,834
1512501864348511,1512501864349337,1048576,65536,16,1269,826
1512501864360436,1512501864361266,1048576,65536,16,1263,830
1512501864372380,1512501864373208,1048576,65536,16,1266,828
1512501864384313,1512501864385148,1048576,65536,16,1255,835
1512501864396275,1512501864397108,1048576,65536,16,1258,833
1512501864408206,1512501864409040,1048576,65536,16,1257,834
1512501864420123,1512501864420956,1048576,65536,16,1258,833
1512501864432106,1512501864432930,1048576,65536,16,1272,824
1512501864444027,1512501864444860,1048576,65536,16,1258,833
1512501864456002,1512501864456840,1048576,65536,16,1251,838
1512501864467904,1512501864468733,1048576,65536,16,1264,829
1512501864479884,1512501864480718,1048576,65536,16,1257,834
1512501864491807,1512501864492635,1048576,65536,16,1266,828
1512501864503775,1512501864504606,1048576,65536,16,1261,831
1512501864515740,1512501864516574,1048576,65536,16,1257,834
1512501864527740,1512501864528570,1048576,65536,16,1263,830
1512501864539668,1512501864540501,1048576,65536,16,1258,833
1512501864551675,1512501864552500,1048576,65536,16,1271,825
1512501864563618,1512501864564436,1048576,65536,16,1281,818
1512501864575503,1512501864576333,1048576,65536,16,1263,830
1512501864587471,1512501864588300,1048576,65536,16,1264,829
1512501864599458,1512501864600279,1048576,65536,16,1277,821
1512501864611377,1512501864612202,1048576,65536,16,1271,825
1512501864623275,1512501864624108,1048576,65536,16,1258,833
1512501864635238,1512501864636070,1048576,65536,16,1260,832
1512501864647197,1512501864648025,1048576,65536,16,1266,828
1512501864659126,1512501864659952,1048576,65536,16,1269,826
1512501864671079,1512501864671908,1048576,65536,16,1264,829
1512501864683037,1512501864683861,1048576,65536,16,1272,824
1512501864695046,1512501864695879,1048576,65536,16,1258,833
1512501864706986,1512501864707818,1048576,65536,16,1260,832
1512501864718874,1512501864719705,1048576,65536,16,1261,831
1512501864730787,1512501864731615,1048576,65536,16,1266,828
1512501864742681,1512501864743506,1048576,65536,16,1271,825
1512501864754572,1512501864755404,1048576,65536,16,1260,832
1512501864766450,1512501864767281,1048576,65536,16,1261,831
1512501864778329,1512501864779162,1048576,65536,16,1258,833
1512501864790259,1512501864791089,1048576,65536,16,1263,830
1512501864802133,1512501864802959,1048576,65536,16,1269,826
1512501864814027,1512501864814856,1048576,65536,16,1264,829
1512501864826004,1512501864826828,1048576,65536,16,1272,824
1512501864837894,1512501864838725,1048576,65536,16,1261,831
1512501864849818,1512501864850648,1048576,65536,16,1263,830
1512501864861803,1512501864862633,1048576,65536,16,1263,830
1512501864873726,1512501864874560,1048576,65536,16,1257,834
1512501864885639,1512501864886467,1048576,65536,16,1266,828
1512501864897575,1512501864898405,1048576,65536,16,1263,830
1512501864909502,1512501864910328,1048576,65536,16,1269,826
1512501864921407,1512501864922243,1048576,65536,16,1254,836
1512501864933357,1512501864934190,1048576,65536,16,1258,833
1512501864945273,1512501864946091,1048576,65536,16,1281,818
1512501864957184,1512501864958015,1048576,65536,16,1261,831
1512501864969111,1512501864969941,1048576,65536,16,1263,830
1512501864981088,1512501864981920,1048576,65536,16,1260,832
1512501864993018,1512501864993851,1048576,65536,16,1258,833
1512501865004937,1512501865005772,1048576,65536,16,1255,835
1512501865016862,1512501865017697,1048576,65536,16,1255,835
1512501865028833,1512501865029666,1048576,65536,16,1258,833
1512501865040811,1512501865041639,1048576,65536,16,1266,828
1512501865052802,1512501865053635,1048576,65536,16,1258,833
1512501865064793,1512501865065624,1048576,65536,16,1261,831
1512501865076739,1512501865077561,1048576,65536,16,1275,822
1512501865088709,1512501865089536,1048576,65536,16,1267,827
1512501865100670,1512501865101500,1048576,65536,16,1263,830
1512501865112584,1512501865113420,1048576,65536,16,1254,836
1512501865124634,1512501865125469,1048576,65536,16,1255,835
1512501865136593,1512501865137425,1048576,65536,16,1260,832
1512501865148518,1512501865149349,1048576,65536,16,1261,831
1512501865160412,1512501865161238,1048576,65536,16,1269,826
1512501865172311,1512501865173144,1048576,65536,16,1258,833
1512501865184274,1512501865185110,1048576,65536,16,1254,836
1512501865196188,1512501865197020,1048576,65536,16,1260,832
1512501865208155,1512501865208984,1048576,65536,16,1264,829
1512501865220080,1512501865220915,1048576,65536,16,1255,835
1512501865231994,1512501865232827,1048576,65536,16,1258,833
1512501865243900,1512501865244728,1048576,65536,16,1266,828
1512501865255817,1512501865256648,1048576,65536,16,1261,831
1512501865267732,1512501865268563,1048576,65536,16,1261,831
1512501865279624,1512501865280450,1048576,65536,16,1269,826
1512501865291571,1512501865292399,1048576,65536,16,1266,828
1512501865303508,1512501865304335,1048576,65536,16,1267,827
1512501865315464,1512501865316289,1048576,65536,16,1271,825
1512501865327383,1512501865328212,1048576,65536,16,1264,829
1512501865339310,1512501865340146,1048576,65536,16,1254,836
1512501865351243,1512501865352074,1048576,65536,16,1261,831
1512501865363166,1512501865364001,1048576,65536,16,1255,835
1512501865375111,1512501865375945,1048576,65536,16,1257,834
1512501865387087,1512501865387913,1048576,65536,16,1269,826
1512501865399028,1512501865399858,1048576,65536,16,1263,830
1512501865410972,1512501865411806,1048576,65536,16,1257,834
1512501865422850,1512501865423685,1048576,65536,16,1255,835
1512501865434784,1512501865435606,1048576,65536,16,1275,822
1512501865446672,1512501865447504,1048576,65536,16,1260,832
1512501865458569,1512501865459390,1048576,65536,16,1277,821
1512501865470473,1512501865471304,1048576,65536,16,1261,831
1512501865482400,1512501865483232,1048576,65536,16,1260,832
1512501865494311,1512501865495143,1048576,65536,16,1260,832
1512501865506249,1512501865507083,1048576,65536,16,1257,834
1512501865518170,1512501865519000,1048576,65536,16,1263,830
1512501865530091,1512501865530928,1048576,65536,16,1252,837
1512501865541999,1512501865542829,1048576,65536,16,1263,830
1512501865553906,1512501865554743,1048576,65536,16,1252,837
1512501865565841,1512501865566670,1048576,65536,16,1264,829
1512501865577754,1512501865578583,1048576,65536,16,1264,829
1512501865589703,1512501865590520,1048576,65536,16,1283,817
1512501865601618,1512501865602451,1048576,65536,16,1258,833
1512501865613532,1512501865614362,1048576,65536,16,1263,830
1512501865625454,1512501865626282,1048576,65536,16,1266,828
1512501865637387,1512501865638218,1048576,65536,16,1261,831
1512501865649354,1512501865650182,1048576,65536,16,1266,828
1512501865661248,1512501865662073,1048576,65536,16,1271,825
1512501865673148,1512501865673981,1048576,65536,16,1258,833
1512501865685075,1512501865685908,1048576,65536,16,1258,833
1512501865696988,1512501865697823,1048576,65536,16,1255,835
1512501865708942,1512501865709771,1048576,65536,16,1264,829
1512501865720871,1512501865721702,1048576,65536,16,1261,831
1512501865732853,1512501865733684,1048576,65536,16,1261,831
1512501865744750,1512501865745576,1048576,65536,16,1269,826
1512501865756640,1512501865757474,1048576,65536,16,1257,834
1512501865768545,1512501865769374,1048576,65536,16,1264,829
1512501865780452,1512501865781279,1048576,65536,16,1267,827
1512501865792356,1512501865793190,1048576,65536,16,1257,834
1512501865804284,1512501865805115,1048576,65536,16,1261,831
1512501865816234,1512501865817063,1048576,65536,16,1264,829
1512501865828155,1512501865828985,1048576,65536,16,1263,830
1512501865840049,1512501865840873,1048576,65536,16,1272,824
1512501865851949,1512501865852780,1048576,65536,16,1261,831
1512501865863903,1512501865864738,1048576,65536,16,1255,835
1512501865875834,1512501865876668,1048576,65536,16,1257,834
1512501865887759,1512501865888587,1048576,65536,16,1266,828
1512501865899698,1512501865900526,1048576,65536,16,1266,828
1512501865911582,1512501865912411,1048576,65536,16,1264,829
1512501865923451,1512501865924285,1048576,65536,16,1257,834
1512501865935371,1512501865936203,1048576,65536,16,1260,832
1512501865947274,1512501865948100,1048576,65536,16,1269,826
1512501865959139,1512501865959974,1048576,65536,16,1255,835
1512501865971120,1512501865971935,1048576,65536,16,1286,815
1512501865983053,1512501865983882,1048576,65536,16,1264,829
1512501865994992,1512501865995828,1048576,65536,16,1254,836
1512501866006882,1512501866007709,1048576,65536,16,1267,827
1512501866018849,1512501866019684,1048576,65536,16,1255,835
1512501866030772,1512501866031602,1048576,65536,16,1263,830
1512501866042680,1512501866043506,1048576,65536,16,1269,826
1512501866054561,1512501866055395,1048576,65536,16,1257,834
1512501866066479,1512501866067305,1048576,65536,16,1269,826
1512501866078406,1512501866079239,1048576,65536,16,1258,833
1512501866090415,1512501866091244,1048576,65536,16,1264,829
1512501866102304,1512501866103124,1048576,65536,16,1278,820
1512501866114227,1512501866115054,1048576,65536,16,1267,827
1512501866126139,1512501866126966,1048576,65536,16,1267,827
1512501866138036,1512501866138868,1048576,65536,16,1260,832
1512501866149978,1512501866150807,1048576,65536,16,1264,829
1512501866161962,1512501866162789,1048576,65536,16,1267,827
1512501866173932,1512501866174768,1048576,65536,16,1254,836
1512501866185905,1512501866186740,1048576,65536,16,1255,835
1512501866197843,1512501866198679,1048576,65536,16,1254,836
1512501866209812,1512501866210647,1048576,65536,16,1255,835
1512501866221744,1512501866222569,1048576,65536,16,1271,825
1512501866233676,1512501866234506,1048576,65536,16,1263,830
1512501866245573,1512501866246410,1048576,65536,16,1252,837
1512501866257517,1512501866258347,1048576,65536,16,1263,830
1512501866269481,1512501866270319,1048576,65536,16,1251,838
1512501866281393,1512501866282228,1048576,65536,16,1255,835
1512501866293370,1512501866294203,1048576,65536,16,1258,833
1512501866305323,1512501866306156,1048576,65536,16,1258,833
1512501866317288,1512501866318121,1048576,65536,16,1258,833
1512501866329248,1512501866330085,1048576,65536,16,1252,837
1512501866341215,1512501866342046,1048576,65536,16,1261,831
1512501866353214,1512501866354038,1048576,65536,16,1272,824
1512501866365126,1512501866365954,1048576,65536,16,1266,828
1512501866377056,1512501866377885,1048576,65536,16,1264,829
1512501866389017,1512501866389846,1048576,65536,16,1264,829
1512501866400898,1512501866401735,1048576,65536,16,1252,837
1512501866412877,1512501866413716,1048576,65536,16,1249,839
1512501866424844,1512501866425676,1048576,65536,16,1260,832
1512501866436720,1512501866437552,1048576,65536,16,1260,832
1512501866448602,1512501866449435,1048576,65536,16,1258,833
1512501866460489,1512501866461323,1048576,65536,16,1257,834
1512501866472465,1512501866473299,1048576,65536,16,1257,834
1512501866484404,1512501866485224,1048576,65536,16,1278,820
1512501866496334,1512501866497168,1048576,65536,16,1257,834
1512501866508256,1512501866509090,1048576,65536,16,1257,834
1512501866520283,1512501866521109,1048576,65536,16,1269,826
1512501866532219,1512501866533052,1048576,65536,16,1258,833
1512501866544141,1512501866544978,1048576,65536,16,1252,837
1512501866556102,1512501866556930,1048576,65536,16,1266,828
1512501866568050,1512501866568885,1048576,65536,16,1255,835
1512501866580089,1512501866580925,1048576,65536,16,1254,836
1512501866592113,1512501866592945,1048576,65536,16,1260,832
1512501866604059,1512501866604888,1048576,65536,16,1264,829
1512501866615999,1512501866616835,1048576,65536,16,1254,836
1512501866627929,1512501866628763,1048576,65536,16,1257,834
1512501866639818,1512501866640651,1048576,65536,16,1258,833
1512501866651749,1512501866652583,1048576,65536,16,1257,834
1512501866663709,1512501866664543,1048576,65536,16,1257,834
1512501866675647,1512501866676476,1048576,65536,16,1264,829
1512501866687562,1512501866688395,1048576,65536,16,1258,833
1512501866699506,1512501866700339,1048576,65536,16,1258,833
1512501866711395,1512501866712223,1048576,65536,16,1266,828
1512501866723342,1512501866724173,1048576,65536,16,1261,831
1512501866735350,1512501866736184,1048576,65536,16,1257,834
1512501866747341,1512501866748173,1048576,65536,16,1260,832
1512501866759312,1512501866760148,1048576,65536,16,1254,836
1512501866771287,1512501866772125,1048576,65536,16,1251,838
1512501866783290,1512501866784124,1048576,65536,16,1257,834
1512501866795189,1512501866796020,1048576,65536,16,1261,831
1512501866807086,1512501866807919,1048576,65536,16,1258,833
1512501866818986,1512501866819810,1048576,65536,16,1272,824
1512501866831022,1512501866831855,1048576,65536,16,1258,833
1512501866843045,1512501866843879,1048576,65536,16,1257,834
1512501866855032,1512501866855866,1048576,65536,16,1257,834
1512501866866953,1512501866867770,1048576,65536,16,1283,817
1512501866878911,1512501866879741,1048576,65536,16,1263,830
1512501866890859,1512501866891692,1048576,65536,16,1258,833
1512501866902839,1512501866903675,1048576,65536,16,1254,836
1512501866914812,1512501866915637,1048576,65536,16,1271,825
1512501866926722,1512501866927545,1048576,65536,16,1274,823
1512501866938647,1512501866939470,1048576,65536,16,1274,823
1512501866950618,1512501866951447,1048576,65536,16,1264,829
1512501866962579,1512501866963416,1048576,65536,16,1252,837
1512501866974603,1512501866975436,1048576,65536,16,1258,833
1512501866986512,1512501866987341,1048576,65536,16,1264,829
1512501866998425,1512501866999248,1048576,65536,16,1274,823
1512501867010337,1512501867011160,1048576,65536,16,1274,823
1512501867022245,1512501867023077,1048576,65536,16,1260,832
1512501867034251,1512501867035086,1048576,65536,16,1255,835
1512501867046186,1512501867047019,1048576,65536,16,1258,833
1512501867058121,1512501867058949,1048576,65536,16,1266,828
1512501867070076,1512501867070911,1048576,65536,16,1255,835
1512501867082030,1512501867082862,1048576,65536,16,1260,832
1512501867093995,1512501867094829,1048576,65536,16,1257,834
1512501867105961,1512501867106792,1048576,65536,16,1261,831
1512501867117874,1512501867118708,1048576,65536,16,1257,834
1512501867129762,1512501867130587,1048576,65536,16,1271,825
1512501867141714,1512501867142548,1048576,65536,16,1257,834
1512501867153667,1512501867154494,1048576,65536,16,1267,827
1512501867165618,1512501867166450,1048576,65536,16,1260,832
1512501867177579,1512501867178412,1048576,65536,16,1258,833
1512501867189552,1512501867190383,1048576,65536,16,1261,831
1512501867201518,1512501867202350,1048576,65536,16,1260,832
1512501867213428,1512501867214261,1048576,65536,16,1258,833
1512501867225462,1512501867226297,1048576,65536,16,1255,835
1512501867237401,1512501867238233,1048576,65536,16,1260,832
1512501867249403,1512501867250229,1048576,65536,16,1269,826
1512501867261378,1512501867262212,1048576,65536,16,1257,834
1512501867273307,1512501867274139,1048576,65536,16,1260,832
1512501867285237,1512501867286062,1048576,65536,16,1271,825
1512501867297162,1512501867297994,1048576,65536,16,1260,832
1512501867309121,1512501867309951,1048576,65536,16,1263,830
1512501867321015,1512501867321846,1048576,65536,16,1261,831
1512501867332902,1512501867333736,1048576,65536,16,1257,834
1512501867344795,1512501867345620,1048576,65536,16,1271,825
1512501867356769,1512501867357601,1048576,65536,16,1260,832
1512501867368715,1512501867369547,1048576,65536,16,1260,832
1512501867380720,1512501867381542,1048576,65536,16,1275,822
1512501867392582,1512501867393411,1048576,65536,16,1264,829
1512501867404488,1512501867405319,1048576,65536,16,1261,831
1512501867416436,1512501867417270,1048576,65536,16,1257,834
1512501867428412,1512501867429238,1048576,65536,16,1269,826
1512501867440343,1512501867441171,1048576,65536,16,1266,828
1512501867452380,1512501867453215,1048576,65536,16,1255,835
1512501867464359,1512501867465190,1048576,65536,16,1261,831
1512501867476311,1512501867477147,1048576,65536,16,1254,836
1512501867488202,1512501867489034,1048576,65536,16,1260,832
1512501867500101,1512501867500932,1048576,65536,16,1261,831
1512501867511992,1512501867512824,1048576,65536,16,1260,832
1512501867523974,1512501867524808,1048576,65536,16,1257,834
1512501867535912,1512501867536744,1048576,65536,16,1260,832
1512501867547847,1512501867548670,1048576,65536,16,1274,823
1512501867559769,1512501867560588,1048576,65536,16,1280,819
1512501867571704,1512501867572536,1048576,65536,16,1260,832
1512501867583684,1512501867584516,1048576,65536,16,1260,832
1512501867595615,1512501867596428,1048576,65536,16,1289,813
1512501867607521,1512501867608357,1048576,65536,16,1254,836
1512501867619471,1512501867620307,1048576,65536,16,1254,836
1512501867631400,1512501867632238,1048576,65536,16,1251,838
1512501867643322,1512501867644157,1048576,65536,16,1255,835
1512501867655273,1512501867656103,1048576,65536,16,1263,830
1512501867667237,1512501867668066,1048576,65536,16,1264,829
1512501867679124,1512501867679954,1048576,65536,16,1263,830
1512501867691092,1512501867691915,1048576,65536,16,1274,823
1512501867703027,1512501867703860,1048576,65536,16,1258,833
1512501867715036,1512501867715865,1048576,65536,16,1264,829
1512501867727012,1512501867727844,1048576,65536,16,1260,832
1512501867738967,1512501867739802,1048576,65536,16,1255,835
1512501867750943,1512501867751776,1048576,65536,16,1258,833
1512501867762862,1512501867763689,1048576,65536,16,1267,827
1512501867774778,1512501867775605,1048576,65536,16,1267,827
1512501867786687,1512501867787513,1048576,65536,16,1269,826
1512501867798594,1512501867799428,1048576,65536,16,1257,834
1512501867810539,1512501867811373,1048576,65536,16,1257,834
1512501867822452,1512501867823282,1048576,65536,16,1263,830
1512501867834418,1512501867835248,1048576,65536,16,1263,830
1512501867846408,1512501867847238,1048576,65536,16,1263,830
1512501867858383,1512501867859212,1048576,65536,16,1264,829
1512501867870337,1512501867871172,1048576,65536,16,1255,835
1512501867882237,1512501867883069,1048576,65536,16,1260,832
1512501867894193,1512501867895017,1048576,65536,16,1272,824
1512501867906099,1512501867906927,1048576,65536,16,1266,828
1512501867918067,1512501867918898,1048576,65536,16,1261,831
1512501867930082,1512501867930919,1048576,65536,16,1252,837
1512501867942076,1512501867942909,1048576,65536,16,1258,833
1512501867954014,1512501867954852,1048576,65536,16,1251,838
1512501867965934,1512501867966765,1048576,65536,16,1261,831
1512501867977841,1512501867978670,1048576,65536,16,1264,829
1512501867989753,1512501867990579,1048576,65536,16,1269,826
1512501868001658,1512501868002484,1048576,65536,16,1269,826
1512501868013616,1512501868014447,1048576,65536,16,1261,831
1512501868025508,1512501868026339,1048576,65536,16,1261,831
1512501868037466,1512501868038291,1048576,65536,16,1271,825
1512501868049453,1512501868050282,1048576,65536,16,1264,829
1512501868061392,1512501868062222,1048576,65536,16,1263,830
1512501868073300,1512501868074130,1048576,65536,16,1263,830
1512501868085298,1512501868086126,1048576,65536,16,1266,828
1512501868097282,1512501868098106,1048576,65536,16,1272,824
1512501868109199,1512501868110027,1048576,65536,16,1266,828
1512501868121129,1512501868121959,1048576,65536,16,1263,830
1512501868133097,1512501868133933,1048576,65536,16,1254,836
1512501868145021,1512501868145842,1048576,65536,16,1277,821
1512501868156982,1512501868157813,1048576,65536,16,1261,831
1512501868168929,1512501868169761,1048576,65536,16,1260,832
1512501868180962,1512501868181793,1048576,65536,16,1261,831
1512501868192906,1512501868193743,1048576,65536,16,1252,837
1512501868204897,1512501868205730,1048576,65536,16,1258,833
1512501868216839,1512501868217667,1048576,65536,16,1266,828
1512501868228820,1512501868229654,1048576,65536,16,1257,834
1512501868240845,1512501868241669,1048576,65536,16,1272,824
1512501868252807,1512501868253640,1048576,65536,16,1258,833
1512501868264760,1512501868265586,1048576,65536,16,1269,826
1512501868276693,1512501868277517,1048576,65536,16,1272,824
1512501868288620,1512501868289447,1048576,65536,16,1267,827
1512501868300591,1512501868301412,1048576,65536,16,1277,821
1512501868312513,1512501868313334,1048576,65536,16,1277,821
1512501868324388,1512501868325212,1048576,65536,16,1272,824
1512501868336293,1512501868337120,1048576,65536,16,1267,827
1512501868348215,1512501868349036,1048576,65536,16,1277,821
1512501868360092,1512501868360912,1048576,65536,16,1278,820
1512501868371992,1512501868372812,1048576,65536,16,1278,820
1512501868383871,1512501868384700,1048576,65536,16,1264,829
1512501868395752,1512501868396576,1048576,65536,16,1272,824
1512501868407656,1512501868408489,1048576,65536,16,1258,833
1512501868419604,1512501868420437,1048576,65536,16,1258,833
1512501868431578,1512501868432413,1048576,65536,16,1255,835
1512501868443561,1512501868444396,1048576,65536,16,1255,835
1512501868455482,1512501868456316,1048576,65536,16,1257,834
1512501868467367,1512501868468202,1048576,65536,16,1255,835
1512501868479310,1512501868480146,1048576,65536,16,1254,836
1512501868491228,1512501868492064,1048576,65536,16,1254,836
1512501868503180,1512501868504018,1048576,65536,16,1251,838
1512501868515107,1512501868515943,1048576,65536,16,1254,836
1512501868526977,1512501868527817,1048576,65536,16,1248,840
1512501868538862,1512501868539691,1048576,65536,16,1264,829
1512501868550762,1512501868551595,1048576,65536,16,1258,833
1512501868562683,1512501868563517,1048576,65536,16,1257,834
1512501868574596,1512501868575428,1048576,65536,16,1260,832
1512501868586502,1512501868587338,1048576,65536,16,1254,836
1512501868598411,1512501868599229,1048576,65536,16,1281,818
1512501868610338,1512501868611158,1048576,65536,16,1278,820
1512501868622263,1512501868623088,1048576,65536,16,1271,825
1512501868634166,1512501868634997,1048576,65536,16,1261,831
1512501868646029,1512501868646863,1048576,65536,16,1257,834
1512501868657985,1512501868658811,1048576,65536,16,1269,826
1512501868669859,1512501868670694,1048576,65536,16,1255,835
1512501868681793,1512501868682623,1048576,65536,16,1263,830
1512501868693692,1512501868694526,1048576,65536,16,1257,834
1512501868705641,1512501868706481,1048576,65536,16,1248,840
1512501868717547,1512501868718386,1048576,65536,16,1249,839
1512501868729470,1512501868730302,1048576,65536,16,1260,832
1512501868741369,1512501868742203,1048576,65536,16,1257,834
1512501868753301,1512501868754136,1048576,65536,16,1255,835
1512501868765170,1512501868766005,1048576,65536,16,1255,835
1512501868777050,1512501868777882,1048576,65536,16,1260,832
1512501868788947,1512501868789773,1048576,65536,16,1269,826
1512501868800832,1512501868801662,1048576,65536,16,1263,830
1512501868812810,1512501868813635,1048576,65536,16,1271,825
1512501868824740,1512501868825572,1048576,65536,16,1260,832
1512501868836664,1512501868837499,1048576,65536,16,1255,835
1512501868848619,1512501868849451,1048576,65536,16,1260,832
1512501868860607,1512501868861443,1048576,65536,16,1254,836
1512501868872551,1512501868873386,1048576,65536,16,1255,835
1512501868884441,1512501868885272,1048576,65536,16,1261,831
1512501868896362,1512501868897194,1048576,65536,16,1260,832
1512501868908277,1512501868909109,1048576,65536,16,1260,832
1512501868920211,1512501868921040,1048576,65536,16,1264,829
1512501868932158,1512501868932992,1048576,65536,16,1257,834
1512501868944124,1512501868944956,1048576,65536,16,1260,832
1512501868956058,1512501868956894,1048576,65536,16,1254,836
1512501868968011,1512501868968846,1048576,65536,16,1255,835
1512501868979890,1512501868980725,1048576,65536,16,1255,835
1512501868991861,1512501868992693,1048576,65536,16,1260,832
1512501869003736,1512501869004563,1048576,65536,16,1267,827
1512501869015688,1512501869016526,1048576,65536,16,1251,838
1512501869027635,1512501869028465,1048576,65536,16,1263,830
1512501869039507,1512501869040348,1048576,65536,16,1246,841
1512501869051430,1512501869052265,1048576,65536,16,1255,835
1512501869063331,1512501869064165,1048576,65536,16,1257,834
1512501869075260,1512501869076092,1048576,65536,16,1260,832
1512501869087204,1512501869088036,1048576,65536,16,1260,832
1512501869099190,1512501869100024,1048576,65536,16,1257,834
1512501869111110,1512501869111939,1048576,65536,16,1264,829
1512501869123038,1512501869123869,1048576,65536,16,1261,831
1512501869134947,1512501869135779,1048576,65536,16,1260,832
1512501869146874,1512501869147706,1048576,65536,16,1260,832
1512501869158847,1512501869159674,1048576,65536,16,1267,827
1512501869170834,1512501869171659,1048576,65536,16,1271,825
1512501869182829,1512501869183653,1048576,65536,16,1272,824
1512501869194724,1512501869195557,1048576,65536,16,1258,833
1512501869206675,1512501869207506,1048576,65536,16,1261,831
1512501869218618,1512501869219453,1048576,65536,16,1255,835
1512501869230510,1512501869231347,1048576,65536,16,1252,837
1512501869242468,1512501869243300,1048576,65536,16,1260,832
1512501869254546,1512501869255381,1048576,65536,16,1255,835
1512501869266534,1512501869267364,1048576,65536,16,1263,830
1512501869278447,1512501869279272,1048576,65536,16,1271,825
1512501869290388,1512501869291219,1048576,65536,16,1261,831
1512501869302369,1512501869303186,1048576,65536,16,1283,817
1512501869314315,1512501869315147,1048576,65536,16,1260,832
1512501869326235,1512501869327069,1048576,65536,16,1257,834
1512501869338231,1512501869339064,1048576,65536,16,1258,833
1512501869350132,1512501869350963,1048576,65536,16,1261,831
1512501869362103,1512501869362937,1048576,65536,16,1257,834
1512501869373983,1512501869374815,1048576,65536,16,1260,832
1512501869385880,1512501869386720,1048576,65536,16,1248,840
1512501869397831,1512501869398671,1048576,65536,16,1248,840
1512501869409736,1512501869410569,1048576,65536,16,1258,833
1512501869421626,1512501869422465,1048576,65536,16,1249,839
1512501869433617,1512501869434452,1048576,65536,16,1255,835
1512501869445510,1512501869446341,1048576,65536,16,1261,831
1512501869457414,1512501869458251,1048576,65536,16,1252,837
1512501869469363,1512501869470195,1048576,65536,16,1260,832
1512501869481302,1512501869482137,1048576,65536,16,1255,835
1512501869493258,1512501869494092,1048576,65536,16,1257,834
1512501869505155,1512501869505986,1048576,65536,16,1261,831
1512501869517042,1512501869517879,1048576,65536,16,1252,837
1512501869528913,1512501869529749,1048576,65536,16,1254,836
1512501869540847,1512501869541675,1048576,65536,16,1266,828
1512501869552754,1512501869553571,1048576,65536,16,1283,817
1512501869564703,1512501869565537,1048576,65536,16,1257,834
1512501869576660,1512501869577488,1048576,65536,16,1266,828
1512501869588564,1512501869589402,1048576,65536,16,1251,838
1512501869600472,1512501869601310,1048576,65536,16,1251,838
1512501869612415,1512501869613252,1048576,65536,16,1252,837
1512501869624450,1512501869625285,1048576,65536,16,1255,835
1512501869636343,1512501869637167,1048576,65536,16,1272,824
1512501869648246,1512501869649083,1048576,65536,16,1252,837
1512501869660164,1512501869660998,1048576,65536,16,1257,834
1512501869672054,1512501869672885,1048576,65536,16,1261,831
1512501869683987,1512501869684806,1048576,65536,16,1280,819
1512501869695877,1512501869696711,1048576,65536,16,1257,834
1512501869707809,1512501869708639,1048576,65536,16,1263,830
1512501869719754,1512501869720589,1048576,65536,16,1255,835
1512501869731713,1512501869732548,1048576,65536,16,1255,835
1512501869743677,1512501869744505,1048576,65536,16,1266,828
1512501869755558,1512501869756391,1048576,65536,16,1258,833
1512501869767497,1512501869768334,1048576,65536,16,1252,837
1512501869779427,1512501869780264,1048576,65536,16,1252,837
1512501869791384,1512501869792218,1048576,65536,16,1257,834
1512501869803356,1512501869804191,1048576,65536,16,1255,835
1512501869815309,1512501869816140,1048576,65536,16,1261,831
1512501869827231,1512501869828070,1048576,65536,16,1249,839
1512501869839127,1512501869839960,1048576,65536,16,1258,833
1512501869851188,1512501869852016,1048576,65536,16,1266,828
1512501869863081,1512501869863915,1048576,65536,16,1257,834
1512501869875032,1512501869875867,1048576,65536,16,1255,835
1512501869886993,1512501869887827,1048576,65536,16,1257,834
1512501869898903,1512501869899738,1048576,65536,16,1255,835
1512501869910865,1512501869911699,1048576,65536,16,1257,834
1512501869922788,1512501869923617,1048576,65536,16,1264,829
1512501869934716,1512501869935551,1048576,65536,16,1255,835
1512501869946672,1512501869947504,1048576,65536,16,1260,832
1512501869958631,1512501869959462,1048576,65536,16,1261,831
1512501869970530,1512501869971365,1048576,65536,16,1255,835
1512501869982440,1512501869983276,1048576,65536,16,1254,836
1512501869994354,1512501869995188,1048576,65536,16,1257,834
1512501870006306,1512501870007133,1048576,65536,16,1267,827
1512501870018234,1512501870019071,1048576,65536,16,1252,837
1512501870030194,1512501870031028,1048576,65536,16,1257,834
1512501870042099,1512501870042938,1048576,65536,16,1249,839
1512501870054122,1512501870054956,1048576,65536,16,1257,834
1512501870065998,1512501870066827,1048576,65536,16,1264,829
1512501870077861,1512501870078694,1048576,65536,16,1258,833
1512501870089784,1512501870090614,1048576,65536,16,1263,830
1512501870101719,1512501870102553,1048576,65536,16,1257,834
1512501870113669,1512501870114501,1048576,65536,16,1260,832
1512501870125622,1512501870126459,1048576,65536,16,1252,837
1512501870137496,1512501870138333,1048576,65536,16,1252,837
1512501870149431,1512501870150259,1048576,65536,16,1266,828
1512501870161370,1512501870162200,1048576,65536,16,1263,830
1512501870173267,1512501870174101,1048576,65536,16,1257,834
1512501870185169,1512501870186004,1048576,65536,16,1255,835
1512501870197175,1512501870197994,1048576,65536,16,1280,819
1512501870209076,1512501870209909,1048576,65536,16,1258,833
1512501870220948,1512501870221780,1048576,65536,16,1260,832
1512501870232940,1512501870233770,1048576,65536,16,1263,830
1512501870244875,1512501870245702,1048576,65536,16,1267,827
1512501870256840,1512501870257673,1048576,65536,16,1258,833
1512501870268730,1512501870269561,1048576,65536,16,1261,831
1512501870280657,1512501870281482,1048576,65536,16,1271,825
1512501870292571,1512501870293398,1048576,65536,16,1267,827
1512501870304446,1512501870305276,1048576,65536,16,1263,830
1512501870316336,1512501870317173,1048576,65536,16,1252,837
1512501870328321,1512501870329151,1048576,65536,16,1263,830
1512501870340194,1512501870341028,1048576,65536,16,1257,834
1512501870352150,1512501870352985,1048576,65536,16,1255,835
1512501870364059,1512501870364887,1048576,65536,16,1266,828
1512501870376037,1512501870376869,1048576,65536,16,1260,832
1512501870387972,1512501870388806,1048576,65536,16,1257,834
1512501870399876,1512501870400710,1048576,65536,16,1257,834
1512501870411729,1512501870412550,1048576,65536,16,1277,821
1512501870423586,1512501870424425,1048576,65536,16,1249,839
1512501870435481,1512501870436311,1048576,65536,16,1263,830
1512501870447394,1512501870448230,1048576,65536,16,1254,836
1512501870459302,1512501870460136,1048576,65536,16,1257,834
1512501870471215,1512501870472046,1048576,65536,16,1261,831
1512501870483126,1512501870483956,1048576,65536,16,1263,830
1512501870495053,1512501870495888,1048576,65536,16,1255,835
1512501870506951,1512501870507786,1048576,65536,16,1255,835
1512501870518881,1512501870519711,1048576,65536,16,1263,830
1512501870530829,1512501870531663,1048576,65536,16,1257,834
1512501870542715,1512501870543542,1048576,65536,16,1267,827
1512501870554687,1512501870555518,1048576,65536,16,1261,831
1512501870566607,1512501870567443,1048576,65536,16,1254,836
1512501870578591,1512501870579416,1048576,65536,16,1271,825
1512501870590550,1512501870591387,1048576,65536,16,1252,837
1512501870602509,1512501870603343,1048576,65536,16,1257,834
1512501870614453,1512501870615285,1048576,65536,16,1260,832
1512501870626360,1512501870627192,1048576,65536,16,1260,832
1512501870638324,1512501870639161,1048576,65536,16,1252,837
1512501870650283,1512501870651118,1048576,65536,16,1255,835
1512501870662215,1512501870663052,1048576,65536,16,1252,837
1512501870674102,1512501870674934,1048576,65536,16,1260,832
1512501870686013,1512501870686849,1048576,65536,16,1254,836
1512501870697924,1512501870698753,1048576,65536,16,1264,829
1512501870709884,1512501870710710,1048576,65536,16,1269,826
1512501870721836,1512501870722668,1048576,65536,16,1260,832
1512501870733799,1512501870734632,1048576,65536,16,1258,833
1512501870745681,1512501870746514,1048576,65536,16,1258,833
1512501870757605,1512501870758441,1048576,65536,16,1254,836
1512501870769549,1512501870770381,1048576,65536,16,1260,832
1512501870781500,1512501870782330,1048576,65536,16,1263,830
1512501870793453,1512501870794281,1048576,65536,16,1266,828
1512501870805408,1512501870806243,1048576,65536,16,1255,835
1512501870817348,1512501870818163,1048576,65536,16,1286,815
1512501870829275,1512501870830106,1048576,65536,16,1261,831
1512501870841220,1512501870842055,1048576,65536,16,1255,835
1512501870853176,1512501870854013,1048576,65536,16,1252,837
1512501870865133,1512501870865968,1048576,65536,16,1255,835
1512501870877086,1512501870877914,1048576,65536,16,1266,828
1512501870889006,1512501870889844,1048576,65536,16,1251,838
1512501870900987,1512501870901822,1048576,65536,16,1255,835
1512501870912934,1512501870913769,1048576,65536,16,1255,835
1512501870924871,1512501870925706,1048576,65536,16,1255,835
1512501870936832,1512501870937667,1048576,65536,16,1255,835
1512501870948764,1512501870949594,1048576,65536,16,1263,830
1512501870960700,1512501870961521,1048576,65536,16,1277,821
1512501870972591,1512501870973426,1048576,65536,16,1255,835
1512501870984461,1512501870985289,1048576,65536,16,1266,828
1512501870996379,1512501870997213,1048576,65536,16,1257,834
1512501871008348,1512501871009182,1048576,65536,16,1257,834
1512501871020221,1512501871021052,1048576,65536,16,1261,831
1512501871032152,1512501871032989,1048576,65536,16,1252,837
1512501871044114,1512501871044948,1048576,65536,16,1257,834
1512501871056104,1512501871056934,1048576,65536,16,1263,830
1512501871068096,1512501871068924,1048576,65536,16,1266,828
1512501871080016,1512501871080854,1048576,65536,16,1251,838
1512501871091935,1512501871092759,1048576,65536,16,1272,824
1512501871103847,1512501871104677,1048576,65536,16,1263,830
1512501871115779,1512501871116609,1048576,65536,16,1263,830
1512501871127663,1512501871128490,1048576,65536,16,1267,827
1512501871139575,1512501871140408,1048576,65536,16,1258,833
1512501871151541,1512501871152374,1048576,65536,16,1258,833
1512501871163511,1512501871164332,1048576,65536,16,1277,821
1512501871175441,1512501871176271,1048576,65536,16,1263,830
1512501871187364,1512501871188197,1048576,65536,16,1258,833
1512501871199301,1512501871200135,1048576,65536,16,1257,834
1512501871211202,1512501871212029,1048576,65536,16,1267,827
1512501871223119,1512501871223955,1048576,65536,16,1254,836
1512501871235053,1512501871235889,1048576,65536,16,1254,836
1512501871247096,1512501871247926,1048576,65536,16,1263,830
1512501871259092,1512501871259927,1048576,65536,16,1255,835
1512501871271136,1512501871271967,1048576,65536,16,1261,831
1512501871283029,1512501871283858,1048576,65536,16,1264,829
1512501871294974,1512501871295806,1048576,65536,16,1260,832
1512501871306871,1512501871307706,1048576,65536,16,1255,835
1512501871318760,1512501871319590,1048576,65536,16,1263,830
1512501871330674,1512501871331506,1048576,65536,16,1260,832
1512501871342623,1512501871343454,1048576,65536,16,1261,831
1512501871354538,1512501871355372,1048576,65536,16,1257,834
1512501871366486,1512501871367319,1048576,65536,16,1258,833
1512501871378435,1512501871379268,1048576,65536,16,1258,833
1512501871390380,1512501871391214,1048576,65536,16,1257,834
1512501871402290,1512501871403122,1048576,65536,16,1260,832
1512501871414227,1512501871415057,1048576,65536,16,1263,830
1512501871426128,1512501871426965,1048576,65536,16,1252,837
1512501871438001,1512501871438839,1048576,65536,16,1251,838
1512501871449930,1512501871450758,1048576,65536,16,1266,828
1512501871461825,1512501871462663,1048576,65536,16,1251,838
1512501871473733,1512501871474554,1048576,65536,16,1277,821
1512501871485687,1512501871486520,1048576,65536,16,1258,833
1512501871497609,1512501871498445,1048576,65536,16,1254,836
1512501871509585,1512501871510422,1048576,65536,16,1252,837
1512501871521586,1512501871522410,1048576,65536,16,1272,824
1512501871533601,1512501871534435,1048576,65536,16,1257,834
1512501871545587,1512501871546425,1048576,65536,16,1251,838
1512501871557564,1512501871558402,1048576,65536,16,1251,838
1512501871569546,1512501871570383,1048576,65536,16,1252,837
1512501871581487,1512501871582322,1048576,65536,16,1255,835
1512501871593419,1512501871594259,1048576,65536,16,1248,840
1512501871605345,1512501871606175,1048576,65536,16,1263,830
1512501871617313,1512501871618145,1048576,65536,16,1260,832
1512501871629262,1512501871630099,1048576,65536,16,1252,837
1512501871641213,1512501871642053,1048576,65536,16,1248,840
1512501871653212,1512501871654046,1048576,65536,16,1257,834
1512501871665174,1512501871666007,1048576,65536,16,1258,833
1512501871677107,1512501871677942,1048576,65536,16,1255,835
1512501871689031,1512501871689866,1048576,65536,16,1255,835
1512501871701068,1512501871701905,1048576,65536,16,1252,837
1512501871712980,1512501871713811,1048576,65536,16,1261,831
1512501871724873,1512501871725707,1048576,65536,16,1257,834
1512501871736847,1512501871737679,1048576,65536,16,1260,832
1512501871748740,1512501871749563,1048576,65536,16,1274,823
1512501871760668,1512501871761487,1048576,65536,16,1280,819
1512501871772643,1512501871773478,1048576,65536,16,1255,835
1512501871784562,1512501871785391,1048576,65536,16,1264,829
1512501871796514,1512501871797339,1048576,65536,16,1271,825
1512501871808431,1512501871809260,1048576,65536,16,1264,829
1512501871820326,1512501871821159,1048576,65536,16,1258,833
1512501871832229,1512501871833064,1048576,65536,16,1255,835
1512501871844166,1512501871845000,1048576,65536,16,1257,834
1512501871856136,1512501871856960,1048576,65536,16,1272,824
1512501871868071,1512501871868904,1048576,65536,16,1258,833
1512501871879989,1512501871880817,1048576,65536,16,1266,828
1512501871891984,1512501871892814,1048576,65536,16,1263,830
1512501871903897,1512501871904724,1048576,65536,16,1267,827
1512501871915758,1512501871916585,1048576,65536,16,1267,827
1512501871927693,1512501871928526,1048576,65536,16,1258,833
1512501871939596,1512501871940431,1048576,65536,16,1255,835
1512501871951508,1512501871952342,1048576,65536,16,1257,834
1512501871963511,1512501871964343,1048576,65536,16,1260,832
1512501871975444,1512501871976278,1048576,65536,16,1257,834
1512501871987341,1512501871988162,1048576,65536,16,1277,821
1512501871999281,1512501872000114,1048576,65536,16,1258,833
1512501872011218,1512501872012049,1048576,65536,16,1261,831
1512501872023111,1512501872023947,1048576,65536,16,1254,836
1512501872035118,1512501872035954,1048576,65536,16,1254,836
1512501872047018,1512501872047852,1048576,65536,16,1257,834
1512501872058953,1512501872059783,1048576,65536,16,1263,830
1512501872070874,1512501872071710,1048576,65536,16,1254,836
1512501872082767,1512501872083599,1048576,65536,16,1260,832
1512501872094669,1512501872095495,1048576,65536,16,1269,826
1512501872106559,1512501872107397,1048576,65536,16,1251,838
1512501872118480,1512501872119315,1048576,65536,16,1255,835
1512501872130425,1512501872131262,1048576,65536,16,1252,837
1512501872142298,1512501872143130,1048576,65536,16,1260,832
1512501872154206,1512501872155039,1048576,65536,16,1258,833
1512501872166152,1512501872166986,1048576,65536,16,1257,834
1512501872178069,1512501872178900,1048576,65536,16,1261,831
1512501872190010,1512501872190849,1048576,65536,16,1249,839
1512501872201998,1512501872202833,1048576,65536,16,1255,835
1512501872213943,1512501872214775,1048576,65536,16,1260,832
1512501872225812,1512501872226640,1048576,65536,16,1266,828
1512501872237703,1512501872238537,1048576,65536,16,1257,834
1512501872249628,1512501872250465,1048576,65536,16,1252,837
1512501872261567,1512501872262398,1048576,65536,16,1261,831
1512501872273482,1512501872274315,1048576,65536,16,1258,833
1512501872285374,1512501872286208,1048576,65536,16,1257,834
1512501872297305,1512501872298137,1048576,65536,16,1260,832
1512501872309317,1512501872310149,1048576,65536,16,1260,832
1512501872321208,1512501872322043,1048576,65536,16,1255,835
1512501872333136,1512501872333963,1048576,65536,16,1267,827
1512501872345077,1512501872345912,1048576,65536,16,1255,835
1512501872356954,1512501872357786,1048576,65536,16,1260,832
1512501872368899,1512501872369725,1048576,65536,16,1269,826
1512501872380830,1512501872381662,1048576,65536,16,1260,832
1512501872392719,1512501872393553,1048576,65536,16,1257,834
1512501872404634,1512501872405466,1048576,65536,16,1260,832
1512501872416582,1512501872417422,1048576,65536,16,1248,840
1512501872428536,1512501872429365,1048576,65536,16,1264,829
1512501872440521,1512501872441353,1048576,65536,16,1260,832
1512501872452456,1512501872453290,1048576,65536,16,1257,834
1512501872464433,1512501872465256,1048576,65536,16,1274,823
1512501872476324,1512501872477164,1048576,65536,16,1248,840
1512501872488263,1512501872489100,1048576,65536,16,1252,837
1512501872500176,1512501872501000,1048576,65536,16,1272,824
1512501872512102,1512501872512940,1048576,65536,16,1251,838
1512501872524058,1512501872524889,1048576,65536,16,1261,831
1512501872536014,1512501872536849,1048576,65536,16,1255,835
1512501872547956,1512501872548792,1048576,65536,16,1254,836
1512501872559899,1512501872560731,1048576,65536,16,1260,832
1512501872571843,1512501872572678,1048576,65536,16,1255,835
1512501872583766,1512501872584596,1048576,65536,16,1263,830
1512501872595702,1512501872596525,1048576,65536,16,1274,823
1512501872607642,1512501872608472,1048576,65536,16,1263,830
1512501872619551,1512501872620382,1048576,65536,16,1261,831
1512501872631491,1512501872632326,1048576,65536,16,1255,835
1512501872643374,1512501872644213,1048576,65536,16,1249,839
1512501872655303,1512501872656130,1048576,65536,16,1267,827
1512501872667238,1512501872668065,1048576,65536,16,1267,827
1512501872679170,1512501872680006,1048576,65536,16,1254,836
1512501872691138,1512501872691970,1048576,65536,16,1260,832
1512501872703120,1512501872703952,1048576,65536,16,1260,832
1512501872715049,1512501872715882,1048576,65536,16,1258,833
1512501872727002,1512501872727831,1048576,65536,16,1264,829
1512501872738941,1512501872739771,1048576,65536,16,1263,830
1512501872750879,1512501872751719,1048576,65536,16,1248,840
1512501872762819,1512501872763645,1048576,65536,16,1269,826
1512501872774699,1512501872775530,1048576,65536,16,1261,831
1512501872786649,1512501872787483,1048576,65536,16,1257,834
1512501872798549,1512501872799377,1048576,65536,16,1266,828
1512501872810469,1512501872811305,1048576,65536,16,1254,836
1512501872822427,1512501872823247,1048576,65536,16,1278,820
1512501872834379,1512501872835209,1048576,65536,16,1263,830
1512501872846327,1512501872847164,1048576,65536,16,1252,837
1512501872858233,1512501872859065,1048576,65536,16,1260,832
1512501872870208,1512501872871042,1048576,65536,16,1257,834
1512501872882149,1512501872882977,1048576,65536,16,1266,828
1512501872894125,1512501872894955,1048576,65536,16,1263,830
1512501872906067,1512501872906902,1048576,65536,16,1255,835
1512501872918051,1512501872918886,1048576,65536,16,1255,835
1512501872929940,1512501872930768,1048576,65536,16,1266,828
1512501872941872,1512501872942705,1048576,65536,16,1258,833
1512501872953772,1512501872954608,1048576,65536,16,1254,836
1512501872965693,1512501872966533,1048576,65536,16,1248,840
1512501872977605,1512501872978435,1048576,65536,16,1263,830
1512501872989491,1512501872990324,1048576,65536,16,1258,833
1512501873001384,1512501873002221,1048576,65536,16,1252,837
1512501873013369,1512501873014197,1048576,65536,16,1266,828
1512501873025260,1512501873026096,1048576,65536,16,1254,836
1512501873037148,1512501873037982,1048576,65536,16,1257,834
1512501873049073,1512501873049910,1048576,65536,16,1252,837
1512501873061049,1512501873061890,1048576,65536,16,1246,841
1512501873072942,1512501873073779,1048576,65536,16,1252,837
1512501873084839,1512501873085676,1048576,65536,16,1252,837
1512501873096804,1512501873097633,1048576,65536,16,1264,829
1512501873108730,1512501873109558,1048576,65536,16,1266,828
1512501873120651,1512501873121486,1048576,65536,16,1255,835
1512501873132624,1512501873133455,1048576,65536,16,1261,831
1512501873144549,1512501873145388,1048576,65536,16,1249,839
1512501873156498,1512501873157332,1048576,65536,16,1257,834
1512501873168449,1512501873169284,1048576,65536,16,1255,835
1512501873180371,1512501873181207,1048576,65536,16,1254,836
1512501873192296,1512501873193128,1048576,65536,16,1260,832
1512501873204274,1512501873205110,1048576,65536,16,1254,836
1512501873216221,1512501873217041,1048576,65536,16,1278,820
1512501873228136,1512501873228968,1048576,65536,16,1260,832
1512501873240091,1512501873240925,1048576,65536,16,1257,834
1512501873252065,1512501873252902,1048576,65536,16,1252,837
1512501873263996,1512501873264816,1048576,65536,16,1278,820
1512501873275943,1512501873276775,1048576,65536,16,1260,832
1512501873287881,1512501873288714,1048576,65536,16,1258,833
1512501873299887,1512501873300717,1048576,65536,16,1263,830
1512501873311788,1512501873312617,1048576,65536,16,1264,829
1512501873323737,1512501873324569,1048576,65536,16,1260,832
1512501873335657,1512501873336489,1048576,65536,16,1260,832
1512501873347639,1512501873348473,1048576,65536,16,1257,834
1512501873359585,1512501873360407,1048576,65536,16,1275,822
1512501873371503,1512501873372338,1048576,65536,16,1255,835
1512501873383405,1512501873384238,1048576,65536,16,1258,833
1512501873395385,1512501873396210,1048576,65536,16,1271,825
1512501873407270,1512501873408103,1048576,65536,16,1258,833
1512501873419273,1512501873420105,1048576,65536,16,1260,832
1512501873431206,1512501873432038,1048576,65536,16,1260,832
1512501873443107,1512501873443939,1048576,65536,16,1260,832
1512501873455066,1512501873455900,1048576,65536,16,1257,834
1512501873467049,1512501873467871,1048576,65536,16,1275,822
1512501873478956,1512501873479783,1048576,65536,16,1267,827
1512501873490855,1512501873491689,1048576,65536,16,1257,834
1512501873502747,1512501873503577,1048576,65536,16,1263,830
1512501873514647,1512501873515470,1048576,65536,16,1274,823
1512501873526568,1512501873527402,1048576,65536,16,1257,834
1512501873538518,1512501873539352,1048576,65536,16,1257,834
1512501873550433,1512501873551267,1048576,65536,16,1257,834
1512501873562356,1512501873563190,1048576,65536,16,1257,834
1512501873574263,1512501873575095,1048576,65536,16,1260,832
1512501873586152,1512501873586985,1048576,65536,16,1258,833
1512501873598086,1512501873598917,1048576,65536,16,1261,831
1512501873610057,1512501873610893,1048576,65536,16,1254,836
1512501873621969,1512501873622795,1048576,65536,16,1269,826
1512501873633892,1512501873634721,1048576,65536,16,1264,829
1512501873645770,1512501873646587,1048576,65536,16,1283,817
1512501873657635,1512501873658469,1048576,65536,16,1257,834
1512501873669613,1512501873670446,1048576,65536,16,1258,833
1512501873681559,1512501873682393,1048576,65536,16,1257,834
1512501873693552,1512501873694385,1048576,65536,16,1258,833
1512501873705486,1512501873706321,1048576,65536,16,1255,835
1512501873717463,1512501873718300,1048576,65536,16,1252,837
1512501873729403,1512501873730238,1048576,65536,16,1255,835
1512501873741387,1512501873742227,1048576,65536,16,1248,840
1512501873753316,1512501873754150,1048576,65536,16,1257,834
1512501873765273,1512501873766111,1048576,65536,16,1251,838
1512501873777246,1512501873778076,1048576,65536,16,1263,830
1512501873789169,1512501873790002,1048576,65536,16,1258,833
1512501873801128,1512501873801962,1048576,65536,16,1257,834
1512501873813044,1512501873813883,1048576,65536,16,1249,839
1512501873824951,1512501873825782,1048576,65536,16,1261,831
1512501873836874,1512501873837700,1048576,65536,16,1269,826
1512501873848848,1512501873849685,1048576,65536,16,1252,837
1512501873860782,1512501873861618,1048576,65536,16,1254,836
1512501873872755,1512501873873590,1048576,65536,16,1255,835
1512501873884697,1512501873885532,1048576,65536,16,1255,835
1512501873896649,1512501873897489,1048576,65536,16,1248,840
1512501873908594,1512501873909420,1048576,65536,16,1269,826
1512501873920547,1512501873921382,1048576,65536,16,1255,835
1512501873932479,1512501873933317,1048576,65536,16,1251,838
1512501873944372,1512501873945207,1048576,65536,16,1255,835
1512501873956334,1512501873957172,1048576,65536,16,1251,838
1512501873968261,1512501873969094,1048576,65536,16,1258,833
1512501873980173,1512501873981009,1048576,65536,16,1254,836
1512501873992171,1512501873993005,1048576,65536,16,1257,834
1512501874004131,1512501874004965,1048576,65536,16,1257,834
1512501874016092,1512501874016921,1048576,65536,16,1264,829
1512501874028030,1512501874028862,1048576,65536,16,1260,832
1512501874039976,1512501874040808,1048576,65536,16,1260,832
1512501874051869,1512501874052698,1048576,65536,16,1264,829
1512501874063736,1512501874064570,1048576,65536,16,1257,834
1512501874075681,1512501874076513,1048576,65536,16,1260,832
1512501874087615,1512501874088445,1048576,65536,16,1263,830
1512501874099594,1512501874100426,1048576,65536,16,1260,832
1512501874111512,1512501874112347,1048576,65536,16,1255,835
1512501874123446,1512501874124279,1048576,65536,16,1258,833
1512501874135326,1512501874136163,1048576,65536,16,1252,837
1512501874147320,1512501874148155,1048576,65536,16,1255,835
1512501874159326,1512501874160161,1048576,65536,16,1255,835
1512501874171235,1512501874172060,1048576,65536,16,1271,825
1512501874183182,1512501874184011,1048576,65536,16,1264,829
1512501874195076,1512501874195900,1048576,65536,16,1272,824
1512501874207021,1512501874207851,1048576,65536,16,1263,830
1512501874218938,1512501874219765,1048576,65536,16,1267,827
1512501874230826,1512501874231653,1048576,65536,16,1267,827
1512501874242753,1512501874243589,1048576,65536,16,1254,836
1512501874254670,1512501874255502,1048576,65536,16,1260,832
1512501874266632,1512501874267464,1048576,65536,16,1260,832
1512501874278555,1512501874279388,1048576,65536,16,1258,833
1512501874290513,1512501874291338,1048576,65536,16,1271,825
1512501874302379,1512501874303209,1048576,65536,16,1263,830
1512501874314327,1512501874315156,1048576,65536,16,1264,829
1512501874326234,1512501874327066,1048576,65536,16,1260,832
1512501874338105,1512501874338937,1048576,65536,16,1260,832
1512501874349977,1512501874350814,1048576,65536,16,1252,837
1512501874361959,1512501874362797,1048576,65536,16,1251,838
1512501874373920,1512501874374756,1048576,65536,16,1254,836
1512501874385864,1512501874386699,1048576,65536,16,1255,835
1512501874397848,1512501874398680,1048576,65536,16,1260,832
1512501874409822,1512501874410653,1048576,65536,16,1261,831
1512501874421807,1512501874422628,1048576,65536,16,1277,821
1512501874433752,1512501874434585,1048576,65536,16,1258,833
1512501874445708,1512501874446537,1048576,65536,16,1264,829
1512501874457599,1512501874458423,1048576,65536,16,1272,824
1512501874469487,1512501874470315,1048576,65536,16,1266,828
1512501874481400,1512501874482234,1048576,65536,16,1257,834
1512501874493291,1512501874494114,1048576,65536,16,1274,823
1512501874505196,1512501874506033,1048576,65536,16,1252,837
1512501874517081,1512501874517917,1048576,65536,16,1254,836
1512501874529010,1512501874529824,1048576,65536,16,1288,814
1512501874540933,1512501874541768,1048576,65536,16,1255,835
1512501874552927,1512501874553763,1048576,65536,16,1254,836
1512501874564846,1512501874565674,1048576,65536,16,1266,828
1512501874576737,1512501874577562,1048576,65536,16,1271,825
1512501874588607,1512501874589436,1048576,65536,16,1264,829
1512501874600478,1512501874601317,1048576,65536,16,1249,839
1512501874612412,1512501874613241,1048576,65536,16,1264,829
1512501874624328,1512501874625152,1048576,65536,16,1272,824
1512501874636296,1512501874637123,1048576,65536,16,1267,827
1512501874648188,1512501874649024,1048576,65536,16,1254,836
1512501874660160,1512501874660991,1048576,65536,16,1261,831
1512501874672060,1512501874672891,1048576,65536,16,1261,831
1512501874683980,1512501874684814,1048576,65536,16,1257,834
1512501874695898,1512501874696732,1048576,65536,16,1257,834
1512501874707855,1512501874708693,1048576,65536,16,1251,838
1512501874719758,1512501874720590,1048576,65536,16,1260,832
1512501874731674,1512501874732505,1048576,65536,16,1261,831
1512501874743608,1512501874744431,1048576,65536,16,1274,823
1512501874755587,1512501874756420,1048576,65536,16,1258,833
1512501874767485,1512501874768320,1048576,65536,16,1255,835
1512501874779367,1512501874780199,1048576,65536,16,1260,832
1512501874791327,1512501874792164,1048576,65536,16,1252,837
1512501874803268,1512501874804102,1048576,65536,16,1257,834
1512501874815285,1512501874816123,1048576,65536,16,1251,838
1512501874827229,1512501874828063,1048576,65536,16,1257,834
1512501874839134,1512501874839969,1048576,65536,16,1255,835
1512501874851041,1512501874851871,1048576,65536,16,1263,830
1512501874862981,1512501874863811,1048576,65536,16,1263,830
1512501874874945,1512501874875782,1048576,65536,16,1252,837
1512501874886892,1512501874887721,1048576,65536,16,1264,829
1512501874898805,1512501874899627,1048576,65536,16,1275,822
1512501874910771,1512501874911604,1048576,65536,16,1258,833
1512501874922675,1512501874923503,1048576,65536,16,1266,828
1512501874934648,1512501874935484,1048576,65536,16,1254,836
1512501874946551,1512501874947388,1048576,65536,16,1252,837
1512501874958447,1512501874959279,1048576,65536,16,1260,832
1512501874970392,1512501874971229,1048576,65536,16,1252,837
1512501874982306,1512501874983138,1048576,65536,16,1260,832
1512501874994256,1512501874995083,1048576,65536,16,1267,827
1512501875006173,1512501875007004,1048576,65536,16,1261,831
1512501875018127,1512501875018960,1048576,65536,16,1258,833
1512501875030087,1512501875030926,1048576,65536,16,1249,839
