1512781243521485,1512781243577353,134217728,4194304,32,2402,55868
1512781244514542,1512781244569929,134217728,4194304,32,2423,55387
1512781245505666,1512781245561003,134217728,4194304,32,2425,55337
1512781246495099,1512781246550546,134217728,4194304,32,2420,55447
1512781247486847,1512781247542128,134217728,4194304,32,2427,55281
1512781248477044,1512781248532358,134217728,4194304,32,2426,55314
1512781249466887,1512781249522283,134217728,4194304,32,2422,55396
1512781250456599,1512781250511741,134217728,4194304,32,2434,55142
1512781251446054,1512781251501418,134217728,4194304,32,2424,55364
1512781252433488,1512781252488414,134217728,4194304,32,2443,54926
1512781253419518,1512781253474836,134217728,4194304,32,2426,55318
1512781254406653,1512781254461980,134217728,4194304,32,2425,55327
1512781255393192,1512781255448140,134217728,4194304,32,2442,54948
1512781256379634,1512781256434779,134217728,4194304,32,2433,55145
1512781257365584,1512781257421052,134217728,4194304,32,2419,55468
1512781258352311,1512781258407292,134217728,4194304,32,2441,54981
1512781259338381,1512781259393613,134217728,4194304,32,2430,55232
1512781260324520,1512781260379823,134217728,4194304,32,2426,55303
1512781261310652,1512781261365973,134217728,4194304,32,2426,55321
1512781262303150,1512781262358437,134217728,4194304,32,2427,55287
1512781263296103,1512781263351467,134217728,4194304,32,2424,55364
1512781264288191,1512781264343529,134217728,4194304,32,2425,55338
1512781265277234,1512781265332624,134217728,4194304,32,2423,55390
1512781266267505,1512781266322786,134217728,4194304,32,2427,55281
1512781267257881,1512781267313370,134217728,4194304,32,2418,55489
1512781268248416,1512781268303959,134217728,4194304,32,2416,55543
1512781269240842,1512781269295912,134217728,4194304,32,2437,55070
1512781270230921,1512781270285593,134217728,4194304,32,2454,54672
1512781271219559,1512781271275015,134217728,4194304,32,2420,55456
1512781272209073,1512781272264023,134217728,4194304,32,2442,54950
1512781273200984,1512781273256258,134217728,4194304,32,2428,55274
1512781274193433,1512781274248504,134217728,4194304,32,2437,55071
1512781275183892,1512781275239233,134217728,4194304,32,2425,55341
1512781276169770,1512781276225129,134217728,4194304,32,2424,55359
1512781277159120,1512781277214546,134217728,4194304,32,2421,55426
1512781278149527,1512781278204845,134217728,4194304,32,2426,55318
1512781279139750,1512781279194834,134217728,4194304,32,2436,55084
1512781280129979,1512781280185028,134217728,4194304,32,2438,55049
1512781281121730,1512781281176812,134217728,4194304,32,2436,55082
1512781282111763,1512781282167090,134217728,4194304,32,2425,55327
1512781283098249,1512781283153625,134217728,4194304,32,2423,55376
1512781284087119,1512781284142168,134217728,4194304,32,2438,55049
1512781285076848,1512781285131978,134217728,4194304,32,2434,55130
1512781286068816,1512781286124154,134217728,4194304,32,2425,55338
1512781287060762,1512781287116089,134217728,4194304,32,2425,55327
1512781288052908,1512781288108177,134217728,4194304,32,2428,55269
1512781289043209,1512781289098346,134217728,4194304,32,2434,55137
1512781290034363,1512781290089775,134217728,4194304,32,2422,55412
1512781291026076,1512781291081468,134217728,4194304,32,2423,55392
1512781292017908,1512781292073251,134217728,4194304,32,2425,55343
1512781293005826,1512781293060816,134217728,4194304,32,2440,54990
1512781293992393,1512781294047498,134217728,4194304,32,2435,55105
1512781294979105,1512781295034496,134217728,4194304,32,2423,55391
1512781295965859,1512781296021321,134217728,4194304,32,2419,55462
1512781296953052,1512781297008371,134217728,4194304,32,2426,55319
1512781297939707,1512781297995097,134217728,4194304,32,2423,55390
1512781298930889,1512781298986208,134217728,4194304,32,2426,55319
1512781299922097,1512781299977512,134217728,4194304,32,2422,55415
1512781300911670,1512781300966973,134217728,4194304,32,2426,55303
1512781301903362,1512781301958779,134217728,4194304,32,2421,55417
1512781302895109,1512781302950221,134217728,4194304,32,2435,55112
1512781303886869,1512781303942377,134217728,4194304,32,2417,55508
1512781304878606,1512781304934072,134217728,4194304,32,2419,55466
1512781305867557,1512781305922977,134217728,4194304,32,2421,55420
1512781306855799,1512781306911294,134217728,4194304,32,2418,55495
1512781307846146,1512781307900778,134217728,4194304,32,2456,54632
1512781308836896,1512781308892081,134217728,4194304,32,2432,55185
1512781309827144,1512781309882184,134217728,4194304,32,2438,55040
1512781310819078,1512781310873750,134217728,4194304,32,2454,54672
1512781311821053,1512781311876477,134217728,4194304,32,2421,55424
1512781312808768,1512781312864163,134217728,4194304,32,2422,55395
1512781313795818,1512781313850733,134217728,4194304,32,2444,54915
1512781314785504,1512781314840785,134217728,4194304,32,2427,55281
1512781315773147,1512781315828384,134217728,4194304,32,2429,55237
1512781316766636,1512781316821298,134217728,4194304,32,2455,54662
1512781317753631,1512781317808850,134217728,4194304,32,2430,55219
1512781318740880,1512781318796123,134217728,4194304,32,2429,55243
1512781319733435,1512781319788666,134217728,4194304,32,2430,55231
1512781320723984,1512781320779176,134217728,4194304,32,2431,55192
1512781321715673,1512781321770363,134217728,4194304,32,2454,54690
1512781322706595,1512781322761867,134217728,4194304,32,2428,55272
1512781323699825,1512781323755145,134217728,4194304,32,2426,55320
1512781324693606,1512781324748807,134217728,4194304,32,2431,55201
1512781325687678,1512781325742597,134217728,4194304,32,2443,54919
1512781326679722,1512781326734671,134217728,4194304,32,2442,54949
1512781327670635,1512781327725830,134217728,4194304,32,2431,55195
1512781328663082,1512781328718361,134217728,4194304,32,2428,55279
1512781329656141,1512781329711296,134217728,4194304,32,2433,55155
1512781330645519,1512781330700869,134217728,4194304,32,2424,55350
1512781331633899,1512781331689044,134217728,4194304,32,2433,55145
1512781332620622,1512781332675156,134217728,4194304,32,2461,54534
1512781333608979,1512781333664111,134217728,4194304,32,2434,55132
1512781334600769,1512781334655651,134217728,4194304,32,2445,54882
1512781335593174,1512781335647769,134217728,4194304,32,2458,54595
1512781336580484,1512781336635768,134217728,4194304,32,2427,55284
1512781337568949,1512781337624246,134217728,4194304,32,2427,55297
1512781338557559,1512781338612715,134217728,4194304,32,2433,55156
1512781339550360,1512781339605575,134217728,4194304,32,2430,55215
1512781340542220,1512781340597525,134217728,4194304,32,2426,55305
1512781341534089,1512781341589299,134217728,4194304,32,2431,55210
1512781342527101,1512781342582265,134217728,4194304,32,2433,55164
1512781343515991,1512781343571384,134217728,4194304,32,2423,55393
1512781344504298,1512781344559204,134217728,4194304,32,2444,54906
1512781345494400,1512781345549862,134217728,4194304,32,2419,55462
1512781346486749,1512781346541956,134217728,4194304,32,2431,55207
1512781347476963,1512781347532431,134217728,4194304,32,2419,55468
1512781348466991,1512781348522395,134217728,4194304,32,2422,55404
1512781349458204,1512781349513588,134217728,4194304,32,2423,55384
1512781350450365,1512781350505274,134217728,4194304,32,2444,54909
1512781351442044,1512781351497387,134217728,4194304,32,2425,55343
1512781352434040,1512781352489038,134217728,4194304,32,2440,54998
1512781353423450,1512781353478390,134217728,4194304,32,2442,54940
1512781354413331,1512781354468333,134217728,4194304,32,2440,55002
1512781355406869,1512781355461453,134217728,4194304,32,2458,54584
1512781356396357,1512781356451404,134217728,4194304,32,2438,55047
1512781357388128,1512781357442776,134217728,4194304,32,2456,54648
1512781358377382,1512781358432358,134217728,4194304,32,2441,54976
1512781359369811,1512781359424945,134217728,4194304,32,2434,55134
1512781360361747,1512781360416736,134217728,4194304,32,2440,54989
1512781361354456,1512781361409114,134217728,4194304,32,2455,54658
1512781362344267,1512781362399037,134217728,4194304,32,2450,54770
1512781363337538,1512781363392244,134217728,4194304,32,2453,54706
1512781364329629,1512781364384717,134217728,4194304,32,2436,55088
1512781365323313,1512781365378488,134217728,4194304,32,2432,55175
1512781366315874,1512781366370610,134217728,4194304,32,2452,54736
1512781367307569,1512781367362759,134217728,4194304,32,2431,55190
1512781368299539,1512781368354836,134217728,4194304,32,2427,55297
1512781369291851,1512781369346347,134217728,4194304,32,2462,54496
1512781370283160,1512781370338431,134217728,4194304,32,2428,55271
1512781371276772,1512781371331975,134217728,4194304,32,2431,55203
1512781372266293,1512781372321356,134217728,4194304,32,2437,55063
1512781373257481,1512781373312936,134217728,4194304,32,2420,55455
1512781374248270,1512781374303790,134217728,4194304,32,2417,55520
1512781375238997,1512781375294600,134217728,4194304,32,2413,55603
1512781376229637,1512781376285105,134217728,4194304,32,2419,55468
1512781377220156,1512781377275752,134217728,4194304,32,2414,55596
1512781378212017,1512781378267497,134217728,4194304,32,2419,55480
1512781379202722,1512781379258207,134217728,4194304,32,2418,55485
1512781380194307,1512781380249672,134217728,4194304,32,2424,55365
1512781381185701,1512781381241200,134217728,4194304,32,2418,55499
1512781382177675,1512781382232847,134217728,4194304,32,2432,55172
1512781383167853,1512781383223498,134217728,4194304,32,2412,55645
1512781384159206,1512781384214736,134217728,4194304,32,2417,55530
1512781385148943,1512781385204310,134217728,4194304,32,2424,55367
1512781386139971,1512781386195445,134217728,4194304,32,2419,55474
1512781387129294,1512781387184115,134217728,4194304,32,2448,54821
1512781388120503,1512781388175968,134217728,4194304,32,2419,55465
1512781389113027,1512781389168552,134217728,4194304,32,2417,55525
1512781390104746,1512781390160229,134217728,4194304,32,2419,55483
1512781391095785,1512781391151193,134217728,4194304,32,2422,55408
1512781392086486,1512781392141688,134217728,4194304,32,2431,55202
1512781393077391,1512781393132880,134217728,4194304,32,2418,55489
1512781394067800,1512781394122774,134217728,4194304,32,2441,54974
1512781395059097,1512781395114469,134217728,4194304,32,2423,55372
1512781396049222,1512781396104508,134217728,4194304,32,2427,55286
1512781397038884,1512781397094163,134217728,4194304,32,2428,55279
1512781398028786,1512781398083939,134217728,4194304,32,2433,55153
1512781399019708,1512781399074315,134217728,4194304,32,2457,54607
1512781400010682,1512781400066040,134217728,4194304,32,2424,55358
1512781401001957,1512781401056939,134217728,4194304,32,2441,54982
1512781401992855,1512781402047938,134217728,4194304,32,2436,55083
1512781402984049,1512781403039550,134217728,4194304,32,2418,55501
1512781403974055,1512781404028642,134217728,4194304,32,2458,54587
1512781404966273,1512781405021717,134217728,4194304,32,2420,55444
1512781405956087,1512781406011371,134217728,4194304,32,2427,55284
1512781406947135,1512781407002075,134217728,4194304,32,2442,54940
1512781407936508,1512781407991973,134217728,4194304,32,2419,55465
1512781408927007,1512781408982008,134217728,4194304,32,2440,55001
1512781409917364,1512781409972721,134217728,4194304,32,2424,55357
1512781410906371,1512781410961738,134217728,4194304,32,2424,55367
1512781411897793,1512781411953227,134217728,4194304,32,2421,55434
1512781412888786,1512781412944124,134217728,4194304,32,2425,55338
1512781413879406,1512781413934750,134217728,4194304,32,2425,55344
1512781414872160,1512781414927304,134217728,4194304,32,2433,55144
1512781415862934,1512781415918428,134217728,4194304,32,2418,55494
1512781416855989,1512781416911293,134217728,4194304,32,2426,55304
1512781417846445,1512781417901468,134217728,4194304,32,2439,55023
1512781418838108,1512781418893500,134217728,4194304,32,2423,55392
1512781419829585,1512781419884919,134217728,4194304,32,2425,55334
1512781420819980,1512781420875270,134217728,4194304,32,2427,55290
1512781421811548,1512781421866913,134217728,4194304,32,2424,55365
1512781422804458,1512781422859865,134217728,4194304,32,2422,55407
1512781423797304,1512781423852660,134217728,4194304,32,2424,55356
1512781424789308,1512781424844680,134217728,4194304,32,2423,55372
1512781425780832,1512781425836142,134217728,4194304,32,2426,55310
1512781426773651,1512781426829136,134217728,4194304,32,2418,55485
1512781427767332,1512781427822898,134217728,4194304,32,2415,55566
1512781428757128,1512781428812731,134217728,4194304,32,2413,55603
1512781429747977,1512781429803419,134217728,4194304,32,2420,55442
1512781430740058,1512781430795719,134217728,4194304,32,2411,55661
1512781431729155,1512781431784423,134217728,4194304,32,2428,55268
1512781432721207,1512781432776688,134217728,4194304,32,2419,55481
1512781433714473,1512781433770041,134217728,4194304,32,2415,55568
1512781434706545,1512781434761790,134217728,4194304,32,2429,55245
1512781435697563,1512781435753112,134217728,4194304,32,2416,55549
1512781436689629,1512781436744738,134217728,4194304,32,2435,55109
1512781437682562,1512781437738075,134217728,4194304,32,2417,55513
1512781438673466,1512781438729049,134217728,4194304,32,2414,55583
1512781439666395,1512781439722016,134217728,4194304,32,2413,55621
1512781440657227,1512781440712587,134217728,4194304,32,2424,55360
1512781441648707,1512781441704211,134217728,4194304,32,2418,55504
1512781442641349,1512781442697096,134217728,4194304,32,2407,55747
1512781443656510,1512781443712038,134217728,4194304,32,2417,55528
1512781444647852,1512781444703342,134217728,4194304,32,2418,55490
1512781445639539,1512781445694683,134217728,4194304,32,2433,55144
1512781446631594,1512781446686970,134217728,4194304,32,2423,55376
1512781447622809,1512781447678517,134217728,4194304,32,2409,55708
1512781448614374,1512781448669455,134217728,4194304,32,2436,55081
1512781449605779,1512781449661518,134217728,4194304,32,2407,55739
1512781450598827,1512781450654516,134217728,4194304,32,2410,55689
1512781451591081,1512781451646677,134217728,4194304,32,2414,55596
1512781452582161,1512781452637721,134217728,4194304,32,2415,55560
1512781453574429,1512781453629590,134217728,4194304,32,2433,55161
1512781454566538,1512781454621658,134217728,4194304,32,2435,55120
1512781455557182,1512781455612580,134217728,4194304,32,2422,55398
1512781456549183,1512781456604574,134217728,4194304,32,2423,55391
1512781457542446,1512781457597887,134217728,4194304,32,2420,55441
1512781458534343,1512781458589903,134217728,4194304,32,2415,55560
1512781459527414,1512781459582930,134217728,4194304,32,2417,55516
1512781460519911,1512781460575056,134217728,4194304,32,2433,55145
1512781461511546,1512781461567164,134217728,4194304,32,2413,55618
1512781462503939,1512781462559435,134217728,4194304,32,2418,55496
1512781463494381,1512781463549811,134217728,4194304,32,2421,55430
1512781464486228,1512781464541125,134217728,4194304,32,2444,54897
1512781465478138,1512781465533703,134217728,4194304,32,2415,55565
1512781466469762,1512781466525278,134217728,4194304,32,2417,55516
1512781467461653,1512781467516962,134217728,4194304,32,2426,55309
1512781468452872,1512781468508087,134217728,4194304,32,2430,55215
1512781469443329,1512781469498533,134217728,4194304,32,2431,55204
1512781470433965,1512781470489385,134217728,4194304,32,2421,55420
1512781471425037,1512781471480424,134217728,4194304,32,2423,55387
1512781472415619,1512781472471207,134217728,4194304,32,2414,55588
1512781473406622,1512781473462091,134217728,4194304,32,2419,55469
1512781474398532,1512781474453668,134217728,4194304,32,2434,55136
1512781475390983,1512781475446376,134217728,4194304,32,2423,55393
1512781476382031,1512781476437588,134217728,4194304,32,2415,55557
1512781477371993,1512781477426887,134217728,4194304,32,2445,54894
1512781478364286,1512781478419828,134217728,4194304,32,2416,55542
1512781479355018,1512781479410598,134217728,4194304,32,2414,55580
1512781480345550,1512781480401073,134217728,4194304,32,2417,55523
1512781481337577,1512781481393059,134217728,4194304,32,2419,55482
1512781482327843,1512781482382602,134217728,4194304,32,2451,54759
1512781483319003,1512781483374500,134217728,4194304,32,2418,55497
1512781484310391,1512781484365953,134217728,4194304,32,2415,55562
1512781485299994,1512781485355014,134217728,4194304,32,2439,55020
1512781486289989,1512781486345152,134217728,4194304,32,2433,55163
1512781487282606,1512781487337653,134217728,4194304,32,2438,55047
1512781488272945,1512781488328315,134217728,4194304,32,2424,55370
1512781489265953,1512781489320982,134217728,4194304,32,2439,55029
1512781490258489,1512781490313229,134217728,4194304,32,2451,54740
1512781491248862,1512781491304273,134217728,4194304,32,2422,55411
1512781492239642,1512781492294735,134217728,4194304,32,2436,55093
1512781493230810,1512781493286236,134217728,4194304,32,2421,55426
1512781494223159,1512781494278505,134217728,4194304,32,2425,55346
1512781495214688,1512781495269649,134217728,4194304,32,2442,54961
1512781496207794,1512781496263043,134217728,4194304,32,2429,55249
1512781497199507,1512781497254591,134217728,4194304,32,2436,55084
1512781498190132,1512781498245692,134217728,4194304,32,2415,55560
1512781499176521,1512781499231702,134217728,4194304,32,2432,55181
1512781500167006,1512781500221802,134217728,4194304,32,2449,54796
1512781501153292,1512781501208777,134217728,4194304,32,2418,55485
1512781502141035,1512781502195910,134217728,4194304,32,2445,54875
1512781503134128,1512781503189677,134217728,4194304,32,2416,55549
1512781504124655,1512781504180323,134217728,4194304,32,2411,55668
1512781505117050,1512781505172327,134217728,4194304,32,2428,55277
1512781506107909,1512781506163566,134217728,4194304,32,2411,55657
1512781507098819,1512781507154288,134217728,4194304,32,2419,55469
1512781508089223,1512781508144949,134217728,4194304,32,2408,55726
1512781509079754,1512781509135353,134217728,4194304,32,2414,55599
1512781510071119,1512781510126385,134217728,4194304,32,2428,55266
1512781511058976,1512781511114175,134217728,4194304,32,2431,55199
1512781512046234,1512781512101881,134217728,4194304,32,2411,55647
1512781513033557,1512781513089204,134217728,4194304,32,2411,55647
1512781514024129,1512781514079628,134217728,4194304,32,2418,55499
1512781515016458,1512781515072075,134217728,4194304,32,2413,55617
1512781516009721,1512781516065271,134217728,4194304,32,2416,55550
1512781517002251,1512781517057473,134217728,4194304,32,2430,55222
1512781517993132,1512781518048166,134217728,4194304,32,2438,55034
1512781518986344,1512781519042040,134217728,4194304,32,2409,55696
1512781519977409,1512781520033120,134217728,4194304,32,2409,55711
1512781520970824,1512781521026033,134217728,4194304,32,2431,55209
1512781521960768,1512781522016320,134217728,4194304,32,2416,55552
1512781522952496,1512781523007979,134217728,4194304,32,2419,55483
1512781523941954,1512781523997604,134217728,4194304,32,2411,55650
1512781524932450,1512781524987826,134217728,4194304,32,2423,55376
1512781525923016,1512781525978699,134217728,4194304,32,2410,55683
1512781526914532,1512781526970248,134217728,4194304,32,2408,55716
1512781527907442,1512781527963092,134217728,4194304,32,2411,55650
1512781528899081,1512781528954298,134217728,4194304,32,2430,55217
1512781529891370,1512781529947030,134217728,4194304,32,2411,55660
1512781530881364,1512781530936713,134217728,4194304,32,2424,55349
1512781531872733,1512781531928279,134217728,4194304,32,2416,55546
1512781532865062,1512781532920290,134217728,4194304,32,2430,55228
1512781533856961,1512781533912489,134217728,4194304,32,2417,55528
1512781534848016,1512781534903315,134217728,4194304,32,2427,55299
1512781535837483,1512781535893060,134217728,4194304,32,2414,55577
1512781536830049,1512781536885627,134217728,4194304,32,2414,55578
1512781537820685,1512781537876316,134217728,4194304,32,2412,55631
1512781538813121,1512781538868359,134217728,4194304,32,2429,55238
1512781539803939,1512781539859517,134217728,4194304,32,2414,55578
1512781540795077,1512781540850349,134217728,4194304,32,2428,55272
1512781541787397,1512781541842601,134217728,4194304,32,2431,55204
1512781542779401,1512781542835029,134217728,4194304,32,2412,55628
1512781543769972,1512781543825827,134217728,4194304,32,2402,55855
1512781544761865,1512781544817141,134217728,4194304,32,2428,55276
1512781545753734,1512781545809095,134217728,4194304,32,2424,55361
1512781546745417,1512781546801083,134217728,4194304,32,2411,55666
1512781547738753,1512781547794585,134217728,4194304,32,2403,55832
1512781548731234,1512781548787088,134217728,4194304,32,2403,55854
1512781549723191,1512781549778777,134217728,4194304,32,2414,55586
1512781550716290,1512781550771862,134217728,4194304,32,2415,55572
1512781551709732,1512781551765275,134217728,4194304,32,2416,55543
1512781552702346,1512781552757627,134217728,4194304,32,2427,55281
1512781553694779,1512781553750424,134217728,4194304,32,2412,55645
1512781554686591,1512781554741899,134217728,4194304,32,2426,55308
1512781555674158,1512781555729378,134217728,4194304,32,2430,55220
1512781556664980,1512781556720526,134217728,4194304,32,2416,55546
1512781557657985,1512781557713228,134217728,4194304,32,2429,55243
1512781558651106,1512781558706650,134217728,4194304,32,2416,55544
1512781559642627,1512781559698224,134217728,4194304,32,2414,55597
1512781560633902,1512781560689435,134217728,4194304,32,2416,55533
1512781561625422,1512781561680626,134217728,4194304,32,2431,55204
1512781562616958,1512781562672555,134217728,4194304,32,2414,55597
1512781563608898,1512781563664396,134217728,4194304,32,2418,55498
1512781564599453,1512781564654981,134217728,4194304,32,2417,55528
1512781565591209,1512781565646648,134217728,4194304,32,2420,55439
1512781566582766,1512781566637914,134217728,4194304,32,2433,55148
1512781567570647,1512781567626310,134217728,4194304,32,2411,55663
1512781568559333,1512781568614859,134217728,4194304,32,2417,55526
1512781569550784,1512781569606095,134217728,4194304,32,2426,55311
1512781570543095,1512781570598242,134217728,4194304,32,2433,55147
1512781571532804,1512781571588089,134217728,4194304,32,2427,55285
1512781572523473,1512781572578321,134217728,4194304,32,2447,54848
1512781573512610,1512781573568128,134217728,4194304,32,2417,55518
1512781574505729,1512781574561247,134217728,4194304,32,2417,55518
1512781575498268,1512781575553420,134217728,4194304,32,2433,55152
1512781576489657,1512781576545204,134217728,4194304,32,2416,55547
1512781577480299,1512781577535903,134217728,4194304,32,2413,55604
1512781578471429,1512781578526679,134217728,4194304,32,2429,55250
1512781579464083,1512781579519287,134217728,4194304,32,2431,55204
1512781580451561,1512781580506800,134217728,4194304,32,2429,55239
1512781581443043,1512781581498645,134217728,4194304,32,2413,55602
1512781582434078,1512781582489546,134217728,4194304,32,2419,55468
1512781583421870,1512781583477433,134217728,4194304,32,2415,55563
1512781584409366,1512781584464268,134217728,4194304,32,2444,54902
1512781585400284,1512781585455446,134217728,4194304,32,2433,55162
1512781586390639,1512781586445901,134217728,4194304,32,2428,55262
1512781587379018,1512781587434540,134217728,4194304,32,2417,55522
1512781588366336,1512781588422013,134217728,4194304,32,2410,55677
1512781589357117,1512781589412681,134217728,4194304,32,2415,55564
1512781590349437,1512781590404692,134217728,4194304,32,2429,55255
1512781591339102,1512781591394278,134217728,4194304,32,2432,55176
1512781592326172,1512781592381556,134217728,4194304,32,2423,55384
1512781593313278,1512781593368691,134217728,4194304,32,2422,55413
1512781594300859,1512781594356081,134217728,4194304,32,2430,55222
1512781595292032,1512781595347064,134217728,4194304,32,2438,55032
1512781596278784,1512781596334267,134217728,4194304,32,2419,55483
1512781597267145,1512781597322593,134217728,4194304,32,2420,55448
1512781598254606,1512781598310139,134217728,4194304,32,2416,55533
1512781599243822,1512781599299341,134217728,4194304,32,2417,55519
1512781600232417,1512781600287733,134217728,4194304,32,2426,55316
1512781601219826,1512781601275095,134217728,4194304,32,2428,55269
1512781602212320,1512781602267274,134217728,4194304,32,2442,54954
1512781603203601,1512781603258776,134217728,4194304,32,2432,55175
1512781604193685,1512781604248932,134217728,4194304,32,2429,55247
1512781605184901,1512781605240101,134217728,4194304,32,2431,55200
1512781606175961,1512781606231537,134217728,4194304,32,2415,55576
1512781607165995,1512781607221620,134217728,4194304,32,2412,55625
1512781608158513,1512781608214133,134217728,4194304,32,2413,55620
1512781609149844,1512781609205427,134217728,4194304,32,2414,55583
1512781610140019,1512781610195642,134217728,4194304,32,2412,55623
1512781611133021,1512781611188644,134217728,4194304,32,2412,55623
1512781612125941,1512781612181551,134217728,4194304,32,2413,55610
1512781613116754,1512781613172296,134217728,4194304,32,2416,55542
1512781614106823,1512781614162325,134217728,4194304,32,2418,55502
1512781615098460,1512781615153593,134217728,4194304,32,2434,55133
1512781616089011,1512781616144245,134217728,4194304,32,2429,55234
1512781617080754,1512781617136285,134217728,4194304,32,2416,55531
1512781618071559,1512781618126457,134217728,4194304,32,2444,54898
1512781619062853,1512781619118375,134217728,4194304,32,2417,55522
1512781620054194,1512781620109437,134217728,4194304,32,2429,55243
1512781621046980,1512781621102573,134217728,4194304,32,2414,55593
1512781622038133,1512781622093346,134217728,4194304,32,2430,55213
1512781623025291,1512781623080747,134217728,4194304,32,2420,55456
1512781624012825,1512781624068379,134217728,4194304,32,2415,55554
1512781625004449,1512781625059692,134217728,4194304,32,2429,55243
1512781625994544,1512781626050054,134217728,4194304,32,2417,55510
1512781626985343,1512781627040608,134217728,4194304,32,2428,55265
1512781627974820,1512781628030054,134217728,4194304,32,2429,55234
1512781628964121,1512781629019310,134217728,4194304,32,2431,55189
1512781629954228,1512781630009815,134217728,4194304,32,2414,55587
1512781630944031,1512781630999478,134217728,4194304,32,2420,55447
1512781631931290,1512781631986286,134217728,4194304,32,2440,54996
1512781632922953,1512781632978606,134217728,4194304,32,2411,55653
1512781633914355,1512781633969993,134217728,4194304,32,2412,55638
1512781634904319,1512781634959798,134217728,4194304,32,2419,55479
1512781635892098,1512781635947849,134217728,4194304,32,2407,55751
1512781636883677,1512781636939384,134217728,4194304,32,2409,55707
1512781637875160,1512781637930833,134217728,4194304,32,2410,55673
1512781638867168,1512781638922592,134217728,4194304,32,2421,55424
1512781639859339,1512781639914952,134217728,4194304,32,2413,55613
1512781640850710,1512781640906344,134217728,4194304,32,2412,55634
1512781641841522,1512781641897089,134217728,4194304,32,2415,55567
1512781642834290,1512781642889869,134217728,4194304,32,2414,55579
1512781643826147,1512781643881114,134217728,4194304,32,2441,54967
1512781644816735,1512781644872402,134217728,4194304,32,2411,55667
1512781645805850,1512781645860441,134217728,4194304,32,2458,54591
1512781646796764,1512781646852376,134217728,4194304,32,2413,55612
1512781647787010,1512781647842443,134217728,4194304,32,2421,55433
1512781648778768,1512781648834363,134217728,4194304,32,2414,55595
1512781649767172,1512781649822556,134217728,4194304,32,2423,55384
1512781650754734,1512781650810009,134217728,4194304,32,2428,55275
1512781651741868,1512781651797427,134217728,4194304,32,2415,55559
1512781652728909,1512781652784507,134217728,4194304,32,2414,55598
1512781653719224,1512781653774767,134217728,4194304,32,2416,55543
1512781654708873,1512781654763791,134217728,4194304,32,2443,54918
1512781655699638,1512781655754823,134217728,4194304,32,2432,55185
1512781656690836,1512781656746305,134217728,4194304,32,2419,55469
1512781657681036,1512781657736195,134217728,4194304,32,2433,55159
1512781658671481,1512781658727082,134217728,4194304,32,2413,55601
1512781659662201,1512781659717723,134217728,4194304,32,2417,55522
1512781660653549,1512781660709124,134217728,4194304,32,2415,55575
1512781661645457,1512781661700996,134217728,4194304,32,2416,55539
1512781662639047,1512781662694537,134217728,4194304,32,2418,55490
1512781663629664,1512781663685194,134217728,4194304,32,2417,55530
1512781664621907,1512781664677546,134217728,4194304,32,2412,55639
1512781665612936,1512781665668298,134217728,4194304,32,2424,55362
1512781666604170,1512781666659685,134217728,4194304,32,2417,55515
1512781667595806,1512781667651316,134217728,4194304,32,2417,55510
1512781668586752,1512781668642280,134217728,4194304,32,2417,55528
1512781669579769,1512781669634745,134217728,4194304,32,2441,54976
1512781670571497,1512781670626824,134217728,4194304,32,2425,55327
1512781671563083,1512781671618607,134217728,4194304,32,2417,55524
1512781672553393,1512781672608936,134217728,4194304,32,2416,55543
1512781673545859,1512781673601513,134217728,4194304,32,2411,55654
1512781674537984,1512781674593583,134217728,4194304,32,2414,55599
1512781675528493,1512781675583682,134217728,4194304,32,2431,55189
1512781676520207,1512781676575125,134217728,4194304,32,2443,54918
1512781677510626,1512781677566259,134217728,4194304,32,2412,55633
1512781678501392,1512781678556982,134217728,4194304,32,2414,55590
1512781679494007,1512781679549527,134217728,4194304,32,2417,55520
1512781680485720,1512781680540830,134217728,4194304,32,2435,55110
1512781681477024,1512781681532511,134217728,4194304,32,2418,55487
1512781682469924,1512781682525373,134217728,4194304,32,2420,55449
1512781683462177,1512781683517264,134217728,4194304,32,2436,55087
1512781684453216,1512781684508773,134217728,4194304,32,2415,55557
1512781685445853,1512781685500977,134217728,4194304,32,2434,55124
1512781686439443,1512781686494671,134217728,4194304,32,2430,55228
1512781687430515,1512781687486054,134217728,4194304,32,2416,55539
1512781688420967,1512781688476552,134217728,4194304,32,2414,55585
1512781689412825,1512781689468414,134217728,4194304,32,2414,55589
1512781690404286,1512781690459799,134217728,4194304,32,2417,55513
1512781691395628,1512781691450830,134217728,4194304,32,2431,55202
1512781692386849,1512781692442542,134217728,4194304,32,2409,55693
1512781693379308,1512781693434851,134217728,4194304,32,2416,55543
1512781694372293,1512781694427801,134217728,4194304,32,2417,55508
1512781695363188,1512781695418704,134217728,4194304,32,2417,55516
1512781696355093,1512781696410273,134217728,4194304,32,2432,55180
1512781697346006,1512781697401615,134217728,4194304,32,2413,55609
1512781698337503,1512781698392608,134217728,4194304,32,2435,55105
1512781699328964,1512781699384346,134217728,4194304,32,2423,55382
1512781700319817,1512781700375348,134217728,4194304,32,2416,55531
1512781701311388,1512781701366608,134217728,4194304,32,2430,55220
1512781702301015,1512781702356539,134217728,4194304,32,2417,55524
1512781703292199,1512781703347725,134217728,4194304,32,2417,55526
1512781704282430,1512781704338034,134217728,4194304,32,2413,55604
1512781705272175,1512781705327477,134217728,4194304,32,2426,55302
1512781706264248,1512781706319618,134217728,4194304,32,2424,55370
1512781707256225,1512781707311809,134217728,4194304,32,2414,55584
1512781708246691,1512781708302261,134217728,4194304,32,2415,55570
1512781709238937,1512781709294477,134217728,4194304,32,2416,55540
1512781710228615,1512781710283557,134217728,4194304,32,2442,54942
1512781711219654,1512781711275279,134217728,4194304,32,2412,55625
1512781712209273,1512781712264854,134217728,4194304,32,2414,55581
1512781713200252,1512781713255901,134217728,4194304,32,2411,55649
1512781714191498,1512781714246685,134217728,4194304,32,2432,55187
1512781715182488,1512781715238135,134217728,4194304,32,2411,55647
1512781716174123,1512781716229618,134217728,4194304,32,2418,55495
1512781717165172,1512781717220644,134217728,4194304,32,2419,55472
1512781718155809,1512781718211358,134217728,4194304,32,2416,55549
1512781719146285,1512781719201737,134217728,4194304,32,2420,55452
1512781720136294,1512781720191847,134217728,4194304,32,2416,55553
1512781721127797,1512781721183260,134217728,4194304,32,2419,55463
1512781722118572,1512781722174054,134217728,4194304,32,2419,55482
1512781723110548,1512781723165748,134217728,4194304,32,2431,55200
1512781724100659,1512781724156230,134217728,4194304,32,2415,55571
1512781725088334,1512781725143151,134217728,4194304,32,2448,54817
1512781726075023,1512781726130189,134217728,4194304,32,2432,55166
1512781727061803,1512781727117391,134217728,4194304,32,2414,55588
1512781728051960,1512781728107530,134217728,4194304,32,2415,55570
1512781729042934,1512781729098049,134217728,4194304,32,2435,55115
1512781730032569,1512781730088151,134217728,4194304,32,2414,55582
1512781731023683,1512781731079086,134217728,4194304,32,2422,55403
1512781732013582,1512781732069188,134217728,4194304,32,2413,55606
1512781733005021,1512781733060688,134217728,4194304,32,2411,55667
1512781733997004,1512781734052010,134217728,4194304,32,2440,55006
1512781734985481,1512781735039851,134217728,4194304,32,2468,54370
1512781735973940,1512781736029166,134217728,4194304,32,2430,55226
1512781736965186,1512781737020767,134217728,4194304,32,2414,55581
1512781737953678,1512781738009229,134217728,4194304,32,2416,55551
1512781738945847,1512781739001415,134217728,4194304,32,2415,55568
1512781739935878,1512781739991427,134217728,4194304,32,2416,55549
1512781740925629,1512781740980810,134217728,4194304,32,2432,55181
1512781741915815,1512781741971511,134217728,4194304,32,2409,55696
1512781742907509,1512781742963058,134217728,4194304,32,2416,55549
1512781743898039,1512781743953609,134217728,4194304,32,2415,55570
1512781744887979,1512781744943498,134217728,4194304,32,2417,55519
1512781745878899,1512781745934406,134217728,4194304,32,2418,55507
1512781746867611,1512781746922824,134217728,4194304,32,2430,55213
1512781747855642,1512781747910922,134217728,4194304,32,2427,55280
1512781748845596,1512781748900817,134217728,4194304,32,2430,55221
1512781749835232,1512781749890816,134217728,4194304,32,2414,55584
1512781750823591,1512781750878906,134217728,4194304,32,2426,55315
1512781751810144,1512781751865360,134217728,4194304,32,2430,55216
1512781752798622,1512781752853728,134217728,4194304,32,2435,55106
1512781753786869,1512781753842497,134217728,4194304,32,2412,55628
1512781754778977,1512781754834512,134217728,4194304,32,2416,55535
1512781755767876,1512781755823217,134217728,4194304,32,2425,55341
1512781756758236,1512781756813541,134217728,4194304,32,2426,55305
1512781757748536,1512781757803730,134217728,4194304,32,2431,55194
1512781758737300,1512781758792821,134217728,4194304,32,2417,55521
1512781759725760,1512781759781188,134217728,4194304,32,2421,55428
1512781760712954,1512781760767722,134217728,4194304,32,2450,54768
1512781761701806,1512781761757362,134217728,4194304,32,2415,55556
1512781762689878,1512781762745418,134217728,4194304,32,2416,55540
1512781763677203,1512781763732810,134217728,4194304,32,2413,55607
1512781764666763,1512781764722329,134217728,4194304,32,2415,55566
1512781765658290,1512781765713885,134217728,4194304,32,2414,55595
1512781766647477,1512781766702369,134217728,4194304,32,2445,54892
1512781767638656,1512781767694140,134217728,4194304,32,2419,55484
1512781768630136,1512781768685423,134217728,4194304,32,2427,55287
1512781769620146,1512781769675284,134217728,4194304,32,2434,55138
1512781770609061,1512781770664582,134217728,4194304,32,2417,55521
1512781771597418,1512781771652932,134217728,4194304,32,2417,55514
1512781772586355,1512781772641602,134217728,4194304,32,2429,55247
1512781773577720,1512781773633254,134217728,4194304,32,2416,55534
1512781774568958,1512781774624558,134217728,4194304,32,2413,55600
1512781775559692,1512781775615238,134217728,4194304,32,2416,55546
1512781776552237,1512781776607898,134217728,4194304,32,2411,55661
1512781777542339,1512781777597873,134217728,4194304,32,2416,55534
1512781778531638,1512781778587045,134217728,4194304,32,2422,55407
1512781779521406,1512781779576459,134217728,4194304,32,2437,55053
1512781780511551,1512781780566997,134217728,4194304,32,2420,55446
1512781781502981,1512781781558440,134217728,4194304,32,2420,55459
1512781782493401,1512781782548653,134217728,4194304,32,2429,55252
1512781783483419,1512781783538940,134217728,4194304,32,2417,55521
1512781784473363,1512781784528907,134217728,4194304,32,2416,55544
1512781785464969,1512781785520529,134217728,4194304,32,2415,55560
1512781786452337,1512781786507584,134217728,4194304,32,2429,55247
1512781787443618,1512781787499118,134217728,4194304,32,2418,55500
1512781788433337,1512781788488937,134217728,4194304,32,2413,55600
1512781789423979,1512781789479462,134217728,4194304,32,2419,55483
1512781790414115,1512781790469672,134217728,4194304,32,2415,55557
1512781791404885,1512781791460075,134217728,4194304,32,2431,55190
1512781792394741,1512781792449591,134217728,4194304,32,2446,54850
1512781793384565,1512781793440156,134217728,4194304,32,2414,55591
1512781794374381,1512781794428955,134217728,4194304,32,2459,54574
1512781795364314,1512781795420011,134217728,4194304,32,2409,55697
1512781796357630,1512781796413023,134217728,4194304,32,2423,55393
1512781797348760,1512781797404214,134217728,4194304,32,2420,55454
1512781798339642,1512781798395012,134217728,4194304,32,2424,55370
1512781799331712,1512781799387220,134217728,4194304,32,2417,55508
1512781800322470,1512781800377642,134217728,4194304,32,2432,55172
1512781801312881,1512781801368387,134217728,4194304,32,2418,55506
1512781802305131,1512781802360013,134217728,4194304,32,2445,54882
1512781803295145,1512781803350769,134217728,4194304,32,2412,55624
1512781804284376,1512781804339851,134217728,4194304,32,2419,55475
1512781805276600,1512781805332092,134217728,4194304,32,2418,55492
1512781806268932,1512781806324215,134217728,4194304,32,2427,55283
1512781807256143,1512781807311768,134217728,4194304,32,2412,55625
1512781808245536,1512781808301057,134217728,4194304,32,2417,55521
1512781809235577,1512781809290891,134217728,4194304,32,2426,55314
1512781810229300,1512781810283905,134217728,4194304,32,2457,54605
1512781811219185,1512781811274735,134217728,4194304,32,2416,55550
1512781812211025,1512781812266338,134217728,4194304,32,2426,55313
1512781813201158,1512781813256788,134217728,4194304,32,2412,55630
1512781814190882,1512781814246450,134217728,4194304,32,2415,55568
1512781815180040,1512781815235607,134217728,4194304,32,2415,55567
1512781816170954,1512781816226449,134217728,4194304,32,2418,55495
1512781817159116,1512781817214384,134217728,4194304,32,2428,55268
1512781818150442,1512781818206085,134217728,4194304,32,2412,55643
1512781819140187,1512781819195881,134217728,4194304,32,2409,55694
1512781820131533,1512781820187288,134217728,4194304,32,2407,55755
1512781821121854,1512781821177455,134217728,4194304,32,2413,55601
1512781822111820,1512781822167456,134217728,4194304,32,2412,55636
1512781823100594,1512781823156238,134217728,4194304,32,2412,55644
1512781824087219,1512781824142925,134217728,4194304,32,2409,55706
1512781825075948,1512781825131521,134217728,4194304,32,2415,55573
1512781826063542,1512781826119025,134217728,4194304,32,2419,55483
1512781827052411,1512781827107614,134217728,4194304,32,2431,55203
1512781828043591,1512781828098779,134217728,4194304,32,2432,55188
1512781829034673,1512781829089957,134217728,4194304,32,2427,55284
1512781830025428,1512781830080813,134217728,4194304,32,2423,55385
1512781831012203,1512781831067749,134217728,4194304,32,2416,55546
1512781832002263,1512781832057839,134217728,4194304,32,2415,55576
1512781832990079,1512781833045396,134217728,4194304,32,2426,55317
1512781833977173,1512781834032829,134217728,4194304,32,2411,55656
1512781834967942,1512781835023507,134217728,4194304,32,2415,55565
1512781835958278,1512781836013911,134217728,4194304,32,2412,55633
1512781836949141,1512781837004324,134217728,4194304,32,2432,55183
1512781837940282,1512781837995881,134217728,4194304,32,2414,55599
1512781838931477,1512781838987192,134217728,4194304,32,2409,55715
1512781839922350,1512781839977649,134217728,4194304,32,2427,55299
1512781840910174,1512781840965750,134217728,4194304,32,2415,55576
1512781841902896,1512781841958243,134217728,4194304,32,2425,55347
1512781842893497,1512781842949025,134217728,4194304,32,2417,55528
1512781843884878,1512781843940491,134217728,4194304,32,2413,55613
1512781844877805,1512781844933428,134217728,4194304,32,2412,55623
1512781845869332,1512781845924635,134217728,4194304,32,2426,55303
1512781846859853,1512781846915722,134217728,4194304,32,2402,55869
1512781847852462,1512781847908400,134217728,4194304,32,2399,55938
1512781848844962,1512781848900682,134217728,4194304,32,2408,55720
1512781849832947,1512781849888436,134217728,4194304,32,2418,55489
1512781850821007,1512781850876637,134217728,4194304,32,2412,55630
1512781851813865,1512781851869691,134217728,4194304,32,2404,55826
1512781852806105,1512781852861395,134217728,4194304,32,2427,55290
1512781853797510,1512781853852652,134217728,4194304,32,2434,55142
1512781854790145,1512781854845772,134217728,4194304,32,2412,55627
1512781855782430,1512781855837454,134217728,4194304,32,2439,55024
1512781856773202,1512781856828888,134217728,4194304,32,2410,55686
1512781857763465,1512781857818956,134217728,4194304,32,2418,55491
1512781858751275,1512781858805957,134217728,4194304,32,2454,54682
1512781859739457,1512781859794682,134217728,4194304,32,2430,55225
1512781860730208,1512781860785054,134217728,4194304,32,2447,54846
1512781861717182,1512781861772565,134217728,4194304,32,2423,55383
1512781862704800,1512781862760212,134217728,4194304,32,2422,55412
1512781863692182,1512781863747732,134217728,4194304,32,2416,55550
1512781864679827,1512781864735226,134217728,4194304,32,2422,55399
1512781865667956,1512781865723545,134217728,4194304,32,2414,55589
1512781866655301,1512781866710779,134217728,4194304,32,2419,55478
1512781867644711,1512781867699911,134217728,4194304,32,2431,55200
1512781868632626,1512781868688089,134217728,4194304,32,2419,55463
1512781869619809,1512781869675066,134217728,4194304,32,2428,55257
1512781870607309,1512781870662917,134217728,4194304,32,2413,55608
1512781871595160,1512781871650694,134217728,4194304,32,2416,55534
1512781872582927,1512781872638046,134217728,4194304,32,2435,55119
1512781873574059,1512781873629519,134217728,4194304,32,2420,55460
1512781874565399,1512781874620901,134217728,4194304,32,2418,55502
1512781875556743,1512781875612321,134217728,4194304,32,2414,55578
1512781876547785,1512781876603347,134217728,4194304,32,2415,55562
1512781877537433,1512781877592355,134217728,4194304,32,2443,54922
1512781878527831,1512781878583328,134217728,4194304,32,2418,55497
1512781879519653,1512781879575209,134217728,4194304,32,2415,55556
1512781880511051,1512781880566205,134217728,4194304,32,2433,55154
1512781881503466,1512781881558166,134217728,4194304,32,2453,54700
1512781882494162,1512781882549336,134217728,4194304,32,2432,55174
1512781883484917,1512781883540263,134217728,4194304,32,2425,55346
1512781884476269,1512781884531641,134217728,4194304,32,2423,55372
1512781885467463,1512781885522581,134217728,4194304,32,2435,55118
1512781886457998,1512781886513235,134217728,4194304,32,2429,55237
1512781887448993,1512781887504539,134217728,4194304,32,2416,55546
1512781888438549,1512781888493804,134217728,4194304,32,2429,55255
1512781889428327,1512781889483804,134217728,4194304,32,2419,55477
1512781890418263,1512781890473639,134217728,4194304,32,2423,55376
1512781891408787,1512781891463925,134217728,4194304,32,2434,55138
1512781892397916,1512781892453522,134217728,4194304,32,2413,55606
1512781893387998,1512781893443399,134217728,4194304,32,2422,55401
1512781894377385,1512781894432942,134217728,4194304,32,2415,55557
1512781895367336,1512781895422817,134217728,4194304,32,2419,55481
1512781896359480,1512781896415034,134217728,4194304,32,2415,55554
1512781897348575,1512781897404060,134217728,4194304,32,2418,55485
1512781898340356,1512781898395816,134217728,4194304,32,2420,55460
1512781899328317,1512781899383455,134217728,4194304,32,2434,55138
1512781900319261,1512781900374119,134217728,4194304,32,2446,54858
1512781901309935,1512781901365406,134217728,4194304,32,2419,55471
1512781902301191,1512781902356632,134217728,4194304,32,2420,55441
1512781903292710,1512781903348229,134217728,4194304,32,2417,55519
1512781904282774,1512781904338301,134217728,4194304,32,2417,55527
1512781905276222,1512781905331709,134217728,4194304,32,2418,55487
1512781906268388,1512781906323835,134217728,4194304,32,2420,55447
1512781907258626,1512781907314230,134217728,4194304,32,2413,55604
1512781908248626,1512781908304256,134217728,4194304,32,2412,55630
1512781909239936,1512781909295631,134217728,4194304,32,2409,55695
1512781910231912,1512781910287482,134217728,4194304,32,2415,55570
1512781911222877,1512781911278509,134217728,4194304,32,2412,55632
1512781912212258,1512781912267430,134217728,4194304,32,2432,55172
1512781913203561,1512781913258757,134217728,4194304,32,2431,55196
1512781914195842,1512781914251442,134217728,4194304,32,2413,55600
1512781915188340,1512781915243254,134217728,4194304,32,2444,54914
1512781916180038,1512781916235481,134217728,4194304,32,2420,55443
1512781917173700,1512781917229231,134217728,4194304,32,2416,55531
1512781918165726,1512781918221202,134217728,4194304,32,2419,55476
1512781919155728,1512781919210938,134217728,4194304,32,2431,55210
1512781920146211,1512781920201748,134217728,4194304,32,2416,55537
1512781921138737,1512781921194276,134217728,4194304,32,2416,55539
1512781922129422,1512781922184909,134217728,4194304,32,2418,55487
1512781923121085,1512781923176246,134217728,4194304,32,2433,55161
1512781924111192,1512781924166251,134217728,4194304,32,2437,55059
1512781925100683,1512781925156147,134217728,4194304,32,2419,55464
1512781926092477,1512781926148052,134217728,4194304,32,2415,55575
1512781927083475,1512781927138653,134217728,4194304,32,2432,55178
1512781928074420,1512781928129915,134217728,4194304,32,2418,55495
1512781929066865,1512781929121999,134217728,4194304,32,2434,55134
1512781930060039,1512781930115403,134217728,4194304,32,2424,55364
1512781931050514,1512781931106046,134217728,4194304,32,2416,55532
1512781932041147,1512781932096633,134217728,4194304,32,2418,55486
1512781933033986,1512781933088793,134217728,4194304,32,2448,54807
1512781934023495,1512781934078584,134217728,4194304,32,2436,55089
1512781935014678,1512781935070131,134217728,4194304,32,2420,55453
1512781936003810,1512781936059481,134217728,4194304,32,2410,55671
1512781936996424,1512781937051557,134217728,4194304,32,2434,55133
1512781937988521,1512781938043836,134217728,4194304,32,2426,55315
1512781938980068,1512781939035507,134217728,4194304,32,2420,55439
1512781939972926,1512781940028188,134217728,4194304,32,2428,55262
1512781940964186,1512781941019673,134217728,4194304,32,2418,55487
1512781941956932,1512781942012467,134217728,4194304,32,2416,55535
1512781942948988,1512781943004517,134217728,4194304,32,2417,55529
1512781943939404,1512781943995019,134217728,4194304,32,2413,55615
1512781944932152,1512781944987642,134217728,4194304,32,2418,55490
1512781945923077,1512781945978591,134217728,4194304,32,2417,55514
1512781946913951,1512781946969371,134217728,4194304,32,2421,55420
1512781947905435,1512781947960959,134217728,4194304,32,2417,55524
1512781948896580,1512781948951710,134217728,4194304,32,2434,55130
1512781949886513,1512781949942047,134217728,4194304,32,2416,55534
1512781950877782,1512781950933240,134217728,4194304,32,2420,55458
1512781951867593,1512781951922960,134217728,4194304,32,2424,55367
1512781952857869,1512781952912938,134217728,4194304,32,2437,55069
1512781953848234,1512781953903134,134217728,4194304,32,2444,54900
1512781954837175,1512781954892681,134217728,4194304,32,2418,55506
1512781955827640,1512781955882823,134217728,4194304,32,2432,55183
1512781956816392,1512781956871952,134217728,4194304,32,2415,55560
1512781957808770,1512781957864287,134217728,4194304,32,2417,55517
1512781958798381,1512781958853769,134217728,4194304,32,2423,55388
1512781959789863,1512781959845301,134217728,4194304,32,2421,55438
1512781960782154,1512781960837669,134217728,4194304,32,2417,55515
1512781961773556,1512781961829204,134217728,4194304,32,2411,55648
1512781962766688,1512781962821913,134217728,4194304,32,2430,55225
1512781963757623,1512781963812775,134217728,4194304,32,2433,55152
1512781964748188,1512781964803395,134217728,4194304,32,2431,55207
1512781965739224,1512781965794534,134217728,4194304,32,2426,55310
1512781966725385,1512781966780794,134217728,4194304,32,2422,55409
1512781967717074,1512781967772202,134217728,4194304,32,2434,55128
1512781968704712,1512781968760272,134217728,4194304,32,2415,55560
1512781969691886,1512781969747514,134217728,4194304,32,2412,55628
1512781970683447,1512781970738589,134217728,4194304,32,2434,55142
1512781971675427,1512781971730879,134217728,4194304,32,2420,55452
1512781972663682,1512781972719413,134217728,4194304,32,2408,55731
1512781973655038,1512781973710575,134217728,4194304,32,2416,55537
1512781974646105,1512781974701693,134217728,4194304,32,2414,55588
1512781975633515,1512781975688639,134217728,4194304,32,2434,55124
1512781976623962,1512781976679421,134217728,4194304,32,2420,55459
1512781977610768,1512781977665929,134217728,4194304,32,2433,55161
1512781978602043,1512781978657622,134217728,4194304,32,2414,55579
1512781979590419,1512781979646032,134217728,4194304,32,2413,55613
1512781980576831,1512781980632319,134217728,4194304,32,2418,55488
1512781981565899,1512781981620974,134217728,4194304,32,2436,55075
1512781982558215,1512781982613788,134217728,4194304,32,2415,55573
1512781983550938,1512781983606488,134217728,4194304,32,2416,55550
1512781984540695,1512781984596210,134217728,4194304,32,2417,55515
1512781985532211,1512781985587739,134217728,4194304,32,2417,55528
1512781986523680,1512781986579212,134217728,4194304,32,2416,55532
1512781987514005,1512781987569517,134217728,4194304,32,2417,55512
1512781988502387,1512781988557867,134217728,4194304,32,2419,55480
1512781989493676,1512781989548815,134217728,4194304,32,2434,55139
1512781990486900,1512781990542427,134217728,4194304,32,2417,55527
1512781991481677,1512781991537001,134217728,4194304,32,2426,55324
1512781992472930,1512781992528483,134217728,4194304,32,2416,55553
1512781993465258,1512781993520890,134217728,4194304,32,2412,55632
1512781994456490,1512781994512065,134217728,4194304,32,2415,55575
1512781995446911,1512781995502406,134217728,4194304,32,2418,55495
1512781996438452,1512781996493561,134217728,4194304,32,2435,55109
1512781997429246,1512781997484405,134217728,4194304,32,2433,55159
1512781998416016,1512781998471196,134217728,4194304,32,2432,55180
1512781999402389,1512781999457785,134217728,4194304,32,2422,55396
1512782000394406,1512782000449776,134217728,4194304,32,2424,55370
1512782001381807,1512782001436438,134217728,4194304,32,2456,54631
1512782002372179,1512782002427755,134217728,4194304,32,2415,55576
1512782003360365,1512782003415950,134217728,4194304,32,2414,55585
1512782004350248,1512782004405583,134217728,4194304,32,2425,55335
1512782005340670,1512782005396278,134217728,4194304,32,2413,55608
1512782006331578,1512782006387096,134217728,4194304,32,2417,55518
1512782007321790,1512782007377413,134217728,4194304,32,2412,55623
1512782008312242,1512782008367850,134217728,4194304,32,2413,55608
1512782009302724,1512782009358223,134217728,4194304,32,2418,55499
1512782010293353,1512782010348909,134217728,4194304,32,2415,55556
1512782011280898,1512782011336436,134217728,4194304,32,2416,55538
1512782012272255,1512782012327801,134217728,4194304,32,2416,55546
1512782013261300,1512782013316760,134217728,4194304,32,2420,55460
1512782014252539,1512782014308077,134217728,4194304,32,2416,55538
1512782015246012,1512782015301442,134217728,4194304,32,2421,55430
1512782016235687,1512782016291186,134217728,4194304,32,2418,55499
1512782017226533,1512782017281976,134217728,4194304,32,2420,55443
1512782018214405,1512782018270003,134217728,4194304,32,2414,55598
1512782019202563,1512782019257959,134217728,4194304,32,2422,55396
1512782020189134,1512782020244694,134217728,4194304,32,2415,55560
1512782021178117,1512782021233604,134217728,4194304,32,2418,55487
1512782022168866,1512782022224091,134217728,4194304,32,2430,55225
1512782023161380,1512782023216820,134217728,4194304,32,2420,55440
1512782024154000,1512782024209476,134217728,4194304,32,2419,55476
1512782025144736,1512782025200216,134217728,4194304,32,2419,55480
1512782026133369,1512782026188919,134217728,4194304,32,2416,55550
1512782027122773,1512782027178371,134217728,4194304,32,2414,55598
1512782028112004,1512782028167476,134217728,4194304,32,2419,55472
1512782029099557,1512782029155081,134217728,4194304,32,2417,55524
1512782030086680,1512782030142155,134217728,4194304,32,2419,55475
1512782031077635,1512782031133156,134217728,4194304,32,2417,55521
1512782032065011,1512782032120234,134217728,4194304,32,2430,55223
1512782033053405,1512782033108724,134217728,4194304,32,2426,55319
1512782034063250,1512782034118937,134217728,4194304,32,2410,55687
1512782035063085,1512782035118909,134217728,4194304,32,2404,55824
1512782036050946,1512782036106444,134217728,4194304,32,2418,55498
1512782037039132,1512782037094659,134217728,4194304,32,2417,55527
1512782038029596,1512782038085104,134217728,4194304,32,2417,55508
1512782039017796,1512782039073319,134217728,4194304,32,2417,55523
1512782040006384,1512782040061910,134217728,4194304,32,2417,55526
1512782040998268,1512782041053778,134217728,4194304,32,2417,55510
1512782041988428,1512782042043910,134217728,4194304,32,2419,55482
1512782042979085,1512782043033980,134217728,4194304,32,2444,54895
1512782043968604,1512782044024185,134217728,4194304,32,2414,55581
1512782044957474,1512782045012860,134217728,4194304,32,2423,55386
1512782045949202,1512782046004717,134217728,4194304,32,2417,55515
1512782046940038,1512782046995612,134217728,4194304,32,2415,55574
1512782047931997,1512782047987149,134217728,4194304,32,2433,55152
1512782048920434,1512782048976019,134217728,4194304,32,2414,55585
1512782049911094,1512782049966659,134217728,4194304,32,2415,55565
1512782050904988,1512782050960527,134217728,4194304,32,2416,55539
1512782051897366,1512782051952970,134217728,4194304,32,2413,55604
1512782052884932,1512782052940571,134217728,4194304,32,2412,55639
1512782053874688,1512782053930051,134217728,4194304,32,2424,55363
1512782054865826,1512782054921123,134217728,4194304,32,2427,55297
1512782055856861,1512782055912452,134217728,4194304,32,2414,55591
1512782056847374,1512782056902871,134217728,4194304,32,2418,55497
1512782057839118,1512782057894601,134217728,4194304,32,2419,55483
1512782058829400,1512782058884890,134217728,4194304,32,2418,55490
1512782059822160,1512782059877110,134217728,4194304,32,2442,54950
1512782060813680,1512782060869181,134217728,4194304,32,2418,55501
1512782061804479,1512782061859864,134217728,4194304,32,2423,55385
1512782062794835,1512782062850282,134217728,4194304,32,2420,55447
1512782063784194,1512782063839805,134217728,4194304,32,2413,55611
1512782064774072,1512782064829270,134217728,4194304,32,2431,55198
1512782065766842,1512782065822097,134217728,4194304,32,2429,55255
1512782066759736,1512782066815283,134217728,4194304,32,2416,55547
1512782067751684,1512782067807153,134217728,4194304,32,2419,55469
1512782068742641,1512782068797349,134217728,4194304,32,2453,54708
1512782069734110,1512782069789262,134217728,4194304,32,2433,55152
1512782070725583,1512782070781135,134217728,4194304,32,2416,55552
1512782071718835,1512782071774238,134217728,4194304,32,2422,55403
1512782072711284,1512782072766904,134217728,4194304,32,2413,55620
1512782073704916,1512782073760325,134217728,4194304,32,2422,55409
1512782074697125,1512782074752577,134217728,4194304,32,2420,55452
1512782075688915,1512782075744418,134217728,4194304,32,2418,55503
1512782076679742,1512782076735227,134217728,4194304,32,2418,55485
1512782077671469,1512782077726936,134217728,4194304,32,2419,55467
1512782078663398,1512782078718601,134217728,4194304,32,2431,55203
1512782079654981,1512782079709748,134217728,4194304,32,2450,54767
1512782080646448,1512782080702151,134217728,4194304,32,2409,55703
1512782081636785,1512782081692199,134217728,4194304,32,2422,55414
1512782082629372,1512782082684658,134217728,4194304,32,2427,55286
1512782083620385,1512782083675881,134217728,4194304,32,2418,55496
1512782084612213,1512782084667682,134217728,4194304,32,2419,55469
1512782085602842,1512782085658389,134217728,4194304,32,2416,55547
1512782086595028,1512782086650276,134217728,4194304,32,2429,55248
1512782087586452,1512782087641950,134217728,4194304,32,2418,55498
1512782088578935,1512782088634462,134217728,4194304,32,2417,55527
1512782089568830,1512782089624351,134217728,4194304,32,2417,55521
1512782090560075,1512782090615589,134217728,4194304,32,2417,55514
1512782091550869,1512782091606262,134217728,4194304,32,2423,55393
1512782092540972,1512782092596154,134217728,4194304,32,2432,55182
1512782093531948,1512782093587522,134217728,4194304,32,2415,55574
1512782094522057,1512782094577557,134217728,4194304,32,2418,55500
1512782095512374,1512782095567343,134217728,4194304,32,2441,54969
1512782096499530,1512782096555114,134217728,4194304,32,2414,55584
1512782097487850,1512782097543573,134217728,4194304,32,2408,55723
1512782098478292,1512782098534010,134217728,4194304,32,2408,55718
1512782099465723,1512782099521359,134217728,4194304,32,2412,55636
1512782100453672,1512782100509167,134217728,4194304,32,2418,55495
1512782101441830,1512782101497404,134217728,4194304,32,2415,55574
1512782102431223,1512782102486788,134217728,4194304,32,2415,55565
1512782103418713,1512782103474171,134217728,4194304,32,2420,55458
1512782104405768,1512782104461344,134217728,4194304,32,2415,55576
1512782105393173,1512782105448748,134217728,4194304,32,2415,55575
1512782106382612,1512782106438220,134217728,4194304,32,2413,55608
1512782107370844,1512782107426049,134217728,4194304,32,2431,55205
1512782108358634,1512782108414261,134217728,4194304,32,2412,55627
1512782109349213,1512782109404818,134217728,4194304,32,2413,55605
1512782110340331,1512782110395882,134217728,4194304,32,2416,55551
1512782111332184,1512782111387206,134217728,4194304,32,2439,55022
1512782112320869,1512782112376156,134217728,4194304,32,2427,55287
1512782113310086,1512782113365365,134217728,4194304,32,2428,55279
1512782114300186,1512782114355388,134217728,4194304,32,2431,55202
1512782115288196,1512782115343399,134217728,4194304,32,2431,55203
1512782116274215,1512782116329474,134217728,4194304,32,2428,55259
1512782117265148,1512782117320329,134217728,4194304,32,2432,55181
1512782118256168,1512782118311429,134217728,4194304,32,2428,55261
1512782119246547,1512782119302107,134217728,4194304,32,2415,55560
1512782120234649,1512782120289893,134217728,4194304,32,2429,55244
1512782121223198,1512782121277961,134217728,4194304,32,2450,54763
1512782122212226,1512782122267352,134217728,4194304,32,2434,55126
1512782123201606,1512782123257144,134217728,4194304,32,2416,55538
1512782124190079,1512782124244660,134217728,4194304,32,2459,54581
1512782125178316,1512782125233785,134217728,4194304,32,2419,55469
1512782126168568,1512782126223906,134217728,4194304,32,2425,55338
1512782127159220,1512782127214429,134217728,4194304,32,2431,55209
1512782128150190,1512782128205743,134217728,4194304,32,2416,55553
1512782129141528,1512782129197025,134217728,4194304,32,2418,55497
1512782130130943,1512782130186530,134217728,4194304,32,2414,55587
1512782131120508,1512782131176101,134217728,4194304,32,2414,55593
1512782132110908,1512782132166503,134217728,4194304,32,2414,55595
1512782133102545,1512782133158253,134217728,4194304,32,2409,55708
1512782134091592,1512782134146460,134217728,4194304,32,2446,54868
1512782135081493,1512782135137070,134217728,4194304,32,2414,55577
1512782136072337,1512782136127854,134217728,4194304,32,2417,55517
1512782137064220,1512782137119714,134217728,4194304,32,2418,55494
1512782138054038,1512782138109201,134217728,4194304,32,2433,55163
1512782139046129,1512782139101358,134217728,4194304,32,2430,55229
1512782140038121,1512782140093721,134217728,4194304,32,2413,55600
1512782141030136,1512782141085550,134217728,4194304,32,2422,55414
1512782142019370,1512782142074861,134217728,4194304,32,2418,55491
1512782143010661,1512782143066315,134217728,4194304,32,2411,55654
1512782144000985,1512782144056504,134217728,4194304,32,2417,55519
1512782144991849,1512782145047191,134217728,4194304,32,2425,55342
1512782145983477,1512782146039012,134217728,4194304,32,2416,55535
1512782146973425,1512782147029038,134217728,4194304,32,2413,55613
1512782147965022,1512782148020623,134217728,4194304,32,2413,55601
1512782148955003,1512782149010431,134217728,4194304,32,2421,55428
1512782149945907,1512782150001137,134217728,4194304,32,2430,55230
1512782150937984,1512782150993117,134217728,4194304,32,2434,55133
1512782151929539,1512782151985065,134217728,4194304,32,2417,55526
1512782152920600,1512782152976109,134217728,4194304,32,2417,55509
1512782153911180,1512782153966274,134217728,4194304,32,2436,55094
1512782154900036,1512782154955213,134217728,4194304,32,2432,55177
1512782155889780,1512782155944942,134217728,4194304,32,2433,55162
1512782156880675,1512782156936166,134217728,4194304,32,2418,55491
1512782157871740,1512782157927262,134217728,4194304,32,2417,55522
1512782158862369,1512782158917540,134217728,4194304,32,2432,55171
1512782159851843,1512782159907320,134217728,4194304,32,2419,55477
1512782160842616,1512782160898006,134217728,4194304,32,2423,55390
1512782161833202,1512782161888832,134217728,4194304,32,2412,55630
1512782162823219,1512782162878736,134217728,4194304,32,2417,55517
1512782163814519,1512782163870137,134217728,4194304,32,2413,55618
1512782164805341,1512782164860726,134217728,4194304,32,2423,55385
1512782165794192,1512782165848978,134217728,4194304,32,2449,54786
1512782166784952,1512782166840419,134217728,4194304,32,2419,55467
1512782167775582,1512782167831060,134217728,4194304,32,2419,55478
1512782168765274,1512782168820873,134217728,4194304,32,2414,55599
1512782169755490,1512782169811052,134217728,4194304,32,2415,55562
1512782170744832,1512782170799989,134217728,4194304,32,2433,55157
1512782171734812,1512782171790376,134217728,4194304,32,2415,55564
1512782172724712,1512782172780338,134217728,4194304,32,2412,55626
1512782173714101,1512782173769575,134217728,4194304,32,2419,55474
1512782174703240,1512782174758584,134217728,4194304,32,2425,55344
1512782175692510,1512782175748066,134217728,4194304,32,2415,55556
1512782176685205,1512782176740720,134217728,4194304,32,2417,55515
1512782177676112,1512782177731028,134217728,4194304,32,2444,54916
1512782178665704,1512782178721205,134217728,4194304,32,2418,55501
1512782179655432,1512782179710974,134217728,4194304,32,2416,55542
1512782180647016,1512782180702201,134217728,4194304,32,2432,55185
1512782181651475,1512782181706856,134217728,4194304,32,2423,55381
1512782182659553,1512782182715316,134217728,4194304,32,2406,55763
1512782183649741,1512782183705213,134217728,4194304,32,2419,55472
1512782184638788,1512782184694422,134217728,4194304,32,2412,55634
1512782185627296,1512782185682717,134217728,4194304,32,2421,55421
1512782186616759,1512782186672508,134217728,4194304,32,2407,55749
1512782187605053,1512782187660667,134217728,4194304,32,2413,55614
1512782188595948,1512782188651671,134217728,4194304,32,2408,55723
1512782189586456,1512782189641666,134217728,4194304,32,2431,55210
1512782190576571,1512782190632266,134217728,4194304,32,2409,55695
1512782191566480,1512782191622020,134217728,4194304,32,2416,55540
1512782192556799,1512782192612475,134217728,4194304,32,2410,55676
1512782193546446,1512782193601393,134217728,4194304,32,2442,54947
1512782194537147,1512782194592661,134217728,4194304,32,2417,55514
1512782195526492,1512782195581657,134217728,4194304,32,2433,55165
1512782196517094,1512782196572689,134217728,4194304,32,2414,55595
1512782197508722,1512782197564372,134217728,4194304,32,2411,55650
1512782198501146,1512782198556774,134217728,4194304,32,2412,55628
1512782199491728,1512782199547359,134217728,4194304,32,2412,55631
1512782200482799,1512782200538325,134217728,4194304,32,2417,55526
1512782201473452,1512782201528410,134217728,4194304,32,2442,54958
1512782202465280,1512782202520808,134217728,4194304,32,2417,55528
1512782203456046,1512782203511599,134217728,4194304,32,2416,55553
1512782204447455,1512782204502975,134217728,4194304,32,2417,55520
1512782205440275,1512782205495970,134217728,4194304,32,2409,55695
1512782206432233,1512782206487808,134217728,4194304,32,2415,55575
1512782207424398,1512782207479956,134217728,4194304,32,2415,55558
1512782208415802,1512782208471397,134217728,4194304,32,2414,55595
1512782209407532,1512782209463149,134217728,4194304,32,2413,55617
1512782210400862,1512782210456433,134217728,4194304,32,2415,55571
1512782211391944,1512782211447099,134217728,4194304,32,2433,55155
1512782212380588,1512782212436079,134217728,4194304,32,2418,55491
1512782213373135,1512782213428116,134217728,4194304,32,2441,54981
1512782214362553,1512782214418077,134217728,4194304,32,2417,55524
1512782215352097,1512782215407749,134217728,4194304,32,2411,55652
1512782216341386,1512782216396881,134217728,4194304,32,2418,55495
1512782217332150,1512782217387369,134217728,4194304,32,2430,55219
1512782218321664,1512782218377014,134217728,4194304,32,2424,55350
1512782219313948,1512782219369077,134217728,4194304,32,2434,55129
1512782220303343,1512782220358866,134217728,4194304,32,2417,55523
1512782221293298,1512782221348765,134217728,4194304,32,2419,55467
1512782222280555,1512782222336118,134217728,4194304,32,2415,55563
1512782223269685,1512782223325189,134217728,4194304,32,2418,55504
1512782224260791,1512782224315952,134217728,4194304,32,2433,55161
1512782225250865,1512782225306488,134217728,4194304,32,2412,55623
1512782226244002,1512782226299244,134217728,4194304,32,2429,55242
1512782227233686,1512782227288849,134217728,4194304,32,2433,55163
1512782228224397,1512782228279651,134217728,4194304,32,2429,55254
1512782229215627,1512782229271230,134217728,4194304,32,2413,55603
1512782230208283,1512782230263890,134217728,4194304,32,2413,55607
1512782231200137,1512782231255616,134217728,4194304,32,2419,55479
1512782232191264,1512782232246838,134217728,4194304,32,2415,55574
1512782233182161,1512782233237734,134217728,4194304,32,2415,55573
