1512774227754668,1512774227916258,536870912,33554432,16,3322,161590
1512774231676663,1512774231837761,536870912,33554432,16,3332,161098
1512774235598432,1512774235760164,536870912,33554432,16,3319,161732
1512774239521631,1512774239682254,536870912,33554432,16,3342,160623
1512774243444463,1512774243606047,536870912,33554432,16,3322,161584
1512774247369260,1512774247530839,536870912,33554432,16,3322,161579
1512774251293987,1512774251455248,536870912,33554432,16,3329,161261
1512774255215578,1512774255376627,536870912,33554432,16,3333,161049
1512774259136929,1512774259297013,536870912,33554432,16,3353,160084
1512774263056392,1512774263217552,536870912,33554432,16,3331,161160
1512774266974276,1512774267134377,536870912,33554432,16,3353,160101
1512774270898681,1512774271059651,536870912,33554432,16,3335,160970
1512774274820114,1512774274981347,536870912,33554432,16,3329,161233
1512774278743990,1512774278905683,536870912,33554432,16,3320,161693
1512774282668637,1512774282825351,536870912,33554432,16,3425,156714
1512774286588162,1512774286749612,536870912,33554432,16,3325,161450
1512774290512602,1512774290674186,536870912,33554432,16,3322,161584
1512774294436447,1512774294597802,536870912,33554432,16,3327,161355
1512774298360571,1512774298521820,536870912,33554432,16,3329,161249
1512774302282448,1512774302443976,536870912,33554432,16,3323,161528
1512774306208097,1512774306370084,536870912,33554432,16,3314,161987
1512774310129461,1512774310290215,536870912,33554432,16,3339,160754
1512774314049377,1512774314211142,536870912,33554432,16,3318,161765
1512774317977083,1512774318134638,536870912,33554432,16,3407,157555
1512774321900696,1512774322062160,536870912,33554432,16,3325,161464
1512774325828283,1512774325988832,536870912,33554432,16,3343,160549
1512774329753089,1512774329914469,536870912,33554432,16,3326,161380
1512774333675856,1512774333837223,536870912,33554432,16,3327,161367
1512774337599332,1512774337760697,536870912,33554432,16,3327,161365
1512774341523847,1512774341685115,536870912,33554432,16,3329,161268
1512774345447199,1512774345608574,536870912,33554432,16,3326,161375
1512774349368430,1512774349530013,536870912,33554432,16,3322,161583
1512774353293780,1512774353455720,536870912,33554432,16,3315,161940
1512774357218119,1512774357379349,536870912,33554432,16,3329,161230
1512774361148004,1512774361305082,536870912,33554432,16,3417,157078
1512774365071304,1512774365232779,536870912,33554432,16,3324,161475
1512774368996390,1512774369157266,536870912,33554432,16,3337,160876
1512774372924601,1512774373086011,536870912,33554432,16,3326,161410
1512774376848320,1512774377009039,536870912,33554432,16,3340,160719
1512774380769735,1512774380931487,536870912,33554432,16,3319,161752
1512774384691241,1512774384852980,536870912,33554432,16,3319,161739
1512774388616765,1512774388778512,536870912,33554432,16,3319,161747
1512774392540937,1512774392701914,536870912,33554432,16,3335,160977
1512774396465283,1512774396626294,536870912,33554432,16,3334,161011
1512774400387310,1512774400548667,536870912,33554432,16,3327,161357
1512774404309762,1512774404471119,536870912,33554432,16,3327,161357
1512774408235956,1512774408397297,536870912,33554432,16,3327,161341
1512774412162742,1512774412324274,536870912,33554432,16,3323,161532
1512774416086466,1512774416247717,536870912,33554432,16,3329,161251
1512774420010173,1512774420171833,536870912,33554432,16,3320,161660
1512774423934812,1512774424095742,536870912,33554432,16,3336,160930
1512774427859817,1512774428020941,536870912,33554432,16,3332,161124
1512774431784968,1512774431946362,536870912,33554432,16,3326,161394
1512774435711669,1512774435872779,536870912,33554432,16,3332,161110
1512774439636063,1512774439797771,536870912,33554432,16,3320,161708
1512774443560301,1512774443721475,536870912,33554432,16,3331,161174
1512774447482770,1512774447644211,536870912,33554432,16,3325,161441
1512774451408742,1512774451569919,536870912,33554432,16,3330,161177
1512774455332735,1512774455494123,536870912,33554432,16,3326,161388
1512774459262475,1512774459419997,536870912,33554432,16,3408,157522
1512774463183977,1512774463345517,536870912,33554432,16,3323,161540
1512774467112091,1512774467273202,536870912,33554432,16,3332,161111
1512774471039386,1512774471200372,536870912,33554432,16,3334,160986
1512774474964393,1512774475125245,536870912,33554432,16,3337,160852
1512774478887139,1512774479048584,536870912,33554432,16,3325,161445
1512774482811050,1512774482972651,536870912,33554432,16,3322,161601
1512774486734064,1512774486894930,536870912,33554432,16,3337,160866
1512774490658566,1512774490819423,536870912,33554432,16,3337,160857
1512774494588224,1512774494745618,536870912,33554432,16,3410,157394
1512774498506663,1512774498667133,536870912,33554432,16,3345,160470
1512774502435775,1512774502596744,536870912,33554432,16,3335,160969
1512774506359686,1512774506521255,536870912,33554432,16,3322,161569
1512774510286785,1512774510448130,536870912,33554432,16,3327,161345
1512774514215364,1512774514375986,536870912,33554432,16,3342,160622
1512774518142831,1512774518304391,536870912,33554432,16,3323,161560
1512774522070957,1512774522228649,536870912,33554432,16,3404,157692
1512774525998034,1512774526159340,536870912,33554432,16,3328,161306
1512774529923541,1512774530084979,536870912,33554432,16,3325,161438
1512774533852756,1512774534014120,536870912,33554432,16,3327,161364
1512774537780444,1512774537941677,536870912,33554432,16,3329,161233
1512774541709742,1512774541871234,536870912,33554432,16,3324,161492
1512774545640831,1512774545801936,536870912,33554432,16,3332,161105
1512774549568080,1512774549729215,536870912,33554432,16,3331,161135
1512774553496613,1512774553657870,536870912,33554432,16,3329,161257
1512774557420479,1512774557580930,536870912,33554432,16,3346,160451
1512774561349809,1512774561511110,536870912,33554432,16,3328,161301
1512774565280111,1512774565437439,536870912,33554432,16,3412,157328
1512774569204028,1512774569361594,536870912,33554432,16,3407,157566
1512774573130856,1512774573292292,536870912,33554432,16,3325,161436
1512774577058164,1512774577219602,536870912,33554432,16,3325,161438
1512774580989828,1512774581151183,536870912,33554432,16,3327,161355
1512774584917747,1512774585078624,536870912,33554432,16,3337,160877
1512774588850089,1512774589011603,536870912,33554432,16,3323,161514
1512774592779793,1512774592941404,536870912,33554432,16,3321,161611
1512774596709676,1512774596871483,536870912,33554432,16,3317,161807
1512774600636715,1512774600798276,536870912,33554432,16,3323,161561
1512774604565177,1512774604726735,536870912,33554432,16,3323,161558
1512774608490343,1512774608651778,536870912,33554432,16,3325,161435
1512774612419314,1512774612580919,536870912,33554432,16,3322,161605
1512774616347561,1512774616509209,536870912,33554432,16,3321,161648
1512774620279346,1512774620436886,536870912,33554432,16,3407,157540
1512774624200195,1512774624361764,536870912,33554432,16,3322,161569
1512774628130233,1512774628291635,536870912,33554432,16,3326,161402
1512774632056464,1512774632218078,536870912,33554432,16,3321,161614
1512774635984058,1512774636145696,536870912,33554432,16,3321,161638
1512774639912648,1512774640073782,536870912,33554432,16,3331,161134
1512774643838145,1512774643999595,536870912,33554432,16,3325,161450
1512774647767640,1512774647929438,536870912,33554432,16,3318,161798
1512774651696170,1512774651857158,536870912,33554432,16,3334,160988
1512774655622756,1512774655783867,536870912,33554432,16,3332,161111
1512774659552473,1512774659714218,536870912,33554432,16,3319,161745
1512774663481979,1512774663643354,536870912,33554432,16,3326,161375
1512774667413683,1512774667574726,536870912,33554432,16,3333,161043
1512774671338804,1512774671499651,536870912,33554432,16,3337,160847
1512774675265528,1512774675426749,536870912,33554432,16,3330,161221
1512774679192532,1512774679353361,536870912,33554432,16,3338,160829
1512774683116067,1512774683277351,536870912,33554432,16,3328,161284
1512774687045349,1512774687205841,536870912,33554432,16,3345,160492
1512774690967958,1512774691129087,536870912,33554432,16,3331,161129
1512774694896185,1512774695057171,536870912,33554432,16,3334,160986
1512774698825687,1512774698986896,536870912,33554432,16,3330,161209
1512774702752676,1512774702914022,536870912,33554432,16,3327,161346
1512774706681849,1512774706843272,536870912,33554432,16,3325,161423
1512774710607595,1512774710768649,536870912,33554432,16,3333,161054
1512774714539894,1512774714701623,536870912,33554432,16,3319,161729
1512774718471308,1512774718632894,536870912,33554432,16,3322,161586
1512774722402694,1512774722564197,536870912,33554432,16,3324,161503
1512774726329466,1512774726490012,536870912,33554432,16,3344,160546
1512774730256815,1512774730417857,536870912,33554432,16,3333,161042
1512774734183830,1512774734344717,536870912,33554432,16,3336,160887
1512774738109657,1512774738271211,536870912,33554432,16,3323,161554
1512774742036017,1512774742196970,536870912,33554432,16,3335,160953
1512774745964633,1512774746125692,536870912,33554432,16,3333,161059
1512774749894375,1512774750055806,536870912,33554432,16,3325,161431
1512774753823491,1512774753985191,536870912,33554432,16,3320,161700
1512774757748581,1512774757910133,536870912,33554432,16,3323,161552
1512774761677349,1512774761838976,536870912,33554432,16,3321,161627
1512774765603706,1512774765764927,536870912,33554432,16,3330,161221
1512774769531803,1512774769693139,536870912,33554432,16,3327,161336
1512774773462018,1512774773623455,536870912,33554432,16,3325,161437
1512774777386586,1512774777547611,536870912,33554432,16,3334,161025
1512774781309504,1512774781470921,536870912,33554432,16,3325,161417
1512774785239103,1512774785400046,536870912,33554432,16,3335,160943
1512774789170551,1512774789332020,536870912,33554432,16,3324,161469
1512774793099754,1512774793261115,536870912,33554432,16,3327,161361
1512774797026036,1512774797186607,536870912,33554432,16,3343,160571
1512774800952756,1512774801114023,536870912,33554432,16,3329,161267
1512774804884699,1512774805046824,536870912,33554432,16,3311,162125
1512774808811270,1512774808973257,536870912,33554432,16,3314,161987
1512774812736260,1512774812898184,536870912,33554432,16,3315,161924
1512774816661886,1512774816822958,536870912,33554432,16,3333,161072
1512774820591116,1512774820752819,536870912,33554432,16,3320,161703
1512774824521796,1512774824683515,536870912,33554432,16,3319,161719
1512774828444023,1512774828605250,536870912,33554432,16,3329,161227
1512774832370313,1512774832530990,536870912,33554432,16,3341,160677
1512774836297362,1512774836458956,536870912,33554432,16,3322,161594
1512774840223954,1512774840384930,536870912,33554432,16,3335,160976
1512774844152799,1512774844314307,536870912,33554432,16,3324,161508
1512774848079767,1512774848236110,536870912,33554432,16,3433,156343
1512774851998957,1512774852159481,536870912,33554432,16,3344,160524
1512774855924176,1512774856085129,536870912,33554432,16,3335,160953
1512774859849000,1512774860010069,536870912,33554432,16,3333,161069
1512774863776577,1512774863937999,536870912,33554432,16,3325,161422
1512774867700641,1512774867862396,536870912,33554432,16,3319,161755
1512774871623961,1512774871785011,536870912,33554432,16,3333,161050
1512774875548415,1512774875705449,536870912,33554432,16,3418,157034
1512774879467335,1512774879628447,536870912,33554432,16,3332,161112
1512774883397443,1512774883558142,536870912,33554432,16,3340,160699
1512774887324695,1512774887485522,536870912,33554432,16,3338,160827
1512774891246217,1512774891406912,536870912,33554432,16,3340,160695
1512774895170213,1512774895331746,536870912,33554432,16,3323,161533
1512774899091123,1512774899251457,536870912,33554432,16,3348,160334
1512774903019193,1512774903180527,536870912,33554432,16,3327,161334
1512774906948759,1512774907110179,536870912,33554432,16,3325,161420
1512774910876155,1512774911036932,536870912,33554432,16,3339,160777
1512774914797132,1512774914958707,536870912,33554432,16,3322,161575
1512774918722694,1512774918884122,536870912,33554432,16,3325,161428
1512774922648084,1512774922809569,536870912,33554432,16,3324,161485
1512774926574013,1512774926735496,536870912,33554432,16,3324,161483
1512774930502122,1512774930662374,536870912,33554432,16,3350,160252
1512774934425339,1512774934586666,536870912,33554432,16,3327,161327
1512774938348178,1512774938509587,536870912,33554432,16,3326,161409
1512774942286844,1512774942448645,536870912,33554432,16,3318,161801
1512774946222789,1512774946385165,536870912,33554432,16,3306,162376
1512774950149430,1512774950310301,536870912,33554432,16,3337,160871
1512774954074693,1512774954236083,536870912,33554432,16,3326,161390
1512774957999550,1512774958160768,536870912,33554432,16,3330,161218
1512774961927077,1512774962088534,536870912,33554432,16,3325,161457
1512774965856362,1512774966017715,536870912,33554432,16,3327,161353
1512774969781911,1512774969943180,536870912,33554432,16,3329,161269
1512774973708273,1512774973869552,536870912,33554432,16,3328,161279
1512774977636476,1512774977798081,536870912,33554432,16,3322,161605
1512774981560603,1512774981721160,536870912,33554432,16,3343,160557
1512774985486788,1512774985648042,536870912,33554432,16,3329,161254
1512774989412930,1512774989573303,536870912,33554432,16,3347,160373
1512774993339572,1512774993500922,536870912,33554432,16,3327,161350
1512774997268167,1512774997429273,536870912,33554432,16,3332,161106
1512775001197801,1512775001358910,536870912,33554432,16,3332,161109
1512775005124235,1512775005285563,536870912,33554432,16,3327,161328
1512775009051534,1512775009212213,536870912,33554432,16,3341,160679
1512775012973359,1512775013134281,536870912,33554432,16,3336,160922
1512775016898457,1512775017058742,536870912,33554432,16,3349,160285
1512775020826732,1512775020988034,536870912,33554432,16,3328,161302
1512775024754288,1512775024915713,536870912,33554432,16,3325,161425
1512775028680985,1512775028842425,536870912,33554432,16,3325,161440
1512775032610011,1512775032771255,536870912,33554432,16,3329,161244
1512775036534197,1512775036691102,536870912,33554432,16,3421,156905
1512775040455849,1512775040616884,536870912,33554432,16,3333,161035
1512775044380100,1512775044542216,536870912,33554432,16,3311,162116
1512775048311508,1512775048472823,536870912,33554432,16,3328,161315
1512775052233650,1512775052394526,536870912,33554432,16,3337,160876
1512775056159101,1512775056320008,536870912,33554432,16,3336,160907
1512775060082490,1512775060243638,536870912,33554432,16,3331,161148
1512775064007152,1512775064168351,536870912,33554432,16,3330,161199
1512775067930965,1512775068092496,536870912,33554432,16,3323,161531
1512775071853952,1512775072014971,536870912,33554432,16,3334,161019
1512775075777704,1512775075939122,536870912,33554432,16,3325,161418
1512775079701506,1512775079862575,536870912,33554432,16,3333,161069
1512775083623978,1512775083785017,536870912,33554432,16,3333,161039
1512775087544659,1512775087705899,536870912,33554432,16,3329,161240
1512775091470869,1512775091631647,536870912,33554432,16,3339,160778
1512775095397637,1512775095558792,536870912,33554432,16,3331,161155
1512775099323620,1512775099484912,536870912,33554432,16,3328,161292
1512775103245979,1512775103406781,536870912,33554432,16,3338,160802
1512775107171214,1512775107332478,536870912,33554432,16,3329,161264
1512775111095880,1512775111257111,536870912,33554432,16,3329,161231
1512775115023308,1512775115185214,536870912,33554432,16,3315,161906
1512775118941097,1512775119102664,536870912,33554432,16,3322,161567
1512775122868696,1512775123030082,536870912,33554432,16,3326,161386
1512775126803888,1512775126965582,536870912,33554432,16,3320,161694
1512775130725694,1512775130887243,536870912,33554432,16,3323,161549
1512775134647803,1512775134808877,536870912,33554432,16,3333,161074
1512775138573368,1512775138734954,536870912,33554432,16,3322,161586
1512775142498251,1512775142656044,536870912,33554432,16,3402,157793
1512775146420611,1512775146582680,536870912,33554432,16,3312,162069
1512775150349135,1512775150510394,536870912,33554432,16,3329,161259
1512775154274491,1512775154435922,536870912,33554432,16,3325,161431
1512775158199657,1512775158360683,536870912,33554432,16,3334,161026
1512775162126117,1512775162283483,536870912,33554432,16,3411,157366
1512775166051579,1512775166213057,536870912,33554432,16,3324,161478
1512775169979407,1512775170140918,536870912,33554432,16,3324,161511
1512775173906850,1512775174068031,536870912,33554432,16,3330,161181
1512775177835259,1512775177996763,536870912,33554432,16,3324,161504
1512775181765672,1512775181927059,536870912,33554432,16,3326,161387
1512775185692164,1512775185853111,536870912,33554432,16,3335,160947
1512775189616729,1512775189774301,536870912,33554432,16,3407,157572
1512775193538281,1512775193699767,536870912,33554432,16,3324,161486
1512775197465977,1512775197627435,536870912,33554432,16,3325,161458
1512775201395856,1512775201557395,536870912,33554432,16,3323,161539
1512775205321109,1512775205482110,536870912,33554432,16,3334,161001
1512775209245207,1512775209406277,536870912,33554432,16,3333,161070
1512775213173740,1512775213335180,536870912,33554432,16,3325,161440
1512775217105077,1512775217266272,536870912,33554432,16,3330,161195
1512775221028613,1512775221189763,536870912,33554432,16,3331,161150
1512775224952832,1512775225114135,536870912,33554432,16,3328,161303
1512775228881269,1512775229042312,536870912,33554432,16,3333,161043
1512775232850678,1512775233012427,536870912,33554432,16,3319,161749
1512775236774828,1512775236936717,536870912,33554432,16,3316,161889
1512775240703130,1512775240864739,536870912,33554432,16,3322,161609
1512775244630716,1512775244791978,536870912,33554432,16,3329,161262
1512775248552342,1512775248710079,536870912,33554432,16,3403,157737
1512775252472746,1512775252633928,536870912,33554432,16,3330,161182
1512775256398778,1512775256560081,536870912,33554432,16,3328,161303
1512775260323857,1512775260486097,536870912,33554432,16,3309,162240
1512775264255857,1512775264416683,536870912,33554432,16,3338,160826
1512775268181273,1512775268342701,536870912,33554432,16,3325,161428
1512775272105249,1512775272267225,536870912,33554432,16,3314,161976
1512775276037512,1512775276198646,536870912,33554432,16,3331,161134
1512775279966926,1512775280127662,536870912,33554432,16,3340,160736
1512775283894887,1512775284056633,536870912,33554432,16,3319,161746
1512775287830166,1512775287991477,536870912,33554432,16,3328,161311
1512775291761546,1512775291922896,536870912,33554432,16,3327,161350
1512775295690079,1512775295851156,536870912,33554432,16,3333,161077
1512775299615885,1512775299777585,536870912,33554432,16,3320,161700
1512775303544708,1512775303706089,536870912,33554432,16,3326,161381
1512775307474184,1512775307635401,536870912,33554432,16,3330,161217
1512775311398892,1512775311560041,536870912,33554432,16,3331,161149
1512775315322543,1512775315483466,536870912,33554432,16,3336,160923
1512775319247426,1512775319408260,536870912,33554432,16,3338,160834
1512775323172393,1512775323333620,536870912,33554432,16,3329,161227
1512775327099858,1512775327261203,536870912,33554432,16,3327,161345
1512775331027275,1512775331188900,536870912,33554432,16,3321,161625
1512775334948566,1512775335109633,536870912,33554432,16,3333,161067
1512775338874222,1512775339035840,536870912,33554432,16,3321,161618
1512775342798831,1512775342960480,536870912,33554432,16,3321,161649
1512775346725049,1512775346886501,536870912,33554432,16,3325,161452
1512775350655850,1512775350816921,536870912,33554432,16,3333,161071
1512775354582051,1512775354743113,536870912,33554432,16,3333,161062
1512775358504562,1512775358666115,536870912,33554432,16,3323,161553
1512775362430701,1512775362591718,536870912,33554432,16,3334,161017
1512775366354022,1512775366514521,536870912,33554432,16,3345,160499
1512775370281384,1512775370442817,536870912,33554432,16,3325,161433
1512775374207661,1512775374369005,536870912,33554432,16,3327,161344
1512775378136689,1512775378298133,536870912,33554432,16,3325,161444
1512775382065665,1512775382223432,536870912,33554432,16,3402,157767
1512775385984564,1512775386145774,536870912,33554432,16,3330,161210
1512775389908389,1512775390069618,536870912,33554432,16,3329,161229
1512775393831797,1512775393993659,536870912,33554432,16,3316,161862
1512775397757732,1512775397919348,536870912,33554432,16,3321,161616
1512775401683937,1512775401844638,536870912,33554432,16,3340,160701
1512775405608760,1512775405769442,536870912,33554432,16,3341,160682
1512775409535539,1512775409696957,536870912,33554432,16,3325,161418
1512775413461527,1512775413622419,536870912,33554432,16,3336,160892
1512775417387130,1512775417548910,536870912,33554432,16,3318,161780
1512775421311828,1512775421473117,536870912,33554432,16,3328,161289
1512775425238003,1512775425398603,536870912,33554432,16,3342,160600
1512775429166352,1512775429327773,536870912,33554432,16,3325,161421
1512775433094469,1512775433255568,536870912,33554432,16,3332,161099
1512775437018875,1512775437179759,536870912,33554432,16,3337,160884
1512775440943534,1512775441104392,536870912,33554432,16,3337,160858
1512775444872515,1512775445033623,536870912,33554432,16,3332,161108
1512775448798747,1512775448960595,536870912,33554432,16,3317,161848
1512775452726116,1512775452887232,536870912,33554432,16,3332,161116
1512775456654105,1512775456815202,536870912,33554432,16,3332,161097
1512775460582886,1512775460744349,536870912,33554432,16,3325,161463
1512775464504824,1512775464666472,536870912,33554432,16,3321,161648
1512775468428370,1512775468589695,536870912,33554432,16,3327,161325
1512775472353422,1512775472514920,536870912,33554432,16,3324,161498
1512775476279665,1512775476441121,536870912,33554432,16,3325,161456
1512775480204759,1512775480365904,536870912,33554432,16,3331,161145
1512775484128049,1512775484289844,536870912,33554432,16,3318,161795
1512775488054774,1512775488216100,536870912,33554432,16,3327,161326
1512775491977921,1512775492139016,536870912,33554432,16,3332,161095
1512775495903042,1512775496064429,536870912,33554432,16,3326,161387
1512775499825143,1512775499986983,536870912,33554432,16,3317,161840
1512775503753143,1512775503914673,536870912,33554432,16,3323,161530
1512775507678845,1512775507839471,536870912,33554432,16,3342,160626
1512775511599343,1512775511760678,536870912,33554432,16,3327,161335
1512775515524415,1512775515685625,536870912,33554432,16,3330,161210
1512775519449222,1512775519611043,536870912,33554432,16,3317,161821
1512775523376374,1512775523537142,536870912,33554432,16,3339,160768
1512775527300732,1512775527462331,536870912,33554432,16,3322,161599
1512775531228168,1512775531389474,536870912,33554432,16,3328,161306
1512775535153362,1512775535314452,536870912,33554432,16,3332,161090
1512775539077262,1512775539237975,536870912,33554432,16,3340,160713
1512775543001980,1512775543163461,536870912,33554432,16,3324,161481
1512775546926409,1512775547087540,536870912,33554432,16,3331,161131
1512775550854046,1512775551015304,536870912,33554432,16,3329,161258
1512775554779388,1512775554939802,536870912,33554432,16,3346,160414
1512775558705015,1512775558865562,536870912,33554432,16,3344,160547
1512775562631373,1512775562792853,536870912,33554432,16,3324,161480
1512775566557294,1512775566718850,536870912,33554432,16,3323,161556
1512775570489183,1512775570650290,536870912,33554432,16,3332,161107
1512775574415646,1512775574573030,536870912,33554432,16,3411,157384
1512775578338132,1512775578499453,536870912,33554432,16,3327,161321
1512775582261980,1512775582423459,536870912,33554432,16,3324,161479
1512775586191743,1512775586352031,536870912,33554432,16,3349,160288
1512775590118036,1512775590279764,536870912,33554432,16,3319,161728
1512775594046765,1512775594208321,536870912,33554432,16,3323,161556
1512775597972214,1512775598133213,536870912,33554432,16,3334,160999
1512775601899970,1512775602061376,536870912,33554432,16,3326,161406
1512775605828664,1512775605990120,536870912,33554432,16,3325,161456
1512775609759225,1512775609920475,536870912,33554432,16,3329,161250
1512775613686283,1512775613848526,536870912,33554432,16,3309,162243
1512775617610986,1512775617772562,536870912,33554432,16,3322,161576
1512775621538970,1512775621696711,536870912,33554432,16,3403,157741
1512775625460519,1512775625621518,536870912,33554432,16,3334,160999
1512775629389512,1512775629551086,536870912,33554432,16,3322,161574
1512775633312755,1512775633474786,536870912,33554432,16,3313,162031
1512775637237576,1512775637398991,536870912,33554432,16,3326,161415
1512775641161379,1512775641322859,536870912,33554432,16,3324,161480
1512775645085151,1512775645246843,536870912,33554432,16,3320,161692
1512775649007258,1512775649168939,536870912,33554432,16,3320,161681
1512775652930363,1512775653092394,536870912,33554432,16,3313,162031
1512775656857576,1512775657018982,536870912,33554432,16,3326,161406
1512775660782432,1512775660943857,536870912,33554432,16,3325,161425
1512775664706614,1512775664868168,536870912,33554432,16,3323,161554
1512775668631109,1512775668792300,536870912,33554432,16,3330,161191
1512775672557375,1512775672717739,536870912,33554432,16,3347,160364
1512775676484147,1512775676645799,536870912,33554432,16,3321,161652
1512775680410044,1512775680571506,536870912,33554432,16,3325,161462
1512775684335740,1512775684496981,536870912,33554432,16,3329,161241
1512775688258846,1512775688420204,536870912,33554432,16,3327,161358
1512775692183428,1512775692344816,536870912,33554432,16,3326,161388
1512775696105604,1512775696267170,536870912,33554432,16,3322,161566
1512775700030095,1512775700192588,536870912,33554432,16,3303,162493
1512775703957946,1512775704119341,536870912,33554432,16,3326,161395
1512775707884421,1512775708045966,536870912,33554432,16,3323,161545
1512775711810244,1512775711971145,536870912,33554432,16,3336,160901
1512775715731806,1512775715893206,536870912,33554432,16,3326,161400
1512775719655570,1512775719816704,536870912,33554432,16,3331,161134
1512775723576262,1512775723738047,536870912,33554432,16,3318,161785
1512775727500666,1512775727661887,536870912,33554432,16,3330,161221
1512775731425229,1512775731586938,536870912,33554432,16,3319,161709
1512775735350110,1512775735511265,536870912,33554432,16,3331,161155
1512775739269128,1512775739430510,536870912,33554432,16,3326,161382
1512775743191788,1512775743352723,536870912,33554432,16,3335,160935
1512775747112987,1512775747273586,536870912,33554432,16,3342,160599
1512775751034766,1512775751196183,536870912,33554432,16,3325,161417
1512775754955245,1512775755116812,536870912,33554432,16,3322,161567
1512775758874221,1512775759034668,536870912,33554432,16,3346,160447
1512775762802319,1512775762964214,536870912,33554432,16,3316,161895
1512775766727026,1512775766887737,536870912,33554432,16,3340,160711
1512775770648719,1512775770810558,536870912,33554432,16,3317,161839
1512775774575218,1512775774736470,536870912,33554432,16,3329,161252
1512775778499290,1512775778660701,536870912,33554432,16,3326,161411
1512775782426259,1512775782587563,536870912,33554432,16,3328,161304
1512775786350444,1512775786511491,536870912,33554432,16,3333,161047
1512775790273842,1512775790435096,536870912,33554432,16,3329,161254
1512775794195277,1512775794357044,536870912,33554432,16,3318,161767
1512775798125542,1512775798286509,536870912,33554432,16,3335,160967
1512775802049389,1512775802210394,536870912,33554432,16,3334,161005
1512775805969027,1512775806129809,536870912,33554432,16,3339,160782
1512775809895226,1512775810056993,536870912,33554432,16,3318,161767
1512775813824220,1512775813984997,536870912,33554432,16,3339,160777
1512775817748739,1512775817910111,536870912,33554432,16,3326,161372
1512775821672479,1512775821833849,536870912,33554432,16,3326,161370
1512775825597598,1512775825757985,536870912,33554432,16,3347,160387
1512775829524499,1512775829686032,536870912,33554432,16,3323,161533
1512775833458552,1512775833620457,536870912,33554432,16,3315,161905
1512775837381799,1512775837543539,536870912,33554432,16,3319,161740
1512775841302114,1512775841463446,536870912,33554432,16,3327,161332
1512775845221297,1512775845382777,536870912,33554432,16,3324,161480
1512775849146315,1512775849307415,536870912,33554432,16,3332,161100
1512775853069544,1512775853230918,536870912,33554432,16,3326,161374
1512775856993804,1512775857155275,536870912,33554432,16,3324,161471
1512775860920714,1512775861081973,536870912,33554432,16,3329,161259
1512775864844358,1512775865005659,536870912,33554432,16,3328,161301
1512775868773758,1512775868934971,536870912,33554432,16,3330,161213
1512775872699519,1512775872860821,536870912,33554432,16,3328,161302
1512775876623449,1512775876785184,536870912,33554432,16,3319,161735
1512775880552250,1512775880713661,536870912,33554432,16,3326,161411
1512775884481822,1512775884643283,536870912,33554432,16,3325,161461
1512775888406724,1512775888567227,536870912,33554432,16,3344,160503
1512775892327185,1512775892487851,536870912,33554432,16,3341,160666
1512775896251304,1512775896413178,536870912,33554432,16,3316,161874
1512775900178088,1512775900339472,536870912,33554432,16,3326,161384
1512775904104774,1512775904266275,536870912,33554432,16,3324,161501
1512775908029806,1512775908190719,536870912,33554432,16,3336,160913
1512775911964646,1512775912124536,536870912,33554432,16,3357,159890
1512775915891364,1512775916052792,536870912,33554432,16,3325,161428
1512775919817099,1512775919978324,536870912,33554432,16,3329,161225
1512775923745587,1512775923907021,536870912,33554432,16,3325,161434
1512775927671585,1512775927833165,536870912,33554432,16,3322,161580
1512775931598001,1512775931759426,536870912,33554432,16,3325,161425
1512775935527779,1512775935689553,536870912,33554432,16,3318,161774
1512775939457163,1512775939618980,536870912,33554432,16,3317,161817
1512775943386358,1512775943547741,536870912,33554432,16,3326,161383
1512775947313703,1512775947475311,536870912,33554432,16,3322,161608
1512775951242436,1512775951403832,536870912,33554432,16,3326,161396
1512775955167054,1512775955324581,536870912,33554432,16,3408,157527
1512775959089543,1512775959250563,536870912,33554432,16,3334,161020
1512775963017642,1512775963179388,536870912,33554432,16,3319,161746
1512775966942446,1512775967103566,536870912,33554432,16,3332,161120
1512775970872367,1512775971033340,536870912,33554432,16,3335,160973
1512775974792328,1512775974953074,536870912,33554432,16,3339,160746
1512775978767499,1512775978929083,536870912,33554432,16,3322,161584
1512775982692769,1512775982854787,536870912,33554432,16,3313,162018
1512775986618728,1512775986780556,536870912,33554432,16,3317,161828
1512775990543960,1512775990706291,536870912,33554432,16,3307,162331
1512775994472871,1512775994634785,536870912,33554432,16,3315,161914
1512775998397044,1512775998558909,536870912,33554432,16,3316,161865
1512776002325389,1512776002486156,536870912,33554432,16,3339,160767
1512776006251524,1512776006413635,536870912,33554432,16,3311,162111
1512776010178136,1512776010339861,536870912,33554432,16,3319,161725
1512776014097975,1512776014260113,536870912,33554432,16,3311,162138
1512776018020881,1512776018182823,536870912,33554432,16,3315,161942
1512776021946747,1512776022108794,536870912,33554432,16,3313,162047
1512776025871505,1512776026032217,536870912,33554432,16,3340,160712
1512776029796373,1512776029957858,536870912,33554432,16,3324,161485
1512776033724318,1512776033885370,536870912,33554432,16,3333,161052
1512776037651019,1512776037811906,536870912,33554432,16,3336,160887
1512776041578923,1512776041740006,536870912,33554432,16,3332,161083
1512776045508580,1512776045662030,536870912,33554432,16,3498,153450
1512776049423790,1512776049585163,536870912,33554432,16,3326,161373
1512776053347320,1512776053509200,536870912,33554432,16,3316,161880
1512776057280343,1512776057441684,536870912,33554432,16,3327,161341
1512776061202706,1512776061364178,536870912,33554432,16,3324,161472
1512776065130779,1512776065292079,536870912,33554432,16,3328,161300
1512776069058857,1512776069220260,536870912,33554432,16,3326,161403
1512776072990173,1512776073150328,536870912,33554432,16,3352,160155
1512776076916699,1512776077078361,536870912,33554432,16,3320,161662
1512776080848855,1512776081009922,536870912,33554432,16,3333,161067
1512776084779133,1512776084940760,536870912,33554432,16,3321,161627
1512776088710217,1512776088871006,536870912,33554432,16,3338,160789
1512776092637527,1512776092799292,536870912,33554432,16,3318,161765
1512776096565056,1512776096725682,536870912,33554432,16,3342,160626
1512776100494174,1512776100655922,536870912,33554432,16,3319,161748
1512776104405847,1512776104566992,536870912,33554432,16,3331,161145
1512776108312485,1512776108473883,536870912,33554432,16,3326,161398
1512776112243184,1512776112404526,536870912,33554432,16,3327,161342
1512776116167629,1512776116328976,536870912,33554432,16,3327,161347
1512776120091431,1512776120252787,536870912,33554432,16,3327,161356
1512776124015414,1512776124176917,536870912,33554432,16,3324,161503
1512776127941779,1512776128099128,536870912,33554432,16,3411,157349
1512776131869221,1512776132031065,536870912,33554432,16,3317,161844
1512776135796109,1512776135957206,536870912,33554432,16,3332,161097
1512776139724575,1512776139885998,536870912,33554432,16,3325,161423
1512776143652121,1512776143813246,536870912,33554432,16,3332,161125
1512776147578242,1512776147739547,536870912,33554432,16,3328,161305
1512776151514427,1512776151676249,536870912,33554432,16,3317,161822
1512776155439646,1512776155601555,536870912,33554432,16,3315,161909
1512776159367430,1512776159529008,536870912,33554432,16,3322,161578
1512776163292806,1512776163453934,536870912,33554432,16,3331,161128
1512776167218420,1512776167380297,536870912,33554432,16,3316,161877
1512776171150141,1512776171310948,536870912,33554432,16,3338,160807
1512776175076056,1512776175237238,536870912,33554432,16,3330,161182
1512776179000637,1512776179161757,536870912,33554432,16,3332,161120
1512776182925079,1512776183086383,536870912,33554432,16,3328,161304
1512776186848506,1512776187009931,536870912,33554432,16,3325,161425
1512776190774380,1512776190935742,536870912,33554432,16,3327,161362
1512776194696392,1512776194857779,536870912,33554432,16,3326,161387
1512776198621731,1512776198783256,536870912,33554432,16,3323,161525
1512776202547998,1512776202709066,536870912,33554432,16,3333,161068
1512776206473330,1512776206634104,536870912,33554432,16,3339,160774
1512776210398427,1512776210558937,536870912,33554432,16,3344,160510
1512776214326023,1512776214486871,536870912,33554432,16,3337,160848
1512776218253730,1512776218410394,536870912,33554432,16,3426,156664
1512776222174943,1512776222336352,536870912,33554432,16,3326,161409
1512776226095652,1512776226257022,536870912,33554432,16,3326,161370
1512776230021355,1512776230182872,536870912,33554432,16,3323,161517
1512776233945173,1512776234106780,536870912,33554432,16,3322,161607
1512776237875064,1512776238036687,536870912,33554432,16,3321,161623
1512776241804089,1512776241965388,536870912,33554432,16,3328,161299
1512776245732755,1512776245893822,536870912,33554432,16,3333,161067
1512776249659753,1512776249821198,536870912,33554432,16,3325,161445
1512776253589440,1512776253751089,536870912,33554432,16,3321,161649
1512776257505846,1512776257667402,536870912,33554432,16,3323,161556
1512776261425496,1512776261586995,536870912,33554432,16,3324,161499
1512776265349311,1512776265510640,536870912,33554432,16,3327,161329
1512776269270236,1512776269431383,536870912,33554432,16,3331,161147
1512776273224275,1512776273386398,536870912,33554432,16,3311,162123
1512776277143389,1512776277304843,536870912,33554432,16,3325,161454
1512776281063891,1512776281225164,536870912,33554432,16,3328,161273
1512776284986619,1512776285148650,536870912,33554432,16,3313,162031
1512776288909561,1512776289071250,536870912,33554432,16,3320,161689
1512776292830441,1512776292992096,536870912,33554432,16,3321,161655
1512776296750821,1512776296904908,536870912,33554432,16,3484,154087
1512776300668809,1512776300830321,536870912,33554432,16,3324,161512
1512776304592633,1512776304754202,536870912,33554432,16,3322,161569
1512776308515505,1512776308677334,536870912,33554432,16,3317,161829
1512776312438810,1512776312600512,536870912,33554432,16,3320,161702
1512776316361828,1512776316523134,536870912,33554432,16,3328,161306
1512776320279712,1512776320441122,536870912,33554432,16,3326,161410
1512776324200400,1512776324361638,536870912,33554432,16,3329,161238
1512776328121458,1512776328282646,536870912,33554432,16,3330,161188
1512776332048107,1512776332209136,536870912,33554432,16,3334,161029
1512776335970223,1512776336131173,536870912,33554432,16,3335,160950
1512776339894773,1512776340056787,536870912,33554432,16,3313,162014
1512776343822862,1512776343984351,536870912,33554432,16,3324,161489
1512776347744856,1512776347906338,536870912,33554432,16,3324,161482
1512776351667503,1512776351828720,536870912,33554432,16,3330,161217
1512776355588053,1512776355749324,536870912,33554432,16,3328,161271
1512776359510968,1512776359672343,536870912,33554432,16,3326,161375
1512776363438631,1512776363596273,536870912,33554432,16,3405,157642
1512776367361655,1512776367522412,536870912,33554432,16,3339,160757
1512776371283369,1512776371443906,536870912,33554432,16,3344,160537
1512776375206582,1512776375367779,536870912,33554432,16,3330,161197
1512776379127819,1512776379288742,536870912,33554432,16,3336,160923
1512776383050635,1512776383212375,536870912,33554432,16,3319,161740
1512776386970283,1512776387130687,536870912,33554432,16,3346,160404
1512776390895850,1512776391056577,536870912,33554432,16,3340,160727
1512776394819206,1512776394980366,536870912,33554432,16,3331,161160
1512776398744521,1512776398901149,536870912,33554432,16,3427,156628
1512776402662801,1512776402824586,536870912,33554432,16,3318,161785
1512776406587546,1512776406749389,536870912,33554432,16,3317,161843
1512776410509899,1512776410671148,536870912,33554432,16,3329,161249
1512776414432496,1512776414593534,536870912,33554432,16,3333,161038
1512776418355764,1512776418517124,536870912,33554432,16,3327,161360
1512776422282742,1512776422440666,536870912,33554432,16,3399,157924
1512776426200373,1512776426362213,536870912,33554432,16,3317,161840
1512776430122050,1512776430279780,536870912,33554432,16,3403,157730
1512776434043608,1512776434205129,536870912,33554432,16,3323,161521
1512776437964403,1512776438125535,536870912,33554432,16,3331,161132
1512776441888562,1512776442049722,536870912,33554432,16,3331,161160
1512776445812728,1512776445974296,536870912,33554432,16,3322,161568
1512776449733898,1512776449895628,536870912,33554432,16,3319,161730
1512776453661407,1512776453822644,536870912,33554432,16,3329,161237
1512776457587830,1512776457749503,536870912,33554432,16,3320,161673
1512776461514086,1512776461675457,536870912,33554432,16,3326,161371
1512776465438031,1512776465598891,536870912,33554432,16,3337,160860
1512776469358916,1512776469520106,536870912,33554432,16,3330,161190
1512776473282481,1512776473443857,536870912,33554432,16,3326,161376
1512776477205607,1512776477367238,536870912,33554432,16,3321,161631
1512776481126250,1512776481287608,536870912,33554432,16,3327,161358
1512776485049112,1512776485210141,536870912,33554432,16,3334,161029
1512776488971879,1512776489133115,536870912,33554432,16,3329,161236
1512776492898180,1512776493059681,536870912,33554432,16,3324,161501
1512776496822523,1512776496984574,536870912,33554432,16,3312,162051
1512776500750809,1512776500912176,536870912,33554432,16,3327,161367
1512776504679321,1512776504840302,536870912,33554432,16,3334,160981
1512776508608876,1512776508770459,536870912,33554432,16,3322,161583
1512776512535374,1512776512696424,536870912,33554432,16,3333,161050
1512776516465815,1512776516626391,536870912,33554432,16,3343,160576
1512776520393256,1512776520555336,536870912,33554432,16,3312,162080
1512776524319029,1512776524480571,536870912,33554432,16,3323,161542
1512776528249224,1512776528410674,536870912,33554432,16,3325,161450
1512776532175845,1512776532337235,536870912,33554432,16,3326,161390
1512776536103763,1512776536264906,536870912,33554432,16,3331,161143
1512776540033732,1512776540195107,536870912,33554432,16,3326,161375
1512776543959653,1512776544117085,536870912,33554432,16,3410,157432
1512776547882117,1512776548043906,536870912,33554432,16,3318,161789
1512776551809407,1512776551970810,536870912,33554432,16,3326,161403
1512776555730865,1512776555892420,536870912,33554432,16,3323,161555
1512776559653698,1512776559814899,536870912,33554432,16,3330,161201
1512776563578912,1512776563740632,536870912,33554432,16,3319,161720
1512776567507447,1512776567669116,536870912,33554432,16,3320,161669
1512776571435403,1512776571596942,536870912,33554432,16,3323,161539
1512776575361432,1512776575522273,536870912,33554432,16,3337,160841
1512776579286488,1512776579448008,536870912,33554432,16,3323,161520
1512776583208316,1512776583369839,536870912,33554432,16,3323,161523
1512776587131359,1512776587292859,536870912,33554432,16,3324,161500
1512776591059468,1512776591221239,536870912,33554432,16,3318,161771
1512776594989459,1512776595150755,536870912,33554432,16,3328,161296
1512776598920627,1512776599081138,536870912,33554432,16,3344,160511
1512776602846726,1512776603008365,536870912,33554432,16,3321,161639
1512776606773711,1512776606934908,536870912,33554432,16,3330,161197
1512776610704017,1512776610865609,536870912,33554432,16,3322,161592
1512776614632762,1512776614790036,536870912,33554432,16,3413,157274
1512776618552880,1512776618714190,536870912,33554432,16,3328,161310
1512776622480014,1512776622641185,536870912,33554432,16,3331,161171
1512776626406970,1512776626567857,536870912,33554432,16,3336,160887
1512776630333288,1512776630494824,536870912,33554432,16,3323,161536
1512776634258805,1512776634420228,536870912,33554432,16,3325,161423
1512776638185407,1512776638343102,536870912,33554432,16,3404,157695
1512776642108905,1512776642270460,536870912,33554432,16,3323,161555
1512776646032010,1512776646193926,536870912,33554432,16,3315,161916
1512776649959098,1512776650120509,536870912,33554432,16,3326,161411
1512776653884955,1512776654046266,536870912,33554432,16,3328,161311
1512776657811790,1512776657972739,536870912,33554432,16,3335,160949
1512776661739905,1512776661901327,536870912,33554432,16,3325,161422
1512776665666591,1512776665827677,536870912,33554432,16,3332,161086
1512776669595436,1512776669756487,536870912,33554432,16,3333,161051
1512776673520905,1512776673682376,536870912,33554432,16,3324,161471
1512776677449492,1512776677611286,536870912,33554432,16,3318,161794
1512776681374066,1512776681535422,536870912,33554432,16,3327,161356
1512776685298723,1512776685460181,536870912,33554432,16,3325,161458
1512776689222778,1512776689383381,536870912,33554432,16,3342,160603
1512776693145412,1512776693306836,536870912,33554432,16,3325,161424
1512776697070249,1512776697231917,536870912,33554432,16,3320,161668
1512776700998544,1512776701159547,536870912,33554432,16,3334,161003
1512776704927355,1512776705088866,536870912,33554432,16,3324,161511
1512776708853676,1512776709014949,536870912,33554432,16,3328,161273
1512776712781737,1512776712943062,536870912,33554432,16,3327,161325
1512776716710586,1512776716872109,536870912,33554432,16,3323,161523
1512776720641071,1512776720802903,536870912,33554432,16,3317,161832
1512776724568828,1512776724730594,536870912,33554432,16,3318,161766
1512776728495573,1512776728652581,536870912,33554432,16,3419,157008
1512776732415989,1512776732576458,536870912,33554432,16,3345,160469
1512776736343214,1512776736504693,536870912,33554432,16,3324,161479
1512776740268819,1512776740426639,536870912,33554432,16,3401,157820
1512776744188147,1512776744349570,536870912,33554432,16,3325,161423
1512776748113628,1512776748274411,536870912,33554432,16,3339,160783
1512776752037290,1512776752194587,536870912,33554432,16,3413,157297
1512776755956982,1512776756118365,536870912,33554432,16,3326,161383
1512776759885542,1512776760047095,536870912,33554432,16,3323,161553
1512776763813657,1512776763974743,536870912,33554432,16,3332,161086
1512776767740489,1512776767900802,536870912,33554432,16,3348,160313
1512776771666524,1512776771827777,536870912,33554432,16,3329,161253
1512776775592638,1512776775753768,536870912,33554432,16,3331,161130
1512776779518687,1512776779679760,536870912,33554432,16,3333,161073
1512776783448635,1512776783609998,536870912,33554432,16,3327,161363
1512776787376802,1512776787538404,536870912,33554432,16,3322,161602
1512776791304729,1512776791465930,536870912,33554432,16,3330,161201
1512776795230264,1512776795391312,536870912,33554432,16,3333,161048
1512776799158450,1512776799315977,536870912,33554432,16,3408,157527
1512776803081018,1512776803242019,536870912,33554432,16,3334,161001
1512776807006005,1512776807167230,536870912,33554432,16,3329,161225
1512776810930091,1512776811091786,536870912,33554432,16,3320,161695
1512776814858094,1512776815019909,536870912,33554432,16,3317,161815
1512776818785549,1512776818947209,536870912,33554432,16,3320,161660
1512776822712465,1512776822873532,536870912,33554432,16,3333,161067
1512776826637338,1512776826798501,536870912,33554432,16,3331,161163
1512776830564126,1512776830725863,536870912,33554432,16,3319,161737
1512776834489946,1512776834651404,536870912,33554432,16,3325,161458
1512776838418150,1512776838579586,536870912,33554432,16,3325,161436
1512776842344874,1512776842506207,536870912,33554432,16,3327,161333
1512776846274633,1512776846435689,536870912,33554432,16,3333,161056
1512776850200056,1512776850357582,536870912,33554432,16,3408,157526
1512776854121672,1512776854282995,536870912,33554432,16,3327,161323
1512776858042981,1512776858204299,536870912,33554432,16,3328,161318
1512776861966701,1512776862128119,536870912,33554432,16,3325,161418
1512776865892832,1512776866055495,536870912,33554432,16,3300,162663
1512776869813422,1512776869974862,536870912,33554432,16,3325,161440
1512776873740301,1512776873901624,536870912,33554432,16,3327,161323
1512776877667655,1512776877828320,536870912,33554432,16,3341,160665
1512776881596255,1512776881758119,536870912,33554432,16,3316,161864
1512776885524350,1512776885685673,536870912,33554432,16,3327,161323
1512776889449598,1512776889610614,536870912,33554432,16,3334,161016
1512776893370544,1512776893532239,536870912,33554432,16,3320,161695
1512776897292178,1512776897453610,536870912,33554432,16,3325,161432
1512776901213717,1512776901375485,536870912,33554432,16,3318,161768
1512776905136432,1512776905297919,536870912,33554432,16,3324,161487
1512776909060207,1512776909220782,536870912,33554432,16,3343,160575
1512776912985055,1512776913146500,536870912,33554432,16,3325,161445
1512776916908893,1512776917070036,536870912,33554432,16,3331,161143
1512776920834931,1512776920996532,536870912,33554432,16,3322,161601
1512776924755352,1512776924916823,536870912,33554432,16,3324,161471
1512776928676468,1512776928837641,536870912,33554432,16,3331,161173
1512776932598542,1512776932760211,536870912,33554432,16,3320,161669
1512776936521160,1512776936682541,536870912,33554432,16,3326,161381
1512776940444176,1512776940605408,536870912,33554432,16,3329,161232
1512776944367283,1512776944524347,536870912,33554432,16,3418,157064
1512776948289315,1512776948449816,536870912,33554432,16,3344,160501
1512776952210623,1512776952372116,536870912,33554432,16,3324,161493
1512776956132481,1512776956292815,536870912,33554432,16,3348,160334
1512776960057160,1512776960218409,536870912,33554432,16,3329,161249
1512776963977383,1512776964138663,536870912,33554432,16,3328,161280
1512776967901535,1512776968062996,536870912,33554432,16,3325,161461
1512776971818320,1512776971979191,536870912,33554432,16,3337,160871
1512776975738324,1512776975900139,536870912,33554432,16,3317,161815
1512776979663141,1512776979824975,536870912,33554432,16,3317,161834
1512776983586716,1512776983747816,536870912,33554432,16,3332,161100
1512776987503537,1512776987664565,536870912,33554432,16,3334,161028
1512776991425786,1512776991587343,536870912,33554432,16,3323,161557
1512776995344833,1512776995506405,536870912,33554432,16,3322,161572
1512776999265314,1512776999426204,536870912,33554432,16,3336,160890
1512777003185472,1512777003346646,536870912,33554432,16,3331,161174
1512777007103615,1512777007260476,536870912,33554432,16,3422,156861
1512777011078321,1512777011240108,536870912,33554432,16,3318,161787
1512777015000938,1512777015162784,536870912,33554432,16,3317,161846
1512777018919797,1512777019081820,536870912,33554432,16,3313,162023
1512777022841494,1512777023003198,536870912,33554432,16,3320,161704
1512777026766052,1512777026926874,536870912,33554432,16,3338,160822
1512777030687153,1512777030849074,536870912,33554432,16,3315,161921
1512777034610178,1512777034772058,536870912,33554432,16,3316,161880
1512777038531883,1512777038693660,536870912,33554432,16,3318,161777
1512777042455302,1512777042617216,536870912,33554432,16,3315,161914
1512777046384819,1512777046546806,536870912,33554432,16,3314,161987
1512777050308153,1512777050465639,536870912,33554432,16,3409,157486
1512777054231791,1512777054393069,536870912,33554432,16,3328,161278
1512777058157076,1512777058318693,536870912,33554432,16,3321,161617
1512777062082231,1512777062243624,536870912,33554432,16,3326,161393
1512777066008183,1512777066169311,536870912,33554432,16,3331,161128
1512777069936749,1512777070098313,536870912,33554432,16,3322,161564
1512777073885540,1512777074046981,536870912,33554432,16,3325,161441
1512777077811546,1512777077972545,536870912,33554432,16,3334,160999
1512777081735184,1512777081896059,536870912,33554432,16,3337,160875
1512777085655679,1512777085817521,536870912,33554432,16,3317,161842
1512777089576160,1512777089737788,536870912,33554432,16,3321,161628
1512777093501802,1512777093663188,536870912,33554432,16,3326,161386
1512777097425210,1512777097586876,536870912,33554432,16,3320,161666
1512777101346666,1512777101508430,536870912,33554432,16,3318,161764
1512777105273985,1512777105435517,536870912,33554432,16,3323,161532
1512777109198118,1512777109359465,536870912,33554432,16,3327,161347
1512777113119679,1512777113276856,536870912,33554432,16,3415,157177
1512777117043231,1512777117204819,536870912,33554432,16,3322,161588
1512777120970079,1512777121131935,536870912,33554432,16,3316,161856
1512777124899291,1512777125060985,536870912,33554432,16,3320,161694
1512777128828113,1512777128989639,536870912,33554432,16,3323,161526
1512777132753514,1512777132914711,536870912,33554432,16,3330,161197
1512777136682003,1512777136843474,536870912,33554432,16,3324,161471
1512777140607565,1512777140769132,536870912,33554432,16,3322,161567
1512777144533533,1512777144695322,536870912,33554432,16,3318,161789
1512777148462409,1512777148624218,536870912,33554432,16,3317,161809
1512777152386687,1512777152548388,536870912,33554432,16,3320,161701
1512777156311300,1512777156472880,536870912,33554432,16,3322,161580
1512777160237130,1512777160398348,536870912,33554432,16,3330,161218
1512777164161206,1512777164322968,536870912,33554432,16,3318,161762
1512777168084148,1512777168244703,536870912,33554432,16,3343,160555
1512777172007167,1512777172167920,536870912,33554432,16,3339,160753
1512777175932779,1512777176094543,536870912,33554432,16,3318,161764
1512777179869962,1512777180032071,536870912,33554432,16,3311,162109
1512777183794686,1512777183956476,536870912,33554432,16,3318,161790
1512777187710444,1512777187872630,536870912,33554432,16,3310,162186
1512777191631969,1512777191793786,536870912,33554432,16,3317,161817
1512777195557363,1512777195715120,536870912,33554432,16,3403,157757
1512777199479480,1512777199637618,536870912,33554432,16,3394,158138
1512777203400867,1512777203562271,536870912,33554432,16,3326,161404
1512777207323400,1512777207485476,536870912,33554432,16,3312,162076
1512777211246359,1512777211407942,536870912,33554432,16,3322,161583
1512777215168827,1512777215329886,536870912,33554432,16,3333,161059
1512777219091275,1512777219252555,536870912,33554432,16,3328,161280
1512777223018229,1512777223180126,536870912,33554432,16,3316,161897
1512777226940762,1512777227102262,536870912,33554432,16,3324,161500
1512777230868629,1512777231029931,536870912,33554432,16,3328,161302
1512777234793479,1512777234954456,536870912,33554432,16,3335,160977
1512777238718503,1512777238875830,536870912,33554432,16,3412,157327
1512777242636181,1512777242798103,536870912,33554432,16,3315,161922
1512777246563546,1512777246724921,536870912,33554432,16,3326,161375
1512777250485516,1512777250646846,536870912,33554432,16,3327,161330
1512777254413050,1512777254574052,536870912,33554432,16,3334,161002
1512777258339980,1512777258501537,536870912,33554432,16,3323,161557
1512777262262402,1512777262423661,536870912,33554432,16,3329,161259
1512777266191811,1512777266353070,536870912,33554432,16,3329,161259
1512777270120684,1512777270282165,536870912,33554432,16,3324,161481
1512777274048148,1512777274204750,536870912,33554432,16,3428,156602
1512777277968658,1512777278130396,536870912,33554432,16,3319,161738
1512777281894212,1512777282055711,536870912,33554432,16,3324,161499
1512777285819685,1512777285981010,536870912,33554432,16,3327,161325
1512777289745695,1512777289906557,536870912,33554432,16,3337,160862
1512777293672949,1512777293833985,536870912,33554432,16,3333,161036
1512777297601355,1512777297762640,536870912,33554432,16,3328,161285
1512777301525934,1512777301687408,536870912,33554432,16,3324,161474
1512777305481584,1512777305643599,536870912,33554432,16,3313,162015
1512777309407496,1512777309569512,536870912,33554432,16,3313,162016
1512777313329827,1512777313491472,536870912,33554432,16,3321,161645
1512777317251483,1512777317413394,536870912,33554432,16,3315,161911
1512777321180821,1512777321341623,536870912,33554432,16,3338,160802
1512777325103977,1512777325265755,536870912,33554432,16,3318,161778
1512777329031436,1512777329193744,536870912,33554432,16,3307,162308
1512777332956760,1512777333118395,536870912,33554432,16,3321,161635
1512777336881808,1512777337043884,536870912,33554432,16,3312,162076
1512777340810061,1512777340972128,536870912,33554432,16,3312,162067
1512777344735830,1512777344896771,536870912,33554432,16,3335,160941
1512777348659780,1512777348821233,536870912,33554432,16,3325,161453
1512777352585735,1512777352746695,536870912,33554432,16,3335,160960
1512777356512840,1512777356674134,536870912,33554432,16,3328,161294
1512777360439852,1512777360601386,536870912,33554432,16,3323,161534
1512777364369813,1512777364530936,536870912,33554432,16,3332,161123
1512777368292735,1512777368453385,536870912,33554432,16,3341,160650
1512777372217003,1512777372378518,536870912,33554432,16,3323,161515
1512777376142253,1512777376303894,536870912,33554432,16,3321,161641
1512777380069356,1512777380231090,536870912,33554432,16,3319,161734
1512777383996385,1512777384157664,536870912,33554432,16,3328,161279
1512777387921569,1512777388082130,536870912,33554432,16,3343,160561
1512777391849124,1512777392009532,536870912,33554432,16,3346,160408
1512777395778194,1512777395939065,536870912,33554432,16,3337,160871
1512777399700893,1512777399862143,536870912,33554432,16,3329,161250
1512777403630636,1512777403792258,536870912,33554432,16,3321,161622
1512777407556095,1512777407717442,536870912,33554432,16,3327,161347
1512777411487161,1512777411648694,536870912,33554432,16,3323,161533
1512777415412206,1512777415569675,536870912,33554432,16,3409,157469
1512777419335558,1512777419496976,536870912,33554432,16,3325,161418
1512777423265006,1512777423426311,536870912,33554432,16,3328,161305
1512777427189618,1512777427351403,536870912,33554432,16,3318,161785
1512777431122578,1512777431284422,536870912,33554432,16,3317,161844
1512777435046877,1512777435208342,536870912,33554432,16,3324,161465
1512777438974755,1512777439136204,536870912,33554432,16,3325,161449
1512777442899547,1512777443060285,536870912,33554432,16,3340,160738
1512777446827944,1512777446988629,536870912,33554432,16,3341,160685
1512777450754090,1512777450915325,536870912,33554432,16,3329,161235
1512777454686663,1512777454848251,536870912,33554432,16,3322,161588
1512777458608227,1512777458769748,536870912,33554432,16,3323,161521
1512777462536454,1512777462697669,536870912,33554432,16,3330,161215
1512777466467049,1512777466628598,536870912,33554432,16,3323,161549
1512777470393682,1512777470554690,536870912,33554432,16,3334,161008
1512777474317925,1512777474479312,536870912,33554432,16,3326,161387
1512777478247276,1512777478408861,536870912,33554432,16,3322,161585
1512777482179058,1512777482336648,536870912,33554432,16,3406,157590
1512777486104061,1512777486265008,536870912,33554432,16,3335,160947
1512777490033726,1512777490194934,536870912,33554432,16,3330,161208
1512777493962471,1512777494123816,536870912,33554432,16,3327,161345
1512777497893054,1512777498054553,536870912,33554432,16,3324,161499
1512777501824824,1512777501985963,536870912,33554432,16,3331,161139
1512777505752894,1512777505914548,536870912,33554432,16,3321,161654
1512777509679849,1512777509841087,536870912,33554432,16,3329,161238
1512777513608385,1512777513769938,536870912,33554432,16,3323,161553
1512777517536504,1512777517697651,536870912,33554432,16,3331,161147
1512777521460358,1512777521622235,536870912,33554432,16,3316,161877
1512777525388060,1512777525545322,536870912,33554432,16,3413,157262
1512777529312443,1512777529474257,536870912,33554432,16,3317,161814
1512777533241426,1512777533403151,536870912,33554432,16,3319,161725
1512777537170345,1512777537332027,536870912,33554432,16,3320,161682
1512777541097037,1512777541258540,536870912,33554432,16,3324,161503
1512777545023226,1512777545185001,536870912,33554432,16,3318,161775
1512777548947113,1512777549108776,536870912,33554432,16,3320,161663
1512777552874891,1512777553036383,536870912,33554432,16,3324,161492
1512777556799053,1512777556960967,536870912,33554432,16,3315,161914
1512777560724189,1512777560884746,536870912,33554432,16,3343,160557
1512777564651351,1512777564813216,536870912,33554432,16,3316,161865
1512777568589342,1512777568750560,536870912,33554432,16,3330,161218
1512777572519338,1512777572681142,536870912,33554432,16,3318,161804
1512777576448006,1512777576609537,536870912,33554432,16,3323,161531
1512777580375729,1512777580536836,536870912,33554432,16,3332,161107
1512777584305466,1512777584467327,536870912,33554432,16,3316,161861
1512777588232364,1512777588393088,536870912,33554432,16,3340,160724
1512777592157238,1512777592318591,536870912,33554432,16,3327,161353
1512777596081649,1512777596242908,536870912,33554432,16,3329,161259
1512777600009963,1512777600171734,536870912,33554432,16,3318,161771
1512777603940282,1512777604101593,536870912,33554432,16,3328,161311
1512777607867133,1512777608028385,536870912,33554432,16,3329,161252
1512777611793082,1512777611954734,536870912,33554432,16,3321,161652
1512777615718021,1512777615878294,536870912,33554432,16,3349,160273
1512777619640037,1512777619796598,536870912,33554432,16,3429,156561
1512777623558455,1512777623719947,536870912,33554432,16,3324,161492
1512777627485897,1512777627646461,536870912,33554432,16,3343,160564
1512777631413511,1512777631575240,536870912,33554432,16,3319,161729
1512777635340322,1512777635502196,536870912,33554432,16,3316,161874
1512777639270169,1512777639428050,536870912,33554432,16,3400,157881
1512777643191955,1512777643353262,536870912,33554432,16,3328,161307
1512777647118237,1512777647278640,536870912,33554432,16,3347,160403
1512777651045326,1512777651206645,536870912,33554432,16,3328,161319
1512777654974129,1512777655135450,536870912,33554432,16,3327,161321
1512777658901433,1512777659063178,536870912,33554432,16,3319,161745
1512777662830013,1512777662991421,536870912,33554432,16,3326,161408
1512777666758081,1512777666919579,536870912,33554432,16,3324,161498
1512777670682975,1512777670844259,536870912,33554432,16,3328,161284
1512777674610381,1512777674771614,536870912,33554432,16,3329,161233
1512777678532797,1512777678694128,536870912,33554432,16,3327,161331
1512777682460324,1512777682621717,536870912,33554432,16,3326,161393
1512777686384827,1512777686546059,536870912,33554432,16,3329,161232
1512777690304461,1512777690466419,536870912,33554432,16,3314,161958
1512777694225043,1512777694386124,536870912,33554432,16,3332,161081
1512777698148882,1512777698309847,536870912,33554432,16,3335,160965
1512777702074919,1512777702236259,536870912,33554432,16,3327,161340
1512777705999786,1512777706161070,536870912,33554432,16,3328,161284
1512777709927179,1512777710087965,536870912,33554432,16,3339,160786
1512777713852079,1512777714012558,536870912,33554432,16,3345,160479
1512777717778018,1512777717939395,536870912,33554432,16,3326,161377
1512777721703823,1512777721865363,536870912,33554432,16,3323,161540
1512777725624508,1512777725785592,536870912,33554432,16,3332,161084
1512777729545738,1512777729707389,536870912,33554432,16,3321,161651
1512777733469689,1512777733631097,536870912,33554432,16,3326,161408
1512777737394065,1512777737555494,536870912,33554432,16,3325,161429
1512777741320028,1512777741481005,536870912,33554432,16,3335,160977
1512777745240465,1512777745401925,536870912,33554432,16,3325,161460
1512777749163014,1512777749324244,536870912,33554432,16,3329,161230
1512777753084147,1512777753244762,536870912,33554432,16,3342,160615
1512777757002855,1512777757163595,536870912,33554432,16,3339,160740
1512777760922253,1512777761079619,536870912,33554432,16,3411,157366
1512777764843400,1512777765004704,536870912,33554432,16,3328,161304
1512777768759199,1512777768920371,536870912,33554432,16,3331,161172
1512777772685618,1512777772846841,536870912,33554432,16,3329,161223
1512777776609060,1512777776770340,536870912,33554432,16,3328,161280
1512777780533281,1512777780694963,536870912,33554432,16,3320,161682
1512777784457191,1512777784618157,536870912,33554432,16,3335,160966
1512777788374934,1512777788536360,536870912,33554432,16,3325,161426
1512777792299832,1512777792460419,536870912,33554432,16,3343,160587
1512777796220881,1512777796382299,536870912,33554432,16,3325,161418
1512777800142337,1512777800303807,536870912,33554432,16,3324,161470
1512777804065174,1512777804226451,536870912,33554432,16,3328,161277
1512777807987878,1512777808149006,536870912,33554432,16,3331,161128
1512777811909705,1512777812070280,536870912,33554432,16,3343,160575
1512777815834694,1512777815995868,536870912,33554432,16,3331,161174
1512777819757684,1512777819919518,536870912,33554432,16,3317,161834
1512777823678428,1512777823840282,536870912,33554432,16,3317,161854
1512777827602107,1512777827763869,536870912,33554432,16,3318,161762
1512777831531038,1512777831692453,536870912,33554432,16,3326,161415
1512777835455570,1512777835617091,536870912,33554432,16,3323,161521
1512777839383858,1512777839545852,536870912,33554432,16,3314,161994
1512777843313684,1512777843475389,536870912,33554432,16,3320,161705
1512777847242542,1512777847404225,536870912,33554432,16,3320,161683
1512777851172350,1512777851333639,536870912,33554432,16,3328,161289
1512777855098127,1512777855258544,536870912,33554432,16,3346,160417
1512777859023614,1512777859185314,536870912,33554432,16,3320,161700
1512777862947589,1512777863109177,536870912,33554432,16,3322,161588
1512777866874988,1512777867035414,536870912,33554432,16,3346,160426
1512777870800079,1512777870961476,536870912,33554432,16,3326,161397
1512777874723841,1512777874885133,536870912,33554432,16,3328,161292
1512777878644214,1512777878804713,536870912,33554432,16,3345,160499
1512777882572322,1512777882734090,536870912,33554432,16,3318,161768
1512777886497589,1512777886659153,536870912,33554432,16,3322,161564
1512777890427888,1512777890589021,536870912,33554432,16,3331,161133
1512777894353926,1512777894511716,536870912,33554432,16,3402,157790
1512777898284050,1512777898446081,536870912,33554432,16,3313,162031
1512777902209994,1512777902371428,536870912,33554432,16,3325,161434
1512777906130837,1512777906292601,536870912,33554432,16,3318,161764
1512777910051881,1512777910213472,536870912,33554432,16,3322,161591
1512777913974392,1512777914136456,536870912,33554432,16,3312,162064
1512777917895746,1512777918056660,536870912,33554432,16,3336,160914
1512777921819539,1512777921980321,536870912,33554432,16,3339,160782
1512777925738318,1512777925900025,536870912,33554432,16,3320,161707
1512777929659428,1512777929821405,536870912,33554432,16,3314,161977
1512777933581710,1512777933743288,536870912,33554432,16,3322,161578
1512777937507154,1512777937668010,536870912,33554432,16,3337,160856
1512777941429768,1512777941590763,536870912,33554432,16,3334,160995
1512777945352941,1512777945514679,536870912,33554432,16,3319,161738
1512777949277457,1512777949438033,536870912,33554432,16,3343,160576
1512777953202081,1512777953363778,536870912,33554432,16,3320,161697
1512777957125311,1512777957287099,536870912,33554432,16,3318,161788
1512777961046342,1512777961207111,536870912,33554432,16,3339,160769
1512777964966849,1512777965128258,536870912,33554432,16,3326,161409
1512777968886606,1512777969044049,536870912,33554432,16,3409,157443
1512777972807841,1512777972969342,536870912,33554432,16,3324,161501
1512777976731279,1512777976892295,536870912,33554432,16,3334,161016
1512777980658840,1512777980819735,536870912,33554432,16,3336,160895
1512777984585341,1512777984747048,536870912,33554432,16,3320,161707
1512777988514400,1512777988675788,536870912,33554432,16,3326,161388
1512777992440147,1512777992601916,536870912,33554432,16,3318,161769
1512777996366719,1512777996528016,536870912,33554432,16,3328,161297
1512778000294667,1512778000455941,536870912,33554432,16,3328,161274
1512778004217829,1512778004379510,536870912,33554432,16,3320,161681
1512778008144374,1512778008305827,536870912,33554432,16,3325,161453
1512778012074856,1512778012236402,536870912,33554432,16,3323,161546
1512778015999378,1512778016160961,536870912,33554432,16,3322,161583
1512778019924859,1512778020086839,536870912,33554432,16,3314,161980
1512778023851895,1512778024013209,536870912,33554432,16,3328,161314
1512778027780099,1512778027941311,536870912,33554432,16,3330,161212
1512778031710973,1512778031872485,536870912,33554432,16,3324,161512
1512778035637559,1512778035798870,536870912,33554432,16,3328,161311
1512778039576705,1512778039734321,536870912,33554432,16,3406,157616
1512778043498315,1512778043660064,536870912,33554432,16,3319,161749
1512778047422413,1512778047582923,536870912,33554432,16,3344,160510
1512778051347329,1512778051509165,536870912,33554432,16,3317,161836
1512778055271747,1512778055433426,536870912,33554432,16,3320,161679
1512778059200223,1512778059360781,536870912,33554432,16,3343,160558
1512778063124975,1512778063286415,536870912,33554432,16,3325,161440
1512778067053821,1512778067211513,536870912,33554432,16,3404,157692
1512778070974370,1512778071135579,536870912,33554432,16,3330,161209
1512778074905930,1512778075067490,536870912,33554432,16,3323,161560
1512778078835501,1512778078997096,536870912,33554432,16,3322,161595
1512778082768270,1512778082929482,536870912,33554432,16,3330,161212
1512778086698680,1512778086860070,536870912,33554432,16,3326,161390
1512778090625416,1512778090785847,536870912,33554432,16,3346,160431
1512778094557308,1512778094719257,536870912,33554432,16,3315,161949
1512778098483454,1512778098644995,536870912,33554432,16,3323,161541
1512778102412967,1512778102574285,536870912,33554432,16,3328,161318
1512778106338855,1512778106499669,536870912,33554432,16,3338,160814
1512778110266453,1512778110428333,536870912,33554432,16,3316,161880
1512778114192754,1512778114354449,536870912,33554432,16,3320,161695
1512778118123574,1512778118285091,536870912,33554432,16,3323,161517
1512778122053502,1512778122214889,536870912,33554432,16,3326,161387
1512778125981435,1512778126142155,536870912,33554432,16,3340,160720
1512778129904507,1512778130065733,536870912,33554432,16,3329,161226
1512778133825952,1512778133986987,536870912,33554432,16,3333,161035
1512778137747307,1512778137909067,536870912,33554432,16,3318,161760
1512778141672423,1512778141834071,536870912,33554432,16,3321,161648
1512778145603004,1512778145764047,536870912,33554432,16,3333,161043
1512778149528541,1512778149689509,536870912,33554432,16,3335,160968
