1512758423932594,1512758423936298,20971520,2621440,8,5661,3704
1512758424087156,1512758424090837,20971520,2621440,8,5697,3681
1512758424241185,1512758424244937,20971520,2621440,8,5589,3752
1512758424395555,1512758424399280,20971520,2621440,8,5629,3725
1512758424549961,1512758424553625,20971520,2621440,8,5723,3664
1512758424704409,1512758424708064,20971520,2621440,8,5737,3655
1512758424858914,1512758424862575,20971520,2621440,8,5728,3661
1512758425014116,1512758425017859,20971520,2621440,8,5602,3743
1512758425167355,1512758425170901,20971520,2621440,8,5914,3546
1512758425321094,1512758425324834,20971520,2621440,8,5607,3740
1512758425474873,1512758425478679,20971520,2621440,8,5510,3806
1512758425628366,1512758425632047,20971520,2621440,8,5697,3681
1512758425781950,1512758425785646,20971520,2621440,8,5674,3696
1512758425935469,1512758425939110,20971520,2621440,8,5759,3641
1512758426088880,1512758426092657,20971520,2621440,8,5552,3777
1512758426243189,1512758426246873,20971520,2621440,8,5692,3684
1512758426396156,1512758426399679,20971520,2621440,8,5952,3523
1512758426549341,1512758426552958,20971520,2621440,8,5798,3617
1512758426702658,1512758426706405,20971520,2621440,8,5596,3747
1512758426856419,1512758426860141,20971520,2621440,8,5634,3722
1512758427009401,1512758427013153,20971520,2621440,8,5589,3752
1512758427162709,1512758427166468,20971520,2621440,8,5579,3759
1512758427315604,1512758427319284,20971520,2621440,8,5698,3680
1512758427468896,1512758427472618,20971520,2621440,8,5634,3722
1512758427621642,1512758427625361,20971520,2621440,8,5639,3719
1512758427774754,1512758427778429,20971520,2621440,8,5706,3675
1512758427928380,1512758427932100,20971520,2621440,8,5637,3720
1512758428082252,1512758428086002,20971520,2621440,8,5592,3750
1512758428235849,1512758428239475,20971520,2621440,8,5783,3626
1512758428388853,1512758428392558,20971520,2621440,8,5660,3705
1512758428542287,1512758428545959,20971520,2621440,8,5711,3672
1512758428696171,1512758428699833,20971520,2621440,8,5726,3662
1512758428849227,1512758428852914,20971520,2621440,8,5687,3687
1512758429002215,1512758429005967,20971520,2621440,8,5589,3752
1512758429155377,1512758429159114,20971520,2621440,8,5611,3737
1512758429308581,1512758429312339,20971520,2621440,8,5580,3758
1512758429462035,1512758429465740,20971520,2621440,8,5660,3705
1512758429615878,1512758429619600,20971520,2621440,8,5634,3722
1512758429768899,1512758429772451,20971520,2621440,8,5904,3552
1512758429921841,1512758429925597,20971520,2621440,8,5583,3756
1512758430075313,1512758430079051,20971520,2621440,8,5610,3738
1512758430228816,1512758430232485,20971520,2621440,8,5715,3669
1512758430382084,1512758430385802,20971520,2621440,8,5640,3718
1512758430535255,1512758430538995,20971520,2621440,8,5607,3740
1512758430688648,1512758430692448,20971520,2621440,8,5518,3800
1512758430842005,1512758430845744,20971520,2621440,8,5608,3739
1512758430995288,1512758430999070,20971520,2621440,8,5545,3782
1512758431148080,1512758431151715,20971520,2621440,8,5769,3635
1512758431301215,1512758431304915,20971520,2621440,8,5667,3700
1512758431454964,1512758431458767,20971520,2621440,8,5514,3803
1512758431607899,1512758431611567,20971520,2621440,8,5717,3668
1512758431760826,1512758431764555,20971520,2621440,8,5623,3729
1512758431914450,1512758431918121,20971520,2621440,8,5712,3671
1512758432068200,1512758432071872,20971520,2621440,8,5711,3672
1512758432221223,1512758432224953,20971520,2621440,8,5622,3730
1512758432374266,1512758432378076,20971520,2621440,8,5504,3810
1512758432527255,1512758432530893,20971520,2621440,8,5764,3638
1512758432680616,1512758432684221,20971520,2621440,8,5817,3605
1512758432833851,1512758432837481,20971520,2621440,8,5777,3630
1512758432987319,1512758432991010,20971520,2621440,8,5681,3691
1512758433140616,1512758433144383,20971520,2621440,8,5567,3767
1512758433293904,1512758433297615,20971520,2621440,8,5651,3711
1512758433447893,1512758433451692,20971520,2621440,8,5520,3799
1512758433601329,1512758433605039,20971520,2621440,8,5652,3710
1512758433754522,1512758433758240,20971520,2621440,8,5640,3718
1512758433908303,1512758433911872,20971520,2621440,8,5876,3569
1512758434062272,1512758434065902,20971520,2621440,8,5777,3630
1512758434215136,1512758434218841,20971520,2621440,8,5660,3705
1512758434368060,1512758434371769,20971520,2621440,8,5654,3709
1512758434521524,1512758434525207,20971520,2621440,8,5694,3683
1512758434674742,1512758434678399,20971520,2621440,8,5734,3657
1512758434828169,1512758434831945,20971520,2621440,8,5553,3776
1512758434981476,1512758434985155,20971520,2621440,8,5700,3679
1512758435134598,1512758435138400,20971520,2621440,8,5515,3802
1512758435288589,1512758435292375,20971520,2621440,8,5539,3786
1512758435441664,1512758435445437,20971520,2621440,8,5558,3773
1512758435595147,1512758435598843,20971520,2621440,8,5674,3696
1512758435748427,1512758435752102,20971520,2621440,8,5706,3675
1512758435901776,1512758435905394,20971520,2621440,8,5796,3618
1512758436055334,1512758436058964,20971520,2621440,8,5777,3630
1512758436208295,1512758436212064,20971520,2621440,8,5564,3769
1512758436361902,1512758436365604,20971520,2621440,8,5664,3702
1512758436515579,1512758436519237,20971520,2621440,8,5733,3658
1512758436668740,1512758436672446,20971520,2621440,8,5658,3706
1512758436821555,1512758436825192,20971520,2621440,8,5766,3637
1512758436974500,1512758436978232,20971520,2621440,8,5619,3732
1512758437127763,1512758437131385,20971520,2621440,8,5790,3622
1512758437281026,1512758437284705,20971520,2621440,8,5700,3679
1512758437434678,1512758437438429,20971520,2621440,8,5590,3751
1512758437588319,1512758437591979,20971520,2621440,8,5729,3660
1512758437741522,1512758437745237,20971520,2621440,8,5645,3715
1512758437894361,1512758437898129,20971520,2621440,8,5565,3768
1512758438047338,1512758438050955,20971520,2621440,8,5798,3617
1512758438200727,1512758438204356,20971520,2621440,8,5778,3629
1512758438353575,1512758438357361,20971520,2621440,8,5539,3786
1512758438506733,1512758438510481,20971520,2621440,8,5595,3748
1512758438659978,1512758438663775,20971520,2621440,8,5523,3797
1512758438813052,1512758438816740,20971520,2621440,8,5686,3688
1512758438967224,1512758438970934,20971520,2621440,8,5652,3710
1512758439120623,1512758439124296,20971520,2621440,8,5709,3673
1512758439274118,1512758439277784,20971520,2621440,8,5720,3666
1512758439426645,1512758439430382,20971520,2621440,8,5611,3737
1512758439579650,1512758439583368,20971520,2621440,8,5640,3718
1512758439732643,1512758439736416,20971520,2621440,8,5558,3773
1512758439885966,1512758439889707,20971520,2621440,8,5605,3741
1512758440038851,1512758440042588,20971520,2621440,8,5611,3737
1512758440192002,1512758440195701,20971520,2621440,8,5669,3699
1512758440345797,1512758440349519,20971520,2621440,8,5634,3722
1512758440499741,1512758440503517,20971520,2621440,8,5553,3776
1512758440652736,1512758440656426,20971520,2621440,8,5683,3690
1512758440806506,1512758440810196,20971520,2621440,8,5683,3690
1512758440959844,1512758440963435,20971520,2621440,8,5840,3591
1512758441113180,1512758441116899,20971520,2621440,8,5639,3719
1512758441266405,1512758441270069,20971520,2621440,8,5723,3664
1512758441419531,1512758441423323,20971520,2621440,8,5530,3792
1512758441573199,1512758441576964,20971520,2621440,8,5570,3765
1512758441726264,1512758441730051,20971520,2621440,8,5537,3787
1512758441880665,1512758441884471,20971520,2621440,8,5510,3806
1512758442033622,1512758442037380,20971520,2621440,8,5580,3758
1512758442187015,1512758442190746,20971520,2621440,8,5620,3731
1512758442340397,1512758442344080,20971520,2621440,8,5694,3683
1512758442493988,1512758442497610,20971520,2621440,8,5790,3622
1512758442646897,1512758442650553,20971520,2621440,8,5736,3656
1512758442800111,1512758442803907,20971520,2621440,8,5524,3796
1512758442953505,1512758442957166,20971520,2621440,8,5728,3661
1512758443106854,1512758443110612,20971520,2621440,8,5580,3758
1512758443260280,1512758443264017,20971520,2621440,8,5611,3737
1512758443413471,1512758443417190,20971520,2621440,8,5639,3719
1512758443566863,1512758443570466,20971520,2621440,8,5820,3603
1512758443719773,1512758443723346,20971520,2621440,8,5869,3573
1512758443873065,1512758443876839,20971520,2621440,8,5556,3774
1512758444026755,1512758444030518,20971520,2621440,8,5573,3763
1512758444180379,1512758444184176,20971520,2621440,8,5523,3797
1512758444334027,1512758444337771,20971520,2621440,8,5601,3744
1512758444487404,1512758444491131,20971520,2621440,8,5626,3727
1512758444640736,1512758444644406,20971520,2621440,8,5714,3670
1512758444793552,1512758444797321,20971520,2621440,8,5564,3769
1512758444946686,1512758444950311,20971520,2621440,8,5785,3625
1512758445100124,1512758445103937,20971520,2621440,8,5500,3813
1512758445253769,1512758445257490,20971520,2621440,8,5635,3721
1512758445406433,1512758445410069,20971520,2621440,8,5767,3636
1512758445559379,1512758445563107,20971520,2621440,8,5625,3728
1512758445712923,1512758445716717,20971520,2621440,8,5527,3794
1512758445866116,1512758445869776,20971520,2621440,8,5729,3660
1512758446018888,1512758446022514,20971520,2621440,8,5783,3626
1512758446172481,1512758446176212,20971520,2621440,8,5620,3731
1512758446325881,1512758446329545,20971520,2621440,8,5723,3664
1512758446478811,1512758446482454,20971520,2621440,8,5756,3643
1512758446631231,1512758446634965,20971520,2621440,8,5616,3734
1512758446784382,1512758446787960,20971520,2621440,8,5861,3578
1512758446937512,1512758446941154,20971520,2621440,8,5758,3642
1512758447091756,1512758447095531,20971520,2621440,8,5555,3775
1512758447244989,1512758447248653,20971520,2621440,8,5723,3664
1512758447398170,1512758447401753,20971520,2621440,8,5853,3583
1512758447551647,1512758447555346,20971520,2621440,8,5669,3699
1512758447705030,1512758447708822,20971520,2621440,8,5530,3792
1512758447859048,1512758447862675,20971520,2621440,8,5782,3627
1512758448012290,1512758448015831,20971520,2621440,8,5922,3541
1512758448165483,1512758448169235,20971520,2621440,8,5589,3752
1512758448318841,1512758448322547,20971520,2621440,8,5658,3706
1512758448471949,1512758448475606,20971520,2621440,8,5734,3657
1512758448624749,1512758448628524,20971520,2621440,8,5555,3775
1512758448778697,1512758448782249,20971520,2621440,8,5904,3552
1512758448931966,1512758448935709,20971520,2621440,8,5602,3743
1512758449085080,1512758449088586,20971520,2621440,8,5981,3506
1512758449238164,1512758449241879,20971520,2621440,8,5645,3715
1512758449390986,1512758449394767,20971520,2621440,8,5546,3781
1512758449544376,1512758449548090,20971520,2621440,8,5646,3714
1512758449698264,1512758449701991,20971520,2621440,8,5626,3727
1512758449851642,1512758449855319,20971520,2621440,8,5703,3677
1512758450004757,1512758450008516,20971520,2621440,8,5579,3759
1512758450158194,1512758450161993,20971520,2621440,8,5520,3799
1512758450311492,1512758450315164,20971520,2621440,8,5711,3672
1512758450464147,1512758450467841,20971520,2621440,8,5677,3694
1512758450617290,1512758450621028,20971520,2621440,8,5610,3738
1512758450770319,1512758450773978,20971520,2621440,8,5731,3659
1512758450923797,1512758450927605,20971520,2621440,8,5507,3808
1512758451077153,1512758451080869,20971520,2621440,8,5643,3716
1512758451230063,1512758451233756,20971520,2621440,8,5678,3693
1512758451383152,1512758451386900,20971520,2621440,8,5595,3748
1512758451536047,1512758451539816,20971520,2621440,8,5564,3769
1512758451689398,1512758451693114,20971520,2621440,8,5643,3716
1512758451842533,1512758451846162,20971520,2621440,8,5778,3629
1512758451995864,1512758451999584,20971520,2621440,8,5637,3720
1512758452148974,1512758452152688,20971520,2621440,8,5646,3714
1512758452302559,1512758452306173,20971520,2621440,8,5802,3614
1512758452455966,1512758452459765,20971520,2621440,8,5520,3799
1512758452609528,1512758452613155,20971520,2621440,8,5782,3627
1512758452762214,1512758452765843,20971520,2621440,8,5778,3629
1512758452915271,1512758452918988,20971520,2621440,8,5642,3717
1512758453068965,1512758453072730,20971520,2621440,8,5570,3765
1512758453222543,1512758453226325,20971520,2621440,8,5545,3782
1512758453376195,1512758453379804,20971520,2621440,8,5810,3609
1512758453529743,1512758453533385,20971520,2621440,8,5758,3642
1512758453682707,1512758453686362,20971520,2621440,8,5737,3655
1512758453835873,1512758453839486,20971520,2621440,8,5804,3613
1512758453990082,1512758453993844,20971520,2621440,8,5574,3762
1512758454143277,1512758454146983,20971520,2621440,8,5658,3706
1512758454297299,1512758454301030,20971520,2621440,8,5620,3731
1512758454450585,1512758454454302,20971520,2621440,8,5642,3717
1512758454604031,1512758454607836,20971520,2621440,8,5511,3805
1512758454757634,1512758454761413,20971520,2621440,8,5549,3779
1512758454911340,1512758454915058,20971520,2621440,8,5640,3718
1512758455064647,1512758455068364,20971520,2621440,8,5642,3717
1512758455217468,1512758455221206,20971520,2621440,8,5610,3738
1512758455371225,1512758455374951,20971520,2621440,8,5628,3726
1512758455524714,1512758455528478,20971520,2621440,8,5571,3764
1512758455678150,1512758455681870,20971520,2621440,8,5637,3720
1512758455831987,1512758455835582,20971520,2621440,8,5833,3595
1512758455985149,1512758455988784,20971520,2621440,8,5769,3635
1512758456138595,1512758456142203,20971520,2621440,8,5812,3608
1512758456292058,1512758456295788,20971520,2621440,8,5622,3730
1512758456445238,1512758456448955,20971520,2621440,8,5642,3717
1512758456599219,1512758456602977,20971520,2621440,8,5580,3758
1512758456752507,1512758456756307,20971520,2621440,8,5518,3800
1512758456905528,1512758456909216,20971520,2621440,8,5686,3688
1512758457058840,1512758457062475,20971520,2621440,8,5769,3635
1512758457212492,1512758457216080,20971520,2621440,8,5844,3588
1512758457365733,1512758457369451,20971520,2621440,8,5640,3718
1512758457519287,1512758457522898,20971520,2621440,8,5807,3611
1512758457672977,1512758457676724,20971520,2621440,8,5596,3747
1512758457827027,1512758457830773,20971520,2621440,8,5598,3746
1512758457979974,1512758457983663,20971520,2621440,8,5684,3689
1512758458133080,1512758458136776,20971520,2621440,8,5674,3696
1512758458286514,1512758458290316,20971520,2621440,8,5515,3802
1512758458439410,1512758458443025,20971520,2621440,8,5801,3615
1512758458592450,1512758458596202,20971520,2621440,8,5589,3752
1512758458746202,1512758458749941,20971520,2621440,8,5608,3739
1512758458899316,1512758458903099,20971520,2621440,8,5543,3783
1512758459052491,1512758459056253,20971520,2621440,8,5574,3762
1512758459206145,1512758459209927,20971520,2621440,8,5545,3782
1512758459359422,1512758459363014,20971520,2621440,8,5838,3592
1512758459512426,1512758459516090,20971520,2621440,8,5723,3664
1512758459665796,1512758459669486,20971520,2621440,8,5683,3690
1512758459818842,1512758459822429,20971520,2621440,8,5846,3587
1512758459972365,1512758459975948,20971520,2621440,8,5853,3583
1512758460125605,1512758460129161,20971520,2621440,8,5897,3556
1512758460278666,1512758460282460,20971520,2621440,8,5527,3794
1512758460432130,1512758460435939,20971520,2621440,8,5505,3809
1512758460585449,1512758460589253,20971520,2621440,8,5513,3804
1512758460739964,1512758460743684,20971520,2621440,8,5637,3720
1512758460893413,1512758460897160,20971520,2621440,8,5596,3747
1512758461046459,1512758461050205,20971520,2621440,8,5598,3746
1512758461199962,1512758461203741,20971520,2621440,8,5549,3779
1512758461353289,1512758461357016,20971520,2621440,8,5626,3727
1512758461507091,1512758461510731,20971520,2621440,8,5761,3640
1512758461660862,1512758461664464,20971520,2621440,8,5822,3602
1512758461814885,1512758461818516,20971520,2621440,8,5775,3631
1512758461968150,1512758461971843,20971520,2621440,8,5678,3693
1512758462121445,1512758462125172,20971520,2621440,8,5626,3727
1512758462275257,1512758462278943,20971520,2621440,8,5689,3686
1512758462428508,1512758462432258,20971520,2621440,8,5592,3750
1512758462581793,1512758462585440,20971520,2621440,8,5750,3647
1512758462735195,1512758462738891,20971520,2621440,8,5674,3696
1512758462888215,1512758462891909,20971520,2621440,8,5677,3694
1512758463042485,1512758463046056,20971520,2621440,8,5872,3571
1512758463195924,1512758463199569,20971520,2621440,8,5753,3645
1512758463349410,1512758463353151,20971520,2621440,8,5605,3741
1512758463503770,1512758463507481,20971520,2621440,8,5651,3711
1512758463658057,1512758463661739,20971520,2621440,8,5695,3682
1512758463811792,1512758463815343,20971520,2621440,8,5905,3551
1512758463964787,1512758463968547,20971520,2621440,8,5577,3760
1512758464118566,1512758464122292,20971520,2621440,8,5628,3726
1512758464272175,1512758464275987,20971520,2621440,8,5501,3812
1512758464425468,1512758464429062,20971520,2621440,8,5835,3594
1512758464578455,1512758464582234,20971520,2621440,8,5549,3779
1512758464732659,1512758464736436,20971520,2621440,8,5552,3777
1512758464886152,1512758464889858,20971520,2621440,8,5658,3706
1512758465039725,1512758465043492,20971520,2621440,8,5567,3767
1512758465192958,1512758465196628,20971520,2621440,8,5714,3670
1512758465346370,1512758465350094,20971520,2621440,8,5631,3724
1512758465499565,1512758465503295,20971520,2621440,8,5622,3730
1512758465653094,1512758465656858,20971520,2621440,8,5571,3764
1512758465805922,1512758465809651,20971520,2621440,8,5623,3729
1512758465959609,1512758465963237,20971520,2621440,8,5780,3628
1512758466112547,1512758466116131,20971520,2621440,8,5851,3584
1512758466266290,1512758466269937,20971520,2621440,8,5750,3647
1512758466419118,1512758466422796,20971520,2621440,8,5701,3678
1512758466571947,1512758466575744,20971520,2621440,8,5523,3797
1512758466724956,1512758466728668,20971520,2621440,8,5649,3712
1512758466878192,1512758466881880,20971520,2621440,8,5686,3688
1512758467031522,1512758467035211,20971520,2621440,8,5684,3689
1512758467184800,1512758467188462,20971520,2621440,8,5726,3662
1512758467338520,1512758467342319,20971520,2621440,8,5520,3799
1512758467491715,1512758467495503,20971520,2621440,8,5536,3788
1512758467645202,1512758467648850,20971520,2621440,8,5748,3648
1512758467799087,1512758467802823,20971520,2621440,8,5613,3736
1512758467952768,1512758467956302,20971520,2621440,8,5934,3534
1512758468105881,1512758468109457,20971520,2621440,8,5864,3576
1512758468258938,1512758468262677,20971520,2621440,8,5608,3739
1512758468412217,1512758468415984,20971520,2621440,8,5567,3767
1512758468565676,1512758468569221,20971520,2621440,8,5915,3545
1512758468718690,1512758468722488,20971520,2621440,8,5521,3798
1512758468872109,1512758468875912,20971520,2621440,8,5514,3803
1512758469025883,1512758469029535,20971520,2621440,8,5742,3652
1512758469180452,1512758469184179,20971520,2621440,8,5626,3727
1512758469333872,1512758469337447,20971520,2621440,8,5866,3575
1512758469486581,1512758469490296,20971520,2621440,8,5645,3715
1512758469639976,1512758469643754,20971520,2621440,8,5550,3778
1512758469793748,1512758469797479,20971520,2621440,8,5620,3731
1512758469946852,1512758469950648,20971520,2621440,8,5524,3796
1512758470100223,1512758470103939,20971520,2621440,8,5643,3716
1512758470253608,1512758470257370,20971520,2621440,8,5574,3762
1512758470407269,1512758470411029,20971520,2621440,8,5577,3760
1512758470560597,1512758470564402,20971520,2621440,8,5511,3805
1512758470714008,1512758470717709,20971520,2621440,8,5666,3701
1512758470867265,1512758470871052,20971520,2621440,8,5537,3787
1512758471020538,1512758471024186,20971520,2621440,8,5748,3648
1512758471173881,1512758471177661,20971520,2621440,8,5548,3780
1512758471327340,1512758471331039,20971520,2621440,8,5669,3699
1512758471480435,1512758471484182,20971520,2621440,8,5596,3747
1512758471634981,1512758471638778,20971520,2621440,8,5523,3797
1512758471788427,1512758471792193,20971520,2621440,8,5568,3766
1512758471941449,1512758471945031,20971520,2621440,8,5854,3582
1512758472095517,1512758472099143,20971520,2621440,8,5783,3626
1512758472248671,1512758472252337,20971520,2621440,8,5720,3666
1512758472402192,1512758472405908,20971520,2621440,8,5643,3716
1512758472555293,1512758472558892,20971520,2621440,8,5827,3599
1512758472708368,1512758472712086,20971520,2621440,8,5640,3718
1512758472861617,1512758472865329,20971520,2621440,8,5649,3712
1512758473015101,1512758473018844,20971520,2621440,8,5602,3743
1512758473168709,1512758473172498,20971520,2621440,8,5534,3789
1512758473322061,1512758473325820,20971520,2621440,8,5579,3759
1512758473475611,1512758473479381,20971520,2621440,8,5562,3770
1512758473629024,1512758473632707,20971520,2621440,8,5694,3683
1512758473782282,1512758473785903,20971520,2621440,8,5791,3621
1512758473935572,1512758473939281,20971520,2621440,8,5654,3709
1512758474089183,1512758474092815,20971520,2621440,8,5774,3632
1512758474242576,1512758474246286,20971520,2621440,8,5652,3710
1512758474396421,1512758474400099,20971520,2621440,8,5701,3678
1512758474549456,1512758474553207,20971520,2621440,8,5590,3751
1512758474702674,1512758474706476,20971520,2621440,8,5515,3802
1512758474856278,1512758474860004,20971520,2621440,8,5628,3726
1512758475009575,1512758475013266,20971520,2621440,8,5681,3691
1512758475162608,1512758475166336,20971520,2621440,8,5625,3728
1512758475316030,1512758475319745,20971520,2621440,8,5645,3715
1512758475469925,1512758475473618,20971520,2621440,8,5678,3693
1512758475623113,1512758475626796,20971520,2621440,8,5694,3683
1512758475776075,1512758475779835,20971520,2621440,8,5577,3760
1512758475929527,1512758475933193,20971520,2621440,8,5720,3666
1512758476082824,1512758476086462,20971520,2621440,8,5764,3638
1512758476235742,1512758476239489,20971520,2621440,8,5596,3747
1512758476388917,1512758476392584,20971520,2621440,8,5718,3667
1512758476542291,1512758476545993,20971520,2621440,8,5664,3702
1512758476695932,1512758476699608,20971520,2621440,8,5704,3676
1512758476849522,1512758476853159,20971520,2621440,8,5766,3637
1512758477002459,1512758477006153,20971520,2621440,8,5677,3694
1512758477155960,1512758477159675,20971520,2621440,8,5645,3715
1512758477309789,1512758477313508,20971520,2621440,8,5639,3719
1512758477462935,1512758477466715,20971520,2621440,8,5548,3780
1512758477616247,1512758477619822,20971520,2621440,8,5866,3575
1512758477769970,1512758477773659,20971520,2621440,8,5684,3689
1512758477923029,1512758477926617,20971520,2621440,8,5844,3588
1512758478075982,1512758478079715,20971520,2621440,8,5617,3733
1512758478229652,1512758478233370,20971520,2621440,8,5640,3718
1512758478383007,1512758478386652,20971520,2621440,8,5753,3645
1512758478536659,1512758478540258,20971520,2621440,8,5827,3599
1512758478689463,1512758478693259,20971520,2621440,8,5524,3796
1512758478843383,1512758478847130,20971520,2621440,8,5596,3747
1512758478996894,1512758479000541,20971520,2621440,8,5750,3647
1512758479150251,1512758479154044,20971520,2621440,8,5529,3793
1512758479304429,1512758479308130,20971520,2621440,8,5666,3701
1512758479457045,1512758479460694,20971520,2621440,8,5747,3649
1512758479610308,1512758479614023,20971520,2621440,8,5645,3715
1512758479763431,1512758479767230,20971520,2621440,8,5520,3799
1512758479917003,1512758479920613,20971520,2621440,8,5809,3610
1512758480070436,1512758480074119,20971520,2621440,8,5694,3683
1512758480223883,1512758480227666,20971520,2621440,8,5543,3783
1512758480377399,1512758480381175,20971520,2621440,8,5553,3776
1512758480530503,1512758480534249,20971520,2621440,8,5598,3746
1512758480683283,1512758480687041,20971520,2621440,8,5580,3758
1512758480837036,1512758480840719,20971520,2621440,8,5694,3683
1512758480989990,1512758480993724,20971520,2621440,8,5616,3734
1512758481143215,1512758481146960,20971520,2621440,8,5599,3745
1512758481296738,1512758481300450,20971520,2621440,8,5649,3712
1512758481450122,1512758481453860,20971520,2621440,8,5610,3738
1512758481603014,1512758481606764,20971520,2621440,8,5592,3750
1512758481756176,1512758481759888,20971520,2621440,8,5649,3712
1512758481909371,1512758481913024,20971520,2621440,8,5740,3653
1512758482062448,1512758482066192,20971520,2621440,8,5601,3744
1512758482215480,1512758482219252,20971520,2621440,8,5559,3772
1512758482368771,1512758482372373,20971520,2621440,8,5822,3602
1512758482521928,1512758482525480,20971520,2621440,8,5904,3552
1512758482674878,1512758482678543,20971520,2621440,8,5722,3665
1512758482828186,1512758482831926,20971520,2621440,8,5607,3740
1512758482981287,1512758482985010,20971520,2621440,8,5632,3723
1512758483135271,1512758483138939,20971520,2621440,8,5717,3668
1512758483288376,1512758483292108,20971520,2621440,8,5619,3732
1512758483441781,1512758483445516,20971520,2621440,8,5614,3735
1512758483595408,1512758483599190,20971520,2621440,8,5545,3782
1512758483748647,1512758483752348,20971520,2621440,8,5666,3701
1512758483902340,1512758483906090,20971520,2621440,8,5592,3750
1512758484055120,1512758484058814,20971520,2621440,8,5677,3694
1512758484208194,1512758484211962,20971520,2621440,8,5565,3768
1512758484361393,1512758484365092,20971520,2621440,8,5669,3699
1512758484514526,1512758484518150,20971520,2621440,8,5786,3624
1512758484667153,1512758484670809,20971520,2621440,8,5736,3656
1512758484821196,1512758484824971,20971520,2621440,8,5555,3775
1512758484974433,1512758484978127,20971520,2621440,8,5677,3694
1512758485127691,1512758485131382,20971520,2621440,8,5681,3691
1512758485281119,1512758485284768,20971520,2621440,8,5747,3649
1512758485434329,1512758485438111,20971520,2621440,8,5545,3782
1512758485587058,1512758485590764,20971520,2621440,8,5658,3706
1512758485740716,1512758485744445,20971520,2621440,8,5623,3729
1512758485894111,1512758485897899,20971520,2621440,8,5536,3788
1512758486048027,1512758486051723,20971520,2621440,8,5674,3696
1512758486201036,1512758486204578,20971520,2621440,8,5920,3542
1512758486354714,1512758486358501,20971520,2621440,8,5537,3787
1512758486508429,1512758486512209,20971520,2621440,8,5548,3780
1512758486662108,1512758486665830,20971520,2621440,8,5634,3722
1512758486815196,1512758486818909,20971520,2621440,8,5648,3713
1512758486968608,1512758486972238,20971520,2621440,8,5777,3630
1512758487122163,1512758487125873,20971520,2621440,8,5652,3710
1512758487276511,1512758487280112,20971520,2621440,8,5823,3601
1512758487429713,1512758487433439,20971520,2621440,8,5628,3726
1512758487582586,1512758487586261,20971520,2621440,8,5706,3675
1512758487735605,1512758487739338,20971520,2621440,8,5617,3733
1512758487889080,1512758487892798,20971520,2621440,8,5640,3718
1512758488043443,1512758488047010,20971520,2621440,8,5879,3567
1512758488196653,1512758488200381,20971520,2621440,8,5625,3728
1512758488349759,1512758488353368,20971520,2621440,8,5810,3609
1512758488502884,1512758488506665,20971520,2621440,8,5546,3781
1512758488655931,1512758488659595,20971520,2621440,8,5723,3664
1512758488809242,1512758488812885,20971520,2621440,8,5756,3643
1512758488962292,1512758488965984,20971520,2621440,8,5680,3692
1512758489116195,1512758489119925,20971520,2621440,8,5622,3730
1512758489269180,1512758489272955,20971520,2621440,8,5555,3775
1512758489422957,1512758489426708,20971520,2621440,8,5590,3751
1512758489576158,1512758489579854,20971520,2621440,8,5674,3696
1512758489729465,1512758489733113,20971520,2621440,8,5748,3648
1512758489883055,1512758489886798,20971520,2621440,8,5602,3743
1512758490035946,1512758490039595,20971520,2621440,8,5747,3649
1512758490189093,1512758490192834,20971520,2621440,8,5605,3741
1512758490343393,1512758490347144,20971520,2621440,8,5590,3751
1512758490497032,1512758490500734,20971520,2621440,8,5664,3702
1512758490650032,1512758490653686,20971520,2621440,8,5739,3654
1512758490803229,1512758490806896,20971520,2621440,8,5718,3667
1512758490957099,1512758490960813,20971520,2621440,8,5646,3714
1512758491110469,1512758491114184,20971520,2621440,8,5645,3715
1512758491264007,1512758491267726,20971520,2621440,8,5639,3719
1512758491417914,1512758491421465,20971520,2621440,8,5905,3551
1512758491570876,1512758491574451,20971520,2621440,8,5866,3575
1512758491724345,1512758491728026,20971520,2621440,8,5697,3681
1512758491878369,1512758491881942,20971520,2621440,8,5869,3573
1512758492031705,1512758492035253,20971520,2621440,8,5910,3548
1512758492185107,1512758492188666,20971520,2621440,8,5892,3559
1512758492338148,1512758492341861,20971520,2621440,8,5648,3713
1512758492491185,1512758492494895,20971520,2621440,8,5652,3710
1512758492644344,1512758492648116,20971520,2621440,8,5559,3772
1512758492797678,1512758492801389,20971520,2621440,8,5651,3711
1512758492950848,1512758492954561,20971520,2621440,8,5648,3713
1512758493104022,1512758493107790,20971520,2621440,8,5565,3768
1512758493257625,1512758493261315,20971520,2621440,8,5683,3690
1512758493410745,1512758493414441,20971520,2621440,8,5674,3696
1512758493564396,1512758493568179,20971520,2621440,8,5543,3783
1512758493718140,1512758493721903,20971520,2621440,8,5573,3763
1512758493871578,1512758493875279,20971520,2621440,8,5666,3701
1512758494025493,1512758494029152,20971520,2621440,8,5731,3659
1512758494179083,1512758494182811,20971520,2621440,8,5625,3728
1512758494332572,1512758494336327,20971520,2621440,8,5584,3755
1512758494486193,1512758494489965,20971520,2621440,8,5559,3772
1512758494639640,1512758494643435,20971520,2621440,8,5526,3795
1512758494793134,1512758494796851,20971520,2621440,8,5642,3717
1512758494946198,1512758494949886,20971520,2621440,8,5686,3688
1512758495099563,1512758495103198,20971520,2621440,8,5769,3635
1512758495252564,1512758495256281,20971520,2621440,8,5642,3717
1512758495406130,1512758495409859,20971520,2621440,8,5623,3729
1512758495559369,1512758495563000,20971520,2621440,8,5775,3631
1512758495712876,1512758495716640,20971520,2621440,8,5571,3764
1512758495866300,1512758495869940,20971520,2621440,8,5761,3640
1512758496020368,1512758496024004,20971520,2621440,8,5767,3636
1512758496173841,1512758496177530,20971520,2621440,8,5684,3689
1512758496328138,1512758496331914,20971520,2621440,8,5553,3776
1512758496481961,1512758496485550,20971520,2621440,8,5843,3589
1512758496634987,1512758496638602,20971520,2621440,8,5801,3615
1512758496787992,1512758496791668,20971520,2621440,8,5704,3676
1512758496942143,1512758496945858,20971520,2621440,8,5645,3715
1512758497095947,1512758497099671,20971520,2621440,8,5631,3724
1512758497249140,1512758497252852,20971520,2621440,8,5649,3712
1512758497402910,1512758497406636,20971520,2621440,8,5628,3726
1512758497556720,1512758497560488,20971520,2621440,8,5565,3768
1512758497710693,1512758497714433,20971520,2621440,8,5607,3740
1512758497864043,1512758497867779,20971520,2621440,8,5613,3736
1512758498017323,1512758498021047,20971520,2621440,8,5631,3724
1512758498171128,1512758498174736,20971520,2621440,8,5812,3608
1512758498324624,1512758498328345,20971520,2621440,8,5635,3721
1512758498478365,1512758498482083,20971520,2621440,8,5640,3718
1512758498632059,1512758498635802,20971520,2621440,8,5602,3743
1512758498786148,1512758498789805,20971520,2621440,8,5734,3657
1512758498939779,1512758498943369,20971520,2621440,8,5841,3590
1512758499093341,1512758499097111,20971520,2621440,8,5562,3770
1512758499247187,1512758499250780,20971520,2621440,8,5836,3593
1512758499401298,1512758499405042,20971520,2621440,8,5601,3744
1512758499554750,1512758499558407,20971520,2621440,8,5734,3657
1512758499708309,1512758499712011,20971520,2621440,8,5664,3702
1512758499861858,1512758499865538,20971520,2621440,8,5698,3680
1512758500015601,1512758500019215,20971520,2621440,8,5802,3614
1512758500168783,1512758500172494,20971520,2621440,8,5651,3711
1512758500322276,1512758500325948,20971520,2621440,8,5711,3672
1512758500475441,1512758500479219,20971520,2621440,8,5550,3778
1512758500629009,1512758500632798,20971520,2621440,8,5534,3789
1512758500782363,1512758500785978,20971520,2621440,8,5801,3615
1512758500936021,1512758500939710,20971520,2621440,8,5684,3689
1512758501089631,1512758501093393,20971520,2621440,8,5574,3762
1512758501243006,1512758501246765,20971520,2621440,8,5579,3759
1512758501396583,1512758501400117,20971520,2621440,8,5934,3534
1512758501549640,1512758501553400,20971520,2621440,8,5577,3760
1512758501703132,1512758501706835,20971520,2621440,8,5663,3703
1512758501856806,1512758501860581,20971520,2621440,8,5555,3775
1512758502010326,1512758502013883,20971520,2621440,8,5895,3557
1512758502163806,1512758502167452,20971520,2621440,8,5751,3646
1512758502317533,1512758502321132,20971520,2621440,8,5827,3599
1512758502471409,1512758502475158,20971520,2621440,8,5593,3749
1512758502625159,1512758502628943,20971520,2621440,8,5542,3784
1512758502778573,1512758502782282,20971520,2621440,8,5654,3709
1512758502932038,1512758502935569,20971520,2621440,8,5939,3531
1512758503085622,1512758503089248,20971520,2621440,8,5783,3626
1512758503239049,1512758503242772,20971520,2621440,8,5632,3723
1512758503393248,1512758503396885,20971520,2621440,8,5766,3637
1512758503546540,1512758503550186,20971520,2621440,8,5751,3646
1512758503700332,1512758503703920,20971520,2621440,8,5844,3588
1512758503854151,1512758503857849,20971520,2621440,8,5671,3698
1512758504007558,1512758504011129,20971520,2621440,8,5872,3571
1512758504161579,1512758504165296,20971520,2621440,8,5642,3717
1512758504314947,1512758504318676,20971520,2621440,8,5623,3729
1512758504468453,1512758504472185,20971520,2621440,8,5619,3732
1512758504622106,1512758504625888,20971520,2621440,8,5545,3782
1512758504775712,1512758504779463,20971520,2621440,8,5590,3751
1512758504929101,1512758504932684,20971520,2621440,8,5853,3583
1512758505082890,1512758505086582,20971520,2621440,8,5680,3692
1512758505236590,1512758505240257,20971520,2621440,8,5718,3667
1512758505390112,1512758505393833,20971520,2621440,8,5635,3721
1512758505543556,1512758505547254,20971520,2621440,8,5671,3698
1512758505697404,1512758505701131,20971520,2621440,8,5626,3727
1512758505850861,1512758505854481,20971520,2621440,8,5793,3620
1512758506003833,1512758506007622,20971520,2621440,8,5534,3789
1512758506158024,1512758506161654,20971520,2621440,8,5777,3630
1512758506311531,1512758506315183,20971520,2621440,8,5742,3652
1512758506465323,1512758506469091,20971520,2621440,8,5565,3768
1512758506618981,1512758506622642,20971520,2621440,8,5728,3661
1512758506772145,1512758506775783,20971520,2621440,8,5764,3638
1512758506925293,1512758506929059,20971520,2621440,8,5568,3766
1512758507078884,1512758507082571,20971520,2621440,8,5687,3687
1512758507232564,1512758507236157,20971520,2621440,8,5836,3593
1512758507385792,1512758507389471,20971520,2621440,8,5700,3679
1512758507539585,1512758507543374,20971520,2621440,8,5534,3789
1512758507693255,1512758507697057,20971520,2621440,8,5515,3802
1512758507846789,1512758507850467,20971520,2621440,8,5701,3678
1512758508000163,1512758508003860,20971520,2621440,8,5672,3697
1512758508154464,1512758508158161,20971520,2621440,8,5672,3697
1512758508307796,1512758508311574,20971520,2621440,8,5550,3778
1512758508461139,1512758508464797,20971520,2621440,8,5733,3658
1512758508614926,1512758508618682,20971520,2621440,8,5583,3756
1512758508768322,1512758508771982,20971520,2621440,8,5729,3660
1512758508922032,1512758508925827,20971520,2621440,8,5526,3795
1512758509075911,1512758509079599,20971520,2621440,8,5686,3688
1512758509229750,1512758509233298,20971520,2621440,8,5910,3548
1512758509383393,1512758509387149,20971520,2621440,8,5583,3756
1512758509537183,1512758509540871,20971520,2621440,8,5686,3688
1512758509691939,1512758509695586,20971520,2621440,8,5750,3647
1512758509845380,1512758509849042,20971520,2621440,8,5726,3662
1512758509998496,1512758510002208,20971520,2621440,8,5649,3712
1512758510151761,1512758510155467,20971520,2621440,8,5658,3706
1512758510305388,1512758510309160,20971520,2621440,8,5559,3772
1512758510459135,1512758510462829,20971520,2621440,8,5677,3694
1512758510613114,1512758510616843,20971520,2621440,8,5623,3729
1512758510766334,1512758510769927,20971520,2621440,8,5836,3593
1512758510919508,1512758510923240,20971520,2621440,8,5619,3732
1512758511073565,1512758511077232,20971520,2621440,8,5718,3667
1512758511227339,1512758511231086,20971520,2621440,8,5596,3747
1512758511381591,1512758511385249,20971520,2621440,8,5733,3658
1512758511535884,1512758511539536,20971520,2621440,8,5742,3652
1512758511689700,1512758511693383,20971520,2621440,8,5694,3683
1512758511843420,1512758511847155,20971520,2621440,8,5614,3735
1512758511997291,1512758512000928,20971520,2621440,8,5766,3637
1512758512150794,1512758512154426,20971520,2621440,8,5774,3632
1512758512303666,1512758512307347,20971520,2621440,8,5697,3681
1512758512457378,1512758512461081,20971520,2621440,8,5663,3703
1512758512610969,1512758512614712,20971520,2621440,8,5602,3743
1512758512766215,1512758512769800,20971520,2621440,8,5849,3585
1512758512919776,1512758512923421,20971520,2621440,8,5753,3645
1512758513074114,1512758513077848,20971520,2621440,8,5616,3734
1512758513228145,1512758513231843,20971520,2621440,8,5671,3698
1512758513381778,1512758513385542,20971520,2621440,8,5571,3764
1512758513535101,1512758513538890,20971520,2621440,8,5534,3789
1512758513688991,1512758513692761,20971520,2621440,8,5562,3770
1512758513842592,1512758513846195,20971520,2621440,8,5820,3603
1512758513996225,1512758513999930,20971520,2621440,8,5660,3705
1512758514149729,1512758514153416,20971520,2621440,8,5687,3687
1512758514304338,1512758514308077,20971520,2621440,8,5608,3739
1512758514457733,1512758514461436,20971520,2621440,8,5663,3703
1512758514611521,1512758514615324,20971520,2621440,8,5514,3803
1512758514765426,1512758514769215,20971520,2621440,8,5534,3789
1512758514919089,1512758514922687,20971520,2621440,8,5828,3598
1512758515072941,1512758515076624,20971520,2621440,8,5694,3683
1512758515226787,1512758515230352,20971520,2621440,8,5882,3565
1512758515380753,1512758515384443,20971520,2621440,8,5683,3690
1512758515534706,1512758515538305,20971520,2621440,8,5827,3599
1512758515688545,1512758515692312,20971520,2621440,8,5567,3767
1512758515842980,1512758515846616,20971520,2621440,8,5767,3636
1512758515996344,1512758516000009,20971520,2621440,8,5722,3665
1512758516149723,1512758516153374,20971520,2621440,8,5744,3651
1512758516303427,1512758516306935,20971520,2621440,8,5978,3508
1512758516456935,1512758516460616,20971520,2621440,8,5697,3681
1512758516611314,1512758516615049,20971520,2621440,8,5614,3735
1512758516764495,1512758516768194,20971520,2621440,8,5669,3699
1512758516918623,1512758516922225,20971520,2621440,8,5822,3602
1512758517072017,1512758517075677,20971520,2621440,8,5729,3660
1512758517225130,1512758517228875,20971520,2621440,8,5599,3745
1512758517378556,1512758517382178,20971520,2621440,8,5790,3622
1512758517532187,1512758517535950,20971520,2621440,8,5573,3763
1512758517686069,1512758517689762,20971520,2621440,8,5678,3693
1512758517839383,1512758517843128,20971520,2621440,8,5599,3745
1512758517993532,1512758517997243,20971520,2621440,8,5651,3711
1512758518147135,1512758518150785,20971520,2621440,8,5745,3650
1512758518301030,1512758518304814,20971520,2621440,8,5542,3784
1512758518454484,1512758518458148,20971520,2621440,8,5723,3664
1512758518608458,1512758518612209,20971520,2621440,8,5590,3751
1512758518761493,1512758518765298,20971520,2621440,8,5511,3805
1512758518914764,1512758518918566,20971520,2621440,8,5515,3802
1512758519068425,1512758519072085,20971520,2621440,8,5729,3660
1512758519221644,1512758519225348,20971520,2621440,8,5661,3704
1512758519375603,1512758519379244,20971520,2621440,8,5759,3641
1512758519528886,1512758519532674,20971520,2621440,8,5536,3788
1512758519682603,1512758519686383,20971520,2621440,8,5548,3780
1512758519835720,1512758519839458,20971520,2621440,8,5610,3738
1512758519989637,1512758519993179,20971520,2621440,8,5920,3542
1512758520143396,1512758520147107,20971520,2621440,8,5651,3711
1512758520296831,1512758520300549,20971520,2621440,8,5640,3718
1512758520450117,1512758520453898,20971520,2621440,8,5546,3781
1512758520604164,1512758520607902,20971520,2621440,8,5610,3738
1512758520758259,1512758520761910,20971520,2621440,8,5744,3651
1512758520911721,1512758520915458,20971520,2621440,8,5611,3737
1512758521064932,1512758521068703,20971520,2621440,8,5561,3771
1512758521220370,1512758521223972,20971520,2621440,8,5822,3602
1512758521373748,1512758521377534,20971520,2621440,8,5539,3786
1512758521527809,1512758521531459,20971520,2621440,8,5745,3650
1512758521681101,1512758521684790,20971520,2621440,8,5684,3689
1512758521834809,1512758521838444,20971520,2621440,8,5769,3635
1512758521988262,1512758521991926,20971520,2621440,8,5723,3664
1512758522141454,1512758522145234,20971520,2621440,8,5548,3780
1512758522294704,1512758522298452,20971520,2621440,8,5595,3748
1512758522448160,1512758522451964,20971520,2621440,8,5513,3804
1512758522601412,1512758522605120,20971520,2621440,8,5655,3708
1512758522755174,1512758522758780,20971520,2621440,8,5815,3606
1512758522908902,1512758522912600,20971520,2621440,8,5671,3698
1512758523062506,1512758523066222,20971520,2621440,8,5643,3716
1512758523215824,1512758523219439,20971520,2621440,8,5801,3615
1512758523369896,1512758523373699,20971520,2621440,8,5514,3803
1512758523523881,1512758523527556,20971520,2621440,8,5706,3675
1512758523677462,1512758523681237,20971520,2621440,8,5555,3775
1512758523830951,1512758523834703,20971520,2621440,8,5589,3752
1512758523984469,1512758523988152,20971520,2621440,8,5694,3683
1512758524138168,1512758524141902,20971520,2621440,8,5616,3734
1512758524291724,1512758524295440,20971520,2621440,8,5643,3716
1512758524444948,1512758524448672,20971520,2621440,8,5631,3724
1512758524598464,1512758524602115,20971520,2621440,8,5744,3651
1512758524751802,1512758524755492,20971520,2621440,8,5683,3690
1512758524905383,1512758524909064,20971520,2621440,8,5697,3681
1512758525058815,1512758525062563,20971520,2621440,8,5595,3748
1512758525212732,1512758525216423,20971520,2621440,8,5681,3691
1512758525365763,1512758525369518,20971520,2621440,8,5584,3755
1512758525519475,1512758525523210,20971520,2621440,8,5614,3735
1512758525673377,1512758525677108,20971520,2621440,8,5620,3731
1512758525827333,1512758525831063,20971520,2621440,8,5622,3730
1512758525981013,1512758525984703,20971520,2621440,8,5683,3690
1512758526134536,1512758526138194,20971520,2621440,8,5733,3658
1512758526287673,1512758526291441,20971520,2621440,8,5565,3768
1512758526441128,1512758526444825,20971520,2621440,8,5672,3697
1512758526595179,1512758526598856,20971520,2621440,8,5703,3677
1512758526748713,1512758526752333,20971520,2621440,8,5793,3620
1512758526902349,1512758526906090,20971520,2621440,8,5605,3741
1512758527055767,1512758527059461,20971520,2621440,8,5677,3694
1512758527209730,1512758527213479,20971520,2621440,8,5593,3749
1512758527363182,1512758527366895,20971520,2621440,8,5648,3713
1512758527516626,1512758527520351,20971520,2621440,8,5629,3725
1512758527670142,1512758527673770,20971520,2621440,8,5780,3628
1512758527823685,1512758527827368,20971520,2621440,8,5694,3683
1512758527977479,1512758527981133,20971520,2621440,8,5739,3654
1512758528131067,1512758528134757,20971520,2621440,8,5683,3690
1512758528284251,1512758528288038,20971520,2621440,8,5537,3787
1512758528437890,1512758528441579,20971520,2621440,8,5684,3689
1512758528591720,1512758528595487,20971520,2621440,8,5567,3767
1512758528745615,1512758528749340,20971520,2621440,8,5629,3725
1512758528899684,1512758528903316,20971520,2621440,8,5774,3632
1512758529053073,1512758529056811,20971520,2621440,8,5610,3738
1512758529207587,1512758529211278,20971520,2621440,8,5681,3691
1512758529361063,1512758529364751,20971520,2621440,8,5686,3688
1512758529515072,1512758529518759,20971520,2621440,8,5687,3687
1512758529668568,1512758529672327,20971520,2621440,8,5579,3759
1512758529822336,1512758529826105,20971520,2621440,8,5564,3769
1512758529975993,1512758529979735,20971520,2621440,8,5604,3742
1512758530129759,1512758530133458,20971520,2621440,8,5669,3699
1512758530284159,1512758530287852,20971520,2621440,8,5678,3693
1512758530437105,1512758530440773,20971520,2621440,8,5717,3668
1512758530590710,1512758530594341,20971520,2621440,8,5775,3631
1512758530744398,1512758530748097,20971520,2621440,8,5669,3699
1512758530897954,1512758530901611,20971520,2621440,8,5734,3657
1512758531051467,1512758531055176,20971520,2621440,8,5654,3709
1512758531205852,1512758531209527,20971520,2621440,8,5706,3675
1512758531359472,1512758531363186,20971520,2621440,8,5646,3714
1512758531513015,1512758531516824,20971520,2621440,8,5505,3809
1512758531666910,1512758531670587,20971520,2621440,8,5703,3677
1512758531820714,1512758531824444,20971520,2621440,8,5622,3730
1512758531974511,1512758531978086,20971520,2621440,8,5866,3575
1512758532128241,1512758532131886,20971520,2621440,8,5753,3645
1512758532282297,1512758532286038,20971520,2621440,8,5605,3741
1512758532436000,1512758532439782,20971520,2621440,8,5545,3782
1512758532589576,1512758532593193,20971520,2621440,8,5798,3617
1512758532743209,1512758532746930,20971520,2621440,8,5635,3721
1512758532896555,1512758532900227,20971520,2621440,8,5711,3672
1512758533050124,1512758533053921,20971520,2621440,8,5523,3797
1512758533204244,1512758533207950,20971520,2621440,8,5658,3706
1512758533357615,1512758533361415,20971520,2621440,8,5518,3800
1512758533511520,1512758533515289,20971520,2621440,8,5564,3769
1512758533665766,1512758533669453,20971520,2621440,8,5687,3687
1512758533818746,1512758533822493,20971520,2621440,8,5596,3747
1512758533972471,1512758533976153,20971520,2621440,8,5695,3682
1512758534126077,1512758534129756,20971520,2621440,8,5700,3679
1512758534279370,1512758534283000,20971520,2621440,8,5777,3630
1512758534433317,1512758534436920,20971520,2621440,8,5820,3603
1512758534586933,1512758534590624,20971520,2621440,8,5681,3691
1512758534740958,1512758534744643,20971520,2621440,8,5691,3685
1512758534894331,1512758534897902,20971520,2621440,8,5872,3571
1512758535048083,1512758535051764,20971520,2621440,8,5697,3681
1512758535201964,1512758535205515,20971520,2621440,8,5905,3551
1512758535355588,1512758535359248,20971520,2621440,8,5729,3660
1512758535509025,1512758535512762,20971520,2621440,8,5611,3737
1512758535662573,1512758535666308,20971520,2621440,8,5614,3735
1512758535816005,1512758535819725,20971520,2621440,8,5637,3720
1512758535969231,1512758535973017,20971520,2621440,8,5539,3786
1512758536123110,1512758536126752,20971520,2621440,8,5758,3642
1512758536276407,1512758536279940,20971520,2621440,8,5935,3533
1512758536429518,1512758536433252,20971520,2621440,8,5616,3734
1512758536583383,1512758536586939,20971520,2621440,8,5897,3556
1512758536736379,1512758536740156,20971520,2621440,8,5552,3777
1512758536889811,1512758536893454,20971520,2621440,8,5756,3643
1512758537043214,1512758537046865,20971520,2621440,8,5744,3651
1512758537197000,1512758537200648,20971520,2621440,8,5748,3648
1512758537350073,1512758537353752,20971520,2621440,8,5700,3679
1512758537503686,1512758537507484,20971520,2621440,8,5521,3798
1512758537657638,1512758537661349,20971520,2621440,8,5651,3711
1512758537811284,1512758537814994,20971520,2621440,8,5652,3710
1512758537965266,1512758537968858,20971520,2621440,8,5838,3592
1512758538118436,1512758538122020,20971520,2621440,8,5851,3584
1512758538271749,1512758538275418,20971520,2621440,8,5715,3669
1512758538425231,1512758538428983,20971520,2621440,8,5589,3752
1512758538578968,1512758538582713,20971520,2621440,8,5599,3745
1512758538733109,1512758538736808,20971520,2621440,8,5669,3699
1512758538887026,1512758538890787,20971520,2621440,8,5576,3761
1512758539040797,1512758539044496,20971520,2621440,8,5669,3699
1512758539194257,1512758539197913,20971520,2621440,8,5736,3656
1512758539347295,1512758539351077,20971520,2621440,8,5545,3782
1512758539501341,1512758539505047,20971520,2621440,8,5658,3706
1512758539654761,1512758539658497,20971520,2621440,8,5613,3736
1512758539808520,1512758539812171,20971520,2621440,8,5744,3651
1512758539961875,1512758539965652,20971520,2621440,8,5552,3777
1512758540115477,1512758540119175,20971520,2621440,8,5671,3698
1512758540268919,1512758540272599,20971520,2621440,8,5698,3680
1512758540422842,1512758540426550,20971520,2621440,8,5655,3708
1512758540576756,1512758540580434,20971520,2621440,8,5701,3678
1512758540730931,1512758540734623,20971520,2621440,8,5680,3692
1512758540885084,1512758540888847,20971520,2621440,8,5573,3763
1512758541038871,1512758541042446,20971520,2621440,8,5866,3575
1512758541192159,1512758541195711,20971520,2621440,8,5904,3552
1512758541345474,1512758541349262,20971520,2621440,8,5536,3788
1512758541498999,1512758541502649,20971520,2621440,8,5745,3650
1512758541652197,1512758541655909,20971520,2621440,8,5649,3712
1512758541805380,1512758541809090,20971520,2621440,8,5652,3710
1512758541958595,1512758541962371,20971520,2621440,8,5553,3776
1512758542112616,1512758542116333,20971520,2621440,8,5642,3717
1512758542266672,1512758542270452,20971520,2621440,8,5548,3780
1512758542420964,1512758542424673,20971520,2621440,8,5654,3709
1512758542574884,1512758542578600,20971520,2621440,8,5643,3716
1512758542728613,1512758542732271,20971520,2621440,8,5733,3658
1512758542882013,1512758542885680,20971520,2621440,8,5718,3667
1512758543035837,1512758543039605,20971520,2621440,8,5565,3768
1512758543188933,1512758543192678,20971520,2621440,8,5599,3745
1512758543343088,1512758543346892,20971520,2621440,8,5513,3804
1512758543497557,1512758543501216,20971520,2621440,8,5731,3659
1512758543650997,1512758543654718,20971520,2621440,8,5635,3721
1512758543804861,1512758543808516,20971520,2621440,8,5737,3655
1512758543958146,1512758543961938,20971520,2621440,8,5530,3792
1512758544111853,1512758544115570,20971520,2621440,8,5642,3717
1512758544265269,1512758544268912,20971520,2621440,8,5756,3643
1512758544418951,1512758544422684,20971520,2621440,8,5617,3733
1512758544572722,1512758544576516,20971520,2621440,8,5527,3794
1512758544726540,1512758544730254,20971520,2621440,8,5646,3714
1512758544879929,1512758544883584,20971520,2621440,8,5737,3655
1512758545033240,1512758545036961,20971520,2621440,8,5635,3721
1512758545187705,1512758545191362,20971520,2621440,8,5734,3657
1512758545341428,1512758545345215,20971520,2621440,8,5537,3787
1512758545495110,1512758545498875,20971520,2621440,8,5570,3765
1512758545648672,1512758545652258,20971520,2621440,8,5848,3586
1512758545802833,1512758545806571,20971520,2621440,8,5610,3738
1512758545956056,1512758545959761,20971520,2621440,8,5660,3705
1512758546109966,1512758546113727,20971520,2621440,8,5576,3761
1512758546264028,1512758546267677,20971520,2621440,8,5747,3649
1512758546417350,1512758546421028,20971520,2621440,8,5701,3678
1512758546571254,1512758546574929,20971520,2621440,8,5706,3675
1512758546725190,1512758546728897,20971520,2621440,8,5657,3707
1512758546879128,1512758546882892,20971520,2621440,8,5571,3764
1512758547032224,1512758547035995,20971520,2621440,8,5561,3771
1512758547186045,1512758547189811,20971520,2621440,8,5568,3766
1512758547339778,1512758547343390,20971520,2621440,8,5806,3612
1512758547493691,1512758547497466,20971520,2621440,8,5555,3775
1512758547647366,1512758547651068,20971520,2621440,8,5664,3702
1512758547800848,1512758547804471,20971520,2621440,8,5788,3623
1512758547954562,1512758547958326,20971520,2621440,8,5571,3764
1512758548108725,1512758548112408,20971520,2621440,8,5694,3683
1512758548262864,1512758548266462,20971520,2621440,8,5828,3598
1512758548416247,1512758548419961,20971520,2621440,8,5646,3714
1512758548569585,1512758548573310,20971520,2621440,8,5629,3725
1512758548723379,1512758548726998,20971520,2621440,8,5794,3619
1512758548876818,1512758548880620,20971520,2621440,8,5515,3802
1512758549030650,1512758549034238,20971520,2621440,8,5844,3588
1512758549183359,1512758549187062,20971520,2621440,8,5663,3703
1512758549336572,1512758549340176,20971520,2621440,8,5818,3604
1512758549490267,1512758549494038,20971520,2621440,8,5561,3771
1512758549644126,1512758549647706,20971520,2621440,8,5857,3580
1512758549797165,1512758549800881,20971520,2621440,8,5643,3716
1512758549950549,1512758549954254,20971520,2621440,8,5660,3705
1512758550104921,1512758550108697,20971520,2621440,8,5553,3776
1512758550258784,1512758550262472,20971520,2621440,8,5686,3688
1512758550412391,1512758550416050,20971520,2621440,8,5731,3659
1512758550565827,1512758550569601,20971520,2621440,8,5556,3774
1512758550719703,1512758550723332,20971520,2621440,8,5778,3629
1512758550873584,1512758550877203,20971520,2621440,8,5794,3619
1512758551027426,1512758551031070,20971520,2621440,8,5755,3644
1512758551180716,1512758551184405,20971520,2621440,8,5684,3689
1512758551334134,1512758551337887,20971520,2621440,8,5587,3753
1512758551487663,1512758551491424,20971520,2621440,8,5576,3761
1512758551641495,1512758551645169,20971520,2621440,8,5708,3674
1512758551795238,1512758551799038,20971520,2621440,8,5518,3800
1512758551948938,1512758551952608,20971520,2621440,8,5714,3670
1512758552102067,1512758552105703,20971520,2621440,8,5767,3636
1512758552255344,1512758552258991,20971520,2621440,8,5750,3647
1512758552408814,1512758552412485,20971520,2621440,8,5712,3671
1512758552562295,1512758552565981,20971520,2621440,8,5689,3686
1512758552715569,1512758552719335,20971520,2621440,8,5568,3766
1512758552869418,1512758552873087,20971520,2621440,8,5715,3669
1512758553022973,1512758553026676,20971520,2621440,8,5663,3703
1512758553176630,1512758553180305,20971520,2621440,8,5706,3675
1512758553329893,1512758553333629,20971520,2621440,8,5613,3736
1512758553483107,1512758553486818,20971520,2621440,8,5651,3711
1512758553636627,1512758553640297,20971520,2621440,8,5714,3670
1512758553790008,1512758553793726,20971520,2621440,8,5640,3718
1512758553943381,1512758553947050,20971520,2621440,8,5715,3669
1512758554096754,1512758554100521,20971520,2621440,8,5567,3767
1512758554250588,1512758554254314,20971520,2621440,8,5628,3726
1512758554404401,1512758554408168,20971520,2621440,8,5567,3767
1512758554558073,1512758554561693,20971520,2621440,8,5793,3620
1512758554711338,1512758554715106,20971520,2621440,8,5565,3768
1512758554865102,1512758554868789,20971520,2621440,8,5687,3687
1512758555017758,1512758555021490,20971520,2621440,8,5619,3732
1512758555171193,1512758555174895,20971520,2621440,8,5664,3702
1512758555324313,1512758555328003,20971520,2621440,8,5683,3690
1512758555477977,1512758555481721,20971520,2621440,8,5601,3744
1512758555631562,1512758555635343,20971520,2621440,8,5546,3781
1512758555785165,1512758555788917,20971520,2621440,8,5589,3752
1512758555938432,1512758555941974,20971520,2621440,8,5920,3542
1512758556091927,1512758556095552,20971520,2621440,8,5785,3625
1512758556245891,1512758556249474,20971520,2621440,8,5853,3583
1512758556399448,1512758556403119,20971520,2621440,8,5712,3671
1512758556553151,1512758556556855,20971520,2621440,8,5661,3704
1512758556707340,1512758556711062,20971520,2621440,8,5634,3722
1512758556860826,1512758556864585,20971520,2621440,8,5579,3759
1512758557014429,1512758557018193,20971520,2621440,8,5571,3764
1512758557168401,1512758557172156,20971520,2621440,8,5584,3755
1512758557322538,1512758557326293,20971520,2621440,8,5584,3755
1512758557476594,1512758557480218,20971520,2621440,8,5786,3624
1512758557629594,1512758557633250,20971520,2621440,8,5736,3656
1512758557783364,1512758557786924,20971520,2621440,8,5890,3560
1512758557936586,1512758557940357,20971520,2621440,8,5561,3771
1512758558089991,1512758558093839,20971520,2621440,8,5449,3848
1512758558243656,1512758558247316,20971520,2621440,8,5729,3660
1512758558397559,1512758558401036,20971520,2621440,8,6031,3477
1512758558550933,1512758558554600,20971520,2621440,8,5718,3667
1512758558704130,1512758558707929,20971520,2621440,8,5520,3799
1512758558857405,1512758558861084,20971520,2621440,8,5700,3679
1512758559011302,1512758559015007,20971520,2621440,8,5660,3705
1512758559164960,1512758559168718,20971520,2621440,8,5580,3758
1512758559318908,1512758559322511,20971520,2621440,8,5820,3603
1512758559472593,1512758559476236,20971520,2621440,8,5756,3643
1512758559626335,1512758559630048,20971520,2621440,8,5648,3713
1512758559779574,1512758559783316,20971520,2621440,8,5604,3742
1512758559933139,1512758559936810,20971520,2621440,8,5712,3671
1512758560087121,1512758560090878,20971520,2621440,8,5581,3757
1512758560241255,1512758560245011,20971520,2621440,8,5583,3756
1512758560394913,1512758560398695,20971520,2621440,8,5545,3782
1512758560548520,1512758560552144,20971520,2621440,8,5786,3624
1512758560702092,1512758560705818,20971520,2621440,8,5628,3726
1512758560856010,1512758560859784,20971520,2621440,8,5556,3774
1512758561009722,1512758561013413,20971520,2621440,8,5681,3691
1512758561163209,1512758561166857,20971520,2621440,8,5748,3648
1512758561316998,1512758561320643,20971520,2621440,8,5753,3645
1512758561470499,1512758561474224,20971520,2621440,8,5629,3725
1512758561624173,1512758561627947,20971520,2621440,8,5556,3774
1512758561777911,1512758561781537,20971520,2621440,8,5783,3626
1512758561931578,1512758561935234,20971520,2621440,8,5736,3656
1512758562085386,1512758562089115,20971520,2621440,8,5623,3729
1512758562239145,1512758562242803,20971520,2621440,8,5733,3658
1512758562393010,1512758562396792,20971520,2621440,8,5545,3782
1512758562547450,1512758562551205,20971520,2621440,8,5584,3755
1512758562701713,1512758562705450,20971520,2621440,8,5611,3737
1512758562855649,1512758562859162,20971520,2621440,8,5969,3513
1512758563008752,1512758563012548,20971520,2621440,8,5524,3796
1512758563162617,1512758563166305,20971520,2621440,8,5686,3688
1512758563316103,1512758563319695,20971520,2621440,8,5838,3592
1512758563469035,1512758563472694,20971520,2621440,8,5731,3659
1512758563622870,1512758563626545,20971520,2621440,8,5706,3675
1512758563776303,1512758563780046,20971520,2621440,8,5602,3743
1512758563929991,1512758563933624,20971520,2621440,8,5772,3633
1512758564083169,1512758564086838,20971520,2621440,8,5715,3669
1512758564237040,1512758564240760,20971520,2621440,8,5637,3720
1512758564390755,1512758564394491,20971520,2621440,8,5613,3736
1512758564544114,1512758564547806,20971520,2621440,8,5680,3692
1512758564698310,1512758564702104,20971520,2621440,8,5527,3794
1512758564852150,1512758564855765,20971520,2621440,8,5801,3615
1512758565005378,1512758565009122,20971520,2621440,8,5601,3744
1512758565158799,1512758565162458,20971520,2621440,8,5731,3659
1512758565312737,1512758565316487,20971520,2621440,8,5592,3750
1512758565466038,1512758565469777,20971520,2621440,8,5608,3739
1512758565620074,1512758565623808,20971520,2621440,8,5616,3734
1512758565774066,1512758565777853,20971520,2621440,8,5537,3787
1512758565927830,1512758565931436,20971520,2621440,8,5815,3606
1512758566081186,1512758566084856,20971520,2621440,8,5714,3670
1512758566235252,1512758566239014,20971520,2621440,8,5574,3762
1512758566388432,1512758566392206,20971520,2621440,8,5556,3774
1512758566541861,1512758566545548,20971520,2621440,8,5687,3687
1512758566695240,1512758566699015,20971520,2621440,8,5555,3775
1512758566848401,1512758566852125,20971520,2621440,8,5631,3724
1512758567001706,1512758567005467,20971520,2621440,8,5576,3761
1512758567155344,1512758567159034,20971520,2621440,8,5683,3690
1512758567308837,1512758567312419,20971520,2621440,8,5854,3582
1512758567461845,1512758567465635,20971520,2621440,8,5533,3790
1512758567615288,1512758567618997,20971520,2621440,8,5654,3709
1512758567768761,1512758567772519,20971520,2621440,8,5580,3758
1512758567922832,1512758567926562,20971520,2621440,8,5622,3730
1512758568076134,1512758568079749,20971520,2621440,8,5801,3615
1512758568229824,1512758568233516,20971520,2621440,8,5680,3692
1512758568383141,1512758568386868,20971520,2621440,8,5626,3727
1512758568536708,1512758568540337,20971520,2621440,8,5778,3629
1512758568690137,1512758568693877,20971520,2621440,8,5607,3740
1512758568843907,1512758568847603,20971520,2621440,8,5674,3696
1512758568997439,1512758569001228,20971520,2621440,8,5534,3789
1512758569151105,1512758569154884,20971520,2621440,8,5549,3779
1512758569304808,1512758569308472,20971520,2621440,8,5723,3664
1512758569458285,1512758569462008,20971520,2621440,8,5632,3723
1512758569612088,1512758569615851,20971520,2621440,8,5573,3763
1512758569765625,1512758569769289,20971520,2621440,8,5723,3664
1512758569918999,1512758569922725,20971520,2621440,8,5628,3726
1512758570072496,1512758570076281,20971520,2621440,8,5540,3785
1512758570226277,1512758570230051,20971520,2621440,8,5556,3774
1512758570380025,1512758570383819,20971520,2621440,8,5527,3794
1512758570533673,1512758570537313,20971520,2621440,8,5761,3640
1512758570686564,1512758570690242,20971520,2621440,8,5701,3678
1512758570839947,1512758570843662,20971520,2621440,8,5645,3715
1512758570993588,1512758570997350,20971520,2621440,8,5574,3762
1512758571146836,1512758571150617,20971520,2621440,8,5546,3781
1512758571300625,1512758571304301,20971520,2621440,8,5704,3676
1512758571453909,1512758571457712,20971520,2621440,8,5514,3803
1512758571607720,1512758571611507,20971520,2621440,8,5537,3787
1512758571762192,1512758571765923,20971520,2621440,8,5620,3731
1512758571915701,1512758571919420,20971520,2621440,8,5639,3719
1512758572069706,1512758572073498,20971520,2621440,8,5530,3792
1512758572223805,1512758572227542,20971520,2621440,8,5611,3737
1512758572377276,1512758572380969,20971520,2621440,8,5678,3693
1512758572531246,1512758572534977,20971520,2621440,8,5620,3731
1512758572684870,1512758572688644,20971520,2621440,8,5556,3774
1512758572839563,1512758572843321,20971520,2621440,8,5580,3758
1512758572993132,1512758572996880,20971520,2621440,8,5595,3748
1512758573146452,1512758573150106,20971520,2621440,8,5739,3654
1512758573299641,1512758573303270,20971520,2621440,8,5778,3629
1512758573453048,1512758573456681,20971520,2621440,8,5772,3633
1512758573606788,1512758573610460,20971520,2621440,8,5711,3672
1512758573760158,1512758573763935,20971520,2621440,8,5552,3777
1512758573913401,1512758573917196,20971520,2621440,8,5526,3795
1512758574067230,1512758574071016,20971520,2621440,8,5539,3786
1512758574220797,1512758574224521,20971520,2621440,8,5631,3724
1512758574374507,1512758574378255,20971520,2621440,8,5595,3748
1512758574528639,1512758574532452,20971520,2621440,8,5500,3813
1512758574682644,1512758574686362,20971520,2621440,8,5640,3718
1512758574836646,1512758574840317,20971520,2621440,8,5712,3671
1512758574990009,1512758574993785,20971520,2621440,8,5553,3776
1512758575143613,1512758575147267,20971520,2621440,8,5739,3654
1512758575297112,1512758575300809,20971520,2621440,8,5672,3697
1512758575450900,1512758575454486,20971520,2621440,8,5848,3586
1512758575604717,1512758575608390,20971520,2621440,8,5709,3673
1512758575758167,1512758575761874,20971520,2621440,8,5657,3707
1512758575911702,1512758575915454,20971520,2621440,8,5589,3752
1512758576065087,1512758576068773,20971520,2621440,8,5689,3686
1512758576218222,1512758576221896,20971520,2621440,8,5708,3674
1512758576371147,1512758576374938,20971520,2621440,8,5531,3791
1512758576524994,1512758576528716,20971520,2621440,8,5634,3722
1512758576679365,1512758576683037,20971520,2621440,8,5711,3672
1512758576832533,1512758576836248,20971520,2621440,8,5645,3715
1512758576986187,1512758576989932,20971520,2621440,8,5599,3745
1512758577139908,1512758577143601,20971520,2621440,8,5678,3693
1512758577293578,1512758577297235,20971520,2621440,8,5734,3657
