1512418795431716,1512418795436830,10485760,1310720,8,2050,5114
1512418795514530,1512418795519465,10485760,1310720,8,2124,4935
1512418795594932,1512418795599850,10485760,1310720,8,2132,4918
1512418795675294,1512418795680193,10485760,1310720,8,2140,4899
1512418795755912,1512418795760852,10485760,1310720,8,2122,4940
1512418795837260,1512418795842218,10485760,1310720,8,2114,4958
1512418795918370,1512418795923282,10485760,1310720,8,2134,4912
1512418795998839,1512418796003764,10485760,1310720,8,2129,4925
1512418796078987,1512418796083913,10485760,1310720,8,2128,4926
1512418796159192,1512418796164112,10485760,1310720,8,2131,4920
1512418796239656,1512418796244582,10485760,1310720,8,2128,4926
1512418796319934,1512418796324848,10485760,1310720,8,2133,4914
1512418796400393,1512418796405311,10485760,1310720,8,2132,4918
1512418796480542,1512418796485451,10485760,1310720,8,2136,4909
1512418796560543,1512418796565472,10485760,1310720,8,2127,4929
1512418796640914,1512418796645827,10485760,1310720,8,2134,4913
1512418796720932,1512418796725870,10485760,1310720,8,2123,4938
1512418796800927,1512418796805863,10485760,1310720,8,2124,4936
1512418796881171,1512418796886095,10485760,1310720,8,2129,4924
1512418796961176,1512418796965921,10485760,1310720,8,2209,4745
1512418797040829,1512418797045757,10485760,1310720,8,2127,4928
1512418797121296,1512418797126208,10485760,1310720,8,2134,4912
1512418797201548,1512418797206474,10485760,1310720,8,2128,4926
1512418797281282,1512418797286153,10485760,1310720,8,2152,4871
1512418797360206,1512418797365065,10485760,1310720,8,2158,4859
1512418797439813,1512418797444698,10485760,1310720,8,2146,4885
1512418797518680,1512418797523545,10485760,1310720,8,2155,4865
1512418797597799,1512418797602670,10485760,1310720,8,2152,4871
1512418797677251,1512418797681959,10485760,1310720,8,2227,4708
1512418797756674,1512418797761543,10485760,1310720,8,2153,4869
1512418797835816,1512418797840682,10485760,1310720,8,2154,4866
1512418797914790,1512418797919679,10485760,1310720,8,2144,4889
1512418797994012,1512418797998903,10485760,1310720,8,2143,4891
1512418798073536,1512418798078394,10485760,1310720,8,2158,4858
1512418798152589,1512418798157487,10485760,1310720,8,2140,4898
1512418798232139,1512418798237007,10485760,1310720,8,2154,4868
1512418798311626,1512418798316508,10485760,1310720,8,2147,4882
1512418798391116,1512418798396029,10485760,1310720,8,2134,4913
1512418798470601,1512418798475498,10485760,1310720,8,2141,4897
1512418798550172,1512418798554940,10485760,1310720,8,2199,4768
1512418798629805,1512418798634629,10485760,1310720,8,2173,4824
1512418798709157,1512418798714038,10485760,1310720,8,2148,4881
1512418798788999,1512418798793877,10485760,1310720,8,2149,4878
1512418798868242,1512418798873059,10485760,1310720,8,2176,4817
1512418798947329,1512418798952209,10485760,1310720,8,2148,4880
1512418799026460,1512418799031311,10485760,1310720,8,2161,4851
1512418799105521,1512418799110431,10485760,1310720,8,2135,4910
1512418799184956,1512418799189824,10485760,1310720,8,2154,4868
1512418799264327,1512418799269184,10485760,1310720,8,2158,4857
1512418799343717,1512418799348515,10485760,1310720,8,2185,4798
1512418799422934,1512418799427796,10485760,1310720,8,2156,4862
1512418799502673,1512418799507550,10485760,1310720,8,2150,4877
1512418799581642,1512418799586510,10485760,1310720,8,2154,4868
1512418799660982,1512418799665847,10485760,1310720,8,2155,4865
1512418799740416,1512418799745285,10485760,1310720,8,2153,4869
1512418799819456,1512418799824328,10485760,1310720,8,2152,4872
1512418799898948,1512418799903817,10485760,1310720,8,2153,4869
1512418799978011,1512418799982886,10485760,1310720,8,2150,4875
1512418800057532,1512418800062246,10485760,1310720,8,2224,4714
1512418800136911,1512418800141695,10485760,1310720,8,2191,4784
1512418800216090,1512418800220938,10485760,1310720,8,2162,4848
1512418800295051,1512418800299968,10485760,1310720,8,2132,4917
1512418800374414,1512418800379293,10485760,1310720,8,2149,4879
1512418800453561,1512418800458437,10485760,1310720,8,2150,4876
1512418800532859,1512418800537686,10485760,1310720,8,2172,4827
1512418800611894,1512418800616799,10485760,1310720,8,2137,4905
1512418800691129,1512418800695987,10485760,1310720,8,2158,4858
1512418800770400,1512418800775306,10485760,1310720,8,2137,4906
1512418800849567,1512418800854443,10485760,1310720,8,2150,4876
1512418800928318,1512418800933168,10485760,1310720,8,2162,4850
1512418801007175,1512418801012054,10485760,1310720,8,2149,4879
1512418801086123,1512418801090911,10485760,1310720,8,2190,4788
1512418801165112,1512418801169991,10485760,1310720,8,2149,4879
1512418801244115,1512418801248992,10485760,1310720,8,2150,4877
1512418801323606,1512418801328477,10485760,1310720,8,2152,4871
1512418801402977,1512418801407803,10485760,1310720,8,2172,4826
1512418801481884,1512418801486764,10485760,1310720,8,2148,4880
1512418801561123,1512418801565992,10485760,1310720,8,2153,4869
1512418801640593,1512418801645449,10485760,1310720,8,2159,4856
1512418801719998,1512418801724876,10485760,1310720,8,2149,4878
1512418801799468,1512418801804336,10485760,1310720,8,2154,4868
1512418801878911,1512418801883778,10485760,1310720,8,2154,4867
1512418801958230,1512418801963009,10485760,1310720,8,2194,4779
1512418802036873,1512418802041737,10485760,1310720,8,2155,4864
1512418802116111,1512418802120901,10485760,1310720,8,2189,4790
1512418802195777,1512418802200687,10485760,1310720,8,2135,4910
1512418802275183,1512418802280061,10485760,1310720,8,2149,4878
1512418802354265,1512418802359028,10485760,1310720,8,2201,4763
1512418802433709,1512418802438590,10485760,1310720,8,2148,4881
1512418802513014,1512418802517877,10485760,1310720,8,2156,4863
1512418802592303,1512418802597173,10485760,1310720,8,2153,4870
1512418802671983,1512418802676861,10485760,1310720,8,2149,4878
1512418802751139,1512418802756006,10485760,1310720,8,2154,4867
1512418802830668,1512418802835551,10485760,1310720,8,2147,4883
1512418802909762,1512418802914563,10485760,1310720,8,2184,4801
1512418802988577,1512418802993463,10485760,1310720,8,2146,4886
1512418803067781,1512418803072629,10485760,1310720,8,2162,4848
1512418803146730,1512418803151625,10485760,1310720,8,2142,4895
1512418803226012,1512418803230870,10485760,1310720,8,2158,4858
1512418803305231,1512418803310081,10485760,1310720,8,2162,4850
1512418803384419,1512418803389285,10485760,1310720,8,2154,4866
1512418803463681,1512418803468555,10485760,1310720,8,2151,4874
1512418803543162,1512418803547950,10485760,1310720,8,2190,4788
1512418803622182,1512418803627051,10485760,1310720,8,2153,4869
1512418803701875,1512418803706748,10485760,1310720,8,2151,4873
1512418803780895,1512418803785764,10485760,1310720,8,2153,4869
1512418803860375,1512418803865261,10485760,1310720,8,2146,4886
1512418803939551,1512418803944424,10485760,1310720,8,2151,4873
1512418804018581,1512418804023434,10485760,1310720,8,2160,4853
1512418804098110,1512418804102993,10485760,1310720,8,2147,4883
1512418804177230,1512418804182110,10485760,1310720,8,2148,4880
1512418804256519,1512418804261382,10485760,1310720,8,2156,4863
1512418804335848,1512418804340750,10485760,1310720,8,2139,4902
1512418804414783,1512418804419649,10485760,1310720,8,2154,4866
1512418804494207,1512418804499077,10485760,1310720,8,2153,4870
1512418804573559,1512418804578444,10485760,1310720,8,2146,4885
1512418804652565,1512418804657447,10485760,1310720,8,2147,4882
1512418804731871,1512418804736746,10485760,1310720,8,2150,4875
1512418804810898,1512418804815778,10485760,1310720,8,2148,4880
1512418804890746,1512418804895623,10485760,1310720,8,2150,4877
1512418804969827,1512418804974700,10485760,1310720,8,2151,4873
1512418805049215,1512418805054090,10485760,1310720,8,2150,4875
1512418805128678,1512418805133544,10485760,1310720,8,2154,4866
1512418805208009,1512418805212877,10485760,1310720,8,2154,4868
1512418805287139,1512418805291997,10485760,1310720,8,2158,4858
1512418805366210,1512418805371075,10485760,1310720,8,2155,4865
1512418805445280,1512418805450127,10485760,1310720,8,2163,4847
1512418805524472,1512418805529350,10485760,1310720,8,2149,4878
1512418805603539,1512418805608387,10485760,1310720,8,2162,4848
1512418805682555,1512418805687664,10485760,1310720,8,2052,5109
1512418805762665,1512418805767787,10485760,1310720,8,2047,5122
1512418805842370,1512418805847479,10485760,1310720,8,2052,5109
1512418805922450,1512418805927563,10485760,1310720,8,2050,5113
1512418806002617,1512418806007749,10485760,1310720,8,2043,5132
1512418806082365,1512418806087376,10485760,1310720,8,2092,5011
1512418806161822,1512418806166947,10485760,1310720,8,2046,5125
1512418806241620,1512418806246741,10485760,1310720,8,2047,5121
1512418806321630,1512418806326743,10485760,1310720,8,2050,5113
1512418806401439,1512418806406548,10485760,1310720,8,2052,5109
1512418806481063,1512418806486192,10485760,1310720,8,2044,5129
1512418806560686,1512418806565724,10485760,1310720,8,2081,5038
1512418806639959,1512418806645113,10485760,1310720,8,2034,5154
1512418806719832,1512418806724871,10485760,1310720,8,2080,5039
1512418806799763,1512418806804795,10485760,1310720,8,2083,5032
1512418806879384,1512418806884489,10485760,1310720,8,2054,5105
1512418806958985,1512418806964111,10485760,1310720,8,2045,5126
1512418807038976,1512418807044083,10485760,1310720,8,2053,5107
1512418807118626,1512418807123766,10485760,1310720,8,2040,5140
1512418807198367,1512418807203478,10485760,1310720,8,2051,5111
1512418807278298,1512418807283404,10485760,1310720,8,2053,5106
1512418807357769,1512418807362877,10485760,1310720,8,2052,5108
1512418807437910,1512418807443038,10485760,1310720,8,2044,5128
1512418807517427,1512418807522536,10485760,1310720,8,2052,5109
1512418807597287,1512418807602415,10485760,1310720,8,2044,5128
1512418807677224,1512418807682266,10485760,1310720,8,2079,5042
1512418807757239,1512418807762363,10485760,1310720,8,2046,5124
1512418807836731,1512418807841860,10485760,1310720,8,2044,5129
1512418807916498,1512418807921621,10485760,1310720,8,2046,5123
1512418807996312,1512418808001429,10485760,1310720,8,2049,5117
1512418808076032,1512418808081170,10485760,1310720,8,2040,5138
1512418808155810,1512418808160942,10485760,1310720,8,2043,5132
1512418808235829,1512418808240961,10485760,1310720,8,2043,5132
1512418808315347,1512418808320417,10485760,1310720,8,2068,5070
1512418808394930,1512418808400064,10485760,1310720,8,2042,5134
1512418808474611,1512418808479639,10485760,1310720,8,2085,5028
1512418808554340,1512418808559454,10485760,1310720,8,2050,5114
1512418808634228,1512418808639266,10485760,1310720,8,2081,5038
1512418808714008,1512418808719136,10485760,1310720,8,2044,5128
1512418808793581,1512418808798703,10485760,1310720,8,2047,5122
1512418808873277,1512418808878407,10485760,1310720,8,2044,5130
1512418808953280,1512418808958401,10485760,1310720,8,2047,5121
1512418809032970,1512418809038009,10485760,1310720,8,2080,5039
1512418809112606,1512418809117722,10485760,1310720,8,2049,5116
1512418809192477,1512418809197605,10485760,1310720,8,2044,5128
1512418809272557,1512418809277677,10485760,1310720,8,2048,5120
1512418809352233,1512418809357287,10485760,1310720,8,2074,5054
1512418809432057,1512418809437173,10485760,1310720,8,2049,5116
1512418809512033,1512418809517147,10485760,1310720,8,2050,5114
1512418809592112,1512418809597214,10485760,1310720,8,2055,5102
1512418809672211,1512418809677337,10485760,1310720,8,2045,5126
1512418809752088,1512418809757130,10485760,1310720,8,2079,5042
1512418809832125,1512418809837245,10485760,1310720,8,2048,5120
1512418809911680,1512418809916799,10485760,1310720,8,2048,5119
1512418809992086,1512418809997192,10485760,1310720,8,2053,5106
1512418810071493,1512418810076602,10485760,1310720,8,2052,5109
1512418810150947,1512418810156084,10485760,1310720,8,2041,5137
1512418810230687,1512418810235792,10485760,1310720,8,2054,5105
1512418810310750,1512418810315859,10485760,1310720,8,2052,5109
1512418810390828,1512418810395951,10485760,1310720,8,2046,5123
1512418810470798,1512418810475917,10485760,1310720,8,2048,5119
1512418810550319,1512418810555434,10485760,1310720,8,2050,5115
1512418810630585,1512418810635710,10485760,1310720,8,2046,5125
1512418810710507,1512418810715593,10485760,1310720,8,2061,5086
1512418810790145,1512418810795178,10485760,1310720,8,2083,5033
1512418810870157,1512418810875269,10485760,1310720,8,2051,5112
1512418810949729,1512418810954851,10485760,1310720,8,2047,5122
1512418811029354,1512418811034474,10485760,1310720,8,2048,5120
1512418811109586,1512418811114708,10485760,1310720,8,2047,5122
1512418811189545,1512418811194545,10485760,1310720,8,2097,5000
1512418811269567,1512418811274695,10485760,1310720,8,2044,5128
1512418811349848,1512418811354953,10485760,1310720,8,2054,5105
1512418811429435,1512418811434569,10485760,1310720,8,2042,5134
1512418811509106,1512418811514142,10485760,1310720,8,2082,5036
1512418811589134,1512418811594249,10485760,1310720,8,2050,5115
1512418811668884,1512418811674002,10485760,1310720,8,2048,5118
1512418811748820,1512418811753944,10485760,1310720,8,2046,5124
1512418811829020,1512418811834129,10485760,1310720,8,2052,5109
1512418811909141,1512418811914268,10485760,1310720,8,2045,5127
1512418811988888,1512418811994016,10485760,1310720,8,2044,5128
1512418812068727,1512418812073857,10485760,1310720,8,2044,5130
1512418812148740,1512418812153840,10485760,1310720,8,2056,5100
1512418812228279,1512418812233405,10485760,1310720,8,2045,5126
1512418812308021,1512418812313112,10485760,1310720,8,2059,5091
1512418812388238,1512418812393267,10485760,1310720,8,2085,5029
1512418812467547,1512418812472653,10485760,1310720,8,2053,5106
1512418812547648,1512418812552765,10485760,1310720,8,2049,5117
1512418812627237,1512418812632351,10485760,1310720,8,2050,5114
1512418812707041,1512418812712175,10485760,1310720,8,2042,5134
1512418812786973,1512418812792024,10485760,1310720,8,2075,5051
1512418812866885,1512418812872014,10485760,1310720,8,2044,5129
1512418812947363,1512418812952486,10485760,1310720,8,2046,5123
1512418813026756,1512418813031891,10485760,1310720,8,2042,5135
1512418813106448,1512418813111560,10485760,1310720,8,2051,5112
1512418813186489,1512418813191608,10485760,1310720,8,2048,5119
1512418813266637,1512418813271749,10485760,1310720,8,2051,5112
1512418813346739,1512418813351868,10485760,1310720,8,2044,5129
1512418813426314,1512418813431422,10485760,1310720,8,2052,5108
1512418813506096,1512418813511043,10485760,1310720,8,2119,4947
1512418813585645,1512418813590766,10485760,1310720,8,2047,5121
1512418813665752,1512418813670866,10485760,1310720,8,2050,5114
1512418813745553,1512418813750652,10485760,1310720,8,2056,5099
1512418813825989,1512418813831103,10485760,1310720,8,2050,5114
1512418813905193,1512418813910296,10485760,1310720,8,2054,5103
1512418813984963,1512418813990102,10485760,1310720,8,2040,5139
1512418814064536,1512418814069647,10485760,1310720,8,2051,5111
1512418814144392,1512418814149440,10485760,1310720,8,2077,5048
1512418814224106,1512418814229220,10485760,1310720,8,2050,5114
1512418814303915,1512418814309053,10485760,1310720,8,2040,5138
1512418814384498,1512418814389529,10485760,1310720,8,2084,5031
1512418814464311,1512418814469419,10485760,1310720,8,2052,5108
1512418814544007,1512418814549130,10485760,1310720,8,2046,5123
1512418814623744,1512418814628878,10485760,1310720,8,2042,5134
1512418814703290,1512418814708406,10485760,1310720,8,2049,5116
1512418814782954,1512418814788066,10485760,1310720,8,2051,5112
1512418814862740,1512418814867837,10485760,1310720,8,2057,5097
1512418814942294,1512418814947378,10485760,1310720,8,2062,5084
1512418815022276,1512418815027378,10485760,1310720,8,2055,5102
1512418815102187,1512418815107312,10485760,1310720,8,2046,5125
1512418815182021,1512418815187137,10485760,1310720,8,2049,5116
1512418815262006,1512418815267125,10485760,1310720,8,2048,5119
1512418815341910,1512418815347022,10485760,1310720,8,2051,5112
1512418815422188,1512418815427316,10485760,1310720,8,2044,5128
1512418815502483,1512418815507594,10485760,1310720,8,2051,5111
1512418815582176,1512418815587286,10485760,1310720,8,2052,5110
1512418815661992,1512418815667119,10485760,1310720,8,2045,5127
1512418815742109,1512418815747163,10485760,1310720,8,2074,5054
1512418815821880,1512418815826986,10485760,1310720,8,2053,5106
1512418815901554,1512418815906443,10485760,1310720,8,2144,4889
1512418815981094,1512418815985950,10485760,1310720,8,2159,4856
1512418816060141,1512418816065019,10485760,1310720,8,2149,4878
1512418816139714,1512418816144552,10485760,1310720,8,2167,4838
1512418816218989,1512418816223858,10485760,1310720,8,2153,4869
1512418816298376,1512418816303170,10485760,1310720,8,2187,4794
1512418816377812,1512418816382711,10485760,1310720,8,2140,4899
1512418816457145,1512418816462022,10485760,1310720,8,2150,4877
1512418816536867,1512418816541746,10485760,1310720,8,2149,4879
1512418816615868,1512418816620723,10485760,1310720,8,2159,4855
1512418816695321,1512418816700179,10485760,1310720,8,2158,4858
1512418816774960,1512418816779808,10485760,1310720,8,2162,4848
1512418816854533,1512418816859314,10485760,1310720,8,2193,4781
1512418816933989,1512418816938854,10485760,1310720,8,2155,4865
1512418817013210,1512418817018117,10485760,1310720,8,2136,4907
1512418817092452,1512418817097321,10485760,1310720,8,2153,4869
1512418817172045,1512418817176933,10485760,1310720,8,2145,4888
1512418817251436,1512418817256297,10485760,1310720,8,2157,4861
1512418817330442,1512418817335222,10485760,1310720,8,2193,4780
1512418817409534,1512418817414395,10485760,1310720,8,2157,4861
1512418817489114,1512418817493922,10485760,1310720,8,2180,4808
1512418817568078,1512418817572942,10485760,1310720,8,2155,4864
1512418817646987,1512418817651872,10485760,1310720,8,2146,4885
1512418817726417,1512418817731304,10485760,1310720,8,2145,4887
1512418817805738,1512418817810627,10485760,1310720,8,2144,4889
1512418817885245,1512418817890099,10485760,1310720,8,2160,4854
1512418817964337,1512418817969224,10485760,1310720,8,2145,4887
1512418818043638,1512418818048500,10485760,1310720,8,2156,4862
1512418818122904,1512418818127787,10485760,1310720,8,2147,4883
1512418818202080,1512418818206964,10485760,1310720,8,2146,4884
1512418818281433,1512418818286310,10485760,1310720,8,2150,4877
1512418818360763,1512418818365619,10485760,1310720,8,2159,4856
1512418818439790,1512418818444665,10485760,1310720,8,2150,4875
1512418818519003,1512418818523849,10485760,1310720,8,2163,4846
1512418818598111,1512418818602993,10485760,1310720,8,2147,4882
1512418818677259,1512418818682140,10485760,1310720,8,2148,4881
1512418818756775,1512418818761691,10485760,1310720,8,2132,4916
1512418818836252,1512418818841151,10485760,1310720,8,2140,4899
1512418818915264,1512418818920138,10485760,1310720,8,2151,4874
1512418818994450,1512418818999236,10485760,1310720,8,2190,4786
1512418819073418,1512418819078295,10485760,1310720,8,2150,4877
1512418819152504,1512418819157378,10485760,1310720,8,2151,4874
1512418819231948,1512418819236819,10485760,1310720,8,2152,4871
1512418819311031,1512418819315905,10485760,1310720,8,2151,4874
1512418819390450,1512418819395323,10485760,1310720,8,2151,4873
1512418819469850,1512418819474604,10485760,1310720,8,2205,4754
1512418819548761,1512418819553664,10485760,1310720,8,2138,4903
1512418819628578,1512418819633438,10485760,1310720,8,2157,4860
1512418819708001,1512418819712876,10485760,1310720,8,2150,4875
1512418819787627,1512418819792510,10485760,1310720,8,2147,4883
1512418819866724,1512418819871583,10485760,1310720,8,2158,4859
1512418819945961,1512418819950851,10485760,1310720,8,2144,4890
1512418820025167,1512418820030031,10485760,1310720,8,2155,4864
1512418820104778,1512418820109649,10485760,1310720,8,2152,4871
1512418820184411,1512418820189282,10485760,1310720,8,2152,4871
1512418820263229,1512418820268100,10485760,1310720,8,2152,4871
1512418820342743,1512418820347542,10485760,1310720,8,2184,4799
1512418820422799,1512418820427675,10485760,1310720,8,2150,4876
1512418820502033,1512418820506918,10485760,1310720,8,2146,4885
1512418820581130,1512418820585985,10485760,1310720,8,2159,4855
1512418820660315,1512418820665188,10485760,1310720,8,2151,4873
1512418820739487,1512418820744323,10485760,1310720,8,2168,4836
1512418820818771,1512418820823665,10485760,1310720,8,2142,4894
1512418820897951,1512418820902823,10485760,1310720,8,2152,4872
1512418820977109,1512418820981985,10485760,1310720,8,2150,4876
1512418821056057,1512418821060922,10485760,1310720,8,2155,4865
1512418821135441,1512418821140301,10485760,1310720,8,2157,4860
1512418821214549,1512418821219422,10485760,1310720,8,2151,4873
1512418821293748,1512418821298606,10485760,1310720,8,2158,4858
1512418821373061,1512418821377908,10485760,1310720,8,2163,4847
1512418821452029,1512418821456895,10485760,1310720,8,2154,4866
1512418821530997,1512418821535893,10485760,1310720,8,2141,4896
1512418821610066,1512418821614953,10485760,1310720,8,2145,4887
1512418821689378,1512418821694259,10485760,1310720,8,2148,4881
1512418821769039,1512418821773916,10485760,1310720,8,2150,4877
1512418821849044,1512418821853896,10485760,1310720,8,2161,4852
1512418821928932,1512418821933814,10485760,1310720,8,2147,4882
1512418822008458,1512418822013336,10485760,1310720,8,2149,4878
1512418822087529,1512418822092409,10485760,1310720,8,2148,4880
1512418822167156,1512418822172037,10485760,1310720,8,2148,4881
1512418822246623,1512418822251490,10485760,1310720,8,2154,4867
1512418822326017,1512418822330894,10485760,1310720,8,2150,4877
1512418822405621,1512418822410506,10485760,1310720,8,2146,4885
1512418822484963,1512418822489843,10485760,1310720,8,2148,4880
1512418822564332,1512418822569206,10485760,1310720,8,2151,4874
1512418822643738,1512418822648602,10485760,1310720,8,2155,4864
1512418822723053,1512418822727857,10485760,1310720,8,2182,4804
1512418822802231,1512418822807078,10485760,1310720,8,2163,4847
1512418822881561,1512418822886434,10485760,1310720,8,2151,4873
1512418822960790,1512418822965676,10485760,1310720,8,2146,4886
1512418823040097,1512418823044958,10485760,1310720,8,2157,4861
1512418823119860,1512418823124726,10485760,1310720,8,2154,4866
1512418823199102,1512418823203953,10485760,1310720,8,2161,4851
1512418823278230,1512418823283059,10485760,1310720,8,2171,4829
1512418823357287,1512418823362166,10485760,1310720,8,2149,4879
1512418823436431,1512418823441284,10485760,1310720,8,2160,4853
1512418823515610,1512418823520366,10485760,1310720,8,2204,4756
1512418823594961,1512418823599824,10485760,1310720,8,2156,4863
1512418823674317,1512418823679185,10485760,1310720,8,2154,4868
1512418823753639,1512418823758515,10485760,1310720,8,2150,4876
1512418823833415,1512418823838210,10485760,1310720,8,2186,4795
1512418823912514,1512418823917394,10485760,1310720,8,2148,4880
1512418823991757,1512418823996598,10485760,1310720,8,2166,4841
1512418824071312,1512418824076191,10485760,1310720,8,2149,4879
1512418824150386,1512418824155227,10485760,1310720,8,2166,4841
1512418824230097,1512418824234965,10485760,1310720,8,2154,4868
1512418824309396,1512418824314261,10485760,1310720,8,2155,4865
1512418824388147,1512418824393030,10485760,1310720,8,2147,4883
1512418824467324,1512418824472215,10485760,1310720,8,2143,4891
1512418824546614,1512418824551469,10485760,1310720,8,2159,4855
1512418824626234,1512418824631045,10485760,1310720,8,2179,4811
1512418824705466,1512418824710322,10485760,1310720,8,2159,4856
1512418824784932,1512418824789805,10485760,1310720,8,2151,4873
1512418824864472,1512418824869345,10485760,1310720,8,2151,4873
1512418824943947,1512418824948827,10485760,1310720,8,2148,4880
1512418825023509,1512418825028378,10485760,1310720,8,2153,4869
1512418825102585,1512418825107448,10485760,1310720,8,2156,4863
1512418825181547,1512418825186381,10485760,1310720,8,2169,4834
1512418825261451,1512418825266317,10485760,1310720,8,2154,4866
1512418825341003,1512418825345793,10485760,1310720,8,2189,4790
1512418825420509,1512418825425410,10485760,1310720,8,2139,4901
1512418825500142,1512418825505021,10485760,1310720,8,2149,4879
1512418825580189,1512418825585075,10485760,1310720,8,2146,4886
1512418825659702,1512418825664549,10485760,1310720,8,2163,4847
1512418825738961,1512418825743836,10485760,1310720,8,2150,4875
1512418825818398,1512418825823280,10485760,1310720,8,2147,4882
1512418825897430,1512418825902305,10485760,1310720,8,2150,4875
1512418825976252,1512418825981116,10485760,1310720,8,2155,4864
1512418826055514,1512418826060387,10485760,1310720,8,2151,4873
1512418826135021,1512418826139893,10485760,1310720,8,2152,4872
1512418826213865,1512418826218735,10485760,1310720,8,2153,4870
1512418826293158,1512418826298045,10485760,1310720,8,2145,4887
1512418826372238,1512418826377102,10485760,1310720,8,2155,4864
1512418826452148,1512418826457000,10485760,1310720,8,2161,4852
1512418826531267,1512418826536149,10485760,1310720,8,2147,4882
1512418826610215,1512418826615074,10485760,1310720,8,2158,4859
1512418826689214,1512418826694090,10485760,1310720,8,2150,4876
1512418826768562,1512418826773435,10485760,1310720,8,2151,4873
1512418826848090,1512418826852994,10485760,1310720,8,2138,4904
1512418826927671,1512418826932454,10485760,1310720,8,2192,4783
1512418827006884,1512418827011754,10485760,1310720,8,2153,4870
1512418827085812,1512418827090512,10485760,1310720,8,2231,4700
1512418827165185,1512418827170068,10485760,1310720,8,2147,4883
1512418827244254,1512418827249121,10485760,1310720,8,2154,4867
1512418827323864,1512418827328728,10485760,1310720,8,2155,4864
1512418827403198,1512418827408066,10485760,1310720,8,2154,4868
1512418827482486,1512418827487372,10485760,1310720,8,2146,4886
1512418827562055,1512418827566955,10485760,1310720,8,2139,4900
1512418827641537,1512418827646426,10485760,1310720,8,2144,4889
1512418827720921,1512418827725793,10485760,1310720,8,2152,4872
1512418827800376,1512418827805162,10485760,1310720,8,2190,4786
1512418827879685,1512418827884534,10485760,1310720,8,2162,4849
1512418827959004,1512418827963810,10485760,1310720,8,2181,4806
1512418828038450,1512418828043316,10485760,1310720,8,2154,4866
1512418828117983,1512418828122860,10485760,1310720,8,2150,4877
1512418828197190,1512418828202075,10485760,1310720,8,2146,4885
1512418828276377,1512418828281227,10485760,1310720,8,2162,4850
1512418828355688,1512418828360554,10485760,1310720,8,2154,4866
1512418828434874,1512418828439757,10485760,1310720,8,2147,4883
1512418828514079,1512418828518954,10485760,1310720,8,2150,4875
1512418828592985,1512418828597865,10485760,1310720,8,2148,4880
1512418828672566,1512418828677438,10485760,1310720,8,2152,4872
1512418828751593,1512418828756489,10485760,1310720,8,2141,4896
1512418828831169,1512418828835947,10485760,1310720,8,2194,4778
1512418828910483,1512418828915352,10485760,1310720,8,2153,4869
1512418828989949,1512418828994833,10485760,1310720,8,2146,4884
1512418829069501,1512418829074369,10485760,1310720,8,2154,4868
1512418829148829,1512418829153702,10485760,1310720,8,2151,4873
1512418829228064,1512418829232936,10485760,1310720,8,2152,4872
1512418829307326,1512418829312191,10485760,1310720,8,2155,4865
1512418829386764,1512418829391636,10485760,1310720,8,2152,4872
1512418829465986,1512418829470861,10485760,1310720,8,2150,4875
1512418829545220,1512418829550093,10485760,1310720,8,2151,4873
1512418829624359,1512418829629260,10485760,1310720,8,2139,4901
1512418829703722,1512418829708608,10485760,1310720,8,2146,4886
1512418829782969,1512418829787828,10485760,1310720,8,2158,4859
1512418829861945,1512418829866813,10485760,1310720,8,2154,4868
1512418829941347,1512418829946209,10485760,1310720,8,2156,4862
1512418830020457,1512418830025352,10485760,1310720,8,2142,4895
1512418830099824,1512418830104714,10485760,1310720,8,2144,4890
1512418830179350,1512418830184233,10485760,1310720,8,2147,4883
1512418830258731,1512418830263588,10485760,1310720,8,2158,4857
1512418830338369,1512418830343262,10485760,1310720,8,2143,4893
1512418830417821,1512418830422685,10485760,1310720,8,2155,4864
1512418830496747,1512418830501641,10485760,1310720,8,2142,4894
1512418830575956,1512418830580843,10485760,1310720,8,2145,4887
1512418830655161,1512418830659957,10485760,1310720,8,2186,4796
1512418830734827,1512418830739705,10485760,1310720,8,2149,4878
1512418830814203,1512418830819074,10485760,1310720,8,2152,4871
1512418830893150,1512418830898010,10485760,1310720,8,2157,4860
1512418830972909,1512418830977783,10485760,1310720,8,2151,4874
1512418831052144,1512418831057028,10485760,1310720,8,2146,4884
1512418831131239,1512418831136136,10485760,1310720,8,2141,4897
1512418831210506,1512418831215357,10485760,1310720,8,2161,4851
1512418831289976,1512418831294860,10485760,1310720,8,2146,4884
1512418831369578,1512418831374427,10485760,1310720,8,2162,4849
1512418831448620,1512418831453484,10485760,1310720,8,2155,4864
1512418831528460,1512418831533341,10485760,1310720,8,2148,4881
1512418831608086,1512418831612948,10485760,1310720,8,2156,4862
1512418831687849,1512418831692611,10485760,1310720,8,2201,4762
1512418831767203,1512418831772099,10485760,1310720,8,2141,4896
1512418831846789,1512418831851648,10485760,1310720,8,2158,4859
1512418831926766,1512418831931633,10485760,1310720,8,2154,4867
1512418832006163,1512418832011027,10485760,1310720,8,2155,4864
1512418832085224,1512418832090092,10485760,1310720,8,2154,4868
1512418832164300,1512418832169169,10485760,1310720,8,2153,4869
1512418832243533,1512418832248400,10485760,1310720,8,2154,4867
1512418832322600,1512418832327380,10485760,1310720,8,2193,4780
1512418832402257,1512418832407119,10485760,1310720,8,2156,4862
1512418832481563,1512418832486412,10485760,1310720,8,2162,4849
1512418832560781,1512418832565581,10485760,1310720,8,2184,4800
1512418832640293,1512418832645169,10485760,1310720,8,2150,4876
1512418832719997,1512418832724908,10485760,1310720,8,2135,4911
1512418832800023,1512418832804885,10485760,1310720,8,2156,4862
1512418832879363,1512418832884149,10485760,1310720,8,2190,4786
1512418832958403,1512418832963262,10485760,1310720,8,2158,4859
1512418833037598,1512418833042431,10485760,1310720,8,2169,4833
1512418833117051,1512418833121943,10485760,1310720,8,2143,4892
1512418833196487,1512418833201369,10485760,1310720,8,2147,4882
1512418833275839,1512418833280705,10485760,1310720,8,2154,4866
1512418833354827,1512418833359694,10485760,1310720,8,2154,4867
1512418833434156,1512418833439040,10485760,1310720,8,2146,4884
1512418833513354,1512418833518223,10485760,1310720,8,2153,4869
1512418833592639,1512418833597496,10485760,1310720,8,2158,4857
1512418833672123,1512418833676925,10485760,1310720,8,2183,4802
1512418833751081,1512418833755942,10485760,1310720,8,2157,4861
1512418833830784,1512418833835665,10485760,1310720,8,2148,4881
1512418833910252,1512418833915124,10485760,1310720,8,2152,4872
1512418833989381,1512418833994237,10485760,1310720,8,2159,4856
1512418834068537,1512418834073392,10485760,1310720,8,2159,4855
1512418834148310,1512418834153193,10485760,1310720,8,2147,4883
1512418834227382,1512418834232277,10485760,1310720,8,2142,4895
1512418834306619,1512418834311412,10485760,1310720,8,2187,4793
1512418834385845,1512418834390717,10485760,1310720,8,2152,4872
1512418834465714,1512418834470601,10485760,1310720,8,2145,4887
1512418834544950,1512418834549809,10485760,1310720,8,2158,4859
1512418834624466,1512418834629348,10485760,1310720,8,2147,4882
1512418834704124,1512418834708998,10485760,1310720,8,2151,4874
1512418834783441,1512418834788338,10485760,1310720,8,2141,4897
1512418834863054,1512418834867948,10485760,1310720,8,2142,4894
1512418834942661,1512418834947529,10485760,1310720,8,2154,4868
1512418835022044,1512418835026855,10485760,1310720,8,2179,4811
1512418835101496,1512418835106380,10485760,1310720,8,2146,4884
1512418835180763,1512418835185622,10485760,1310720,8,2158,4859
1512418835260134,1512418835265008,10485760,1310720,8,2151,4874
1512418835338953,1512418835343820,10485760,1310720,8,2154,4867
1512418835418114,1512418835422975,10485760,1310720,8,2157,4861
1512418835497397,1512418835502317,10485760,1310720,8,2131,4920
1512418835577000,1512418835581864,10485760,1310720,8,2155,4864
1512418835656712,1512418835661573,10485760,1310720,8,2157,4861
1512418835735929,1512418835740793,10485760,1310720,8,2155,4864
1512418835815255,1512418835820095,10485760,1310720,8,2166,4840
1512418835894364,1512418835899257,10485760,1310720,8,2143,4893
1512418835975135,1512418835980053,10485760,1310720,8,2132,4918
1512418836056523,1512418836061473,10485760,1310720,8,2118,4950
1512418836138279,1512418836143225,10485760,1310720,8,2120,4946
1512418836218415,1512418836223308,10485760,1310720,8,2143,4893
1512418836297987,1512418836302867,10485760,1310720,8,2148,4880
1512418836377277,1512418836382155,10485760,1310720,8,2149,4878
1512418836457139,1512418836462034,10485760,1310720,8,2142,4895
1512418836536828,1512418836541733,10485760,1310720,8,2137,4905
1512418836616561,1512418836621416,10485760,1310720,8,2159,4855
1512418836695755,1512418836700638,10485760,1310720,8,2147,4883
1512418836774980,1512418836779862,10485760,1310720,8,2147,4882
1512418836854396,1512418836859247,10485760,1310720,8,2161,4851
1512418836933758,1512418836938627,10485760,1310720,8,2153,4869
1512418837013075,1512418837017962,10485760,1310720,8,2145,4887
1512418837092413,1512418837097304,10485760,1310720,8,2143,4891
1512418837171799,1512418837176678,10485760,1310720,8,2149,4879
1512418837251070,1512418837255924,10485760,1310720,8,2160,4854
1512418837330308,1512418837335173,10485760,1310720,8,2155,4865
1512418837409599,1512418837414472,10485760,1310720,8,2151,4873
1512418837488875,1512418837493757,10485760,1310720,8,2147,4882
1512418837568134,1512418837572992,10485760,1310720,8,2158,4858
1512418837649602,1512418837654555,10485760,1310720,8,2117,4953
1512418837731172,1512418837736119,10485760,1310720,8,2119,4947
1512418837812538,1512418837817429,10485760,1310720,8,2143,4891
1512418837893427,1512418837898361,10485760,1310720,8,2125,4934
1512418837974905,1512418837979900,10485760,1310720,8,2099,4995
1512418838056071,1512418838060989,10485760,1310720,8,2132,4918
1512418838137710,1512418838142665,10485760,1310720,8,2116,4955
1512418838218754,1512418838223633,10485760,1310720,8,2149,4879
1512418838298077,1512418838302979,10485760,1310720,8,2139,4902
1512418838377202,1512418838382079,10485760,1310720,8,2150,4877
1512418838457598,1512418838462524,10485760,1310720,8,2128,4926
1512418838538647,1512418838543581,10485760,1310720,8,2125,4934
1512418838620163,1512418838625105,10485760,1310720,8,2121,4942
1512418838701542,1512418838706502,10485760,1310720,8,2114,4960
1512418838782683,1512418838787620,10485760,1310720,8,2123,4937
1512418838864055,1512418838868995,10485760,1310720,8,2122,4940
1512418838945465,1512418838950425,10485760,1310720,8,2114,4960
1512418839026926,1512418839031854,10485760,1310720,8,2127,4928
1512418839108078,1512418839113027,10485760,1310720,8,2118,4949
1512418839189449,1512418839194392,10485760,1310720,8,2121,4943
1512418839271203,1512418839276154,10485760,1310720,8,2117,4951
1512418839352569,1512418839357519,10485760,1310720,8,2118,4950
1512418839434168,1512418839439121,10485760,1310720,8,2117,4953
1512418839515652,1512418839520600,10485760,1310720,8,2119,4948
1512418839595612,1512418839600555,10485760,1310720,8,2121,4943
1512418839675097,1512418839679880,10485760,1310720,8,2192,4783
1512418839754071,1512418839758868,10485760,1310720,8,2185,4797
1512418839833716,1512418839838603,10485760,1310720,8,2145,4887
1512418839913271,1512418839918143,10485760,1310720,8,2152,4872
1512418839992628,1512418839997460,10485760,1310720,8,2170,4832
1512418840071874,1512418840076653,10485760,1310720,8,2194,4779
1512418840151330,1512418840156197,10485760,1310720,8,2154,4867
1512418840230628,1512418840235511,10485760,1310720,8,2147,4883
1512418840309806,1512418840314670,10485760,1310720,8,2155,4864
1512418840389648,1512418840394522,10485760,1310720,8,2151,4874
1512418840468895,1512418840473771,10485760,1310720,8,2150,4876
1512418840548488,1512418840553361,10485760,1310720,8,2151,4873
1512418840627744,1512418840632608,10485760,1310720,8,2155,4864
1512418840707458,1512418840712357,10485760,1310720,8,2140,4899
1512418840787036,1512418840791905,10485760,1310720,8,2153,4869
1512418840866054,1512418840870948,10485760,1310720,8,2142,4894
1512418840945759,1512418840950626,10485760,1310720,8,2154,4867
1512418841024942,1512418841029811,10485760,1310720,8,2153,4869
1512418841104473,1512418841109347,10485760,1310720,8,2151,4874
1512418841183662,1512418841188440,10485760,1310720,8,2194,4778
1512418841262771,1512418841267644,10485760,1310720,8,2151,4873
1512418841342351,1512418841347222,10485760,1310720,8,2152,4871
1512418841421314,1512418841426178,10485760,1310720,8,2155,4864
1512418841500616,1512418841505502,10485760,1310720,8,2146,4886
1512418841580289,1512418841585171,10485760,1310720,8,2147,4882
1512418841660172,1512418841665071,10485760,1310720,8,2140,4899
1512418841739751,1512418841744541,10485760,1310720,8,2189,4790
1512418841818910,1512418841823680,10485760,1310720,8,2198,4770
1512418841898075,1512418841902954,10485760,1310720,8,2149,4879
1512418841977123,1512418841982005,10485760,1310720,8,2147,4882
1512418842056443,1512418842061308,10485760,1310720,8,2155,4865
1512418842136179,1512418842141058,10485760,1310720,8,2149,4879
1512418842215382,1512418842220161,10485760,1310720,8,2194,4779
1512418842294323,1512418842299190,10485760,1310720,8,2154,4867
1512418842373299,1512418842378076,10485760,1310720,8,2195,4777
1512418842452171,1512418842457070,10485760,1310720,8,2140,4899
1512418842531620,1512418842536484,10485760,1310720,8,2155,4864
1512418842611119,1512418842616029,10485760,1310720,8,2135,4910
1512418842690190,1512418842695049,10485760,1310720,8,2158,4859
1512418842769583,1512418842774449,10485760,1310720,8,2154,4866
1512418842849042,1512418842853919,10485760,1310720,8,2150,4877
1512418842928639,1512418842933522,10485760,1310720,8,2147,4883
1512418843007845,1512418843012716,10485760,1310720,8,2152,4871
1512418843087944,1512418843092813,10485760,1310720,8,2153,4869
1512418843167124,1512418843171992,10485760,1310720,8,2154,4868
1512418843246430,1512418843251311,10485760,1310720,8,2148,4881
1512418843326412,1512418843331320,10485760,1310720,8,2136,4908
1512418843405444,1512418843410321,10485760,1310720,8,2150,4877
1512418843485088,1512418843489968,10485760,1310720,8,2148,4880
1512418843564591,1512418843569495,10485760,1310720,8,2138,4904
1512418843644299,1512418843649161,10485760,1310720,8,2156,4862
1512418843723306,1512418843728124,10485760,1310720,8,2176,4818
1512418843802621,1512418843807494,10485760,1310720,8,2151,4873
1512418843882034,1512418843886917,10485760,1310720,8,2147,4883
1512418843961462,1512418843966343,10485760,1310720,8,2148,4881
1512418844040873,1512418844045747,10485760,1310720,8,2151,4874
1512418844120717,1512418844125585,10485760,1310720,8,2154,4868
1512418844200290,1512418844205176,10485760,1310720,8,2146,4886
1512418844280057,1512418844284925,10485760,1310720,8,2154,4868
1512418844359334,1512418844364219,10485760,1310720,8,2146,4885
1512418844439091,1512418844443966,10485760,1310720,8,2150,4875
1512418844519221,1512418844524018,10485760,1310720,8,2185,4797
1512418844598117,1512418844602929,10485760,1310720,8,2179,4812
1512418844677315,1512418844682205,10485760,1310720,8,2144,4890
1512418844756338,1512418844761187,10485760,1310720,8,2162,4849
1512418844835605,1512418844840496,10485760,1310720,8,2143,4891
1512418844915139,1512418844920013,10485760,1310720,8,2151,4874
1512418844994051,1512418844998958,10485760,1310720,8,2136,4907
1512418845073364,1512418845078236,10485760,1310720,8,2152,4872
1512418845152484,1512418845157303,10485760,1310720,8,2175,4819
1512418845232308,1512418845237163,10485760,1310720,8,2159,4855
1512418845311612,1512418845316486,10485760,1310720,8,2151,4874
1512418845391019,1512418845395884,10485760,1310720,8,2155,4865
1512418845470300,1512418845475179,10485760,1310720,8,2149,4879
1512418845550108,1512418845554997,10485760,1310720,8,2144,4889
1512418845629681,1512418845634566,10485760,1310720,8,2146,4885
1512418845709208,1512418845714088,10485760,1310720,8,2148,4880
1512418845788663,1512418845793527,10485760,1310720,8,2155,4864
1512418845868393,1512418845873191,10485760,1310720,8,2185,4798
1512418845947671,1512418845952475,10485760,1310720,8,2182,4804
1512418846026993,1512418846031867,10485760,1310720,8,2151,4874
1512418846106603,1512418846111487,10485760,1310720,8,2146,4884
1512418846186305,1512418846191189,10485760,1310720,8,2146,4884
1512418846265950,1512418846270814,10485760,1310720,8,2155,4864
1512418846345673,1512418846350542,10485760,1310720,8,2153,4869
1512418846425088,1512418846429883,10485760,1310720,8,2186,4795
1512418846504300,1512418846509080,10485760,1310720,8,2193,4780
1512418846583560,1512418846588358,10485760,1310720,8,2185,4798
1512418846662469,1512418846667358,10485760,1310720,8,2144,4889
1512418846742050,1512418846746924,10485760,1310720,8,2151,4874
1512418846821444,1512418846826325,10485760,1310720,8,2148,4881
1512418846900524,1512418846905393,10485760,1310720,8,2153,4869
1512418846980464,1512418846985286,10485760,1310720,8,2174,4822
1512418847060123,1512418847065001,10485760,1310720,8,2149,4878
1512418847139537,1512418847144400,10485760,1310720,8,2156,4863
1512418847218897,1512418847223687,10485760,1310720,8,2189,4790
1512418847298391,1512418847303254,10485760,1310720,8,2156,4863
1512418847378010,1512418847382882,10485760,1310720,8,2152,4872
1512418847457213,1512418847461991,10485760,1310720,8,2194,4778
1512418847536509,1512418847541414,10485760,1310720,8,2137,4905
1512418847615957,1512418847620821,10485760,1310720,8,2155,4864
1512418847695141,1512418847700010,10485760,1310720,8,2153,4869
1512418847774735,1512418847779602,10485760,1310720,8,2154,4867
1512418847854405,1512418847859285,10485760,1310720,8,2148,4880
1512418847933898,1512418847938762,10485760,1310720,8,2155,4864
1512418848013311,1512418848018110,10485760,1310720,8,2184,4799
1512418848092237,1512418848097097,10485760,1310720,8,2157,4860
1512418848172379,1512418848177275,10485760,1310720,8,2141,4896
1512418848251756,1512418848256637,10485760,1310720,8,2148,4881
1512418848331181,1512418848336063,10485760,1310720,8,2147,4882
1512418848410351,1512418848415224,10485760,1310720,8,2151,4873
1512418848489628,1512418848494495,10485760,1310720,8,2154,4867
1512418848568603,1512418848573475,10485760,1310720,8,2152,4872
1512418848648007,1512418848652886,10485760,1310720,8,2149,4879
1512418848728050,1512418848732907,10485760,1310720,8,2158,4857
1512418848807624,1512418848812505,10485760,1310720,8,2148,4881
1512418848887171,1512418848892048,10485760,1310720,8,2150,4877
1512418848966066,1512418848970966,10485760,1310720,8,2139,4900
1512418849045359,1512418849050232,10485760,1310720,8,2151,4873
1512418849125027,1512418849129898,10485760,1310720,8,2152,4871
1512418849204014,1512418849208790,10485760,1310720,8,2195,4776
1512418849283276,1512418849288150,10485760,1310720,8,2151,4874
1512418849362548,1512418849367439,10485760,1310720,8,2143,4891
1512418849442293,1512418849447186,10485760,1310720,8,2143,4893
1512418849521697,1512418849526565,10485760,1310720,8,2154,4868
1512418849600813,1512418849605505,10485760,1310720,8,2234,4692
1512418849680131,1512418849685017,10485760,1310720,8,2146,4886
1512418849759602,1512418849764488,10485760,1310720,8,2146,4886
1512418849838686,1512418849843563,10485760,1310720,8,2150,4877
1512418849918124,1512418849923047,10485760,1310720,8,2129,4923
1512418849997524,1512418850002377,10485760,1310720,8,2160,4853
1512418850076465,1512418850081339,10485760,1310720,8,2151,4874
1512418850155639,1512418850160513,10485760,1310720,8,2151,4874
1512418850234670,1512418850239543,10485760,1310720,8,2151,4873
1512418850314292,1512418850319179,10485760,1310720,8,2145,4887
1512418850393630,1512418850398505,10485760,1310720,8,2150,4875
1512418850473209,1512418850478079,10485760,1310720,8,2153,4870
1512418850552640,1512418850557530,10485760,1310720,8,2144,4890
1512418850632439,1512418850637297,10485760,1310720,8,2158,4858
1512418850712209,1512418850717109,10485760,1310720,8,2139,4900
1512418850791579,1512418850796442,10485760,1310720,8,2156,4863
1512418850871692,1512418850876566,10485760,1310720,8,2151,4874
1512418850951363,1512418850956247,10485760,1310720,8,2146,4884
1512418851030685,1512418851035565,10485760,1310720,8,2148,4880
1512418851109762,1512418851114626,10485760,1310720,8,2155,4864
1512418851189241,1512418851194107,10485760,1310720,8,2154,4866
1512418851268626,1512418851273505,10485760,1310720,8,2149,4879
1512418851348206,1512418851353077,10485760,1310720,8,2152,4871
1512418851428107,1512418851432968,10485760,1310720,8,2157,4861
1512418851507472,1512418851512368,10485760,1310720,8,2141,4896
1512418851586767,1512418851591624,10485760,1310720,8,2158,4857
1512418851665722,1512418851670511,10485760,1310720,8,2189,4789
1512418851745139,1512418851750003,10485760,1310720,8,2155,4864
1512418851824722,1512418851829589,10485760,1310720,8,2154,4867
1512418851903936,1512418851908780,10485760,1310720,8,2164,4844
1512418851983199,1512418851988091,10485760,1310720,8,2143,4892
1512418852062720,1512418852067587,10485760,1310720,8,2154,4867
1512418852142068,1512418852146851,10485760,1310720,8,2192,4783
1512418852221727,1512418852226582,10485760,1310720,8,2159,4855
1512418852300872,1512418852305764,10485760,1310720,8,2143,4892
1512418852380053,1512418852384907,10485760,1310720,8,2160,4854
1512418852459467,1512418852464258,10485760,1310720,8,2188,4791
1512418852539159,1512418852544029,10485760,1310720,8,2153,4870
1512418852618353,1512418852623225,10485760,1310720,8,2152,4872
1512418852697405,1512418852702274,10485760,1310720,8,2153,4869
1512418852776600,1512418852781467,10485760,1310720,8,2154,4867
1512418852855862,1512418852860711,10485760,1310720,8,2162,4849
1512418852935011,1512418852939892,10485760,1310720,8,2148,4881
1512418853014526,1512418853019400,10485760,1310720,8,2151,4874
1512418853094121,1512418853098994,10485760,1310720,8,2151,4873
1512418853173740,1512418853178599,10485760,1310720,8,2158,4859
1512418853253620,1512418853258492,10485760,1310720,8,2152,4872
1512418853333209,1512418853338077,10485760,1310720,8,2154,4868
1512418853412211,1512418853417093,10485760,1310720,8,2147,4882
1512418853491563,1512418853496429,10485760,1310720,8,2154,4866
1512418853571387,1512418853576270,10485760,1310720,8,2147,4883
1512418853650381,1512418853655258,10485760,1310720,8,2150,4877
1512418853729781,1512418853734581,10485760,1310720,8,2184,4800
1512418853808930,1512418853813798,10485760,1310720,8,2154,4868
1512418853888390,1512418853893276,10485760,1310720,8,2146,4886
1512418853967755,1512418853972640,10485760,1310720,8,2146,4885
1512418854047120,1512418854051815,10485760,1310720,8,2233,4695
1512418854126352,1512418854131219,10485760,1310720,8,2154,4867
1512418854205676,1512418854210491,10485760,1310720,8,2177,4815
1512418854285069,1512418854289937,10485760,1310720,8,2154,4868
1512418854364254,1512418854369161,10485760,1310720,8,2136,4907
1512418854443390,1512418854448278,10485760,1310720,8,2145,4888
1512418854523718,1512418854528585,10485760,1310720,8,2154,4867
1512418854602875,1512418854607732,10485760,1310720,8,2158,4857
1512418854681955,1512418854686853,10485760,1310720,8,2140,4898
1512418854761016,1512418854765856,10485760,1310720,8,2166,4840
1512418854840615,1512418854845492,10485760,1310720,8,2150,4877
1512418854920067,1512418854924953,10485760,1310720,8,2146,4886
1512418854999800,1512418855004678,10485760,1310720,8,2149,4878
1512418855079103,1512418855083974,10485760,1310720,8,2152,4871
1512418855158334,1512418855163218,10485760,1310720,8,2146,4884
1512418855238118,1512418855242986,10485760,1310720,8,2154,4868
1512418855317318,1512418855322192,10485760,1310720,8,2151,4874
1512418855396733,1512418855401599,10485760,1310720,8,2154,4866
1512418855475868,1512418855480759,10485760,1310720,8,2143,4891
1512418855555803,1512418855560667,10485760,1310720,8,2155,4864
1512418855635062,1512418855639948,10485760,1310720,8,2146,4886
1512418855714066,1512418855718920,10485760,1310720,8,2160,4854
1512418855793620,1512418855798530,10485760,1310720,8,2135,4910
1512418855872907,1512418855877785,10485760,1310720,8,2149,4878
1512418855952206,1512418855957000,10485760,1310720,8,2187,4794
1512418856031562,1512418856036425,10485760,1310720,8,2156,4863
1512418856110552,1512418856115446,10485760,1310720,8,2142,4894
1512418856189791,1512418856194673,10485760,1310720,8,2147,4882
1512418856269511,1512418856274212,10485760,1310720,8,2230,4701
1512418856348671,1512418856353554,10485760,1310720,8,2147,4883
1512418856428281,1512418856433157,10485760,1310720,8,2150,4876
1512418856507421,1512418856512290,10485760,1310720,8,2153,4869
1512418856586757,1512418856591640,10485760,1310720,8,2147,4883
1512418856666102,1512418856670968,10485760,1310720,8,2154,4866
1512418856745059,1512418856749941,10485760,1310720,8,2147,4882
1512418856824076,1512418856828931,10485760,1310720,8,2159,4855
1512418856903330,1512418856908192,10485760,1310720,8,2156,4862
1512418856982270,1512418856987142,10485760,1310720,8,2152,4872
1512418857061529,1512418857066405,10485760,1310720,8,2150,4876
1512418857140913,1512418857145772,10485760,1310720,8,2158,4859
1512418857220184,1512418857225065,10485760,1310720,8,2148,4881
1512418857299394,1512418857304252,10485760,1310720,8,2158,4858
1512418857378403,1512418857383276,10485760,1310720,8,2151,4873
1512418857457970,1512418857462812,10485760,1310720,8,2165,4842
1512418857537494,1512418857542358,10485760,1310720,8,2155,4864
1512418857617087,1512418857621955,10485760,1310720,8,2154,4868
1512418857696242,1512418857701107,10485760,1310720,8,2155,4865
1512418857775410,1512418857780264,10485760,1310720,8,2160,4854
1512418857854841,1512418857859719,10485760,1310720,8,2149,4878
1512418857933916,1512418857938780,10485760,1310720,8,2155,4864
1512418858013010,1512418858017818,10485760,1310720,8,2180,4808
1512418858092734,1512418858097536,10485760,1310720,8,2183,4802
1512418858171628,1512418858176516,10485760,1310720,8,2145,4888
1512418858251150,1512418858256007,10485760,1310720,8,2158,4857
1512418858330851,1512418858335729,10485760,1310720,8,2149,4878
1512418858410031,1512418858414892,10485760,1310720,8,2157,4861
1512418858489366,1512418858494254,10485760,1310720,8,2145,4888
1512418858568364,1512418858573248,10485760,1310720,8,2146,4884
1512418858647569,1512418858652389,10485760,1310720,8,2175,4820
1512418858726660,1512418858731520,10485760,1310720,8,2157,4860
1512418858806249,1512418858811142,10485760,1310720,8,2143,4893
1512418858885612,1512418858890480,10485760,1310720,8,2154,4868
1512418858964559,1512418858969440,10485760,1310720,8,2148,4881
1512418859043714,1512418859048607,10485760,1310720,8,2143,4893
1512418859123086,1512418859127956,10485760,1310720,8,2153,4870
1512418859202137,1512418859207028,10485760,1310720,8,2143,4891
1512418859281826,1512418859286702,10485760,1310720,8,2150,4876
1512418859361121,1512418859365976,10485760,1310720,8,2159,4855
1512418859440329,1512418859445228,10485760,1310720,8,2140,4899
1512418859519333,1512418859524207,10485760,1310720,8,2151,4874
1512418859598492,1512418859603399,10485760,1310720,8,2136,4907
1512418859677949,1512418859682825,10485760,1310720,8,2150,4876
1512418859757075,1512418859761948,10485760,1310720,8,2151,4873
1512418859836325,1512418859841193,10485760,1310720,8,2154,4868
1512418859915483,1512418859920368,10485760,1310720,8,2146,4885
1512418859994677,1512418859999548,10485760,1310720,8,2152,4871
1512418860074277,1512418860079160,10485760,1310720,8,2147,4883
1512418860153752,1512418860158618,10485760,1310720,8,2154,4866
1512418860232760,1512418860237620,10485760,1310720,8,2157,4860
1512418860311989,1512418860316692,10485760,1310720,8,2229,4703
1512418860391045,1512418860395928,10485760,1310720,8,2147,4883
1512418860470583,1512418860475465,10485760,1310720,8,2147,4882
1512418860549657,1512418860554515,10485760,1310720,8,2158,4858
1512418860628660,1512418860633515,10485760,1310720,8,2159,4855
1512418860707735,1512418860712608,10485760,1310720,8,2151,4873
1512418860787264,1512418860792149,10485760,1310720,8,2146,4885
1512418860866523,1512418860871393,10485760,1310720,8,2153,4870
1512418860945788,1512418860950649,10485760,1310720,8,2157,4861
1512418861024769,1512418861029639,10485760,1310720,8,2153,4870
1512418861103907,1512418861108765,10485760,1310720,8,2158,4858
1512418861183241,1512418861188149,10485760,1310720,8,2136,4908
1512418861262611,1512418861267459,10485760,1310720,8,2162,4848
1512418861342041,1512418861346916,10485760,1310720,8,2150,4875
1512418861421312,1512418861426092,10485760,1310720,8,2193,4780
1512418861500546,1512418861505426,10485760,1310720,8,2148,4880
1512418861579817,1512418861584690,10485760,1310720,8,2151,4873
1512418861658696,1512418861663567,10485760,1310720,8,2152,4871
1512418861737751,1512418861742619,10485760,1310720,8,2154,4868
1512418861817240,1512418861822115,10485760,1310720,8,2150,4875
1512418861896534,1512418861901401,10485760,1310720,8,2154,4867
1512418861975933,1512418861980735,10485760,1310720,8,2183,4802
1512418862055356,1512418862060230,10485760,1310720,8,2151,4874
1512418862134883,1512418862139774,10485760,1310720,8,2143,4891
1512418862214083,1512418862218955,10485760,1310720,8,2152,4872
1512418862293353,1512418862298093,10485760,1310720,8,2212,4740
1512418862372304,1512418862377167,10485760,1310720,8,2156,4863
1512418862451439,1512418862456311,10485760,1310720,8,2152,4872
1512418862530517,1512418862535390,10485760,1310720,8,2151,4873
1512418862609977,1512418862614856,10485760,1310720,8,2149,4879
1512418862689660,1512418862694510,10485760,1310720,8,2162,4850
1512418862768613,1512418862773502,10485760,1310720,8,2144,4889
1512418862847907,1512418862852776,10485760,1310720,8,2153,4869
1512418862926916,1512418862931804,10485760,1310720,8,2145,4888
1512418863005785,1512418863010664,10485760,1310720,8,2149,4879
1512418863085072,1512418863089958,10485760,1310720,8,2146,4886
1512418863164687,1512418863169561,10485760,1310720,8,2151,4874
1512418863244017,1512418863248909,10485760,1310720,8,2143,4892
1512418863323183,1512418863327952,10485760,1310720,8,2198,4769
1512418863402653,1512418863407520,10485760,1310720,8,2154,4867
1512418863482193,1512418863487064,10485760,1310720,8,2152,4871
1512418863561328,1512418863566196,10485760,1310720,8,2154,4868
1512418863640509,1512418863645396,10485760,1310720,8,2145,4887
1512418863719868,1512418863724749,10485760,1310720,8,2148,4881
1512418863799215,1512418863804090,10485760,1310720,8,2150,4875
1512418863878781,1512418863883660,10485760,1310720,8,2149,4879
1512418863957931,1512418863962813,10485760,1310720,8,2147,4882
1512418864037373,1512418864042262,10485760,1310720,8,2144,4889
1512418864116745,1512418864121524,10485760,1310720,8,2194,4779
1512418864196237,1512418864201098,10485760,1310720,8,2157,4861
1512418864275565,1512418864280434,10485760,1310720,8,2153,4869
1512418864354483,1512418864359375,10485760,1310720,8,2143,4892
1512418864433443,1512418864438310,10485760,1310720,8,2154,4867
1512418864512882,1512418864517773,10485760,1310720,8,2143,4891
1512418864591969,1512418864596836,10485760,1310720,8,2154,4867
1512418864670795,1512418864675686,10485760,1310720,8,2143,4891
1512418864750080,1512418864754955,10485760,1310720,8,2150,4875
1512418864829280,1512418864834153,10485760,1310720,8,2151,4873
1512418864908700,1512418864913506,10485760,1310720,8,2181,4806
1512418864987722,1512418864992600,10485760,1310720,8,2149,4878
1512418865066876,1512418865071741,10485760,1310720,8,2155,4865
1512418865145943,1512418865150826,10485760,1310720,8,2147,4883
1512418865225408,1512418865230257,10485760,1310720,8,2162,4849
1512418865304935,1512418865309827,10485760,1310720,8,2143,4892
1512418865384207,1512418865389093,10485760,1310720,8,2146,4886
1512418865463515,1512418865468312,10485760,1310720,8,2185,4797
1512418865542649,1512418865547525,10485760,1310720,8,2150,4876
1512418865622208,1512418865627080,10485760,1310720,8,2152,4872
1512418865701774,1512418865706639,10485760,1310720,8,2155,4865
1512418865780963,1512418865785847,10485760,1310720,8,2146,4884
1512418865859978,1512418865864853,10485760,1310720,8,2150,4875
1512418865939379,1512418865944253,10485760,1310720,8,2151,4874
1512418866018909,1512418866023679,10485760,1310720,8,2198,4770
1512418866097869,1512418866102748,10485760,1310720,8,2149,4879
1512418866176969,1512418866181833,10485760,1310720,8,2155,4864
1512418866255799,1512418866260702,10485760,1310720,8,2138,4903
1512418866335036,1512418866339898,10485760,1310720,8,2156,4862
1512418866414399,1512418866419191,10485760,1310720,8,2188,4792
1512418866493529,1512418866498381,10485760,1310720,8,2161,4852
1512418866573189,1512418866578074,10485760,1310720,8,2146,4885
1512418866652333,1512418866657227,10485760,1310720,8,2142,4894
1512418866731857,1512418866736725,10485760,1310720,8,2154,4868
1512418866811040,1512418866815893,10485760,1310720,8,2160,4853
1512418866890209,1512418866895097,10485760,1310720,8,2145,4888
1512418866969413,1512418866974298,10485760,1310720,8,2146,4885
1512418867048740,1512418867053614,10485760,1310720,8,2151,4874
1512418867127649,1512418867132403,10485760,1310720,8,2205,4754
1512418867206611,1512418867211483,10485760,1310720,8,2152,4872
1512418867286199,1512418867291069,10485760,1310720,8,2153,4870
1512418867365450,1512418867370355,10485760,1310720,8,2137,4905
1512418867444892,1512418867449754,10485760,1310720,8,2156,4862
1512418867524288,1512418867529075,10485760,1310720,8,2190,4787
1512418867603242,1512418867608122,10485760,1310720,8,2148,4880
1512418867682950,1512418867687825,10485760,1310720,8,2150,4875
1512418867762189,1512418867766959,10485760,1310720,8,2198,4770
1512418867841381,1512418867846274,10485760,1310720,8,2143,4893
1512418867920298,1512418867925180,10485760,1310720,8,2147,4882
1512418867999295,1512418868004180,10485760,1310720,8,2146,4885
1512418868078451,1512418868083338,10485760,1310720,8,2145,4887
1512418868157698,1512418868162582,10485760,1310720,8,2146,4884
1512418868236813,1512418868241698,10485760,1310720,8,2146,4885
1512418868316388,1512418868321248,10485760,1310720,8,2157,4860
1512418868395704,1512418868400556,10485760,1310720,8,2161,4852
1512418868475233,1512418868480109,10485760,1310720,8,2150,4876
1512418868554355,1512418868559230,10485760,1310720,8,2150,4875
1512418868633604,1512418868638475,10485760,1310720,8,2152,4871
1512418868712779,1512418868717644,10485760,1310720,8,2155,4865
1512418868791837,1512418868796712,10485760,1310720,8,2150,4875
1512418868870943,1512418868875803,10485760,1310720,8,2157,4860
1512418868950617,1512418868955484,10485760,1310720,8,2154,4867
1512418869030298,1512418869035070,10485760,1310720,8,2197,4772
1512418869109225,1512418869114005,10485760,1310720,8,2193,4780
1512418869188542,1512418869193340,10485760,1310720,8,2185,4798
1512418869267718,1512418869272603,10485760,1310720,8,2146,4885
1512418869346826,1512418869351560,10485760,1310720,8,2214,4734
1512418869426393,1512418869431280,10485760,1310720,8,2145,4887
1512418869505778,1512418869510644,10485760,1310720,8,2154,4866
1512418869585598,1512418869590469,10485760,1310720,8,2152,4871
1512418869665063,1512418869669935,10485760,1310720,8,2152,4872
1512418869744296,1512418869749054,10485760,1310720,8,2203,4758
1512418869823307,1512418869828186,10485760,1310720,8,2149,4879
1512418869902601,1512418869907468,10485760,1310720,8,2154,4867
1512418869981801,1512418869986660,10485760,1310720,8,2158,4859
1512418870060725,1512418870065614,10485760,1310720,8,2144,4889
1512418870140367,1512418870145229,10485760,1310720,8,2156,4862
1512418870219482,1512418870224370,10485760,1310720,8,2145,4888
1512418870299042,1512418870303806,10485760,1310720,8,2201,4764
1512418870378785,1512418870383603,10485760,1310720,8,2176,4818
1512418870457962,1512418870462829,10485760,1310720,8,2154,4867
1512418870537111,1512418870541902,10485760,1310720,8,2188,4791
1512418870616058,1512418870620940,10485760,1310720,8,2147,4882
1512418870695655,1512418870700498,10485760,1310720,8,2165,4843
1512418870775193,1512418870779995,10485760,1310720,8,2183,4802
1512418870854579,1512418870859463,10485760,1310720,8,2146,4884
1512418870933876,1512418870938764,10485760,1310720,8,2145,4888
1512418871013370,1512418871018266,10485760,1310720,8,2141,4896
1512418871092967,1512418871097867,10485760,1310720,8,2139,4900
1512418871172829,1512418871177722,10485760,1310720,8,2143,4893
1512418871252091,1512418871256953,10485760,1310720,8,2156,4862
1512418871331158,1512418871336040,10485760,1310720,8,2147,4882
1512418871410748,1512418871415628,10485760,1310720,8,2148,4880
1512418871489907,1512418871494801,10485760,1310720,8,2142,4894
1512418871569312,1512418871574166,10485760,1310720,8,2160,4854
1512418871648159,1512418871653033,10485760,1310720,8,2151,4874
1512418871727760,1512418871732620,10485760,1310720,8,2157,4860
1512418871806774,1512418871811644,10485760,1310720,8,2153,4870
1512418871886310,1512418871891167,10485760,1310720,8,2158,4857
1512418871965770,1512418871970643,10485760,1310720,8,2151,4873
1512418872044846,1512418872049710,10485760,1310720,8,2155,4864
1512418872124230,1512418872129010,10485760,1310720,8,2193,4780
1512418872203556,1512418872208424,10485760,1310720,8,2154,4868
1512418872282401,1512418872287255,10485760,1310720,8,2160,4854
1512418872361990,1512418872366859,10485760,1310720,8,2153,4869
1512418872441347,1512418872446225,10485760,1310720,8,2149,4878
1512418872520498,1512418872525388,10485760,1310720,8,2144,4890
1512418872600205,1512418872605085,10485760,1310720,8,2148,4880
1512418872679262,1512418872684132,10485760,1310720,8,2153,4870
1512418872758516,1512418872763313,10485760,1310720,8,2185,4797
1512418872837776,1512418872842621,10485760,1310720,8,2164,4845
1512418872917197,1512418872922058,10485760,1310720,8,2157,4861
1512418872996293,1512418873001092,10485760,1310720,8,2184,4799
1512418873075718,1512418873080588,10485760,1310720,8,2153,4870
1512418873154958,1512418873159826,10485760,1310720,8,2154,4868
1512418873234144,1512418873238926,10485760,1310720,8,2192,4782
1512418873313042,1512418873317902,10485760,1310720,8,2157,4860
1512418873392051,1512418873396927,10485760,1310720,8,2150,4876
1512418873471329,1512418873476224,10485760,1310720,8,2142,4895
1512418873550390,1512418873555084,10485760,1310720,8,2233,4694
1512418873629456,1512418873634316,10485760,1310720,8,2157,4860
1512418873708617,1512418873713487,10485760,1310720,8,2153,4870
1512418873787927,1512418873792790,10485760,1310720,8,2156,4863
1512418873866651,1512418873871539,10485760,1310720,8,2145,4888
1512418873945779,1512418873950639,10485760,1310720,8,2157,4860
1512418874024840,1512418874029706,10485760,1310720,8,2154,4866
1512418874103691,1512418874108546,10485760,1310720,8,2159,4855
1512418874182992,1512418874187881,10485760,1310720,8,2144,4889
1512418874262107,1512418874266886,10485760,1310720,8,2194,4779
1512418874341725,1512418874346614,10485760,1310720,8,2144,4889
1512418874420971,1512418874425841,10485760,1310720,8,2153,4870
1512418874499867,1512418874504668,10485760,1310720,8,2184,4801
1512418874578992,1512418874583840,10485760,1310720,8,2162,4848
1512418874658271,1512418874663160,10485760,1310720,8,2144,4889
1512418874737386,1512418874742265,10485760,1310720,8,2149,4879
1512418874816558,1512418874821434,10485760,1310720,8,2150,4876
