1512476243972831,1512476243972853,1024,32,32,46,22
1512476243978571,1512476243978592,1024,32,32,48,21
1512476243984242,1512476243984262,1024,32,32,51,20
1512476243989621,1512476243989640,1024,32,32,53,19
1512476243994562,1512476243994583,1024,32,32,48,21
1512476243999320,1512476243999340,1024,32,32,51,20
1512476244003781,1512476244003800,1024,32,32,53,19
1512476244007995,1512476244008014,1024,32,32,53,19
1512476244012150,1512476244012168,1024,32,32,56,18
1512476244016288,1512476244016307,1024,32,32,53,19
1512476244020440,1512476244020459,1024,32,32,53,19
1512476244024555,1512476244024573,1024,32,32,56,18
1512476244028688,1512476244028707,1024,32,32,53,19
1512476244032797,1512476244032815,1024,32,32,56,18
1512476244036937,1512476244036957,1024,32,32,51,20
1512476244041062,1512476244041080,1024,32,32,56,18
1512476244045189,1512476244045208,1024,32,32,53,19
1512476244049294,1512476244049312,1024,32,32,56,18
1512476244053358,1512476244053377,1024,32,32,53,19
1512476244057403,1512476244057422,1024,32,32,53,19
1512476244061466,1512476244061484,1024,32,32,56,18
1512476244065464,1512476244065483,1024,32,32,53,19
1512476244069530,1512476244069549,1024,32,32,53,19
1512476244073564,1512476244073583,1024,32,32,53,19
1512476244077574,1512476244077592,1024,32,32,56,18
1512476244081579,1512476244081600,1024,32,32,48,21
1512476244085601,1512476244085622,1024,32,32,48,21
1512476244089606,1512476244089625,1024,32,32,53,19
1512476244093599,1512476244093619,1024,32,32,51,20
1512476244097632,1512476244097653,1024,32,32,48,21
1512476244101651,1512476244101671,1024,32,32,51,20
1512476244105660,1512476244105678,1024,32,32,56,18
1512476244109642,1512476244109663,1024,32,32,48,21
1512476244113670,1512476244113688,1024,32,32,56,18
1512476244117708,1512476244117727,1024,32,32,53,19
1512476244121696,1512476244121714,1024,32,32,56,18
1512476244125730,1512476244125749,1024,32,32,53,19
1512476244129782,1512476244129802,1024,32,32,51,20
1512476244133820,1512476244133838,1024,32,32,56,18
1512476244137796,1512476244137818,1024,32,32,46,22
1512476244141781,1512476244141800,1024,32,32,53,19
1512476244145784,1512476244145803,1024,32,32,53,19
1512476244149764,1512476244149782,1024,32,32,56,18
1512476244153785,1512476244153804,1024,32,32,53,19
1512476244157781,1512476244157800,1024,32,32,53,19
1512476244161839,1512476244161860,1024,32,32,48,21
1512476244165831,1512476244165850,1024,32,32,53,19
1512476244169826,1512476244169845,1024,32,32,53,19
1512476244173866,1512476244173885,1024,32,32,53,19
1512476244177869,1512476244177888,1024,32,32,53,19
1512476244181903,1512476244181925,1024,32,32,46,22
1512476244185905,1512476244185923,1024,32,32,56,18
1512476244189932,1512476244189951,1024,32,32,53,19
1512476244193949,1512476244193970,1024,32,32,48,21
1512476244197954,1512476244197972,1024,32,32,56,18
1512476244201992,1512476244202010,1024,32,32,56,18
1512476244206000,1512476244206018,1024,32,32,56,18
1512476244209989,1512476244210009,1024,32,32,51,20
1512476244214000,1512476244214018,1024,32,32,56,18
1512476244217975,1512476244217993,1024,32,32,56,18
1512476244221970,1512476244221988,1024,32,32,56,18
1512476244225958,1512476244225978,1024,32,32,51,20
1512476244229997,1512476244230016,1024,32,32,53,19
1512476244233986,1512476244234007,1024,32,32,48,21
1512476244238003,1512476244238021,1024,32,32,56,18
1512476244242014,1512476244242032,1024,32,32,56,18
1512476244246030,1512476244246048,1024,32,32,56,18
1512476244250059,1512476244250077,1024,32,32,56,18
1512476244254127,1512476244254145,1024,32,32,56,18
1512476244258154,1512476244258174,1024,32,32,51,20
1512476244262181,1512476244262201,1024,32,32,51,20
1512476244266244,1512476244266264,1024,32,32,51,20
1512476244270285,1512476244270304,1024,32,32,53,19
1512476244274341,1512476244274359,1024,32,32,56,18
1512476244278339,1512476244278357,1024,32,32,56,18
1512476244282330,1512476244282348,1024,32,32,56,18
1512476244286389,1512476244286408,1024,32,32,53,19
1512476244290409,1512476244290427,1024,32,32,56,18
1512476244294399,1512476244294418,1024,32,32,53,19
1512476244298437,1512476244298457,1024,32,32,51,20
1512476244302463,1512476244302481,1024,32,32,56,18
1512476244306469,1512476244306487,1024,32,32,56,18
1512476244310493,1512476244310511,1024,32,32,56,18
1512476244314516,1512476244314534,1024,32,32,56,18
1512476244318527,1512476244318548,1024,32,32,48,21
1512476244322549,1512476244322568,1024,32,32,53,19
1512476244326584,1512476244326602,1024,32,32,56,18
1512476244330608,1512476244330626,1024,32,32,56,18
1512476244334639,1512476244334661,1024,32,32,46,22
1512476244338625,1512476244338643,1024,32,32,56,18
1512476244342620,1512476244342638,1024,32,32,56,18
1512476244346622,1512476244346640,1024,32,32,56,18
1512476244350662,1512476244350681,1024,32,32,53,19
1512476244354646,1512476244354666,1024,32,32,51,20
1512476244358638,1512476244358658,1024,32,32,51,20
1512476244362651,1512476244362670,1024,32,32,53,19
1512476244366656,1512476244366674,1024,32,32,56,18
1512476244370675,1512476244370695,1024,32,32,51,20
1512476244374673,1512476244374692,1024,32,32,53,19
1512476244378664,1512476244378684,1024,32,32,51,20
1512476244382673,1512476244382692,1024,32,32,53,19
1512476244386685,1512476244386703,1024,32,32,56,18
1512476244390693,1512476244390712,1024,32,32,53,19
1512476244394697,1512476244394716,1024,32,32,53,19
1512476244398695,1512476244398713,1024,32,32,56,18
1512476244402705,1512476244402724,1024,32,32,53,19
1512476244406731,1512476244406749,1024,32,32,56,18
1512476244410737,1512476244410756,1024,32,32,53,19
1512476244414739,1512476244414757,1024,32,32,56,18
1512476244418762,1512476244418781,1024,32,32,53,19
1512476244422782,1512476244422800,1024,32,32,56,18
1512476244426781,1512476244426800,1024,32,32,53,19
1512476244430816,1512476244430835,1024,32,32,53,19
1512476244434846,1512476244434865,1024,32,32,53,19
1512476244438847,1512476244438867,1024,32,32,51,20
1512476244442863,1512476244442881,1024,32,32,56,18
1512476244446902,1512476244446920,1024,32,32,56,18
1512476244450882,1512476244450901,1024,32,32,53,19
1512476244454872,1512476244454893,1024,32,32,48,21
1512476244458883,1512476244458902,1024,32,32,53,19
1512476244462866,1512476244462885,1024,32,32,53,19
1512476244466883,1512476244466903,1024,32,32,51,20
1512476244470906,1512476244470926,1024,32,32,51,20
1512476244474895,1512476244474913,1024,32,32,56,18
1512476244478905,1512476244478924,1024,32,32,53,19
1512476244482915,1512476244482933,1024,32,32,56,18
1512476244486889,1512476244486909,1024,32,32,51,20
1512476244490894,1512476244490913,1024,32,32,53,19
1512476244494910,1512476244494928,1024,32,32,56,18
1512476244498918,1512476244498936,1024,32,32,56,18
1512476244502909,1512476244502929,1024,32,32,51,20
1512476244506923,1512476244506942,1024,32,32,53,19
1512476244510927,1512476244510947,1024,32,32,51,20
1512476244514933,1512476244514951,1024,32,32,56,18
1512476244518925,1512476244518944,1024,32,32,53,19
1512476244522931,1512476244522950,1024,32,32,53,19
1512476244526928,1512476244526947,1024,32,32,53,19
1512476244530943,1512476244530961,1024,32,32,56,18
1512476244534961,1512476244534979,1024,32,32,56,18
1512476244538960,1512476244538979,1024,32,32,53,19
1512476244542986,1512476244543005,1024,32,32,53,19
1512476244547006,1512476244547024,1024,32,32,56,18
1512476244551014,1512476244551032,1024,32,32,56,18
1512476244555055,1512476244555073,1024,32,32,56,18
1512476244559038,1512476244559056,1024,32,32,56,18
1512476244563014,1512476244563032,1024,32,32,56,18
1512476244567026,1512476244567047,1024,32,32,48,21
1512476244571058,1512476244571076,1024,32,32,56,18
1512476244575040,1512476244575058,1024,32,32,56,18
1512476244579051,1512476244579069,1024,32,32,56,18
1512476244583099,1512476244583117,1024,32,32,56,18
1512476244587158,1512476244587176,1024,32,32,56,18
1512476244591158,1512476244591177,1024,32,32,53,19
1512476244595172,1512476244595191,1024,32,32,53,19
1512476244599210,1512476244599229,1024,32,32,53,19
1512476244603204,1512476244603224,1024,32,32,51,20
1512476244607227,1512476244607248,1024,32,32,48,21
1512476244611256,1512476244611275,1024,32,32,53,19
1512476244615244,1512476244615262,1024,32,32,56,18
1512476244619256,1512476244619274,1024,32,32,56,18
1512476244623232,1512476244623250,1024,32,32,56,18
1512476244627275,1512476244627297,1024,32,32,46,22
1512476244631332,1512476244631351,1024,32,32,53,19
1512476244635349,1512476244635370,1024,32,32,48,21
1512476244639356,1512476244639375,1024,32,32,53,19
1512476244643346,1512476244643365,1024,32,32,53,19
1512476244647372,1512476244647391,1024,32,32,53,19
1512476244651370,1512476244651390,1024,32,32,51,20
1512476244655405,1512476244655423,1024,32,32,56,18
1512476244659392,1512476244659412,1024,32,32,51,20
1512476244663384,1512476244663402,1024,32,32,56,18
1512476244667407,1512476244667425,1024,32,32,56,18
1512476244671435,1512476244671453,1024,32,32,56,18
1512476244675430,1512476244675448,1024,32,32,56,18
1512476244679451,1512476244679471,1024,32,32,51,20
1512476244683457,1512476244683475,1024,32,32,56,18
1512476244687487,1512476244687506,1024,32,32,53,19
1512476244691469,1512476244691487,1024,32,32,56,18
1512476244695434,1512476244695453,1024,32,32,53,19
1512476244699429,1512476244699447,1024,32,32,56,18
1512476244703453,1512476244703471,1024,32,32,56,18
1512476244707440,1512476244707458,1024,32,32,56,18
1512476244711476,1512476244711494,1024,32,32,56,18
1512476244715490,1512476244715509,1024,32,32,53,19
1512476244719494,1512476244719513,1024,32,32,53,19
1512476244723525,1512476244723545,1024,32,32,51,20
1512476244727489,1512476244727507,1024,32,32,56,18
1512476244731473,1512476244731491,1024,32,32,56,18
1512476244735494,1512476244735512,1024,32,32,56,18
1512476244739551,1512476244739570,1024,32,32,53,19
1512476244743598,1512476244743619,1024,32,32,48,21
1512476244747597,1512476244747618,1024,32,32,48,21
1512476244751608,1512476244751626,1024,32,32,56,18
1512476244755633,1512476244755653,1024,32,32,51,20
1512476244759662,1512476244759680,1024,32,32,56,18
1512476244763662,1512476244763681,1024,32,32,53,19
1512476244767703,1512476244767722,1024,32,32,53,19
1512476244771699,1512476244771718,1024,32,32,53,19
1512476244775722,1512476244775741,1024,32,32,53,19
1512476244779752,1512476244779771,1024,32,32,53,19
1512476244783775,1512476244783794,1024,32,32,53,19
1512476244787777,1512476244787796,1024,32,32,53,19
1512476244791786,1512476244791806,1024,32,32,51,20
1512476244795799,1512476244795819,1024,32,32,51,20
1512476244799779,1512476244799797,1024,32,32,56,18
1512476244803785,1512476244803805,1024,32,32,51,20
1512476244807794,1512476244807813,1024,32,32,53,19
1512476244811805,1512476244811824,1024,32,32,53,19
1512476244815791,1512476244815809,1024,32,32,56,18
1512476244819812,1512476244819832,1024,32,32,51,20
1512476244823806,1512476244823825,1024,32,32,53,19
1512476244827845,1512476244827867,1024,32,32,46,22
1512476244831869,1512476244831888,1024,32,32,53,19
1512476244835865,1512476244835883,1024,32,32,56,18
1512476244839882,1512476244839901,1024,32,32,53,19
1512476244843923,1512476244843943,1024,32,32,51,20
1512476244847982,1512476244848000,1024,32,32,56,18
1512476244851980,1512476244851998,1024,32,32,56,18
1512476244855955,1512476244855973,1024,32,32,56,18
1512476244859937,1512476244859957,1024,32,32,51,20
1512476244863913,1512476244863932,1024,32,32,53,19
1512476244867900,1512476244867918,1024,32,32,56,18
1512476244871937,1512476244871956,1024,32,32,53,19
1512476244875936,1512476244875956,1024,32,32,51,20
1512476244879958,1512476244879977,1024,32,32,53,19
1512476244883988,1512476244884006,1024,32,32,56,18
1512476244887995,1512476244888013,1024,32,32,56,18
1512476244892044,1512476244892063,1024,32,32,53,19
1512476244896047,1512476244896065,1024,32,32,56,18
1512476244900083,1512476244900102,1024,32,32,53,19
1512476244904102,1512476244904123,1024,32,32,48,21
1512476244908131,1512476244908150,1024,32,32,53,19
1512476244912164,1512476244912183,1024,32,32,53,19
1512476244916201,1512476244916219,1024,32,32,56,18
1512476244920277,1512476244920295,1024,32,32,56,18
1512476244924285,1512476244924307,1024,32,32,46,22
1512476244928299,1512476244928318,1024,32,32,53,19
1512476244932365,1512476244932385,1024,32,32,51,20
1512476244936409,1512476244936427,1024,32,32,56,18
1512476244940442,1512476244940457,1024,32,32,68,15
1512476244944431,1512476244944450,1024,32,32,53,19
1512476244948482,1512476244948501,1024,32,32,53,19
1512476244952499,1512476244952518,1024,32,32,53,19
1512476244956519,1512476244956538,1024,32,32,53,19
1512476244960555,1512476244960573,1024,32,32,56,18
1512476244964603,1512476244964622,1024,32,32,53,19
1512476244968640,1512476244968659,1024,32,32,53,19
1512476244972681,1512476244972699,1024,32,32,56,18
1512476244976706,1512476244976725,1024,32,32,53,19
1512476244980743,1512476244980764,1024,32,32,48,21
1512476244984781,1512476244984799,1024,32,32,56,18
1512476244988796,1512476244988814,1024,32,32,56,18
1512476244992837,1512476244992856,1024,32,32,53,19
1512476244996855,1512476244996874,1024,32,32,53,19
1512476245000884,1512476245000902,1024,32,32,56,18
1512476245004896,1512476245004914,1024,32,32,56,18
1512476245008913,1512476245008931,1024,32,32,56,18
1512476245012942,1512476245012960,1024,32,32,56,18
1512476245016980,1512476245016995,1024,32,32,68,15
1512476245021014,1512476245021032,1024,32,32,56,18
1512476245025034,1512476245025052,1024,32,32,56,18
1512476245029037,1512476245029055,1024,32,32,56,18
1512476245033099,1512476245033118,1024,32,32,53,19
1512476245037115,1512476245037133,1024,32,32,56,18
1512476245041126,1512476245041144,1024,32,32,56,18
1512476245045144,1512476245045162,1024,32,32,56,18
1512476245049137,1512476245049157,1024,32,32,51,20
1512476245053161,1512476245053182,1024,32,32,48,21
1512476245057193,1512476245057213,1024,32,32,51,20
1512476245061233,1512476245061252,1024,32,32,53,19
1512476245065229,1512476245065248,1024,32,32,53,19
1512476245069241,1512476245069259,1024,32,32,56,18
1512476245073320,1512476245073338,1024,32,32,56,18
1512476245077367,1512476245077386,1024,32,32,53,19
1512476245081380,1512476245081398,1024,32,32,56,18
1512476245085398,1512476245085417,1024,32,32,53,19
1512476245089398,1512476245089416,1024,32,32,56,18
1512476245093456,1512476245093475,1024,32,32,53,19
1512476245097458,1512476245097480,1024,32,32,46,22
1512476245101487,1512476245101505,1024,32,32,56,18
1512476245105524,1512476245105544,1024,32,32,51,20
1512476245109512,1512476245109530,1024,32,32,56,18
1512476245113511,1512476245113533,1024,32,32,46,22
1512476245117539,1512476245117557,1024,32,32,56,18
1512476245121566,1512476245121586,1024,32,32,51,20
1512476245125573,1512476245125591,1024,32,32,56,18
1512476245129618,1512476245129636,1024,32,32,56,18
1512476245133651,1512476245133669,1024,32,32,56,18
1512476245137667,1512476245137685,1024,32,32,56,18
1512476245141667,1512476245141686,1024,32,32,53,19
1512476245145662,1512476245145680,1024,32,32,56,18
1512476245149662,1512476245149680,1024,32,32,56,18
1512476245153684,1512476245153702,1024,32,32,56,18
1512476245157715,1512476245157732,1024,32,32,60,17
1512476245161743,1512476245161763,1024,32,32,51,20
1512476245165758,1512476245165777,1024,32,32,53,19
1512476245169764,1512476245169782,1024,32,32,56,18
1512476245173747,1512476245173767,1024,32,32,51,20
1512476245177781,1512476245177800,1024,32,32,53,19
1512476245181797,1512476245181816,1024,32,32,53,19
1512476245185847,1512476245185865,1024,32,32,56,18
1512476245189846,1512476245189865,1024,32,32,53,19
1512476245193833,1512476245193852,1024,32,32,53,19
1512476245197840,1512476245197858,1024,32,32,56,18
1512476245201851,1512476245201869,1024,32,32,56,18
1512476245205855,1512476245205873,1024,32,32,56,18
1512476245209874,1512476245209893,1024,32,32,53,19
1512476245213903,1512476245213923,1024,32,32,51,20
1512476245217948,1512476245217967,1024,32,32,53,19
1512476245221942,1512476245221963,1024,32,32,48,21
1512476245225957,1512476245225975,1024,32,32,56,18
1512476245229971,1512476245229989,1024,32,32,56,18
1512476245233988,1512476245234010,1024,32,32,46,22
1512476245237994,1512476245238013,1024,32,32,53,19
1512476245242017,1512476245242037,1024,32,32,51,20
1512476245246064,1512476245246082,1024,32,32,56,18
1512476245250102,1512476245250120,1024,32,32,56,18
1512476245254110,1512476245254129,1024,32,32,53,19
1512476245258112,1512476245258132,1024,32,32,51,20
1512476245262143,1512476245262161,1024,32,32,56,18
1512476245266133,1512476245266153,1024,32,32,51,20
1512476245270159,1512476245270177,1024,32,32,56,18
1512476245274175,1512476245274193,1024,32,32,56,18
1512476245278208,1512476245278228,1024,32,32,51,20
1512476245282224,1512476245282242,1024,32,32,56,18
1512476245286225,1512476245286244,1024,32,32,53,19
1512476245290219,1512476245290238,1024,32,32,53,19
1512476245294266,1512476245294284,1024,32,32,56,18
1512476245298258,1512476245298277,1024,32,32,53,19
1512476245302267,1512476245302286,1024,32,32,53,19
1512476245306263,1512476245306281,1024,32,32,56,18
1512476245310249,1512476245310268,1024,32,32,53,19
1512476245314250,1512476245314270,1024,32,32,51,20
1512476245318224,1512476245318242,1024,32,32,56,18
1512476245322224,1512476245322245,1024,32,32,48,21
1512476245326256,1512476245326274,1024,32,32,56,18
1512476245330289,1512476245330307,1024,32,32,56,18
1512476245334328,1512476245334346,1024,32,32,56,18
1512476245338345,1512476245338363,1024,32,32,56,18
1512476245342359,1512476245342377,1024,32,32,56,18
1512476245346384,1512476245346402,1024,32,32,56,18
1512476245350401,1512476245350421,1024,32,32,51,20
1512476245354411,1512476245354430,1024,32,32,53,19
1512476245358408,1512476245358426,1024,32,32,56,18
1512476245362392,1512476245362411,1024,32,32,53,19
1512476245366395,1512476245366413,1024,32,32,56,18
1512476245370388,1512476245370406,1024,32,32,56,18
1512476245374422,1512476245374441,1024,32,32,53,19
1512476245378409,1512476245378428,1024,32,32,53,19
1512476245382409,1512476245382427,1024,32,32,56,18
1512476245386394,1512476245386412,1024,32,32,56,18
1512476245390394,1512476245390413,1024,32,32,53,19
1512476245394396,1512476245394414,1024,32,32,56,18
1512476245398432,1512476245398451,1024,32,32,53,19
1512476245402461,1512476245402480,1024,32,32,53,19
1512476245406456,1512476245406474,1024,32,32,56,18
1512476245410450,1512476245410469,1024,32,32,53,19
1512476245414472,1512476245414490,1024,32,32,56,18
1512476245418464,1512476245418482,1024,32,32,56,18
1512476245422455,1512476245422475,1024,32,32,51,20
1512476245426487,1512476245426505,1024,32,32,56,18
1512476245430512,1512476245430530,1024,32,32,56,18
1512476245434514,1512476245434532,1024,32,32,56,18
1512476245438561,1512476245438579,1024,32,32,56,18
1512476245442609,1512476245442628,1024,32,32,53,19
1512476245446640,1512476245446659,1024,32,32,53,19
1512476245450638,1512476245450657,1024,32,32,53,19
1512476245454624,1512476245454642,1024,32,32,56,18
1512476245458639,1512476245458653,1024,32,32,73,14
1512476245462633,1512476245462651,1024,32,32,56,18
1512476245466643,1512476245466662,1024,32,32,53,19
1512476245470668,1512476245470688,1024,32,32,51,20
1512476245474689,1512476245474709,1024,32,32,51,20
1512476245478692,1512476245478710,1024,32,32,56,18
1512476245482667,1512476245482687,1024,32,32,51,20
1512476245486647,1512476245486667,1024,32,32,51,20
1512476245490655,1512476245490673,1024,32,32,56,18
1512476245494656,1512476245494675,1024,32,32,53,19
1512476245498637,1512476245498658,1024,32,32,48,21
1512476245502645,1512476245502664,1024,32,32,53,19
1512476245506690,1512476245506708,1024,32,32,56,18
1512476245510737,1512476245510755,1024,32,32,56,18
1512476245514769,1512476245514787,1024,32,32,56,18
1512476245518747,1512476245518765,1024,32,32,56,18
1512476245522790,1512476245522808,1024,32,32,56,18
1512476245526773,1512476245526791,1024,32,32,56,18
1512476245530774,1512476245530792,1024,32,32,56,18
1512476245534784,1512476245534803,1024,32,32,53,19
1512476245538784,1512476245538802,1024,32,32,56,18
1512476245542858,1512476245542876,1024,32,32,56,18
1512476245546921,1512476245546939,1024,32,32,56,18
1512476245550930,1512476245550950,1024,32,32,51,20
1512476245554978,1512476245554996,1024,32,32,56,18
1512476245558992,1512476245559012,1024,32,32,51,20
1512476245563009,1512476245563028,1024,32,32,53,19
1512476245567025,1512476245567043,1024,32,32,56,18
1512476245571042,1512476245571060,1024,32,32,56,18
1512476245575042,1512476245575057,1024,32,32,68,15
1512476245579052,1512476245579070,1024,32,32,56,18
1512476245583042,1512476245583060,1024,32,32,56,18
1512476245587072,1512476245587091,1024,32,32,53,19
1512476245591071,1512476245591089,1024,32,32,56,18
1512476245595110,1512476245595129,1024,32,32,53,19
1512476245599133,1512476245599152,1024,32,32,53,19
1512476245603159,1512476245603180,1024,32,32,48,21
1512476245607192,1512476245607211,1024,32,32,53,19
1512476245611212,1512476245611231,1024,32,32,53,19
1512476245615214,1512476245615232,1024,32,32,56,18
1512476245619243,1512476245619262,1024,32,32,53,19
1512476245623290,1512476245623311,1024,32,32,48,21
1512476245627288,1512476245627306,1024,32,32,56,18
1512476245631286,1512476245631305,1024,32,32,53,19
1512476245635305,1512476245635323,1024,32,32,56,18
1512476245639340,1512476245639358,1024,32,32,56,18
1512476245643331,1512476245643349,1024,32,32,56,18
1512476245647336,1512476245647354,1024,32,32,56,18
1512476245651326,1512476245651346,1024,32,32,51,20
1512476245655340,1512476245655360,1024,32,32,51,20
1512476245659379,1512476245659397,1024,32,32,56,18
1512476245663404,1512476245663423,1024,32,32,53,19
1512476245667400,1512476245667420,1024,32,32,51,20
1512476245671414,1512476245671432,1024,32,32,56,18
1512476245675413,1512476245675432,1024,32,32,53,19
1512476245679446,1512476245679465,1024,32,32,53,19
1512476245683446,1512476245683464,1024,32,32,56,18
1512476245687475,1512476245687493,1024,32,32,56,18
1512476245691456,1512476245691474,1024,32,32,56,18
1512476245695445,1512476245695463,1024,32,32,56,18
1512476245699465,1512476245699484,1024,32,32,53,19
1512476245703470,1512476245703489,1024,32,32,53,19
1512476245707480,1512476245707498,1024,32,32,56,18
1512476245711488,1512476245711507,1024,32,32,53,19
1512476245715530,1512476245715548,1024,32,32,56,18
1512476245719542,1512476245719560,1024,32,32,56,18
1512476245723566,1512476245723584,1024,32,32,56,18
1512476245727578,1512476245727598,1024,32,32,51,20
1512476245731598,1512476245731616,1024,32,32,56,18
1512476245735667,1512476245735685,1024,32,32,56,18
1512476245739692,1512476245739711,1024,32,32,53,19
1512476245743698,1512476245743716,1024,32,32,56,18
1512476245747722,1512476245747741,1024,32,32,53,19
1512476245751708,1512476245751727,1024,32,32,53,19
1512476245755741,1512476245755760,1024,32,32,53,19
1512476245759747,1512476245759764,1024,32,32,60,17
1512476245763785,1512476245763803,1024,32,32,56,18
1512476245767814,1512476245767832,1024,32,32,56,18
1512476245771836,1512476245771854,1024,32,32,56,18
1512476245775867,1512476245775886,1024,32,32,53,19
1512476245779883,1512476245779901,1024,32,32,56,18
1512476245783924,1512476245783943,1024,32,32,53,19
1512476245787949,1512476245787968,1024,32,32,53,19
1512476245791988,1512476245792006,1024,32,32,56,18
1512476245796000,1512476245796018,1024,32,32,56,18
1512476245800013,1512476245800031,1024,32,32,56,18
1512476245804063,1512476245804083,1024,32,32,51,20
1512476245808070,1512476245808090,1024,32,32,51,20
1512476245812079,1512476245812097,1024,32,32,56,18
1512476245816103,1512476245816124,1024,32,32,48,21
1512476245820133,1512476245820152,1024,32,32,53,19
1512476245824182,1512476245824200,1024,32,32,56,18
1512476245828177,1512476245828195,1024,32,32,56,18
1512476245832165,1512476245832185,1024,32,32,51,20
1512476245836189,1512476245836207,1024,32,32,56,18
1512476245840194,1512476245840212,1024,32,32,56,18
1512476245844222,1512476245844241,1024,32,32,53,19
1512476245848228,1512476245848246,1024,32,32,56,18
1512476245852303,1512476245852324,1024,32,32,48,21
1512476245856374,1512476245856392,1024,32,32,56,18
1512476245860367,1512476245860388,1024,32,32,48,21
1512476245864353,1512476245864372,1024,32,32,53,19
1512476245868350,1512476245868368,1024,32,32,56,18
1512476245872353,1512476245872371,1024,32,32,56,18
1512476245876359,1512476245876378,1024,32,32,53,19
1512476245880394,1512476245880412,1024,32,32,56,18
1512476245884404,1512476245884423,1024,32,32,53,19
1512476245888458,1512476245888476,1024,32,32,56,18
1512476245892468,1512476245892486,1024,32,32,56,18
1512476245896451,1512476245896470,1024,32,32,53,19
1512476245900466,1512476245900485,1024,32,32,53,19
1512476245904487,1512476245904506,1024,32,32,53,19
1512476245908514,1512476245908532,1024,32,32,56,18
1512476245912532,1512476245912551,1024,32,32,53,19
1512476245916519,1512476245916537,1024,32,32,56,18
1512476245920537,1512476245920555,1024,32,32,56,18
1512476245924566,1512476245924586,1024,32,32,51,20
1512476245928578,1512476245928597,1024,32,32,53,19
1512476245932592,1512476245932613,1024,32,32,48,21
1512476245936589,1512476245936607,1024,32,32,56,18
1512476245940599,1512476245940618,1024,32,32,53,19
1512476245944596,1512476245944614,1024,32,32,56,18
1512476245948600,1512476245948618,1024,32,32,56,18
1512476245952602,1512476245952620,1024,32,32,56,18
1512476245956615,1512476245956635,1024,32,32,51,20
1512476245960629,1512476245960648,1024,32,32,53,19
1512476245964672,1512476245964692,1024,32,32,51,20
1512476245968727,1512476245968748,1024,32,32,48,21
1512476245972758,1512476245972776,1024,32,32,56,18
1512476245976740,1512476245976758,1024,32,32,56,18
1512476245980724,1512476245980742,1024,32,32,56,18
1512476245984708,1512476245984726,1024,32,32,56,18
1512476245988712,1512476245988730,1024,32,32,56,18
1512476245992714,1512476245992732,1024,32,32,56,18
1512476245996691,1512476245996709,1024,32,32,56,18
1512476246000687,1512476246000706,1024,32,32,53,19
1512476246004678,1512476246004697,1024,32,32,53,19
1512476246008656,1512476246008674,1024,32,32,56,18
1512476246012684,1512476246012702,1024,32,32,56,18
1512476246016716,1512476246016735,1024,32,32,53,19
1512476246020784,1512476246020802,1024,32,32,56,18
1512476246024834,1512476246024852,1024,32,32,56,18
1512476246028878,1512476246028893,1024,32,32,68,15
1512476246032883,1512476246032902,1024,32,32,53,19
1512476246036895,1512476246036913,1024,32,32,56,18
1512476246040911,1512476246040930,1024,32,32,53,19
1512476246044951,1512476246044969,1024,32,32,56,18
1512476246048959,1512476246048977,1024,32,32,56,18
1512476246052980,1512476246052998,1024,32,32,56,18
1512476246056954,1512476246056972,1024,32,32,56,18
1512476246060963,1512476246060981,1024,32,32,56,18
1512476246064936,1512476246064954,1024,32,32,56,18
1512476246068934,1512476246068955,1024,32,32,48,21
1512476246072972,1512476246072990,1024,32,32,56,18
1512476246076969,1512476246076988,1024,32,32,53,19
1512476246080990,1512476246081008,1024,32,32,56,18
1512476246084985,1512476246085000,1024,32,32,68,15
1512476246088985,1512476246089004,1024,32,32,53,19
1512476246092996,1512476246093015,1024,32,32,53,19
1512476246097021,1512476246097039,1024,32,32,56,18
1512476246101026,1512476246101045,1024,32,32,53,19
1512476246105040,1512476246105059,1024,32,32,53,19
1512476246109052,1512476246109072,1024,32,32,51,20
1512476246113080,1512476246113099,1024,32,32,53,19
1512476246117094,1512476246117112,1024,32,32,56,18
1512476246121107,1512476246121125,1024,32,32,56,18
1512476246125146,1512476246125165,1024,32,32,53,19
1512476246129163,1512476246129184,1024,32,32,48,21
1512476246133182,1512476246133201,1024,32,32,53,19
1512476246137179,1512476246137198,1024,32,32,53,19
1512476246141183,1512476246141201,1024,32,32,56,18
1512476246145184,1512476246145202,1024,32,32,56,18
1512476246149222,1512476246149240,1024,32,32,56,18
1512476246153217,1512476246153236,1024,32,32,53,19
1512476246157264,1512476246157282,1024,32,32,56,18
1512476246161283,1512476246161303,1024,32,32,51,20
1512476246165254,1512476246165272,1024,32,32,56,18
1512476246169260,1512476246169279,1024,32,32,53,19
1512476246173281,1512476246173299,1024,32,32,56,18
1512476246177290,1512476246177310,1024,32,32,51,20
1512476246181277,1512476246181296,1024,32,32,53,19
1512476246185272,1512476246185292,1024,32,32,51,20
1512476246189242,1512476246189261,1024,32,32,53,19
1512476246193244,1512476246193264,1024,32,32,51,20
1512476246197283,1512476246197302,1024,32,32,53,19
1512476246201324,1512476246201342,1024,32,32,56,18
1512476246205308,1512476246205326,1024,32,32,56,18
1512476246209294,1512476246209312,1024,32,32,56,18
1512476246213342,1512476246213364,1024,32,32,46,22
1512476246217337,1512476246217357,1024,32,32,51,20
1512476246221328,1512476246221346,1024,32,32,56,18
1512476246225321,1512476246225339,1024,32,32,56,18
1512476246229329,1512476246229347,1024,32,32,56,18
1512476246233310,1512476246233333,1024,32,32,44,23
1512476246237309,1512476246237327,1024,32,32,56,18
1512476246241320,1512476246241340,1024,32,32,51,20
1512476246245334,1512476246245352,1024,32,32,56,18
1512476246249335,1512476246249353,1024,32,32,56,18
1512476246253342,1512476246253360,1024,32,32,56,18
1512476246257325,1512476246257345,1024,32,32,51,20
1512476246261334,1512476246261353,1024,32,32,53,19
1512476246265327,1512476246265346,1024,32,32,53,19
1512476246269351,1512476246269369,1024,32,32,56,18
1512476246273334,1512476246273352,1024,32,32,56,18
1512476246277317,1512476246277336,1024,32,32,53,19
1512476246281283,1512476246281301,1024,32,32,56,18
1512476246285286,1512476246285305,1024,32,32,53,19
1512476246289312,1512476246289331,1024,32,32,53,19
1512476246293343,1512476246293366,1024,32,32,44,23
1512476246297345,1512476246297364,1024,32,32,53,19
1512476246301343,1512476246301361,1024,32,32,56,18
1512476246305347,1512476246305365,1024,32,32,56,18
1512476246309374,1512476246309395,1024,32,32,48,21
1512476246313409,1512476246313428,1024,32,32,53,19
1512476246317392,1512476246317410,1024,32,32,56,18
1512476246321385,1512476246321405,1024,32,32,51,20
1512476246325451,1512476246325469,1024,32,32,56,18
1512476246329471,1512476246329489,1024,32,32,56,18
1512476246333477,1512476246333495,1024,32,32,56,18
1512476246337479,1512476246337498,1024,32,32,53,19
1512476246341505,1512476246341525,1024,32,32,51,20
1512476246345538,1512476246345557,1024,32,32,53,19
1512476246349550,1512476246349571,1024,32,32,48,21
1512476246353608,1512476246353626,1024,32,32,56,18
1512476246357604,1512476246357623,1024,32,32,53,19
1512476246361635,1512476246361654,1024,32,32,53,19
1512476246365635,1512476246365655,1024,32,32,51,20
1512476246369634,1512476246369653,1024,32,32,53,19
1512476246373622,1512476246373640,1024,32,32,56,18
1512476246377622,1512476246377640,1024,32,32,56,18
1512476246381630,1512476246381650,1024,32,32,51,20
1512476246385636,1512476246385656,1024,32,32,51,20
1512476246389687,1512476246389706,1024,32,32,53,19
1512476246393696,1512476246393717,1024,32,32,48,21
1512476246397712,1512476246397732,1024,32,32,51,20
1512476246401712,1512476246401731,1024,32,32,53,19
1512476246405728,1512476246405746,1024,32,32,56,18
1512476246409712,1512476246409731,1024,32,32,53,19
1512476246413701,1512476246413721,1024,32,32,51,20
1512476246417699,1512476246417718,1024,32,32,53,19
1512476246421716,1512476246421736,1024,32,32,51,20
1512476246425726,1512476246425746,1024,32,32,51,20
1512476246429718,1512476246429737,1024,32,32,53,19
1512476246433706,1512476246433724,1024,32,32,56,18
1512476246437679,1512476246437698,1024,32,32,53,19
1512476246441657,1512476246441676,1024,32,32,53,19
1512476246445634,1512476246445653,1024,32,32,53,19
1512476246449653,1512476246449671,1024,32,32,56,18
1512476246453669,1512476246453688,1024,32,32,53,19
1512476246457634,1512476246457652,1024,32,32,56,18
1512476246461668,1512476246461686,1024,32,32,56,18
1512476246465704,1512476246465724,1024,32,32,51,20
1512476246469693,1512476246469712,1024,32,32,53,19
1512476246473686,1512476246473705,1024,32,32,53,19
1512476246477715,1512476246477735,1024,32,32,51,20
1512476246481750,1512476246481769,1024,32,32,53,19
1512476246485745,1512476246485764,1024,32,32,53,19
1512476246489761,1512476246489781,1024,32,32,51,20
1512476246493780,1512476246493799,1024,32,32,53,19
1512476246497772,1512476246497790,1024,32,32,56,18
1512476246501777,1512476246501796,1024,32,32,53,19
1512476246505802,1512476246505820,1024,32,32,56,18
1512476246509802,1512476246509820,1024,32,32,56,18
1512476246513793,1512476246513811,1024,32,32,56,18
1512476246517781,1512476246517799,1024,32,32,56,18
1512476246521777,1512476246521798,1024,32,32,48,21
1512476246525816,1512476246525834,1024,32,32,56,18
1512476246529816,1512476246529835,1024,32,32,53,19
1512476246533843,1512476246533862,1024,32,32,53,19
1512476246537913,1512476246537933,1024,32,32,51,20
1512476246541897,1512476246541916,1024,32,32,53,19
1512476246545903,1512476246545924,1024,32,32,48,21
1512476246549928,1512476246549947,1024,32,32,53,19
1512476246553957,1512476246553976,1024,32,32,53,19
1512476246557970,1512476246557990,1024,32,32,51,20
1512476246562000,1512476246562019,1024,32,32,53,19
1512476246566046,1512476246566064,1024,32,32,56,18
1512476246570076,1512476246570094,1024,32,32,56,18
1512476246574103,1512476246574122,1024,32,32,53,19
1512476246578122,1512476246578143,1024,32,32,48,21
1512476246582143,1512476246582164,1024,32,32,48,21
1512476246586146,1512476246586166,1024,32,32,51,20
1512476246590178,1512476246590198,1024,32,32,51,20
1512476246594184,1512476246594202,1024,32,32,56,18
1512476246598209,1512476246598228,1024,32,32,53,19
1512476246602270,1512476246602289,1024,32,32,53,19
1512476246606278,1512476246606296,1024,32,32,56,18
1512476246610301,1512476246610320,1024,32,32,53,19
1512476246614298,1512476246614317,1024,32,32,53,19
1512476246618269,1512476246618289,1024,32,32,51,20
1512476246622257,1512476246622277,1024,32,32,51,20
1512476246626331,1512476246626350,1024,32,32,53,19
1512476246630339,1512476246630358,1024,32,32,53,19
1512476246634314,1512476246634333,1024,32,32,53,19
1512476246638336,1512476246638354,1024,32,32,56,18
1512476246642333,1512476246642352,1024,32,32,53,19
1512476246646313,1512476246646332,1024,32,32,53,19
1512476246650294,1512476246650312,1024,32,32,56,18
1512476246654293,1512476246654312,1024,32,32,53,19
1512476246658307,1512476246658328,1024,32,32,48,21
1512476246662285,1512476246662303,1024,32,32,56,18
1512476246666288,1512476246666308,1024,32,32,51,20
1512476246670297,1512476246670315,1024,32,32,56,18
1512476246674285,1512476246674304,1024,32,32,53,19
1512476246678288,1512476246678306,1024,32,32,56,18
1512476246682311,1512476246682330,1024,32,32,53,19
1512476246686314,1512476246686332,1024,32,32,56,18
1512476246690319,1512476246690339,1024,32,32,51,20
1512476246694327,1512476246694345,1024,32,32,56,18
1512476246698302,1512476246698321,1024,32,32,53,19
1512476246702314,1512476246702332,1024,32,32,56,18
1512476246706310,1512476246706328,1024,32,32,56,18
1512476246710302,1512476246710321,1024,32,32,53,19
1512476246714313,1512476246714332,1024,32,32,53,19
1512476246718322,1512476246718341,1024,32,32,53,19
1512476246722318,1512476246722336,1024,32,32,56,18
1512476246726317,1512476246726338,1024,32,32,48,21
1512476246730335,1512476246730353,1024,32,32,56,18
1512476246734348,1512476246734367,1024,32,32,53,19
1512476246738399,1512476246738419,1024,32,32,51,20
1512476246742406,1512476246742425,1024,32,32,53,19
1512476246746432,1512476246746450,1024,32,32,56,18
1512476246750431,1512476246750451,1024,32,32,51,20
1512476246754418,1512476246754437,1024,32,32,53,19
1512476246758412,1512476246758431,1024,32,32,53,19
1512476246762445,1512476246762464,1024,32,32,53,19
1512476246766478,1512476246766498,1024,32,32,51,20
1512476246770482,1512476246770500,1024,32,32,56,18
1512476246774527,1512476246774545,1024,32,32,56,18
1512476246778505,1512476246778524,1024,32,32,53,19
1512476246782483,1512476246782501,1024,32,32,56,18
1512476246786489,1512476246786507,1024,32,32,56,18
1512476246790498,1512476246790516,1024,32,32,56,18
1512476246794514,1512476246794532,1024,32,32,56,18
1512476246798507,1512476246798528,1024,32,32,48,21
1512476246802523,1512476246802543,1024,32,32,51,20
1512476246806568,1512476246806586,1024,32,32,56,18
1512476246810563,1512476246810582,1024,32,32,53,19
1512476246814555,1512476246814575,1024,32,32,51,20
1512476246818601,1512476246818621,1024,32,32,51,20
1512476246822614,1512476246822633,1024,32,32,53,19
1512476246826651,1512476246826670,1024,32,32,53,19
1512476246830659,1512476246830676,1024,32,32,60,17
1512476246834651,1512476246834670,1024,32,32,53,19
1512476246838685,1512476246838703,1024,32,32,56,18
1512476246842696,1512476246842715,1024,32,32,53,19
1512476246846753,1512476246846771,1024,32,32,56,18
1512476246850775,1512476246850794,1024,32,32,53,19
1512476246854788,1512476246854806,1024,32,32,56,18
1512476246858841,1512476246858861,1024,32,32,51,20
1512476246862859,1512476246862879,1024,32,32,51,20
1512476246866859,1512476246866874,1024,32,32,68,15
1512476246870852,1512476246870871,1024,32,32,53,19
1512476246874882,1512476246874901,1024,32,32,53,19
1512476246878889,1512476246878908,1024,32,32,53,19
1512476246882910,1512476246882928,1024,32,32,56,18
1512476246886976,1512476246886996,1024,32,32,51,20
1512476246890985,1512476246891004,1024,32,32,53,19
1512476246894990,1512476246895008,1024,32,32,56,18
1512476246899061,1512476246899079,1024,32,32,56,18
1512476246903052,1512476246903070,1024,32,32,56,18
1512476246907061,1512476246907080,1024,32,32,53,19
1512476246911073,1512476246911092,1024,32,32,53,19
1512476246915110,1512476246915129,1024,32,32,53,19
1512476246919122,1512476246919141,1024,32,32,53,19
1512476246923148,1512476246923168,1024,32,32,51,20
1512476246927136,1512476246927154,1024,32,32,56,18
1512476246931141,1512476246931161,1024,32,32,51,20
1512476246935140,1512476246935159,1024,32,32,53,19
1512476246939135,1512476246939155,1024,32,32,51,20
1512476246943136,1512476246943154,1024,32,32,56,18
1512476246947116,1512476246947134,1024,32,32,56,18
1512476246951160,1512476246951180,1024,32,32,51,20
1512476246955160,1512476246955178,1024,32,32,56,18
1512476246959198,1512476246959216,1024,32,32,56,18
1512476246963259,1512476246963279,1024,32,32,51,20
1512476246967274,1512476246967292,1024,32,32,56,18
1512476246971286,1512476246971305,1024,32,32,53,19
1512476246975302,1512476246975321,1024,32,32,53,19
1512476246979309,1512476246979328,1024,32,32,53,19
1512476246983321,1512476246983340,1024,32,32,53,19
1512476246987362,1512476246987380,1024,32,32,56,18
1512476246991382,1512476246991401,1024,32,32,53,19
1512476246995391,1512476246995409,1024,32,32,56,18
1512476246999388,1512476246999408,1024,32,32,51,20
1512476247003382,1512476247003401,1024,32,32,53,19
1512476247007369,1512476247007389,1024,32,32,51,20
1512476247011372,1512476247011391,1024,32,32,53,19
1512476247015400,1512476247015419,1024,32,32,53,19
1512476247019398,1512476247019417,1024,32,32,53,19
1512476247023389,1512476247023409,1024,32,32,51,20
1512476247027419,1512476247027438,1024,32,32,53,19
1512476247031450,1512476247031468,1024,32,32,56,18
1512476247035420,1512476247035438,1024,32,32,56,18
1512476247039422,1512476247039441,1024,32,32,53,19
1512476247043414,1512476247043434,1024,32,32,51,20
1512476247047427,1512476247047446,1024,32,32,53,19
1512476247051444,1512476247051464,1024,32,32,51,20
1512476247055444,1512476247055463,1024,32,32,53,19
1512476247059488,1512476247059506,1024,32,32,56,18
1512476247063488,1512476247063507,1024,32,32,53,19
1512476247067520,1512476247067540,1024,32,32,51,20
1512476247071529,1512476247071547,1024,32,32,56,18
1512476247075582,1512476247075601,1024,32,32,53,19
1512476247079621,1512476247079641,1024,32,32,51,20
1512476247083630,1512476247083648,1024,32,32,56,18
1512476247087666,1512476247087693,1024,32,32,37,27
1512476247091684,1512476247091703,1024,32,32,53,19
1512476247095712,1512476247095731,1024,32,32,53,19
1512476247099727,1512476247099745,1024,32,32,56,18
1512476247103724,1512476247103742,1024,32,32,56,18
1512476247107718,1512476247107737,1024,32,32,53,19
1512476247111718,1512476247111737,1024,32,32,53,19
1512476247115710,1512476247115729,1024,32,32,53,19
1512476247119711,1512476247119731,1024,32,32,51,20
1512476247123773,1512476247123792,1024,32,32,53,19
1512476247127810,1512476247127829,1024,32,32,53,19
1512476247131846,1512476247131865,1024,32,32,53,19
1512476247135875,1512476247135896,1024,32,32,48,21
1512476247139891,1512476247139911,1024,32,32,51,20
1512476247143859,1512476247143877,1024,32,32,56,18
1512476247147855,1512476247147873,1024,32,32,56,18
1512476247151867,1512476247151886,1024,32,32,53,19
1512476247155926,1512476247155945,1024,32,32,53,19
1512476247159932,1512476247159951,1024,32,32,53,19
1512476247163919,1512476247163939,1024,32,32,51,20
1512476247167963,1512476247167982,1024,32,32,53,19
1512476247171956,1512476247171975,1024,32,32,53,19
1512476247175973,1512476247175991,1024,32,32,56,18
1512476247180019,1512476247180038,1024,32,32,53,19
1512476247184028,1512476247184048,1024,32,32,51,20
1512476247188032,1512476247188050,1024,32,32,56,18
1512476247192048,1512476247192066,1024,32,32,56,18
1512476247196035,1512476247196053,1024,32,32,56,18
1512476247200032,1512476247200051,1024,32,32,53,19
1512476247204073,1512476247204094,1024,32,32,48,21
1512476247208093,1512476247208111,1024,32,32,56,18
1512476247212124,1512476247212143,1024,32,32,53,19
1512476247216152,1512476247216171,1024,32,32,53,19
1512476247220177,1512476247220196,1024,32,32,53,19
1512476247224206,1512476247224226,1024,32,32,51,20
1512476247228256,1512476247228275,1024,32,32,53,19
1512476247232231,1512476247232249,1024,32,32,56,18
1512476247236234,1512476247236252,1024,32,32,56,18
1512476247240228,1512476247240246,1024,32,32,56,18
1512476247244204,1512476247244222,1024,32,32,56,18
1512476247248231,1512476247248249,1024,32,32,56,18
1512476247252220,1512476247252238,1024,32,32,56,18
1512476247256289,1512476247256308,1024,32,32,53,19
1512476247260297,1512476247260315,1024,32,32,56,18
1512476247264281,1512476247264300,1024,32,32,53,19
1512476247268281,1512476247268299,1024,32,32,56,18
1512476247272308,1512476247272326,1024,32,32,56,18
1512476247276343,1512476247276361,1024,32,32,56,18
1512476247280380,1512476247280399,1024,32,32,53,19
1512476247284386,1512476247284405,1024,32,32,53,19
1512476247288398,1512476247288416,1024,32,32,56,18
1512476247292419,1512476247292438,1024,32,32,53,19
1512476247296440,1512476247296459,1024,32,32,53,19
1512476247300443,1512476247300462,1024,32,32,53,19
1512476247304512,1512476247304530,1024,32,32,56,18
1512476247308535,1512476247308554,1024,32,32,53,19
1512476247312524,1512476247312542,1024,32,32,56,18
1512476247316540,1512476247316559,1024,32,32,53,19
1512476247320524,1512476247320545,1024,32,32,48,21
1512476247324528,1512476247324547,1024,32,32,53,19
1512476247328545,1512476247328563,1024,32,32,56,18
1512476247332556,1512476247332575,1024,32,32,53,19
1512476247336567,1512476247336586,1024,32,32,53,19
1512476247340542,1512476247340561,1024,32,32,53,19
1512476247344542,1512476247344560,1024,32,32,56,18
1512476247348535,1512476247348554,1024,32,32,53,19
1512476247352523,1512476247352542,1024,32,32,53,19
1512476247356523,1512476247356542,1024,32,32,53,19
1512476247360524,1512476247360544,1024,32,32,51,20
1512476247364521,1512476247364540,1024,32,32,53,19
1512476247368521,1512476247368539,1024,32,32,56,18
1512476247372536,1512476247372554,1024,32,32,56,18
1512476247376553,1512476247376572,1024,32,32,53,19
1512476247380535,1512476247380554,1024,32,32,53,19
1512476247384528,1512476247384547,1024,32,32,53,19
1512476247388523,1512476247388544,1024,32,32,48,21
1512476247392533,1512476247392553,1024,32,32,51,20
1512476247396573,1512476247396592,1024,32,32,53,19
1512476247400595,1512476247400614,1024,32,32,53,19
1512476247404619,1512476247404637,1024,32,32,56,18
1512476247408644,1512476247408664,1024,32,32,51,20
1512476247412641,1512476247412662,1024,32,32,48,21
1512476247416653,1512476247416672,1024,32,32,53,19
1512476247420648,1512476247420669,1024,32,32,48,21
1512476247424687,1512476247424705,1024,32,32,56,18
1512476247428680,1512476247428699,1024,32,32,53,19
1512476247432681,1512476247432700,1024,32,32,53,19
1512476247436691,1512476247436710,1024,32,32,53,19
1512476247440695,1512476247440714,1024,32,32,53,19
1512476247444730,1512476247444748,1024,32,32,56,18
1512476247448725,1512476247448744,1024,32,32,53,19
1512476247452731,1512476247452750,1024,32,32,53,19
1512476247456730,1512476247456749,1024,32,32,53,19
1512476247460736,1512476247460754,1024,32,32,56,18
1512476247464746,1512476247464764,1024,32,32,56,18
1512476247468743,1512476247468763,1024,32,32,51,20
1512476247472724,1512476247472742,1024,32,32,56,18
1512476247476701,1512476247476719,1024,32,32,56,18
1512476247480695,1512476247480715,1024,32,32,51,20
1512476247484699,1512476247484719,1024,32,32,51,20
1512476247488738,1512476247488759,1024,32,32,48,21
1512476247492718,1512476247492736,1024,32,32,56,18
1512476247496706,1512476247496724,1024,32,32,56,18
1512476247500716,1512476247500734,1024,32,32,56,18
1512476247504742,1512476247504762,1024,32,32,51,20
1512476247508763,1512476247508782,1024,32,32,53,19
1512476247512783,1512476247512802,1024,32,32,53,19
1512476247516804,1512476247516823,1024,32,32,53,19
1512476247520790,1512476247520810,1024,32,32,51,20
1512476247524813,1512476247524832,1024,32,32,53,19
1512476247528839,1512476247528858,1024,32,32,53,19
1512476247532830,1512476247532849,1024,32,32,53,19
1512476247536862,1512476247536881,1024,32,32,53,19
1512476247540873,1512476247540891,1024,32,32,56,18
1512476247544845,1512476247544865,1024,32,32,51,20
1512476247548846,1512476247548866,1024,32,32,51,20
1512476247552875,1512476247552893,1024,32,32,56,18
1512476247556934,1512476247556952,1024,32,32,56,18
1512476247560930,1512476247560950,1024,32,32,51,20
1512476247564909,1512476247564927,1024,32,32,56,18
1512476247568881,1512476247568900,1024,32,32,53,19
1512476247572872,1512476247572891,1024,32,32,53,19
1512476247576857,1512476247576876,1024,32,32,53,19
1512476247580844,1512476247580862,1024,32,32,56,18
1512476247584868,1512476247584887,1024,32,32,53,19
1512476247588856,1512476247588875,1024,32,32,53,19
1512476247592847,1512476247592866,1024,32,32,53,19
1512476247596837,1512476247596855,1024,32,32,56,18
1512476247600888,1512476247600908,1024,32,32,51,20
1512476247604876,1512476247604894,1024,32,32,56,18
1512476247608882,1512476247608901,1024,32,32,53,19
1512476247612873,1512476247612891,1024,32,32,56,18
1512476247616883,1512476247616902,1024,32,32,53,19
1512476247620866,1512476247620884,1024,32,32,56,18
1512476247624874,1512476247624892,1024,32,32,56,18
1512476247628874,1512476247628892,1024,32,32,56,18
1512476247632854,1512476247632872,1024,32,32,56,18
1512476247636830,1512476247636850,1024,32,32,51,20
1512476247640828,1512476247640846,1024,32,32,56,18
1512476247644814,1512476247644832,1024,32,32,56,18
1512476247648819,1512476247648837,1024,32,32,56,18
1512476247652809,1512476247652827,1024,32,32,56,18
1512476247656804,1512476247656824,1024,32,32,51,20
1512476247660828,1512476247660846,1024,32,32,56,18
1512476247664822,1512476247664842,1024,32,32,51,20
1512476247668812,1512476247668830,1024,32,32,56,18
1512476247672821,1512476247672841,1024,32,32,51,20
1512476247676815,1512476247676835,1024,32,32,51,20
1512476247680856,1512476247680874,1024,32,32,56,18
1512476247684835,1512476247684854,1024,32,32,53,19
1512476247688854,1512476247688873,1024,32,32,53,19
1512476247692829,1512476247692848,1024,32,32,53,19
1512476247696831,1512476247696850,1024,32,32,53,19
1512476247700851,1512476247700869,1024,32,32,56,18
1512476247704842,1512476247704861,1024,32,32,53,19
1512476247708849,1512476247708867,1024,32,32,56,18
1512476247712859,1512476247712878,1024,32,32,53,19
1512476247716881,1512476247716901,1024,32,32,51,20
1512476247720927,1512476247720945,1024,32,32,56,18
1512476247725002,1512476247725021,1024,32,32,53,19
1512476247729020,1512476247729039,1024,32,32,53,19
1512476247732997,1512476247733016,1024,32,32,53,19
1512476247736966,1512476247736985,1024,32,32,53,19
1512476247740979,1512476247740998,1024,32,32,53,19
1512476247744983,1512476247745002,1024,32,32,53,19
1512476247748965,1512476247748986,1024,32,32,48,21
1512476247752979,1512476247752997,1024,32,32,56,18
1512476247756989,1512476247757009,1024,32,32,51,20
1512476247760981,1512476247761000,1024,32,32,53,19
1512476247764997,1512476247765015,1024,32,32,56,18
1512476247768995,1512476247769014,1024,32,32,53,19
1512476247773026,1512476247773046,1024,32,32,51,20
1512476247777027,1512476247777045,1024,32,32,56,18
1512476247781023,1512476247781043,1024,32,32,51,20
1512476247785037,1512476247785058,1024,32,32,48,21
1512476247789070,1512476247789090,1024,32,32,51,20
1512476247793104,1512476247793122,1024,32,32,56,18
1512476247797104,1512476247797123,1024,32,32,53,19
1512476247801084,1512476247801103,1024,32,32,53,19
1512476247805048,1512476247805066,1024,32,32,56,18
1512476247809031,1512476247809050,1024,32,32,53,19
1512476247813043,1512476247813061,1024,32,32,56,18
1512476247817008,1512476247817026,1024,32,32,56,18
1512476247821001,1512476247821019,1024,32,32,56,18
1512476247824976,1512476247824996,1024,32,32,51,20
1512476247829009,1512476247829029,1024,32,32,51,20
1512476247833029,1512476247833047,1024,32,32,56,18
1512476247837017,1512476247837036,1024,32,32,53,19
1512476247841016,1512476247841034,1024,32,32,56,18
1512476247845020,1512476247845038,1024,32,32,56,18
1512476247849031,1512476247849049,1024,32,32,56,18
1512476247853031,1512476247853051,1024,32,32,51,20
1512476247856999,1512476247857019,1024,32,32,51,20
1512476247861011,1512476247861032,1024,32,32,48,21
1512476247865035,1512476247865053,1024,32,32,56,18
1512476247869041,1512476247869061,1024,32,32,51,20
1512476247873054,1512476247873073,1024,32,32,53,19
1512476247877050,1512476247877069,1024,32,32,53,19
1512476247881032,1512476247881051,1024,32,32,53,19
1512476247885037,1512476247885056,1024,32,32,53,19
1512476247889046,1512476247889064,1024,32,32,56,18
1512476247893025,1512476247893044,1024,32,32,53,19
1512476247897045,1512476247897063,1024,32,32,56,18
1512476247901054,1512476247901072,1024,32,32,56,18
1512476247905074,1512476247905093,1024,32,32,53,19
1512476247909087,1512476247909109,1024,32,32,46,22
1512476247913082,1512476247913100,1024,32,32,56,18
1512476247917115,1512476247917135,1024,32,32,51,20
1512476247921141,1512476247921159,1024,32,32,56,18
1512476247925134,1512476247925154,1024,32,32,51,20
1512476247929129,1512476247929147,1024,32,32,56,18
1512476247933144,1512476247933162,1024,32,32,56,18
1512476247937147,1512476247937165,1024,32,32,56,18
1512476247941168,1512476247941187,1024,32,32,53,19
1512476247945169,1512476247945187,1024,32,32,56,18
1512476247949192,1512476247949210,1024,32,32,56,18
1512476247953212,1512476247953231,1024,32,32,53,19
1512476247957229,1512476247957250,1024,32,32,48,21
1512476247961215,1512476247961234,1024,32,32,53,19
1512476247965202,1512476247965222,1024,32,32,51,20
1512476247969183,1512476247969202,1024,32,32,53,19
1512476247973173,1512476247973193,1024,32,32,51,20
1512476247977178,1512476247977196,1024,32,32,56,18
1512476247981197,1512476247981216,1024,32,32,53,19
1512476247985229,1512476247985247,1024,32,32,56,18
1512476247989247,1512476247989265,1024,32,32,56,18
