1512440513534408,1512440513534423,1024,32,32,68,15
1512440513539597,1512440513539612,1024,32,32,68,15
1512440513544658,1512440513544671,1024,32,32,78,13
1512440513549560,1512440513549575,1024,32,32,68,15
1512440513554242,1512440513554255,1024,32,32,78,13
1512440513558674,1512440513558687,1024,32,32,78,13
1512440513562931,1512440513562943,1024,32,32,85,12
1512440513566952,1512440513566964,1024,32,32,85,12
1512440513570961,1512440513570974,1024,32,32,78,13
1512440513574986,1512440513574999,1024,32,32,78,13
1512440513579014,1512440513579028,1024,32,32,73,14
1512440513583027,1512440513583039,1024,32,32,85,12
1512440513587032,1512440513587045,1024,32,32,78,13
1512440513591040,1512440513591053,1024,32,32,78,13
1512440513595048,1512440513595060,1024,32,32,85,12
1512440513599036,1512440513599049,1024,32,32,78,13
1512440513603033,1512440513603046,1024,32,32,78,13
1512440513607031,1512440513607043,1024,32,32,85,12
1512440513611043,1512440513611055,1024,32,32,85,12
1512440513615042,1512440513615057,1024,32,32,68,15
1512440513619058,1512440513619071,1024,32,32,78,13
1512440513623089,1512440513623101,1024,32,32,85,12
1512440513627052,1512440513627064,1024,32,32,85,12
1512440513631005,1512440513631017,1024,32,32,85,12
1512440513634910,1512440513634920,1024,32,32,102,10
1512440513638829,1512440513638841,1024,32,32,85,12
1512440513642719,1512440513642731,1024,32,32,85,12
1512440513646633,1512440513646643,1024,32,32,102,10
1512440513650537,1512440513650550,1024,32,32,78,13
1512440513654451,1512440513654464,1024,32,32,78,13
1512440513658373,1512440513658387,1024,32,32,73,14
1512440513662261,1512440513662275,1024,32,32,73,14
1512440513666171,1512440513666184,1024,32,32,78,13
1512440513670067,1512440513670080,1024,32,32,78,13
1512440513673978,1512440513673993,1024,32,32,68,15
1512440513677869,1512440513677882,1024,32,32,78,13
1512440513681761,1512440513681774,1024,32,32,78,13
1512440513685661,1512440513685673,1024,32,32,85,12
1512440513689567,1512440513689582,1024,32,32,68,15
1512440513693488,1512440513693501,1024,32,32,78,13
1512440513697408,1512440513697421,1024,32,32,78,13
1512440513701305,1512440513701320,1024,32,32,68,15
1512440513705212,1512440513705225,1024,32,32,78,13
1512440513709113,1512440513709126,1024,32,32,78,13
1512440513713012,1512440513713025,1024,32,32,78,13
1512440513716950,1512440513716962,1024,32,32,85,12
1512440513720836,1512440513720850,1024,32,32,73,14
1512440513724739,1512440513724752,1024,32,32,78,13
1512440513728626,1512440513728638,1024,32,32,85,12
1512440513732530,1512440513732542,1024,32,32,85,12
1512440513736431,1512440513736444,1024,32,32,78,13
1512440513740392,1512440513740404,1024,32,32,85,12
1512440513744323,1512440513744336,1024,32,32,78,13
1512440513748291,1512440513748304,1024,32,32,78,13
1512440513752198,1512440513752211,1024,32,32,78,13
1512440513756117,1512440513756132,1024,32,32,68,15
1512440513760035,1512440513760048,1024,32,32,78,13
1512440513763990,1512440513764003,1024,32,32,78,13
1512440513767900,1512440513767913,1024,32,32,78,13
1512440513771822,1512440513771836,1024,32,32,73,14
1512440513775730,1512440513775743,1024,32,32,78,13
1512440513779627,1512440513779639,1024,32,32,85,12
1512440513783562,1512440513783574,1024,32,32,85,12
1512440513787477,1512440513787489,1024,32,32,85,12
1512440513791382,1512440513791397,1024,32,32,68,15
1512440513795322,1512440513795334,1024,32,32,85,12
1512440513799227,1512440513799240,1024,32,32,78,13
1512440513803199,1512440513803212,1024,32,32,78,13
1512440513807134,1512440513807148,1024,32,32,73,14
1512440513811065,1512440513811078,1024,32,32,78,13
1512440513815013,1512440513815025,1024,32,32,85,12
1512440513818911,1512440513818923,1024,32,32,85,12
1512440513822818,1512440513822831,1024,32,32,78,13
1512440513826726,1512440513826739,1024,32,32,78,13
1512440513830653,1512440513830664,1024,32,32,93,11
1512440513834607,1512440513834619,1024,32,32,85,12
1512440513838526,1512440513838538,1024,32,32,85,12
1512440513842555,1512440513842567,1024,32,32,85,12
1512440513846536,1512440513846549,1024,32,32,78,13
1512440513850431,1512440513850443,1024,32,32,85,12
1512440513854367,1512440513854380,1024,32,32,78,13
1512440513858270,1512440513858282,1024,32,32,85,12
1512440513862181,1512440513862194,1024,32,32,78,13
1512440513866081,1512440513866093,1024,32,32,85,12
1512440513870035,1512440513870048,1024,32,32,78,13
1512440513873984,1512440513873997,1024,32,32,78,13
1512440513877917,1512440513877929,1024,32,32,85,12
1512440513881859,1512440513881871,1024,32,32,85,12
1512440513885736,1512440513885748,1024,32,32,85,12
1512440513889608,1512440513889618,1024,32,32,102,10
1512440513893504,1512440513893516,1024,32,32,85,12
1512440513897473,1512440513897487,1024,32,32,73,14
1512440513901414,1512440513901426,1024,32,32,85,12
1512440513905370,1512440513905383,1024,32,32,78,13
1512440513909319,1512440513909331,1024,32,32,85,12
1512440513913219,1512440513913232,1024,32,32,78,13
1512440513917104,1512440513917117,1024,32,32,78,13
1512440513920999,1512440513921012,1024,32,32,78,13
1512440513924941,1512440513924953,1024,32,32,85,12
1512440513928879,1512440513928892,1024,32,32,78,13
1512440513932780,1512440513932792,1024,32,32,85,12
1512440513936667,1512440513936676,1024,32,32,113,9
1512440513940557,1512440513940570,1024,32,32,78,13
1512440513944510,1512440513944522,1024,32,32,85,12
1512440513948396,1512440513948406,1024,32,32,102,10
1512440513952346,1512440513952356,1024,32,32,102,10
1512440513956290,1512440513956302,1024,32,32,85,12
1512440513960237,1512440513960251,1024,32,32,73,14
1512440513964135,1512440513964148,1024,32,32,78,13
1512440513968024,1512440513968037,1024,32,32,78,13
1512440513971977,1512440513971990,1024,32,32,78,13
1512440513975932,1512440513975945,1024,32,32,78,13
1512440513979893,1512440513979905,1024,32,32,85,12
1512440513983827,1512440513983839,1024,32,32,85,12
1512440513987707,1512440513987719,1024,32,32,85,12
1512440513991601,1512440513991613,1024,32,32,85,12
1512440513995474,1512440513995486,1024,32,32,85,12
1512440513999352,1512440513999365,1024,32,32,78,13
1512440514003244,1512440514003257,1024,32,32,78,13
1512440514007175,1512440514007189,1024,32,32,73,14
1512440514011134,1512440514011147,1024,32,32,78,13
1512440514015102,1512440514015114,1024,32,32,85,12
1512440514019089,1512440514019101,1024,32,32,85,12
1512440514023077,1512440514023091,1024,32,32,73,14
1512440514027046,1512440514027058,1024,32,32,85,12
1512440514030942,1512440514030956,1024,32,32,73,14
1512440514034830,1512440514034844,1024,32,32,73,14
1512440514038755,1512440514038769,1024,32,32,73,14
1512440514042685,1512440514042696,1024,32,32,93,11
1512440514046634,1512440514046647,1024,32,32,78,13
1512440514050543,1512440514050555,1024,32,32,85,12
1512440514054457,1512440514054471,1024,32,32,73,14
1512440514058394,1512440514058407,1024,32,32,78,13
1512440514062331,1512440514062344,1024,32,32,78,13
1512440514066293,1512440514066305,1024,32,32,85,12
1512440514070267,1512440514070280,1024,32,32,78,13
1512440514074228,1512440514074240,1024,32,32,85,12
1512440514078180,1512440514078194,1024,32,32,73,14
1512440514082080,1512440514082092,1024,32,32,85,12
1512440514086027,1512440514086040,1024,32,32,78,13
1512440514089976,1512440514089988,1024,32,32,85,12
1512440514093917,1512440514093930,1024,32,32,78,13
1512440514097867,1512440514097879,1024,32,32,85,12
1512440514101753,1512440514101766,1024,32,32,78,13
1512440514105660,1512440514105674,1024,32,32,73,14
1512440514109584,1512440514109597,1024,32,32,78,13
1512440514113542,1512440514113555,1024,32,32,78,13
1512440514117505,1512440514117518,1024,32,32,78,13
1512440514121402,1512440514121415,1024,32,32,78,13
1512440514125375,1512440514125390,1024,32,32,68,15
1512440514129322,1512440514129334,1024,32,32,85,12
1512440514133285,1512440514133296,1024,32,32,93,11
1512440514137218,1512440514137231,1024,32,32,78,13
1512440514141156,1512440514141171,1024,32,32,68,15
1512440514145095,1512440514145107,1024,32,32,85,12
1512440514149042,1512440514149055,1024,32,32,78,13
1512440514152999,1512440514153012,1024,32,32,78,13
1512440514156908,1512440514156920,1024,32,32,85,12
1512440514160845,1512440514160857,1024,32,32,85,12
1512440514164767,1512440514164781,1024,32,32,73,14
1512440514168661,1512440514168673,1024,32,32,85,12
1512440514172538,1512440514172550,1024,32,32,85,12
1512440514176470,1512440514176484,1024,32,32,73,14
1512440514180395,1512440514180407,1024,32,32,85,12
1512440514184334,1512440514184346,1024,32,32,85,12
1512440514188282,1512440514188294,1024,32,32,85,12
1512440514192220,1512440514192233,1024,32,32,78,13
1512440514196188,1512440514196200,1024,32,32,85,12
1512440514200143,1512440514200155,1024,32,32,85,12
1512440514204136,1512440514204148,1024,32,32,85,12
1512440514208072,1512440514208084,1024,32,32,85,12
1512440514212023,1512440514212036,1024,32,32,78,13
1512440514215979,1512440514215991,1024,32,32,85,12
1512440514219939,1512440514219951,1024,32,32,85,12
1512440514223898,1512440514223910,1024,32,32,85,12
1512440514227857,1512440514227870,1024,32,32,78,13
1512440514231777,1512440514231791,1024,32,32,73,14
1512440514235715,1512440514235727,1024,32,32,85,12
1512440514239624,1512440514239637,1024,32,32,78,13
1512440514243583,1512440514243595,1024,32,32,85,12
1512440514247543,1512440514247556,1024,32,32,78,13
1512440514251485,1512440514251497,1024,32,32,85,12
1512440514255465,1512440514255478,1024,32,32,78,13
1512440514259439,1512440514259451,1024,32,32,85,12
1512440514263398,1512440514263412,1024,32,32,73,14
1512440514267366,1512440514267378,1024,32,32,85,12
1512440514271241,1512440514271254,1024,32,32,78,13
1512440514275202,1512440514275214,1024,32,32,85,12
1512440514279141,1512440514279154,1024,32,32,78,13
1512440514283086,1512440514283099,1024,32,32,78,13
1512440514287034,1512440514287046,1024,32,32,85,12
1512440514290968,1512440514290981,1024,32,32,78,13
1512440514294874,1512440514294886,1024,32,32,85,12
1512440514298760,1512440514298773,1024,32,32,78,13
1512440514302663,1512440514302675,1024,32,32,85,12
1512440514306573,1512440514306586,1024,32,32,78,13
1512440514310470,1512440514310483,1024,32,32,78,13
1512440514314383,1512440514314395,1024,32,32,85,12
1512440514318267,1512440514318279,1024,32,32,85,12
1512440514322150,1512440514322165,1024,32,32,68,15
1512440514326065,1512440514326079,1024,32,32,73,14
1512440514329943,1512440514329955,1024,32,32,85,12
1512440514333856,1512440514333869,1024,32,32,78,13
1512440514337747,1512440514337760,1024,32,32,78,13
1512440514341669,1512440514341682,1024,32,32,78,13
1512440514345578,1512440514345591,1024,32,32,78,13
1512440514349502,1512440514349514,1024,32,32,85,12
1512440514353414,1512440514353424,1024,32,32,102,10
1512440514357328,1512440514357342,1024,32,32,73,14
1512440514361242,1512440514361254,1024,32,32,85,12
1512440514365140,1512440514365152,1024,32,32,85,12
1512440514369036,1512440514369046,1024,32,32,102,10
1512440514372962,1512440514372972,1024,32,32,102,10
1512440514376893,1512440514376906,1024,32,32,78,13
1512440514380807,1512440514380817,1024,32,32,102,10
1512440514384729,1512440514384742,1024,32,32,78,13
1512440514388644,1512440514388658,1024,32,32,73,14
1512440514392549,1512440514392559,1024,32,32,102,10
1512440514396442,1512440514396452,1024,32,32,102,10
1512440514400334,1512440514400346,1024,32,32,85,12
1512440514404222,1512440514404231,1024,32,32,113,9
1512440514408114,1512440514408128,1024,32,32,73,14
1512440514412028,1512440514412041,1024,32,32,78,13
1512440514415939,1512440514415952,1024,32,32,78,13
1512440514419834,1512440514419846,1024,32,32,85,12
1512440514423711,1512440514423725,1024,32,32,73,14
1512440514427611,1512440514427621,1024,32,32,102,10
1512440514431504,1512440514431516,1024,32,32,85,12
1512440514435387,1512440514435397,1024,32,32,102,10
1512440514439283,1512440514439297,1024,32,32,73,14
1512440514443172,1512440514443184,1024,32,32,85,12
1512440514447054,1512440514447066,1024,32,32,85,12
1512440514450948,1512440514450961,1024,32,32,78,13
1512440514454853,1512440514454865,1024,32,32,85,12
1512440514458763,1512440514458776,1024,32,32,78,13
1512440514462646,1512440514462657,1024,32,32,93,11
1512440514466502,1512440514466515,1024,32,32,78,13
1512440514470381,1512440514470393,1024,32,32,85,12
1512440514474255,1512440514474267,1024,32,32,85,12
1512440514478146,1512440514478159,1024,32,32,78,13
1512440514482024,1512440514482038,1024,32,32,73,14
1512440514485918,1512440514485930,1024,32,32,85,12
1512440514489807,1512440514489819,1024,32,32,85,12
1512440514493667,1512440514493677,1024,32,32,102,10
1512440514497539,1512440514497549,1024,32,32,102,10
1512440514501447,1512440514501459,1024,32,32,85,12
1512440514505385,1512440514505397,1024,32,32,85,12
1512440514509290,1512440514509304,1024,32,32,73,14
1512440514513190,1512440514513202,1024,32,32,85,12
1512440514517077,1512440514517089,1024,32,32,85,12
1512440514520965,1512440514520977,1024,32,32,85,12
1512440514524860,1512440514524874,1024,32,32,73,14
1512440514528820,1512440514528835,1024,32,32,68,15
1512440514532740,1512440514532753,1024,32,32,78,13
1512440514536651,1512440514536664,1024,32,32,78,13
1512440514540547,1512440514540560,1024,32,32,78,13
1512440514544431,1512440514544443,1024,32,32,85,12
1512440514548336,1512440514548348,1024,32,32,85,12
1512440514552234,1512440514552247,1024,32,32,78,13
1512440514556137,1512440514556149,1024,32,32,85,12
1512440514560010,1512440514560023,1024,32,32,78,13
1512440514563912,1512440514563924,1024,32,32,85,12
1512440514567794,1512440514567806,1024,32,32,85,12
1512440514571675,1512440514571688,1024,32,32,78,13
1512440514575573,1512440514575585,1024,32,32,85,12
1512440514579505,1512440514579517,1024,32,32,85,12
1512440514583404,1512440514583416,1024,32,32,85,12
1512440514587314,1512440514587328,1024,32,32,73,14
1512440514591221,1512440514591234,1024,32,32,78,13
1512440514595126,1512440514595140,1024,32,32,73,14
1512440514599023,1512440514599035,1024,32,32,85,12
1512440514602922,1512440514602934,1024,32,32,85,12
1512440514606828,1512440514606840,1024,32,32,85,12
1512440514610777,1512440514610789,1024,32,32,85,12
1512440514614682,1512440514614695,1024,32,32,78,13
1512440514618575,1512440514618587,1024,32,32,85,12
1512440514622449,1512440514622461,1024,32,32,85,12
1512440514626345,1512440514626358,1024,32,32,78,13
1512440514630228,1512440514630240,1024,32,32,85,12
1512440514634117,1512440514634129,1024,32,32,85,12
1512440514638014,1512440514638029,1024,32,32,68,15
1512440514641946,1512440514641958,1024,32,32,85,12
1512440514645854,1512440514645868,1024,32,32,73,14
1512440514649755,1512440514649769,1024,32,32,73,14
1512440514653666,1512440514653679,1024,32,32,78,13
1512440514657580,1512440514657593,1024,32,32,78,13
1512440514661500,1512440514661513,1024,32,32,78,13
1512440514665406,1512440514665418,1024,32,32,85,12
1512440514669309,1512440514669324,1024,32,32,68,15
1512440514673209,1512440514673222,1024,32,32,78,13
1512440514677100,1512440514677113,1024,32,32,78,13
1512440514681013,1512440514681026,1024,32,32,78,13
1512440514684903,1512440514684916,1024,32,32,78,13
1512440514688825,1512440514688838,1024,32,32,78,13
1512440514692740,1512440514692752,1024,32,32,85,12
1512440514696634,1512440514696647,1024,32,32,78,13
1512440514700517,1512440514700530,1024,32,32,78,13
1512440514704401,1512440514704414,1024,32,32,78,13
1512440514708305,1512440514708318,1024,32,32,78,13
1512440514712218,1512440514712231,1024,32,32,78,13
1512440514716146,1512440514716156,1024,32,32,102,10
1512440514720056,1512440514720071,1024,32,32,68,15
1512440514723959,1512440514723972,1024,32,32,78,13
1512440514727853,1512440514727867,1024,32,32,73,14
1512440514731759,1512440514731773,1024,32,32,73,14
1512440514735665,1512440514735677,1024,32,32,85,12
1512440514739566,1512440514739578,1024,32,32,85,12
1512440514743465,1512440514743478,1024,32,32,78,13
1512440514747363,1512440514747376,1024,32,32,78,13
1512440514751266,1512440514751278,1024,32,32,85,12
1512440514755182,1512440514755194,1024,32,32,85,12
1512440514759082,1512440514759094,1024,32,32,85,12
1512440514762986,1512440514762998,1024,32,32,85,12
1512440514766877,1512440514766890,1024,32,32,78,13
1512440514770753,1512440514770766,1024,32,32,78,13
1512440514774641,1512440514774657,1024,32,32,64,16
1512440514778508,1512440514778520,1024,32,32,85,12
1512440514782389,1512440514782405,1024,32,32,64,16
1512440514786253,1512440514786265,1024,32,32,85,12
1512440514790135,1512440514790149,1024,32,32,73,14
1512440514794010,1512440514794023,1024,32,32,78,13
1512440514797914,1512440514797926,1024,32,32,85,12
1512440514801811,1512440514801824,1024,32,32,78,13
1512440514805697,1512440514805709,1024,32,32,85,12
1512440514809601,1512440514809613,1024,32,32,85,12
1512440514813504,1512440514813516,1024,32,32,85,12
1512440514817393,1512440514817405,1024,32,32,85,12
1512440514821274,1512440514821286,1024,32,32,85,12
1512440514825161,1512440514825174,1024,32,32,78,13
1512440514829039,1512440514829051,1024,32,32,85,12
1512440514832935,1512440514832945,1024,32,32,102,10
1512440514836857,1512440514836869,1024,32,32,85,12
1512440514840771,1512440514840784,1024,32,32,78,13
1512440514844659,1512440514844671,1024,32,32,85,12
1512440514848527,1512440514848540,1024,32,32,78,13
1512440514852410,1512440514852422,1024,32,32,85,12
1512440514856292,1512440514856307,1024,32,32,68,15
1512440514860175,1512440514860189,1024,32,32,73,14
1512440514864063,1512440514864076,1024,32,32,78,13
1512440514867954,1512440514867966,1024,32,32,85,12
1512440514871863,1512440514871875,1024,32,32,85,12
1512440514875771,1512440514875784,1024,32,32,78,13
1512440514879680,1512440514879693,1024,32,32,78,13
1512440514883590,1512440514883603,1024,32,32,78,13
1512440514887492,1512440514887504,1024,32,32,85,12
1512440514891383,1512440514891395,1024,32,32,85,12
1512440514895277,1512440514895292,1024,32,32,68,15
1512440514899162,1512440514899175,1024,32,32,78,13
1512440514903073,1512440514903085,1024,32,32,85,12
1512440514906968,1512440514906980,1024,32,32,85,12
1512440514910848,1512440514910861,1024,32,32,78,13
1512440514914733,1512440514914745,1024,32,32,85,12
1512440514918634,1512440514918647,1024,32,32,78,13
1512440514922542,1512440514922554,1024,32,32,85,12
1512440514926452,1512440514926465,1024,32,32,78,13
1512440514930347,1512440514930359,1024,32,32,85,12
1512440514934273,1512440514934286,1024,32,32,78,13
1512440514938206,1512440514938220,1024,32,32,73,14
1512440514942108,1512440514942121,1024,32,32,78,13
1512440514946012,1512440514946025,1024,32,32,78,13
1512440514949936,1512440514949948,1024,32,32,85,12
1512440514953845,1512440514953857,1024,32,32,85,12
1512440514957780,1512440514957794,1024,32,32,73,14
1512440514961677,1512440514961689,1024,32,32,85,12
1512440514965571,1512440514965584,1024,32,32,78,13
1512440514969480,1512440514969493,1024,32,32,78,13
1512440514973379,1512440514973392,1024,32,32,78,13
1512440514977273,1512440514977285,1024,32,32,85,12
1512440514981207,1512440514981219,1024,32,32,85,12
1512440514985134,1512440514985146,1024,32,32,85,12
1512440514989029,1512440514989043,1024,32,32,73,14
1512440514992925,1512440514992937,1024,32,32,85,12
1512440514996823,1512440514996836,1024,32,32,78,13
1512440515000726,1512440515000738,1024,32,32,85,12
1512440515004636,1512440515004649,1024,32,32,78,13
1512440515008550,1512440515008562,1024,32,32,85,12
1512440515012463,1512440515012476,1024,32,32,78,13
1512440515016371,1512440515016383,1024,32,32,85,12
1512440515020245,1512440515020258,1024,32,32,78,13
1512440515024117,1512440515024129,1024,32,32,85,12
1512440515028017,1512440515028029,1024,32,32,85,12
1512440515031904,1512440515031917,1024,32,32,78,13
1512440515035808,1512440515035820,1024,32,32,85,12
1512440515039697,1512440515039710,1024,32,32,78,13
1512440515043600,1512440515043613,1024,32,32,78,13
1512440515047513,1512440515047525,1024,32,32,85,12
1512440515051419,1512440515051431,1024,32,32,85,12
1512440515055317,1512440515055330,1024,32,32,78,13
1512440515059225,1512440515059238,1024,32,32,78,13
1512440515063128,1512440515063142,1024,32,32,73,14
1512440515067038,1512440515067050,1024,32,32,85,12
1512440515070909,1512440515070922,1024,32,32,78,13
1512440515074786,1512440515074798,1024,32,32,85,12
1512440515078653,1512440515078665,1024,32,32,85,12
1512440515082540,1512440515082555,1024,32,32,68,15
1512440515086428,1512440515086440,1024,32,32,85,12
1512440515090327,1512440515090341,1024,32,32,73,14
1512440515094212,1512440515094227,1024,32,32,68,15
1512440515098119,1512440515098132,1024,32,32,78,13
1512440515102019,1512440515102033,1024,32,32,73,14
1512440515105938,1512440515105952,1024,32,32,73,14
1512440515109860,1512440515109874,1024,32,32,73,14
1512440515113760,1512440515113772,1024,32,32,85,12
1512440515117668,1512440515117680,1024,32,32,85,12
1512440515121571,1512440515121584,1024,32,32,78,13
1512440515125487,1512440515125500,1024,32,32,78,13
1512440515129363,1512440515129376,1024,32,32,78,13
1512440515133229,1512440515133242,1024,32,32,78,13
1512440515137140,1512440515137154,1024,32,32,73,14
1512440515141059,1512440515141074,1024,32,32,68,15
1512440515144962,1512440515144975,1024,32,32,78,13
1512440515148870,1512440515148883,1024,32,32,78,13
1512440515152770,1512440515152785,1024,32,32,68,15
1512440515156678,1512440515156691,1024,32,32,78,13
1512440515160564,1512440515160576,1024,32,32,85,12
1512440515164452,1512440515164464,1024,32,32,85,12
1512440515168327,1512440515168339,1024,32,32,85,12
1512440515172231,1512440515172244,1024,32,32,78,13
1512440515176144,1512440515176156,1024,32,32,85,12
1512440515180034,1512440515180046,1024,32,32,85,12
1512440515183941,1512440515183954,1024,32,32,78,13
1512440515187842,1512440515187855,1024,32,32,78,13
1512440515191751,1512440515191763,1024,32,32,85,12
1512440515195643,1512440515195658,1024,32,32,68,15
1512440515199581,1512440515199594,1024,32,32,78,13
1512440515203476,1512440515203489,1024,32,32,78,13
1512440515207364,1512440515207378,1024,32,32,73,14
1512440515211265,1512440515211277,1024,32,32,85,12
1512440515215178,1512440515215190,1024,32,32,85,12
1512440515219104,1512440515219116,1024,32,32,85,12
1512440515223019,1512440515223034,1024,32,32,68,15
1512440515226938,1512440515226954,1024,32,32,64,16
1512440515230850,1512440515230862,1024,32,32,85,12
1512440515234736,1512440515234749,1024,32,32,78,13
1512440515238633,1512440515238645,1024,32,32,85,12
1512440515242525,1512440515242537,1024,32,32,85,12
1512440515246430,1512440515246442,1024,32,32,85,12
1512440515250327,1512440515250340,1024,32,32,78,13
1512440515254222,1512440515254236,1024,32,32,73,14
1512440515258132,1512440515258144,1024,32,32,85,12
1512440515262045,1512440515262057,1024,32,32,85,12
1512440515265976,1512440515265988,1024,32,32,85,12
1512440515269875,1512440515269887,1024,32,32,85,12
1512440515273771,1512440515273784,1024,32,32,78,13
1512440515277657,1512440515277669,1024,32,32,85,12
1512440515281558,1512440515281571,1024,32,32,78,13
1512440515285464,1512440515285477,1024,32,32,78,13
1512440515289417,1512440515289430,1024,32,32,78,13
1512440515293342,1512440515293354,1024,32,32,85,12
1512440515297263,1512440515297277,1024,32,32,73,14
1512440515301167,1512440515301181,1024,32,32,73,14
1512440515305082,1512440515305095,1024,32,32,78,13
1512440515308967,1512440515308979,1024,32,32,85,12
1512440515312881,1512440515312895,1024,32,32,73,14
1512440515316759,1512440515316775,1024,32,32,64,16
1512440515320645,1512440515320660,1024,32,32,68,15
1512440515324540,1512440515324552,1024,32,32,85,12
1512440515328435,1512440515328447,1024,32,32,85,12
1512440515332379,1512440515332391,1024,32,32,85,12
1512440515336294,1512440515336307,1024,32,32,78,13
1512440515340193,1512440515340208,1024,32,32,68,15
1512440515344094,1512440515344107,1024,32,32,78,13
1512440515348022,1512440515348034,1024,32,32,85,12
1512440515351921,1512440515351934,1024,32,32,78,13
1512440515355821,1512440515355833,1024,32,32,85,12
1512440515359742,1512440515359757,1024,32,32,68,15
1512440515363655,1512440515363668,1024,32,32,78,13
1512440515367544,1512440515367556,1024,32,32,85,12
1512440515371444,1512440515371456,1024,32,32,85,12
1512440515375353,1512440515375365,1024,32,32,85,12
1512440515379258,1512440515379272,1024,32,32,73,14
1512440515383143,1512440515383158,1024,32,32,68,15
1512440515387053,1512440515387066,1024,32,32,78,13
1512440515390972,1512440515390984,1024,32,32,85,12
1512440515394893,1512440515394906,1024,32,32,78,13
1512440515398809,1512440515398821,1024,32,32,85,12
1512440515402728,1512440515402742,1024,32,32,73,14
1512440515406639,1512440515406652,1024,32,32,78,13
1512440515410549,1512440515410563,1024,32,32,73,14
1512440515414468,1512440515414483,1024,32,32,68,15
1512440515418391,1512440515418403,1024,32,32,85,12
1512440515422301,1512440515422313,1024,32,32,85,12
1512440515426205,1512440515426218,1024,32,32,78,13
1512440515430105,1512440515430118,1024,32,32,78,13
1512440515434006,1512440515434020,1024,32,32,73,14
1512440515437920,1512440515437932,1024,32,32,85,12
1512440515441807,1512440515441819,1024,32,32,85,12
1512440515445744,1512440515445758,1024,32,32,73,14
1512440515449675,1512440515449687,1024,32,32,85,12
1512440515453605,1512440515453618,1024,32,32,78,13
1512440515457541,1512440515457553,1024,32,32,85,12
1512440515461441,1512440515461455,1024,32,32,73,14
1512440515465310,1512440515465324,1024,32,32,73,14
1512440515469199,1512440515469212,1024,32,32,78,13
1512440515473081,1512440515473093,1024,32,32,85,12
1512440515476968,1512440515476982,1024,32,32,73,14
1512440515480868,1512440515480880,1024,32,32,85,12
1512440515484746,1512440515484759,1024,32,32,78,13
1512440515488640,1512440515488653,1024,32,32,78,13
1512440515492519,1512440515492532,1024,32,32,78,13
1512440515496413,1512440515496426,1024,32,32,78,13
1512440515500324,1512440515500337,1024,32,32,78,13
1512440515504236,1512440515504248,1024,32,32,85,12
1512440515508146,1512440515508160,1024,32,32,73,14
1512440515512055,1512440515512067,1024,32,32,85,12
1512440515515974,1512440515515987,1024,32,32,78,13
1512440515519904,1512440515519917,1024,32,32,78,13
1512440515523816,1512440515523828,1024,32,32,85,12
1512440515527707,1512440515527722,1024,32,32,68,15
1512440515531600,1512440515531612,1024,32,32,85,12
1512440515535494,1512440515535507,1024,32,32,78,13
1512440515539391,1512440515539403,1024,32,32,85,12
1512440515543288,1512440515543301,1024,32,32,78,13
1512440515547199,1512440515547211,1024,32,32,85,12
1512440515551103,1512440515551115,1024,32,32,85,12
1512440515555006,1512440515555020,1024,32,32,73,14
1512440515558930,1512440515558944,1024,32,32,73,14
1512440515562838,1512440515562851,1024,32,32,78,13
1512440515566742,1512440515566756,1024,32,32,73,14
1512440515570646,1512440515570660,1024,32,32,73,14
1512440515574598,1512440515574610,1024,32,32,85,12
1512440515578532,1512440515578545,1024,32,32,78,13
1512440515582436,1512440515582448,1024,32,32,85,12
1512440515586354,1512440515586366,1024,32,32,85,12
1512440515590269,1512440515590281,1024,32,32,85,12
1512440515594180,1512440515594192,1024,32,32,85,12
1512440515598092,1512440515598106,1024,32,32,73,14
1512440515601989,1512440515602002,1024,32,32,78,13
1512440515605873,1512440515605885,1024,32,32,85,12
1512440515609772,1512440515609787,1024,32,32,68,15
1512440515613683,1512440515613697,1024,32,32,73,14
1512440515617576,1512440515617589,1024,32,32,78,13
1512440515621467,1512440515621479,1024,32,32,85,12
1512440515625358,1512440515625371,1024,32,32,78,13
1512440515629292,1512440515629307,1024,32,32,68,15
1512440515633217,1512440515633229,1024,32,32,85,12
1512440515637151,1512440515637165,1024,32,32,73,14
1512440515641076,1512440515641089,1024,32,32,78,13
1512440515644995,1512440515645008,1024,32,32,78,13
1512440515648905,1512440515648918,1024,32,32,78,13
1512440515652822,1512440515652834,1024,32,32,85,12
1512440515656739,1512440515656751,1024,32,32,85,12
1512440515660622,1512440515660635,1024,32,32,78,13
1512440515664505,1512440515664517,1024,32,32,85,12
1512440515668401,1512440515668414,1024,32,32,78,13
1512440515672303,1512440515672315,1024,32,32,85,12
1512440515676222,1512440515676235,1024,32,32,78,13
1512440515680110,1512440515680124,1024,32,32,73,14
1512440515684042,1512440515684055,1024,32,32,78,13
1512440515687956,1512440515687969,1024,32,32,78,13
1512440515691853,1512440515691868,1024,32,32,68,15
1512440515695768,1512440515695781,1024,32,32,78,13
1512440515699665,1512440515699679,1024,32,32,73,14
1512440515703554,1512440515703566,1024,32,32,85,12
1512440515707448,1512440515707460,1024,32,32,85,12
1512440515711357,1512440515711372,1024,32,32,68,15
1512440515715288,1512440515715301,1024,32,32,78,13
1512440515719211,1512440515719224,1024,32,32,78,13
1512440515723115,1512440515723129,1024,32,32,73,14
1512440515727033,1512440515727046,1024,32,32,78,13
1512440515730962,1512440515730976,1024,32,32,73,14
1512440515734847,1512440515734860,1024,32,32,78,13
1512440515738771,1512440515738785,1024,32,32,73,14
1512440515742715,1512440515742727,1024,32,32,85,12
1512440515746688,1512440515746703,1024,32,32,68,15
1512440515750598,1512440515750611,1024,32,32,78,13
1512440515754501,1512440515754514,1024,32,32,78,13
1512440515758433,1512440515758446,1024,32,32,78,13
1512440515762332,1512440515762346,1024,32,32,73,14
1512440515766212,1512440515766225,1024,32,32,78,13
1512440515770098,1512440515770112,1024,32,32,73,14
1512440515773979,1512440515773992,1024,32,32,78,13
1512440515777856,1512440515777869,1024,32,32,78,13
1512440515781754,1512440515781766,1024,32,32,85,12
1512440515785640,1512440515785652,1024,32,32,85,12
1512440515789537,1512440515789549,1024,32,32,85,12
1512440515793440,1512440515793454,1024,32,32,73,14
1512440515797348,1512440515797360,1024,32,32,85,12
1512440515801242,1512440515801256,1024,32,32,73,14
1512440515805138,1512440515805150,1024,32,32,85,12
1512440515809067,1512440515809080,1024,32,32,78,13
1512440515812973,1512440515812985,1024,32,32,85,12
1512440515816874,1512440515816886,1024,32,32,85,12
1512440515820757,1512440515820770,1024,32,32,78,13
1512440515824670,1512440515824682,1024,32,32,85,12
1512440515828577,1512440515828589,1024,32,32,85,12
1512440515832483,1512440515832495,1024,32,32,85,12
1512440515836398,1512440515836411,1024,32,32,78,13
1512440515840312,1512440515840325,1024,32,32,78,13
1512440515844225,1512440515844238,1024,32,32,78,13
1512440515848132,1512440515848147,1024,32,32,68,15
1512440515852038,1512440515852051,1024,32,32,78,13
1512440515855939,1512440515855951,1024,32,32,85,12
1512440515859847,1512440515859860,1024,32,32,78,13
1512440515863753,1512440515863768,1024,32,32,68,15
1512440515867651,1512440515867663,1024,32,32,85,12
1512440515871577,1512440515871590,1024,32,32,78,13
1512440515875460,1512440515875473,1024,32,32,78,13
1512440515879362,1512440515879375,1024,32,32,78,13
1512440515883258,1512440515883271,1024,32,32,78,13
1512440515887158,1512440515887171,1024,32,32,78,13
1512440515891061,1512440515891075,1024,32,32,73,14
1512440515894951,1512440515894964,1024,32,32,78,13
1512440515898827,1512440515898840,1024,32,32,78,13
1512440515902732,1512440515902744,1024,32,32,85,12
1512440515906623,1512440515906635,1024,32,32,85,12
1512440515910530,1512440515910542,1024,32,32,85,12
1512440515914425,1512440515914438,1024,32,32,78,13
1512440515918330,1512440515918345,1024,32,32,68,15
1512440515922214,1512440515922227,1024,32,32,78,13
1512440515926094,1512440515926107,1024,32,32,78,13
1512440515929983,1512440515929995,1024,32,32,85,12
1512440515933894,1512440515933910,1024,32,32,64,16
1512440515937800,1512440515937812,1024,32,32,85,12
1512440515941721,1512440515941733,1024,32,32,85,12
1512440515945618,1512440515945630,1024,32,32,85,12
1512440515949529,1512440515949542,1024,32,32,78,13
1512440515953436,1512440515953449,1024,32,32,78,13
1512440515957327,1512440515957339,1024,32,32,85,12
1512440515961238,1512440515961251,1024,32,32,78,13
1512440515965171,1512440515965184,1024,32,32,78,13
1512440515969113,1512440515969125,1024,32,32,85,12
1512440515973020,1512440515973033,1024,32,32,78,13
1512440515976934,1512440515976948,1024,32,32,73,14
1512440515980814,1512440515980828,1024,32,32,73,14
1512440515984718,1512440515984731,1024,32,32,78,13
1512440515988644,1512440515988658,1024,32,32,73,14
1512440515992591,1512440515992604,1024,32,32,78,13
1512440515996511,1512440515996523,1024,32,32,85,12
1512440516000415,1512440516000427,1024,32,32,85,12
1512440516004340,1512440516004353,1024,32,32,78,13
1512440516008236,1512440516008249,1024,32,32,78,13
1512440516012139,1512440516012152,1024,32,32,78,13
1512440516016050,1512440516016062,1024,32,32,85,12
1512440516019964,1512440516019977,1024,32,32,78,13
1512440516023839,1512440516023854,1024,32,32,68,15
1512440516027741,1512440516027754,1024,32,32,78,13
1512440516031662,1512440516031674,1024,32,32,85,12
1512440516035563,1512440516035577,1024,32,32,73,14
1512440516039456,1512440516039469,1024,32,32,78,13
1512440516043356,1512440516043369,1024,32,32,78,13
1512440516047267,1512440516047280,1024,32,32,78,13
1512440516051190,1512440516051203,1024,32,32,78,13
1512440516055111,1512440516055123,1024,32,32,85,12
1512440516059025,1512440516059038,1024,32,32,78,13
1512440516062926,1512440516062941,1024,32,32,68,15
1512440516066826,1512440516066838,1024,32,32,85,12
1512440516070745,1512440516070759,1024,32,32,73,14
1512440516074630,1512440516074642,1024,32,32,85,12
1512440516078537,1512440516078549,1024,32,32,85,12
1512440516082432,1512440516082445,1024,32,32,78,13
1512440516086316,1512440516086328,1024,32,32,85,12
1512440516090223,1512440516090236,1024,32,32,78,13
1512440516094132,1512440516094146,1024,32,32,73,14
1512440516098045,1512440516098057,1024,32,32,85,12
1512440516101931,1512440516101944,1024,32,32,78,13
1512440516105859,1512440516105873,1024,32,32,73,14
1512440516109788,1512440516109801,1024,32,32,78,13
1512440516113694,1512440516113707,1024,32,32,78,13
1512440516117593,1512440516117606,1024,32,32,78,13
1512440516121512,1512440516121524,1024,32,32,85,12
1512440516125406,1512440516125420,1024,32,32,73,14
1512440516129301,1512440516129313,1024,32,32,85,12
1512440516133197,1512440516133211,1024,32,32,73,14
1512440516137089,1512440516137103,1024,32,32,73,14
1512440516141004,1512440516141019,1024,32,32,68,15
1512440516144905,1512440516144917,1024,32,32,85,12
1512440516148785,1512440516148797,1024,32,32,85,12
1512440516152688,1512440516152701,1024,32,32,78,13
1512440516156579,1512440516156593,1024,32,32,73,14
1512440516160481,1512440516160493,1024,32,32,85,12
1512440516164374,1512440516164387,1024,32,32,78,13
1512440516168271,1512440516168283,1024,32,32,85,12
1512440516172190,1512440516172203,1024,32,32,78,13
1512440516176078,1512440516176091,1024,32,32,78,13
1512440516179994,1512440516180008,1024,32,32,73,14
1512440516183893,1512440516183906,1024,32,32,78,13
1512440516187781,1512440516187794,1024,32,32,78,13
1512440516191680,1512440516191693,1024,32,32,78,13
1512440516195582,1512440516195594,1024,32,32,85,12
1512440516199514,1512440516199528,1024,32,32,73,14
1512440516203411,1512440516203423,1024,32,32,85,12
1512440516207281,1512440516207294,1024,32,32,78,13
1512440516211159,1512440516211174,1024,32,32,68,15
1512440516215041,1512440516215054,1024,32,32,78,13
1512440516218948,1512440516218961,1024,32,32,78,13
1512440516222858,1512440516222870,1024,32,32,85,12
1512440516226754,1512440516226767,1024,32,32,78,13
1512440516230644,1512440516230658,1024,32,32,73,14
1512440516234541,1512440516234553,1024,32,32,85,12
1512440516238453,1512440516238466,1024,32,32,78,13
1512440516242379,1512440516242391,1024,32,32,85,12
1512440516246279,1512440516246292,1024,32,32,78,13
1512440516250195,1512440516250208,1024,32,32,78,13
1512440516254124,1512440516254137,1024,32,32,78,13
1512440516258024,1512440516258036,1024,32,32,85,12
1512440516261968,1512440516261981,1024,32,32,78,13
1512440516265897,1512440516265910,1024,32,32,78,13
1512440516269828,1512440516269841,1024,32,32,78,13
1512440516273752,1512440516273765,1024,32,32,78,13
1512440516277630,1512440516277643,1024,32,32,78,13
1512440516281533,1512440516281546,1024,32,32,78,13
1512440516285433,1512440516285447,1024,32,32,73,14
1512440516289315,1512440516289327,1024,32,32,85,12
1512440516293205,1512440516293217,1024,32,32,85,12
1512440516297094,1512440516297106,1024,32,32,85,12
1512440516300995,1512440516301011,1024,32,32,64,16
1512440516304926,1512440516304940,1024,32,32,73,14
1512440516308831,1512440516308843,1024,32,32,85,12
1512440516312744,1512440516312758,1024,32,32,73,14
1512440516316656,1512440516316670,1024,32,32,73,14
1512440516320567,1512440516320580,1024,32,32,78,13
1512440516324481,1512440516324494,1024,32,32,78,13
1512440516328404,1512440516328419,1024,32,32,68,15
1512440516332340,1512440516332353,1024,32,32,78,13
1512440516336258,1512440516336271,1024,32,32,78,13
1512440516340166,1512440516340179,1024,32,32,78,13
1512440516344085,1512440516344097,1024,32,32,85,12
1512440516347976,1512440516347988,1024,32,32,85,12
1512440516351864,1512440516351876,1024,32,32,85,12
1512440516355760,1512440516355774,1024,32,32,73,14
1512440516359648,1512440516359662,1024,32,32,73,14
1512440516363540,1512440516363553,1024,32,32,78,13
1512440516367438,1512440516367451,1024,32,32,78,13
1512440516371371,1512440516371383,1024,32,32,85,12
1512440516375292,1512440516375304,1024,32,32,85,12
1512440516379189,1512440516379202,1024,32,32,78,13
1512440516383086,1512440516383100,1024,32,32,73,14
1512440516387013,1512440516387026,1024,32,32,78,13
1512440516390935,1512440516390950,1024,32,32,68,15
1512440516394833,1512440516394846,1024,32,32,78,13
1512440516398719,1512440516398732,1024,32,32,78,13
1512440516402603,1512440516402615,1024,32,32,85,12
1512440516406473,1512440516406488,1024,32,32,68,15
1512440516410350,1512440516410363,1024,32,32,78,13
1512440516414248,1512440516414261,1024,32,32,78,13
1512440516418144,1512440516418156,1024,32,32,85,12
1512440516422045,1512440516422058,1024,32,32,78,13
1512440516425950,1512440516425963,1024,32,32,78,13
1512440516429844,1512440516429856,1024,32,32,85,12
1512440516433734,1512440516433750,1024,32,32,64,16
1512440516437619,1512440516437632,1024,32,32,78,13
1512440516441499,1512440516441512,1024,32,32,78,13
1512440516445376,1512440516445389,1024,32,32,78,13
1512440516449272,1512440516449285,1024,32,32,78,13
1512440516453168,1512440516453182,1024,32,32,73,14
1512440516457064,1512440516457076,1024,32,32,85,12
1512440516460936,1512440516460949,1024,32,32,78,13
1512440516464812,1512440516464824,1024,32,32,85,12
1512440516468726,1512440516468743,1024,32,32,60,17
1512440516472625,1512440516472637,1024,32,32,85,12
1512440516476526,1512440516476538,1024,32,32,85,12
1512440516480429,1512440516480441,1024,32,32,85,12
1512440516484309,1512440516484321,1024,32,32,85,12
1512440516488208,1512440516488220,1024,32,32,85,12
1512440516492101,1512440516492115,1024,32,32,73,14
1512440516496011,1512440516496025,1024,32,32,73,14
1512440516499917,1512440516499930,1024,32,32,78,13
1512440516503817,1512440516503829,1024,32,32,85,12
1512440516507721,1512440516507733,1024,32,32,85,12
1512440516511613,1512440516511626,1024,32,32,78,13
1512440516515519,1512440516515532,1024,32,32,78,13
1512440516519428,1512440516519442,1024,32,32,73,14
1512440516523333,1512440516523346,1024,32,32,78,13
1512440516527230,1512440516527243,1024,32,32,78,13
1512440516531136,1512440516531149,1024,32,32,78,13
1512440516535016,1512440516535028,1024,32,32,85,12
1512440516538925,1512440516538939,1024,32,32,73,14
1512440516542840,1512440516542853,1024,32,32,78,13
1512440516546722,1512440516546736,1024,32,32,73,14
1512440516550623,1512440516550636,1024,32,32,78,13
1512440516554532,1512440516554546,1024,32,32,73,14
1512440516558446,1512440516558458,1024,32,32,85,12
1512440516562352,1512440516562365,1024,32,32,78,13
1512440516566241,1512440516566254,1024,32,32,78,13
1512440516570151,1512440516570165,1024,32,32,73,14
1512440516574054,1512440516574066,1024,32,32,85,12
1512440516577939,1512440516577951,1024,32,32,85,12
1512440516581825,1512440516581837,1024,32,32,85,12
1512440516585716,1512440516585729,1024,32,32,78,13
1512440516589613,1512440516589626,1024,32,32,78,13
1512440516593524,1512440516593538,1024,32,32,73,14
1512440516597437,1512440516597449,1024,32,32,85,12
1512440516601313,1512440516601325,1024,32,32,85,12
1512440516605193,1512440516605206,1024,32,32,78,13
1512440516609112,1512440516609125,1024,32,32,78,13
1512440516613002,1512440516613014,1024,32,32,85,12
1512440516616891,1512440516616904,1024,32,32,78,13
1512440516620794,1512440516620807,1024,32,32,78,13
1512440516624707,1512440516624723,1024,32,32,64,16
1512440516628601,1512440516628613,1024,32,32,85,12
1512440516632499,1512440516632511,1024,32,32,85,12
1512440516636382,1512440516636395,1024,32,32,78,13
1512440516640288,1512440516640301,1024,32,32,78,13
1512440516644168,1512440516644184,1024,32,32,64,16
1512440516648053,1512440516648066,1024,32,32,78,13
1512440516651944,1512440516651958,1024,32,32,73,14
1512440516655873,1512440516655886,1024,32,32,78,13
1512440516659791,1512440516659803,1024,32,32,85,12
1512440516663687,1512440516663699,1024,32,32,85,12
1512440516667599,1512440516667612,1024,32,32,78,13
1512440516671515,1512440516671529,1024,32,32,73,14
1512440516675398,1512440516675411,1024,32,32,78,13
1512440516679303,1512440516679316,1024,32,32,78,13
1512440516683209,1512440516683221,1024,32,32,85,12
1512440516687103,1512440516687116,1024,32,32,78,13
1512440516691016,1512440516691030,1024,32,32,73,14
1512440516694927,1512440516694940,1024,32,32,78,13
1512440516698813,1512440516698826,1024,32,32,78,13
1512440516702701,1512440516702714,1024,32,32,78,13
1512440516706593,1512440516706605,1024,32,32,85,12
1512440516710482,1512440516710494,1024,32,32,85,12
1512440516714347,1512440516714359,1024,32,32,85,12
1512440516718215,1512440516718228,1024,32,32,78,13
1512440516722090,1512440516722102,1024,32,32,85,12
1512440516725966,1512440516725979,1024,32,32,78,13
1512440516729857,1512440516729870,1024,32,32,78,13
1512440516733750,1512440516733762,1024,32,32,85,12
1512440516737628,1512440516737641,1024,32,32,78,13
1512440516741522,1512440516741535,1024,32,32,78,13
1512440516745409,1512440516745422,1024,32,32,78,13
1512440516749289,1512440516749302,1024,32,32,78,13
1512440516753162,1512440516753174,1024,32,32,85,12
1512440516757053,1512440516757065,1024,32,32,85,12
1512440516760936,1512440516760948,1024,32,32,85,12
1512440516764844,1512440516764858,1024,32,32,73,14
1512440516768735,1512440516768748,1024,32,32,78,13
1512440516772642,1512440516772655,1024,32,32,78,13
1512440516776585,1512440516776597,1024,32,32,85,12
1512440516780510,1512440516780522,1024,32,32,85,12
1512440516784404,1512440516784416,1024,32,32,85,12
1512440516788326,1512440516788338,1024,32,32,85,12
1512440516792224,1512440516792238,1024,32,32,73,14
1512440516796128,1512440516796140,1024,32,32,85,12
1512440516800013,1512440516800025,1024,32,32,85,12
1512440516803915,1512440516803929,1024,32,32,73,14
1512440516807823,1512440516807837,1024,32,32,73,14
1512440516811729,1512440516811741,1024,32,32,85,12
1512440516815651,1512440516815665,1024,32,32,73,14
1512440516819572,1512440516819584,1024,32,32,85,12
1512440516823529,1512440516823541,1024,32,32,85,12
1512440516827453,1512440516827465,1024,32,32,85,12
1512440516831336,1512440516831349,1024,32,32,78,13
1512440516835225,1512440516835238,1024,32,32,78,13
1512440516839094,1512440516839106,1024,32,32,85,12
1512440516843000,1512440516843013,1024,32,32,78,13
1512440516846897,1512440516846909,1024,32,32,85,12
1512440516850800,1512440516850812,1024,32,32,85,12
1512440516854678,1512440516854691,1024,32,32,78,13
1512440516858574,1512440516858588,1024,32,32,73,14
1512440516862457,1512440516862470,1024,32,32,78,13
1512440516866379,1512440516866394,1024,32,32,68,15
1512440516870334,1512440516870347,1024,32,32,78,13
1512440516874268,1512440516874281,1024,32,32,78,13
1512440516878191,1512440516878203,1024,32,32,85,12
1512440516882112,1512440516882124,1024,32,32,85,12
1512440516886026,1512440516886039,1024,32,32,78,13
1512440516889958,1512440516889973,1024,32,32,68,15
1512440516893878,1512440516893891,1024,32,32,78,13
1512440516897785,1512440516897799,1024,32,32,73,14
1512440516901714,1512440516901727,1024,32,32,78,13
1512440516905636,1512440516905650,1024,32,32,73,14
1512440516909540,1512440516909554,1024,32,32,73,14
1512440516913445,1512440516913457,1024,32,32,85,12
1512440516917334,1512440516917346,1024,32,32,85,12
1512440516921220,1512440516921232,1024,32,32,85,12
1512440516925113,1512440516925125,1024,32,32,85,12
1512440516929002,1512440516929014,1024,32,32,85,12
1512440516932906,1512440516932918,1024,32,32,85,12
1512440516936838,1512440516936850,1024,32,32,85,12
1512440516940733,1512440516940745,1024,32,32,85,12
1512440516944664,1512440516944676,1024,32,32,85,12
1512440516948568,1512440516948581,1024,32,32,78,13
1512440516952456,1512440516952470,1024,32,32,73,14
1512440516956350,1512440516956363,1024,32,32,78,13
1512440516960221,1512440516960234,1024,32,32,78,13
1512440516964122,1512440516964135,1024,32,32,78,13
1512440516968021,1512440516968034,1024,32,32,78,13
1512440516971908,1512440516971921,1024,32,32,78,13
1512440516975801,1512440516975814,1024,32,32,78,13
1512440516979685,1512440516979699,1024,32,32,73,14
1512440516983612,1512440516983625,1024,32,32,78,13
1512440516987557,1512440516987571,1024,32,32,73,14
1512440516991447,1512440516991459,1024,32,32,85,12
1512440516995344,1512440516995357,1024,32,32,78,13
1512440516999247,1512440516999259,1024,32,32,85,12
1512440517003143,1512440517003155,1024,32,32,85,12
1512440517007028,1512440517007041,1024,32,32,78,13
1512440517010944,1512440517010958,1024,32,32,73,14
1512440517014857,1512440517014871,1024,32,32,73,14
1512440517018790,1512440517018804,1024,32,32,73,14
1512440517022701,1512440517022714,1024,32,32,78,13
1512440517026669,1512440517026682,1024,32,32,78,13
1512440517030608,1512440517030622,1024,32,32,73,14
1512440517034533,1512440517034547,1024,32,32,73,14
1512440517038452,1512440517038466,1024,32,32,73,14
1512440517042385,1512440517042398,1024,32,32,78,13
1512440517046312,1512440517046325,1024,32,32,78,13
1512440517050253,1512440517050266,1024,32,32,78,13
1512440517054172,1512440517054185,1024,32,32,78,13
1512440517058098,1512440517058110,1024,32,32,85,12
1512440517062003,1512440517062016,1024,32,32,78,13
1512440517065888,1512440517065902,1024,32,32,73,14
1512440517069812,1512440517069826,1024,32,32,73,14
1512440517073724,1512440517073737,1024,32,32,78,13
1512440517077600,1512440517077613,1024,32,32,78,13
1512440517081472,1512440517081486,1024,32,32,73,14
1512440517085368,1512440517085380,1024,32,32,85,12
1512440517089256,1512440517089268,1024,32,32,85,12
1512440517093125,1512440517093137,1024,32,32,85,12
1512440517097021,1512440517097034,1024,32,32,78,13
1512440517100928,1512440517100942,1024,32,32,73,14
1512440517104848,1512440517104862,1024,32,32,73,14
1512440517108761,1512440517108774,1024,32,32,78,13
1512440517112641,1512440517112653,1024,32,32,85,12
1512440517116533,1512440517116545,1024,32,32,85,12
1512440517120431,1512440517120444,1024,32,32,78,13
1512440517124307,1512440517124320,1024,32,32,78,13
1512440517128190,1512440517128203,1024,32,32,78,13
1512440517132079,1512440517132092,1024,32,32,78,13
1512440517135958,1512440517135971,1024,32,32,78,13
1512440517139838,1512440517139851,1024,32,32,78,13
1512440517143732,1512440517143745,1024,32,32,78,13
1512440517147646,1512440517147661,1024,32,32,68,15
1512440517151551,1512440517151564,1024,32,32,78,13
1512440517155460,1512440517155472,1024,32,32,85,12
1512440517159374,1512440517159388,1024,32,32,73,14
1512440517163268,1512440517163281,1024,32,32,78,13
1512440517167162,1512440517167175,1024,32,32,78,13
1512440517171063,1512440517171077,1024,32,32,73,14
1512440517174958,1512440517174971,1024,32,32,78,13
1512440517178856,1512440517178868,1024,32,32,85,12
1512440517182754,1512440517182767,1024,32,32,78,13
1512440517186683,1512440517186695,1024,32,32,85,12
1512440517190595,1512440517190608,1024,32,32,78,13
1512440517194488,1512440517194501,1024,32,32,78,13
1512440517198402,1512440517198414,1024,32,32,85,12
1512440517202325,1512440517202338,1024,32,32,78,13
1512440517206203,1512440517206215,1024,32,32,85,12
1512440517210092,1512440517210106,1024,32,32,73,14
1512440517214003,1512440517214015,1024,32,32,85,12
1512440517217958,1512440517217971,1024,32,32,78,13
1512440517221924,1512440517221938,1024,32,32,73,14
1512440517225858,1512440517225872,1024,32,32,73,14
1512440517229775,1512440517229789,1024,32,32,73,14
1512440517233708,1512440517233725,1024,32,32,60,17
1512440517237615,1512440517237628,1024,32,32,78,13
1512440517241508,1512440517241522,1024,32,32,73,14
1512440517245390,1512440517245403,1024,32,32,78,13
1512440517249336,1512440517249349,1024,32,32,78,13
1512440517253298,1512440517253311,1024,32,32,78,13
1512440517257227,1512440517257239,1024,32,32,85,12
1512440517261128,1512440517261141,1024,32,32,78,13
1512440517265047,1512440517265059,1024,32,32,85,12
1512440517268957,1512440517268970,1024,32,32,78,13
1512440517272865,1512440517272877,1024,32,32,85,12
1512440517276762,1512440517276775,1024,32,32,78,13
1512440517280662,1512440517280676,1024,32,32,73,14
1512440517284554,1512440517284566,1024,32,32,85,12
1512440517288451,1512440517288465,1024,32,32,73,14
1512440517292365,1512440517292379,1024,32,32,73,14
1512440517296256,1512440517296269,1024,32,32,78,13
1512440517300150,1512440517300163,1024,32,32,78,13
1512440517304091,1512440517304105,1024,32,32,73,14
1512440517308041,1512440517308054,1024,32,32,78,13
1512440517311946,1512440517311958,1024,32,32,85,12
1512440517315838,1512440517315850,1024,32,32,85,12
1512440517319767,1512440517319779,1024,32,32,85,12
1512440517323678,1512440517323692,1024,32,32,73,14
1512440517327582,1512440517327595,1024,32,32,78,13
1512440517331495,1512440517331508,1024,32,32,78,13
1512440517335401,1512440517335413,1024,32,32,85,12
1512440517339262,1512440517339275,1024,32,32,78,13
1512440517343154,1512440517343166,1024,32,32,85,12
1512440517347061,1512440517347073,1024,32,32,85,12
1512440517350968,1512440517350981,1024,32,32,78,13
1512440517354860,1512440517354872,1024,32,32,85,12
1512440517358760,1512440517358775,1024,32,32,68,15
1512440517362676,1512440517362688,1024,32,32,85,12
1512440517366587,1512440517366599,1024,32,32,85,12
1512440517370530,1512440517370544,1024,32,32,73,14
1512440517374468,1512440517374481,1024,32,32,78,13
1512440517378420,1512440517378432,1024,32,32,85,12
1512440517382342,1512440517382355,1024,32,32,78,13
1512440517386264,1512440517386277,1024,32,32,78,13
1512440517390181,1512440517390194,1024,32,32,78,13
1512440517394066,1512440517394078,1024,32,32,85,12
1512440517397982,1512440517397995,1024,32,32,78,13
1512440517401921,1512440517401934,1024,32,32,78,13
1512440517405836,1512440517405849,1024,32,32,78,13
1512440517409749,1512440517409761,1024,32,32,85,12
1512440517413648,1512440517413662,1024,32,32,73,14
1512440517417568,1512440517417580,1024,32,32,85,12
1512440517421479,1512440517421493,1024,32,32,73,14
1512440517425366,1512440517425379,1024,32,32,78,13
1512440517429260,1512440517429273,1024,32,32,78,13
1512440517433157,1512440517433170,1024,32,32,78,13
1512440517437048,1512440517437062,1024,32,32,73,14
1512440517440933,1512440517440945,1024,32,32,85,12
1512440517444842,1512440517444855,1024,32,32,78,13
