1512478367031766,1512478367196616,67108864,2097152,32,407,164850
1512478367671332,1512478367826352,67108864,2097152,32,432,155020
1512478368301392,1512478368456601,67108864,2097152,32,432,155209
1512478368931424,1512478369086792,67108864,2097152,32,431,155368
1512478369561439,1512478369716505,67108864,2097152,32,432,155066
1512478370192140,1512478370347065,67108864,2097152,32,433,154925
1512478370821526,1512478370976769,67108864,2097152,32,432,155243
1512478371451079,1512478371606204,67108864,2097152,32,432,155125
1512478372081130,1512478372236141,67108864,2097152,32,432,155011
1512478372711102,1512478372866346,67108864,2097152,32,432,155244
1512478373340848,1512478373495905,67108864,2097152,32,432,155057
1512478373971404,1512478374126707,67108864,2097152,32,432,155303
1512478374600864,1512478374756021,67108864,2097152,32,432,155157
1512478375229681,1512478375384613,67108864,2097152,32,433,154932
1512478375859759,1512478376014569,67108864,2097152,32,433,154810
1512478376490268,1512478376645464,67108864,2097152,32,432,155196
1512478377121137,1512478377275854,67108864,2097152,32,433,154717
1512478377750529,1512478377905892,67108864,2097152,32,431,155363
1512478378379916,1512478378535239,67108864,2097152,32,432,155323
1512478379010098,1512478379165202,67108864,2097152,32,432,155104
1512478379640075,1512478379795246,67108864,2097152,32,432,155171
1512478380269344,1512478380424433,67108864,2097152,32,432,155089
1512478380899696,1512478381054642,67108864,2097152,32,433,154946
1512478381528707,1512478381683794,67108864,2097152,32,432,155087
1512478382158927,1512478382314588,67108864,2097152,32,431,155661
1512478382789745,1512478382944754,67108864,2097152,32,432,155009
1512478383419478,1512478383574797,67108864,2097152,32,432,155319
1512478384049831,1512478384204788,67108864,2097152,32,433,154957
1512478384679403,1512478384834872,67108864,2097152,32,431,155469
1512478385309682,1512478385464938,67108864,2097152,32,432,155256
1512478385939782,1512478386094872,67108864,2097152,32,432,155090
1512478386570306,1512478386725750,67108864,2097152,32,431,155444
1512478387199929,1512478387355159,67108864,2097152,32,432,155230
1512478387830206,1512478387985484,67108864,2097152,32,432,155278
1512478388460053,1512478388615263,67108864,2097152,32,432,155210
1512478389090485,1512478389245729,67108864,2097152,32,432,155244
1512478389721484,1512478389876484,67108864,2097152,32,432,155000
1512478390352005,1512478390507257,67108864,2097152,32,432,155252
1512478390982356,1512478391137137,67108864,2097152,32,433,154781
1512478391612202,1512478391767410,67108864,2097152,32,432,155208
1512478392242336,1512478392397525,67108864,2097152,32,432,155189
1512478392872118,1512478393027216,67108864,2097152,32,432,155098
1512478393501675,1512478393656650,67108864,2097152,32,433,154975
1512478394132488,1512478394288376,67108864,2097152,32,430,155888
1512478394763544,1512478394918802,67108864,2097152,32,432,155258
1512478395393389,1512478395548225,67108864,2097152,32,433,154836
1512478396023453,1512478396178757,67108864,2097152,32,432,155304
1512478396653777,1512478396808976,67108864,2097152,32,432,155199
1512478397283639,1512478397438539,67108864,2097152,32,433,154900
1512478397914524,1512478398070229,67108864,2097152,32,431,155705
1512478398545446,1512478398700505,67108864,2097152,32,432,155059
1512478399176119,1512478399331331,67108864,2097152,32,432,155212
1512478399805917,1512478399961057,67108864,2097152,32,432,155140
1512478400436820,1512478400592378,67108864,2097152,32,431,155558
1512478401066721,1512478401222191,67108864,2097152,32,431,155470
1512478401697149,1512478401852272,67108864,2097152,32,432,155123
1512478402327269,1512478402482635,67108864,2097152,32,431,155366
1512478402957414,1512478403112497,67108864,2097152,32,432,155083
1512478403587103,1512478403742435,67108864,2097152,32,432,155332
1512478404217813,1512478404372264,67108864,2097152,32,434,154451
1512478404847552,1512478405002967,67108864,2097152,32,431,155415
1512478405477771,1512478405633014,67108864,2097152,32,432,155243
1512478406107764,1512478406263140,67108864,2097152,32,431,155376
1512478406737990,1512478406893543,67108864,2097152,32,431,155553
1512478407367913,1512478407523480,67108864,2097152,32,431,155567
1512478407998352,1512478408153167,67108864,2097152,32,433,154815
1512478408628092,1512478408782483,67108864,2097152,32,434,154391
1512478409257643,1512478409413137,67108864,2097152,32,431,155494
1512478409887636,1512478410043077,67108864,2097152,32,431,155441
1512478410518407,1512478410673504,67108864,2097152,32,432,155097
1512478411147880,1512478411303054,67108864,2097152,32,432,155174
1512478411777553,1512478411932751,67108864,2097152,32,432,155198
1512478412407094,1512478412562291,67108864,2097152,32,432,155197
1512478413036445,1512478413191745,67108864,2097152,32,432,155300
1512478413667947,1512478413823003,67108864,2097152,32,432,155056
1512478414298523,1512478414453698,67108864,2097152,32,432,155175
1512478414928877,1512478415083566,67108864,2097152,32,433,154689
1512478415557390,1512478415712245,67108864,2097152,32,433,154855
1512478416187201,1512478416342008,67108864,2097152,32,433,154807
1512478416817741,1512478416973161,67108864,2097152,32,431,155420
1512478417448256,1512478417603547,67108864,2097152,32,432,155291
1512478418078468,1512478418233592,67108864,2097152,32,432,155124
1512478418708409,1512478418863641,67108864,2097152,32,432,155232
1512478419337868,1512478419493207,67108864,2097152,32,432,155339
1512478419968088,1512478420123463,67108864,2097152,32,431,155375
1512478420598375,1512478420753590,67108864,2097152,32,432,155215
1512478421227738,1512478421382619,67108864,2097152,32,433,154881
1512478421856576,1512478422011932,67108864,2097152,32,431,155356
1512478422487336,1512478422642222,67108864,2097152,32,433,154886
1512478423117254,1512478423272721,67108864,2097152,32,431,155467
1512478423747858,1512478423902940,67108864,2097152,32,432,155082
1512478424378799,1512478424534198,67108864,2097152,32,431,155399
1512478425008842,1512478425163850,67108864,2097152,32,432,155008
1512478425639960,1512478425795776,67108864,2097152,32,430,155816
1512478426276093,1512478426431886,67108864,2097152,32,430,155793
1512478426917380,1512478427073062,67108864,2097152,32,431,155682
1512478427559751,1512478427714979,67108864,2097152,32,432,155228
1512478428190210,1512478428345433,67108864,2097152,32,432,155223
1512478428821345,1512478428976687,67108864,2097152,32,432,155342
1512478429451902,1512478429606873,67108864,2097152,32,433,154971
1512478430082541,1512478430238197,67108864,2097152,32,431,155656
1512478430713339,1512478430868668,67108864,2097152,32,432,155329
1512478431343982,1512478431498773,67108864,2097152,32,433,154791
1512478431973992,1512478432129156,67108864,2097152,32,432,155164
1512478432603567,1512478432758574,67108864,2097152,32,432,155007
1512478433233362,1512478433388775,67108864,2097152,32,431,155413
1512478433863990,1512478434018795,67108864,2097152,32,433,154805
1512478434492581,1512478434647979,67108864,2097152,32,431,155398
1512478435124128,1512478435279516,67108864,2097152,32,431,155388
1512478435754859,1512478435909521,67108864,2097152,32,433,154662
1512478436384703,1512478436539964,67108864,2097152,32,432,155261
1512478437014233,1512478437169688,67108864,2097152,32,431,155455
1512478437644332,1512478437799314,67108864,2097152,32,433,154982
1512478438273721,1512478438429132,67108864,2097152,32,431,155411
1512478438903440,1512478439058667,67108864,2097152,32,432,155227
1512478439534572,1512478439689717,67108864,2097152,32,432,155145
1512478440164240,1512478440319312,67108864,2097152,32,432,155072
1512478440795000,1512478440949592,67108864,2097152,32,434,154592
1512478441423882,1512478441579404,67108864,2097152,32,431,155522
1512478442053887,1512478442209284,67108864,2097152,32,431,155397
1512478442683872,1512478442838761,67108864,2097152,32,433,154889
1512478443313401,1512478443468838,67108864,2097152,32,431,155437
1512478443943884,1512478444099250,67108864,2097152,32,431,155366
1512478444573669,1512478444729078,67108864,2097152,32,431,155409
1512478445203390,1512478445358486,67108864,2097152,32,432,155096
1512478445833226,1512478445988313,67108864,2097152,32,432,155087
1512478446463838,1512478446618437,67108864,2097152,32,434,154599
1512478447093255,1512478447248460,67108864,2097152,32,432,155205
1512478447723381,1512478447878838,67108864,2097152,32,431,155457
1512478448354275,1512478448509492,67108864,2097152,32,432,155217
1512478448984882,1512478449139877,67108864,2097152,32,432,154995
1512478449615110,1512478449770259,67108864,2097152,32,432,155149
1512478450245689,1512478450400271,67108864,2097152,32,434,154582
1512478450874397,1512478451029242,67108864,2097152,32,433,154845
1512478451503557,1512478451658340,67108864,2097152,32,433,154783
1512478452133727,1512478452288786,67108864,2097152,32,432,155059
1512478452763582,1512478452918425,67108864,2097152,32,433,154843
1512478453393059,1512478453547614,67108864,2097152,32,434,154555
1512478454022959,1512478454177225,67108864,2097152,32,435,154266
1512478454651776,1512478454806832,67108864,2097152,32,432,155056
1512478455281327,1512478455436296,67108864,2097152,32,433,154969
1512478455911268,1512478456066370,67108864,2097152,32,432,155102
1512478456540862,1512478456695337,67108864,2097152,32,434,154475
1512478457170237,1512478457324084,67108864,2097152,32,436,153847
1512478457799117,1512478457953801,67108864,2097152,32,433,154684
1512478458428759,1512478458583719,67108864,2097152,32,433,154960
1512478459059716,1512478459214441,67108864,2097152,32,433,154725
1512478459689771,1512478459845150,67108864,2097152,32,431,155379
1512478460319341,1512478460474103,67108864,2097152,32,433,154762
1512478460949698,1512478461105021,67108864,2097152,32,432,155323
1512478461578980,1512478461733359,67108864,2097152,32,434,154379
1512478462208920,1512478462363780,67108864,2097152,32,433,154860
1512478462838464,1512478462993826,67108864,2097152,32,431,155362
1512478463468979,1512478463623522,67108864,2097152,32,434,154543
1512478464098842,1512478464253741,67108864,2097152,32,433,154899
1512478464728442,1512478464882785,67108864,2097152,32,434,154343
1512478465358010,1512478465512429,67108864,2097152,32,434,154419
1512478465987841,1512478466142574,67108864,2097152,32,433,154733
1512478466617121,1512478466772403,67108864,2097152,32,432,155282
1512478467247411,1512478467401879,67108864,2097152,32,434,154468
1512478467875769,1512478468030722,67108864,2097152,32,433,154953
1512478468506118,1512478468659700,67108864,2097152,32,436,153582
1512478469135308,1512478469290674,67108864,2097152,32,431,155366
1512478469765008,1512478469920175,67108864,2097152,32,432,155167
1512478470394969,1512478470548822,67108864,2097152,32,436,153853
1512478471023316,1512478471176835,67108864,2097152,32,437,153519
1512478471650912,1512478471805945,67108864,2097152,32,432,155033
1512478472280960,1512478472435870,67108864,2097152,32,433,154910
1512478472910127,1512478473065313,67108864,2097152,32,432,155186
1512478473540779,1512478473694649,67108864,2097152,32,436,153870
1512478474170658,1512478474325938,67108864,2097152,32,432,155280
1512478474801354,1512478474956201,67108864,2097152,32,433,154847
1512478475430674,1512478475585823,67108864,2097152,32,432,155149
1512478476060861,1512478476215952,67108864,2097152,32,432,155091
1512478476690743,1512478476846169,67108864,2097152,32,431,155426
1512478477322163,1512478477476352,67108864,2097152,32,435,154189
1512478477951584,1512478478106346,67108864,2097152,32,433,154762
1512478478581217,1512478478735664,67108864,2097152,32,434,154447
1512478479209776,1512478479365235,67108864,2097152,32,431,155459
1512478479840304,1512478479995684,67108864,2097152,32,431,155380
1512478480471283,1512478480626549,67108864,2097152,32,432,155266
1512478481102409,1512478481257987,67108864,2097152,32,431,155578
1512478481732668,1512478481887997,67108864,2097152,32,432,155329
1512478482363256,1512478482518255,67108864,2097152,32,432,154999
1512478482993376,1512478483148268,67108864,2097152,32,433,154892
1512478483624220,1512478483779284,67108864,2097152,32,432,155064
1512478484254235,1512478484409155,67108864,2097152,32,433,154920
1512478484883229,1512478485038054,67108864,2097152,32,433,154825
1512478485514002,1512478485668980,67108864,2097152,32,433,154978
1512478486143426,1512478486298420,67108864,2097152,32,432,154994
1512478486772887,1512478486927896,67108864,2097152,32,432,155009
1512478487402512,1512478487557653,67108864,2097152,32,432,155141
1512478488032699,1512478488187768,67108864,2097152,32,432,155069
1512478488662996,1512478488817423,67108864,2097152,32,434,154427
1512478489292485,1512478489447831,67108864,2097152,32,431,155346
1512478489923425,1512478490078316,67108864,2097152,32,433,154891
1512478490558076,1512478490713633,67108864,2097152,32,431,155557
1512478491198881,1512478491354169,67108864,2097152,32,432,155288
1512478491830419,1512478491986154,67108864,2097152,32,430,155735
1512478492526053,1512478492695071,67108864,2097152,32,397,169018
1512478493326870,1512478493495513,67108864,2097152,32,397,168643
1512478494127177,1512478494288310,67108864,2097152,32,416,161133
1512478494762283,1512478494917128,67108864,2097152,32,433,154845
1512478495392188,1512478495546136,67108864,2097152,32,435,153948
1512478496020851,1512478496175910,67108864,2097152,32,432,155059
1512478496786625,1512478496955786,67108864,2097152,32,396,169161
1512478497522273,1512478497677226,67108864,2097152,32,433,154953
1512478498152384,1512478498307257,67108864,2097152,32,433,154873
1512478498781868,1512478498936356,67108864,2097152,32,434,154488
1512478499411513,1512478499566196,67108864,2097152,32,433,154683
1512478500039746,1512478500194739,67108864,2097152,32,432,154993
1512478500669700,1512478500824562,67108864,2097152,32,433,154862
1512478501298958,1512478501453598,67108864,2097152,32,433,154640
1512478501928973,1512478502083293,67108864,2097152,32,434,154320
1512478502559097,1512478502713592,67108864,2097152,32,434,154495
1512478503190584,1512478503345553,67108864,2097152,32,433,154969
1512478503829061,1512478503984114,67108864,2097152,32,432,155053
1512478504460150,1512478504614773,67108864,2097152,32,434,154623
1512478505090126,1512478505244923,67108864,2097152,32,433,154797
1512478505719784,1512478505874737,67108864,2097152,32,433,154953
1512478506349814,1512478506504286,67108864,2097152,32,434,154472
1512478506979988,1512478507134651,67108864,2097152,32,433,154663
1512478507609338,1512478507763909,67108864,2097152,32,434,154571
1512478508239208,1512478508394000,67108864,2097152,32,433,154792
1512478508868191,1512478509022517,67108864,2097152,32,434,154326
1512478509496675,1512478509651105,67108864,2097152,32,434,154430
1512478510126003,1512478510281135,67108864,2097152,32,432,155132
1512478510756090,1512478510910960,67108864,2097152,32,433,154870
1512478511385682,1512478511541092,67108864,2097152,32,431,155410
1512478512016257,1512478512171239,67108864,2097152,32,433,154982
1512478512646542,1512478512801439,67108864,2097152,32,433,154897
1512478513275539,1512478513430100,67108864,2097152,32,434,154561
1512478513905071,1512478514060118,67108864,2097152,32,432,155047
1512478514534526,1512478514689535,67108864,2097152,32,432,155009
1512478515164663,1512478515319419,67108864,2097152,32,433,154756
1512478515793870,1512478515949162,67108864,2097152,32,432,155292
1512478516424783,1512478516579635,67108864,2097152,32,433,154852
1512478517054036,1512478517209031,67108864,2097152,32,432,154995
1512478517683256,1512478517837223,67108864,2097152,32,435,153967
1512478518311828,1512478518466467,67108864,2097152,32,433,154639
1512478518941590,1512478519096236,67108864,2097152,32,433,154646
1512478519571676,1512478519726550,67108864,2097152,32,433,154874
1512478520202484,1512478520356794,67108864,2097152,32,434,154310
1512478520832512,1512478520987195,67108864,2097152,32,433,154683
1512478521462736,1512478521618035,67108864,2097152,32,432,155299
1512478522092595,1512478522247619,67108864,2097152,32,432,155024
1512478522722171,1512478522877060,67108864,2097152,32,433,154889
1512478523352255,1512478523507665,67108864,2097152,32,431,155410
1512478523982740,1512478524137543,67108864,2097152,32,433,154803
1512478524612130,1512478524767062,67108864,2097152,32,433,154932
1512478525242394,1512478525397261,67108864,2097152,32,433,154867
1512478525872469,1512478526027479,67108864,2097152,32,432,155010
1512478526501864,1512478526656672,67108864,2097152,32,433,154808
1512478527131667,1512478527286773,67108864,2097152,32,432,155106
1512478527761473,1512478527916037,67108864,2097152,32,434,154564
1512478528390621,1512478528545313,67108864,2097152,32,433,154692
1512478529019860,1512478529174163,67108864,2097152,32,434,154303
1512478529649224,1512478529803871,67108864,2097152,32,433,154647
1512478530279529,1512478530434108,67108864,2097152,32,434,154579
1512478530908843,1512478531064208,67108864,2097152,32,431,155365
1512478531539087,1512478531694564,67108864,2097152,32,431,155477
1512478532168671,1512478532324038,67108864,2097152,32,431,155367
1512478532798719,1512478532954243,67108864,2097152,32,431,155524
1512478533428668,1512478533583836,67108864,2097152,32,432,155168
1512478534058861,1512478534214318,67108864,2097152,32,431,155457
1512478534688710,1512478534844180,67108864,2097152,32,431,155470
1512478535318479,1512478535473550,67108864,2097152,32,432,155071
1512478535948696,1512478536104614,67108864,2097152,32,430,155918
1512478536580532,1512478536735825,67108864,2097152,32,432,155293
1512478537210248,1512478537366003,67108864,2097152,32,430,155755
1512478537840967,1512478537995513,67108864,2097152,32,434,154546
1512478538470162,1512478538625723,67108864,2097152,32,431,155561
1512478539099983,1512478539255488,67108864,2097152,32,431,155505
1512478539730578,1512478539885320,67108864,2097152,32,433,154742
1512478540360003,1512478540515249,67108864,2097152,32,432,155246
1512478540991070,1512478541146086,67108864,2097152,32,432,155016
1512478541620258,1512478541775727,67108864,2097152,32,431,155469
1512478542250823,1512478542406602,67108864,2097152,32,430,155779
1512478542882225,1512478543037576,67108864,2097152,32,431,155351
1512478543513765,1512478543669381,67108864,2097152,32,431,155616
1512478544144585,1512478544300079,67108864,2097152,32,431,155494
1512478544775967,1512478544931159,67108864,2097152,32,432,155192
1512478545405778,1512478545561211,67108864,2097152,32,431,155433
1512478546035958,1512478546191549,67108864,2097152,32,431,155591
1512478546667330,1512478546822558,67108864,2097152,32,432,155228
1512478547296929,1512478547452369,67108864,2097152,32,431,155440
1512478547926949,1512478548082493,67108864,2097152,32,431,155544
1512478548556686,1512478548711880,67108864,2097152,32,432,155194
1512478549186510,1512478549342113,67108864,2097152,32,431,155603
1512478549817856,1512478549973227,67108864,2097152,32,431,155371
1512478550447728,1512478550603268,67108864,2097152,32,431,155540
1512478551079020,1512478551234516,67108864,2097152,32,431,155496
1512478551709180,1512478551864416,67108864,2097152,32,432,155236
1512478552339123,1512478552494641,67108864,2097152,32,431,155518
1512478552968827,1512478553124605,67108864,2097152,32,430,155778
1512478553599544,1512478553754854,67108864,2097152,32,432,155310
1512478554229968,1512478554385349,67108864,2097152,32,431,155381
1512478554860157,1512478555015676,67108864,2097152,32,431,155519
1512478555495192,1512478555650774,67108864,2097152,32,431,155582
1512478556126131,1512478556281439,67108864,2097152,32,432,155308
1512478556755647,1512478556910777,67108864,2097152,32,432,155130
1512478557385236,1512478557540148,67108864,2097152,32,433,154912
1512478558015384,1512478558170768,67108864,2097152,32,431,155384
1512478558645082,1512478558800445,67108864,2097152,32,431,155363
1512478559274743,1512478559429653,67108864,2097152,32,433,154910
1512478559904099,1512478560059898,67108864,2097152,32,430,155799
1512478560535094,1512478560690161,67108864,2097152,32,432,155067
1512478561164685,1512478561320317,67108864,2097152,32,431,155632
1512478561795490,1512478561950845,67108864,2097152,32,431,155355
1512478562424883,1512478562579888,67108864,2097152,32,432,155005
1512478563055755,1512478563211523,67108864,2097152,32,430,155768
1512478563686088,1512478563842038,67108864,2097152,32,430,155950
1512478564316556,1512478564472353,67108864,2097152,32,430,155797
1512478564947800,1512478565103433,67108864,2097152,32,431,155633
1512478565577206,1512478565732671,67108864,2097152,32,431,155465
1512478566207022,1512478566363253,67108864,2097152,32,429,156231
1512478566837535,1512478566993229,67108864,2097152,32,431,155694
1512478567467662,1512478567623746,67108864,2097152,32,429,156084
1512478568097766,1512478568252843,67108864,2097152,32,432,155077
1512478568728639,1512478568884205,67108864,2097152,32,431,155566
1512478569359920,1512478569515277,67108864,2097152,32,431,155357
1512478569988715,1512478570143837,67108864,2097152,32,432,155122
1512478570618705,1512478570773985,67108864,2097152,32,432,155280
1512478571249814,1512478571405481,67108864,2097152,32,431,155667
1512478571881357,1512478572036994,67108864,2097152,32,431,155637
1512478572511666,1512478572666951,67108864,2097152,32,432,155285
1512478573141717,1512478573296907,67108864,2097152,32,432,155190
1512478573771564,1512478573926787,67108864,2097152,32,432,155223
1512478574401725,1512478574557221,67108864,2097152,32,431,155496
1512478575032936,1512478575188952,67108864,2097152,32,430,156016
1512478575663410,1512478575818732,67108864,2097152,32,432,155322
1512478576293746,1512478576448968,67108864,2097152,32,432,155222
1512478576924081,1512478577079008,67108864,2097152,32,433,154927
1512478577554686,1512478577709530,67108864,2097152,32,433,154844
1512478578184940,1512478578339971,67108864,2097152,32,432,155031
1512478578814304,1512478578969562,67108864,2097152,32,432,155258
1512478579444292,1512478579599994,67108864,2097152,32,431,155702
1512478580075755,1512478580231626,67108864,2097152,32,430,155871
1512478580706749,1512478580861746,67108864,2097152,32,432,154997
1512478581337587,1512478581492862,67108864,2097152,32,432,155275
1512478581967825,1512478582122765,67108864,2097152,32,433,154940
1512478582597539,1512478582753208,67108864,2097152,32,431,155669
1512478583228356,1512478583383955,67108864,2097152,32,431,155599
1512478583860083,1512478584015675,67108864,2097152,32,431,155592
1512478584491476,1512478584646922,67108864,2097152,32,431,155446
1512478585120973,1512478585276146,67108864,2097152,32,432,155173
1512478585751101,1512478585906617,67108864,2097152,32,431,155516
1512478586381859,1512478586537396,67108864,2097152,32,431,155537
1512478587012637,1512478587168364,67108864,2097152,32,430,155727
1512478587642757,1512478587797801,67108864,2097152,32,432,155044
1512478588272717,1512478588427659,67108864,2097152,32,433,154942
1512478588903675,1512478589059644,67108864,2097152,32,430,155969
1512478589534178,1512478589689632,67108864,2097152,32,431,155454
1512478590165323,1512478590321147,67108864,2097152,32,430,155824
1512478590795730,1512478590951345,67108864,2097152,32,431,155615
1512478591426775,1512478591582345,67108864,2097152,32,431,155570
1512478592056961,1512478592212314,67108864,2097152,32,431,155353
1512478592686674,1512478592841734,67108864,2097152,32,432,155060
1512478593316412,1512478593471915,67108864,2097152,32,431,155503
1512478593946757,1512478594102365,67108864,2097152,32,431,155608
1512478594577773,1512478594733166,67108864,2097152,32,431,155393
1512478595209669,1512478595365003,67108864,2097152,32,432,155334
1512478595840008,1512478595995188,67108864,2097152,32,432,155180
1512478596470574,1512478596625860,67108864,2097152,32,432,155286
1512478597101716,1512478597257398,67108864,2097152,32,431,155682
1512478597734537,1512478597889915,67108864,2097152,32,431,155378
1512478598364700,1512478598519014,67108864,2097152,32,434,154314
1512478598993858,1512478599148931,67108864,2097152,32,432,155073
1512478599624680,1512478599780296,67108864,2097152,32,431,155616
1512478600255050,1512478600410504,67108864,2097152,32,431,155454
1512478600884986,1512478601040096,67108864,2097152,32,432,155110
1512478601514981,1512478601669194,67108864,2097152,32,435,154213
1512478602144002,1512478602299278,67108864,2097152,32,432,155276
1512478602774306,1512478602929624,67108864,2097152,32,432,155318
1512478603403829,1512478603559233,67108864,2097152,32,431,155404
1512478604035215,1512478604190810,67108864,2097152,32,431,155595
1512478604665624,1512478604820731,67108864,2097152,32,432,155107
1512478605297193,1512478605452742,67108864,2097152,32,431,155549
1512478605928780,1512478606084091,67108864,2097152,32,432,155311
1512478606558764,1512478606713980,67108864,2097152,32,432,155216
1512478607189943,1512478607344757,67108864,2097152,32,433,154814
1512478607818035,1512478607973762,67108864,2097152,32,430,155727
1512478608448616,1512478608603834,67108864,2097152,32,432,155218
1512478609078182,1512478609233688,67108864,2097152,32,431,155506
1512478609709558,1512478609864996,67108864,2097152,32,431,155438
1512478610339537,1512478610494986,67108864,2097152,32,431,155449
1512478610970283,1512478611125740,67108864,2097152,32,431,155457
1512478611601682,1512478611757060,67108864,2097152,32,431,155378
1512478612231800,1512478612387089,67108864,2097152,32,432,155289
1512478612861518,1512478613016735,67108864,2097152,32,432,155217
1512478613492503,1512478613648064,67108864,2097152,32,431,155561
1512478614124210,1512478614279678,67108864,2097152,32,431,155468
1512478614753965,1512478614909359,67108864,2097152,32,431,155394
1512478615395251,1512478615550846,67108864,2097152,32,431,155595
1512478616030471,1512478616185969,67108864,2097152,32,431,155498
1512478616661714,1512478616817326,67108864,2097152,32,431,155612
1512478617292378,1512478617447450,67108864,2097152,32,432,155072
1512478617922085,1512478618077485,67108864,2097152,32,431,155400
1512478618553815,1512478618709330,67108864,2097152,32,431,155515
1512478619184517,1512478619339910,67108864,2097152,32,431,155393
1512478619821590,1512478619976981,67108864,2097152,32,431,155391
1512478620451699,1512478620606666,67108864,2097152,32,433,154967
1512478621082112,1512478621237455,67108864,2097152,32,432,155343
1512478621712157,1512478621867239,67108864,2097152,32,432,155082
1512478622341350,1512478622496229,67108864,2097152,32,433,154879
1512478622970906,1512478623125616,67108864,2097152,32,433,154710
1512478623600828,1512478623756485,67108864,2097152,32,431,155657
1512478624232033,1512478624386756,67108864,2097152,32,433,154723
1512478624862000,1512478625017871,67108864,2097152,32,430,155871
1512478625493073,1512478625648488,67108864,2097152,32,431,155415
1512478626123689,1512478626279404,67108864,2097152,32,430,155715
1512478626754749,1512478626910171,67108864,2097152,32,431,155422
1512478627384420,1512478627539330,67108864,2097152,32,433,154910
1512478628015186,1512478628170786,67108864,2097152,32,431,155600
1512478628646915,1512478628802081,67108864,2097152,32,432,155166
1512478629277084,1512478629432677,67108864,2097152,32,431,155593
1512478629907447,1512478630062667,67108864,2097152,32,432,155220
1512478630537892,1512478630693480,67108864,2097152,32,431,155588
1512478631169049,1512478631323831,67108864,2097152,32,433,154782
1512478631799514,1512478631954378,67108864,2097152,32,433,154864
1512478632430011,1512478632585218,67108864,2097152,32,432,155207
1512478633059915,1512478633215114,67108864,2097152,32,432,155199
1512478633690182,1512478633845487,67108864,2097152,32,432,155305
1512478634320831,1512478634475896,67108864,2097152,32,432,155065
1512478634950933,1512478635106798,67108864,2097152,32,430,155865
1512478635582033,1512478635737121,67108864,2097152,32,432,155088
1512478636212518,1512478636368067,67108864,2097152,32,431,155549
1512478636843508,1512478636998878,67108864,2097152,32,431,155370
1512478637474153,1512478637629540,67108864,2097152,32,431,155387
1512478638106041,1512478638261155,67108864,2097152,32,432,155114
1512478638736177,1512478638891675,67108864,2097152,32,431,155498
1512478639367028,1512478639522846,67108864,2097152,32,430,155818
1512478639998286,1512478640153730,67108864,2097152,32,431,155444
1512478640628440,1512478640783833,67108864,2097152,32,431,155393
1512478641259759,1512478641415242,67108864,2097152,32,431,155483
1512478641890527,1512478642045538,67108864,2097152,32,432,155011
1512478642521624,1512478642677282,67108864,2097152,32,431,155658
1512478643153432,1512478643308229,67108864,2097152,32,433,154797
1512478643783621,1512478643939314,67108864,2097152,32,431,155693
1512478644414505,1512478644569874,67108864,2097152,32,431,155369
1512478645044214,1512478645199736,67108864,2097152,32,431,155522
1512478645674797,1512478645830337,67108864,2097152,32,431,155540
1512478646306094,1512478646460788,67108864,2097152,32,433,154694
1512478646935916,1512478647091231,67108864,2097152,32,432,155315
1512478647567220,1512478647722248,67108864,2097152,32,432,155028
1512478648198692,1512478648354258,67108864,2097152,32,431,155566
1512478648830520,1512478648985081,67108864,2097152,32,434,154561
1512478649459790,1512478649615808,67108864,2097152,32,430,156018
1512478650091594,1512478650247117,67108864,2097152,32,431,155523
1512478650722555,1512478650878289,67108864,2097152,32,430,155734
1512478651355047,1512478651510939,67108864,2097152,32,430,155892
1512478651984987,1512478652140712,67108864,2097152,32,430,155725
1512478652617082,1512478652772631,67108864,2097152,32,431,155549
1512478653248312,1512478653403854,67108864,2097152,32,431,155542
1512478653878273,1512478654033491,67108864,2097152,32,432,155218
1512478654507784,1512478654663148,67108864,2097152,32,431,155364
1512478655137823,1512478655293482,67108864,2097152,32,431,155659
1512478655768707,1512478655923064,67108864,2097152,32,434,154357
1512478656396858,1512478656551379,67108864,2097152,32,434,154521
1512478657026711,1512478657182125,67108864,2097152,32,431,155414
1512478657656922,1512478657812522,67108864,2097152,32,431,155600
1512478658286745,1512478658441079,67108864,2097152,32,434,154334
1512478658915280,1512478659071004,67108864,2097152,32,430,155724
1512478659544902,1512478659700414,67108864,2097152,32,431,155512
1512478660175718,1512478660331327,67108864,2097152,32,431,155609
1512478660805939,1512478660961491,67108864,2097152,32,431,155552
1512478661436527,1512478661592037,67108864,2097152,32,431,155510
1512478662066895,1512478662222207,67108864,2097152,32,432,155312
1512478662697420,1512478662853456,67108864,2097152,32,430,156036
1512478663328339,1512478663483925,67108864,2097152,32,431,155586
1512478663958263,1512478664113827,67108864,2097152,32,431,155564
1512478664590077,1512478664745409,67108864,2097152,32,432,155332
1512478665221344,1512478665376469,67108864,2097152,32,432,155125
1512478665851673,1512478666007021,67108864,2097152,32,431,155348
1512478666482777,1512478666637934,67108864,2097152,32,432,155157
1512478667113108,1512478667268694,67108864,2097152,32,431,155586
1512478667744031,1512478667899652,67108864,2097152,32,431,155621
1512478668375060,1512478668530733,67108864,2097152,32,431,155673
1512478669005599,1512478669160809,67108864,2097152,32,432,155210
1512478669634876,1512478669790315,67108864,2097152,32,431,155439
1512478670264974,1512478670420486,67108864,2097152,32,431,155512
1512478670895909,1512478671051240,67108864,2097152,32,432,155331
1512478671527195,1512478671682821,67108864,2097152,32,431,155626
1512478672157429,1512478672313239,67108864,2097152,32,430,155810
1512478672786475,1512478672941939,67108864,2097152,32,431,155464
1512478673417274,1512478673572576,67108864,2097152,32,432,155302
1512478674047582,1512478674202653,67108864,2097152,32,432,155071
1512478674677445,1512478674832824,67108864,2097152,32,431,155379
1512478675307373,1512478675462977,67108864,2097152,32,431,155604
1512478675937776,1512478676093463,67108864,2097152,32,431,155687
1512478676568537,1512478676724224,67108864,2097152,32,431,155687
1512478677199564,1512478677355035,67108864,2097152,32,431,155471
1512478677829919,1512478677985503,67108864,2097152,32,431,155584
1512478678461862,1512478678617438,67108864,2097152,32,431,155576
1512478679092002,1512478679247593,67108864,2097152,32,431,155591
1512478679723032,1512478679878178,67108864,2097152,32,432,155146
1512478680353813,1512478680508988,67108864,2097152,32,432,155175
1512478680983777,1512478681139579,67108864,2097152,32,430,155802
1512478681613838,1512478681768634,67108864,2097152,32,433,154796
1512478682243858,1512478682399047,67108864,2097152,32,432,155189
1512478682873293,1512478683028307,67108864,2097152,32,432,155014
1512478683502958,1512478683657885,67108864,2097152,32,433,154927
1512478684144450,1512478684300252,67108864,2097152,32,430,155802
1512478684782407,1512478684937558,67108864,2097152,32,432,155151
1512478685412365,1512478685567475,67108864,2097152,32,432,155110
1512478686041563,1512478686197174,67108864,2097152,32,431,155611
1512478686670578,1512478686826174,67108864,2097152,32,431,155596
1512478687301935,1512478687457662,67108864,2097152,32,430,155727
1512478687931932,1512478688086464,67108864,2097152,32,434,154532
1512478688560875,1512478688716305,67108864,2097152,32,431,155430
1512478689190440,1512478689346061,67108864,2097152,32,431,155621
1512478689820805,1512478689976062,67108864,2097152,32,432,155257
1512478690451936,1512478690607245,67108864,2097152,32,432,155309
1512478691081201,1512478691236671,67108864,2097152,32,431,155470
1512478691710811,1512478691866350,67108864,2097152,32,431,155539
1512478692340553,1512478692496300,67108864,2097152,32,430,155747
1512478692972257,1512478693127635,67108864,2097152,32,431,155378
1512478693601395,1512478693756477,67108864,2097152,32,432,155082
1512478694231502,1512478694386886,67108864,2097152,32,431,155384
1512478694860946,1512478695015505,67108864,2097152,32,434,154559
1512478695489549,1512478695644497,67108864,2097152,32,433,154948
1512478696119440,1512478696275343,67108864,2097152,32,430,155903
1512478696749905,1512478696905005,67108864,2097152,32,432,155100
1512478697380341,1512478697536039,67108864,2097152,32,431,155698
1512478698010407,1512478698165962,67108864,2097152,32,431,155555
1512478698640470,1512478698795639,67108864,2097152,32,432,155169
1512478699269879,1512478699424926,67108864,2097152,32,432,155047
1512478699900105,1512478700055400,67108864,2097152,32,432,155295
1512478700531084,1512478700686055,67108864,2097152,32,433,154971
1512478701161463,1512478701316867,67108864,2097152,32,431,155404
1512478701791687,1512478701947294,67108864,2097152,32,431,155607
1512478702422437,1512478702578181,67108864,2097152,32,430,155744
1512478703051734,1512478703206839,67108864,2097152,32,432,155105
1512478703681062,1512478703836703,67108864,2097152,32,431,155641
1512478704312867,1512478704468737,67108864,2097152,32,430,155870
1512478704943079,1512478705099046,67108864,2097152,32,430,155967
1512478705573779,1512478705729004,67108864,2097152,32,432,155225
1512478706203353,1512478706359409,67108864,2097152,32,430,156056
1512478706833434,1512478706988611,67108864,2097152,32,432,155177
1512478707463614,1512478707619353,67108864,2097152,32,430,155739
1512478708094457,1512478708249316,67108864,2097152,32,433,154859
1512478708723507,1512478708878666,67108864,2097152,32,432,155159
1512478709353522,1512478709508828,67108864,2097152,32,432,155306
1512478709984719,1512478710140148,67108864,2097152,32,431,155429
1512478710615008,1512478710770115,67108864,2097152,32,432,155107
1512478711244378,1512478711399799,67108864,2097152,32,431,155421
1512478711873280,1512478712028444,67108864,2097152,32,432,155164
1512478712502234,1512478712657699,67108864,2097152,32,431,155465
1512478713132363,1512478713287911,67108864,2097152,32,431,155548
1512478713761815,1512478713916695,67108864,2097152,32,433,154880
1512478714391982,1512478714546631,67108864,2097152,32,433,154649
1512478715020772,1512478715175648,67108864,2097152,32,433,154876
1512478715651456,1512478715807282,67108864,2097152,32,430,155826
1512478716283228,1512478716438788,67108864,2097152,32,431,155560
1512478716913337,1512478717068301,67108864,2097152,32,433,154964
1512478717542822,1512478717698407,67108864,2097152,32,431,155585
1512478718174132,1512478718329304,67108864,2097152,32,432,155172
1512478718803340,1512478718958123,67108864,2097152,32,433,154783
1512478719431647,1512478719587910,67108864,2097152,32,429,156263
1512478720063763,1512478720219044,67108864,2097152,32,432,155281
1512478720694691,1512478720850116,67108864,2097152,32,431,155425
1512478721325386,1512478721480758,67108864,2097152,32,431,155372
1512478721954933,1512478722110344,67108864,2097152,32,431,155411
1512478722584912,1512478722740237,67108864,2097152,32,432,155325
1512478723215482,1512478723370166,67108864,2097152,32,433,154684
1512478723845060,1512478724000637,67108864,2097152,32,431,155577
1512478724475444,1512478724631035,67108864,2097152,32,431,155591
1512478725105935,1512478725261506,67108864,2097152,32,431,155571
1512478725735475,1512478725890800,67108864,2097152,32,432,155325
1512478726364993,1512478726520305,67108864,2097152,32,432,155312
1512478726994597,1512478727149609,67108864,2097152,32,432,155012
1512478727624644,1512478727779943,67108864,2097152,32,432,155299
1512478728254529,1512478728409516,67108864,2097152,32,432,154987
1512478728885225,1512478729040464,67108864,2097152,32,432,155239
1512478729515063,1512478729670110,67108864,2097152,32,432,155047
1512478730144540,1512478730299774,67108864,2097152,32,432,155234
1512478730774983,1512478730930102,67108864,2097152,32,432,155119
1512478731404990,1512478731560719,67108864,2097152,32,430,155729
1512478732035290,1512478732189625,67108864,2097152,32,434,154335
1512478732664126,1512478732819542,67108864,2097152,32,431,155416
1512478733294691,1512478733450007,67108864,2097152,32,432,155316
1512478733925283,1512478734080318,67108864,2097152,32,432,155035
1512478734554637,1512478734710138,67108864,2097152,32,431,155501
1512478735183896,1512478735339726,67108864,2097152,32,430,155830
1512478735813940,1512478735969064,67108864,2097152,32,432,155124
1512478736443233,1512478736598319,67108864,2097152,32,432,155086
1512478737072694,1512478737227947,67108864,2097152,32,432,155253
1512478737702185,1512478737857122,67108864,2097152,32,433,154937
1512478738331886,1512478738487574,67108864,2097152,32,431,155688
1512478738962365,1512478739117474,67108864,2097152,32,432,155109
1512478739592486,1512478739748205,67108864,2097152,32,430,155719
1512478740223870,1512478740388161,67108864,2097152,32,408,164291
1512478741019905,1512478741189388,67108864,2097152,32,395,169483
1512478741754355,1512478741909595,67108864,2097152,32,432,155240
1512478742383979,1512478742539639,67108864,2097152,32,431,155660
1512478743014138,1512478743169522,67108864,2097152,32,431,155384
1512478743643768,1512478743799039,67108864,2097152,32,432,155271
1512478744274539,1512478744429747,67108864,2097152,32,432,155208
1512478744904781,1512478745060172,67108864,2097152,32,431,155391
1512478745535486,1512478745690569,67108864,2097152,32,432,155083
1512478746164722,1512478746320305,67108864,2097152,32,431,155583
1512478746795381,1512478746950890,67108864,2097152,32,431,155509
1512478747425071,1512478747580370,67108864,2097152,32,432,155299
1512478748061038,1512478748216299,67108864,2097152,32,432,155261
1512478748690268,1512478748845589,67108864,2097152,32,432,155321
1512478749321145,1512478749476628,67108864,2097152,32,431,155483
1512478749951152,1512478750106590,67108864,2097152,32,431,155438
1512478750581657,1512478750737551,67108864,2097152,32,430,155894
1512478751211470,1512478751367073,67108864,2097152,32,431,155603
1512478751841270,1512478751996653,67108864,2097152,32,431,155383
1512478752472254,1512478752627972,67108864,2097152,32,430,155718
1512478753102843,1512478753257333,67108864,2097152,32,434,154490
1512478753733044,1512478753888461,67108864,2097152,32,431,155417
1512478754363231,1512478754518437,67108864,2097152,32,432,155206
1512478754993103,1512478755148640,67108864,2097152,32,431,155537
1512478755623699,1512478755779377,67108864,2097152,32,431,155678
1512478756253241,1512478756408592,67108864,2097152,32,431,155351
1512478756883751,1512478757039437,67108864,2097152,32,431,155686
1512478757514307,1512478757669026,67108864,2097152,32,433,154719
1512478758143030,1512478758298121,67108864,2097152,32,432,155091
1512478758772755,1512478758927836,67108864,2097152,32,432,155081
1512478759403982,1512478759558507,67108864,2097152,32,434,154525
1512478760032971,1512478760188591,67108864,2097152,32,431,155620
1512478760665115,1512478760820831,67108864,2097152,32,430,155716
1512478761295310,1512478761450014,67108864,2097152,32,433,154704
1512478761924379,1512478762079573,67108864,2097152,32,432,155194
1512478762554505,1512478762709939,67108864,2097152,32,431,155434
1512478763186501,1512478763341610,67108864,2097152,32,432,155109
1512478763816283,1512478763971842,67108864,2097152,32,431,155559
1512478764445828,1512478764601319,67108864,2097152,32,431,155491
1512478765077066,1512478765232327,67108864,2097152,32,432,155261
1512478765706949,1512478765862285,67108864,2097152,32,432,155336
1512478766335765,1512478766491045,67108864,2097152,32,432,155280
1512478766965590,1512478767120741,67108864,2097152,32,432,155151
1512478767595777,1512478767751168,67108864,2097152,32,431,155391
1512478768225328,1512478768380965,67108864,2097152,32,431,155637
1512478768856066,1512478769011306,67108864,2097152,32,432,155240
1512478769484651,1512478769639958,67108864,2097152,32,432,155307
1512478770116100,1512478770271702,67108864,2097152,32,431,155602
1512478770746191,1512478770901892,67108864,2097152,32,431,155701
1512478771377269,1512478771532478,67108864,2097152,32,432,155209
1512478772007470,1512478772162893,67108864,2097152,32,431,155423
1512478772637645,1512478772793346,67108864,2097152,32,431,155701
1512478773268933,1512478773424364,67108864,2097152,32,431,155431
1512478773899351,1512478774053918,67108864,2097152,32,434,154567
1512478774529165,1512478774684548,67108864,2097152,32,431,155383
1512478775158719,1512478775313390,67108864,2097152,32,433,154671
1512478775787812,1512478775942498,67108864,2097152,32,433,154686
1512478776417807,1512478776573567,67108864,2097152,32,430,155760
1512478777049496,1512478777205335,67108864,2097152,32,430,155839
1512478777680642,1512478777836297,67108864,2097152,32,431,155655
1512478778310694,1512478778466177,67108864,2097152,32,431,155483
1512478778940227,1512478779095690,67108864,2097152,32,431,155463
1512478779569425,1512478779724708,67108864,2097152,32,432,155283
1512478780199826,1512478780355169,67108864,2097152,32,432,155343
1512478780830765,1512478780986189,67108864,2097152,32,431,155424
1512478781460238,1512478781616107,67108864,2097152,32,430,155869
1512478782091129,1512478782246742,67108864,2097152,32,431,155613
1512478782721616,1512478782876954,67108864,2097152,32,432,155338
1512478783352316,1512478783507838,67108864,2097152,32,431,155522
1512478783981892,1512478784137241,67108864,2097152,32,431,155349
1512478784611811,1512478784766873,67108864,2097152,32,432,155062
1512478785242124,1512478785397778,67108864,2097152,32,431,155654
1512478785872301,1512478786027788,67108864,2097152,32,431,155487
1512478786502257,1512478786657448,67108864,2097152,32,432,155191
1512478787131332,1512478787286790,67108864,2097152,32,431,155458
1512478787762030,1512478787917402,67108864,2097152,32,431,155372
1512478788390964,1512478788546640,67108864,2097152,32,431,155676
1512478789022278,1512478789177690,67108864,2097152,32,431,155412
1512478789653544,1512478789809094,67108864,2097152,32,431,155550
1512478790283653,1512478790439086,67108864,2097152,32,431,155433
1512478790914546,1512478791069801,67108864,2097152,32,432,155255
1512478791545513,1512478791700872,67108864,2097152,32,431,155359
1512478792175628,1512478792331088,67108864,2097152,32,431,155460
1512478792806366,1512478792962019,67108864,2097152,32,431,155653
1512478793437879,1512478793593163,67108864,2097152,32,432,155284
1512478794067268,1512478794223100,67108864,2097152,32,430,155832
1512478794697645,1512478794851828,67108864,2097152,32,435,154183
1512478795325749,1512478795481375,67108864,2097152,32,431,155626
1512478795956274,1512478796111329,67108864,2097152,32,432,155055
1512478796586313,1512478796741514,67108864,2097152,32,432,155201
1512478797216416,1512478797372213,67108864,2097152,32,430,155797
1512478797846488,1512478798001850,67108864,2097152,32,431,155362
1512478798476603,1512478798632219,67108864,2097152,32,431,155616
1512478799106245,1512478799261585,67108864,2097152,32,432,155340
1512478799735505,1512478799890990,67108864,2097152,32,431,155485
1512478800366919,1512478800522126,67108864,2097152,32,432,155207
1512478800996573,1512478801152313,67108864,2097152,32,430,155740
1512478801626968,1512478801782710,67108864,2097152,32,430,155742
1512478802257858,1512478802413042,67108864,2097152,32,432,155184
1512478802888523,1512478803044296,67108864,2097152,32,430,155773
1512478803519060,1512478803674270,67108864,2097152,32,432,155210
1512478804151159,1512478804305911,67108864,2097152,32,433,154752
1512478804780181,1512478804935475,67108864,2097152,32,432,155294
1512478805410501,1512478805565657,67108864,2097152,32,432,155156
1512478806040074,1512478806195530,67108864,2097152,32,431,155456
1512478806670498,1512478806825825,67108864,2097152,32,432,155327
1512478807299812,1512478807455165,67108864,2097152,32,431,155353
1512478807930509,1512478808086034,67108864,2097152,32,431,155525
1512478808560919,1512478808717053,67108864,2097152,32,429,156134
1512478809191924,1512478809347592,67108864,2097152,32,431,155668
1512478809823144,1512478809978796,67108864,2097152,32,431,155652
1512478810450857,1512478810606314,67108864,2097152,32,431,155457
1512478811080491,1512478811235124,67108864,2097152,32,433,154633
1512478811708637,1512478811864196,67108864,2097152,32,431,155559
1512478812343732,1512478812498984,67108864,2097152,32,432,155252
1512478812983741,1512478813139809,67108864,2097152,32,429,156068
1512478813616081,1512478813771559,67108864,2097152,32,431,155478
1512478814246517,1512478814402157,67108864,2097152,32,431,155640
1512478814876385,1512478815031872,67108864,2097152,32,431,155487
1512478815505129,1512478815660260,67108864,2097152,32,432,155131
1512478816135340,1512478816290764,67108864,2097152,32,431,155424
1512478816765532,1512478816920673,67108864,2097152,32,432,155141
1512478817395686,1512478817550759,67108864,2097152,32,432,155073
1512478818025592,1512478818181600,67108864,2097152,32,430,156008
1512478818656782,1512478818812223,67108864,2097152,32,431,155441
1512478819287486,1512478819443193,67108864,2097152,32,430,155707
1512478819918185,1512478820073994,67108864,2097152,32,430,155809
1512478820549559,1512478820704869,67108864,2097152,32,432,155310
1512478821178579,1512478821333935,67108864,2097152,32,431,155356
1512478821809457,1512478821964503,67108864,2097152,32,432,155046
1512478822439333,1512478822594932,67108864,2097152,32,431,155599
1512478823069745,1512478823224778,67108864,2097152,32,432,155033
1512478823699814,1512478823855520,67108864,2097152,32,430,155706
1512478824330639,1512478824486323,67108864,2097152,32,431,155684
1512478824961702,1512478825116996,67108864,2097152,32,432,155294
1512478825591939,1512478825747375,67108864,2097152,32,431,155436
1512478826223267,1512478826378869,67108864,2097152,32,431,155602
1512478826854043,1512478827009274,67108864,2097152,32,432,155231
1512478827484300,1512478827639639,67108864,2097152,32,432,155339
1512478828114176,1512478828269354,67108864,2097152,32,432,155178
1512478828745618,1512478828901374,67108864,2097152,32,430,155756
1512478829376001,1512478829531003,67108864,2097152,32,432,155002
1512478830006644,1512478830162164,67108864,2097152,32,431,155520
1512478830638466,1512478830793698,67108864,2097152,32,432,155232
1512478831268675,1512478831424222,67108864,2097152,32,431,155547
1512478831899257,1512478832054985,67108864,2097152,32,430,155728
1512478832530371,1512478832686153,67108864,2097152,32,430,155782
1512478833160766,1512478833316406,67108864,2097152,32,431,155640
1512478833791201,1512478833946925,67108864,2097152,32,430,155724
1512478834422599,1512478834577723,67108864,2097152,32,432,155124
1512478835052355,1512478835207543,67108864,2097152,32,432,155188
1512478835682206,1512478835837438,67108864,2097152,32,432,155232
1512478836312384,1512478836468054,67108864,2097152,32,431,155670
1512478836942835,1512478837097610,67108864,2097152,32,433,154775
1512478837572426,1512478837727462,67108864,2097152,32,432,155036
1512478838204158,1512478838359208,67108864,2097152,32,432,155050
1512478838833834,1512478838989300,67108864,2097152,32,431,155466
1512478839463645,1512478839618799,67108864,2097152,32,432,155154
1512478840094095,1512478840249830,67108864,2097152,32,430,155735
1512478840724557,1512478840879866,67108864,2097152,32,432,155309
1512478841354589,1512478841510347,67108864,2097152,32,430,155758
1512478841984799,1512478842140385,67108864,2097152,32,431,155586
1512478842615410,1512478842770756,67108864,2097152,32,431,155346
1512478843244543,1512478843400094,67108864,2097152,32,431,155551
1512478843876061,1512478844031896,67108864,2097152,32,430,155835
1512478844506100,1512478844661777,67108864,2097152,32,431,155677
1512478845136563,1512478845292452,67108864,2097152,32,430,155889
1512478845767616,1512478845923549,67108864,2097152,32,430,155933
1512478846398230,1512478846553491,67108864,2097152,32,432,155261
1512478847028657,1512478847183356,67108864,2097152,32,433,154699
1512478847657051,1512478847811983,67108864,2097152,32,433,154932
1512478848285668,1512478848441349,67108864,2097152,32,431,155681
1512478848915898,1512478849071080,67108864,2097152,32,432,155182
1512478849546479,1512478849701771,67108864,2097152,32,432,155292
1512478850176815,1512478850331819,67108864,2097152,32,432,155004
1512478850805633,1512478850961267,67108864,2097152,32,431,155634
1512478851436582,1512478851592124,67108864,2097152,32,431,155542
1512478852066835,1512478852222517,67108864,2097152,32,431,155682
1512478852696371,1512478852851695,67108864,2097152,32,432,155324
1512478853326244,1512478853482154,67108864,2097152,32,430,155910
1512478853956419,1512478854111884,67108864,2097152,32,431,155465
1512478854586557,1512478854742555,67108864,2097152,32,430,155998
1512478855217600,1512478855372672,67108864,2097152,32,432,155072
1512478855846543,1512478856001659,67108864,2097152,32,432,155116
1512478856475834,1512478856631067,67108864,2097152,32,432,155233
1512478857105975,1512478857261482,67108864,2097152,32,431,155507
1512478857735855,1512478857891637,67108864,2097152,32,430,155782
1512478858366343,1512478858522165,67108864,2097152,32,430,155822
1512478858996842,1512478859152386,67108864,2097152,32,431,155544
1512478859628183,1512478859783429,67108864,2097152,32,432,155246
1512478860258190,1512478860413459,67108864,2097152,32,432,155269
1512478860888891,1512478861044486,67108864,2097152,32,431,155595
1512478861518915,1512478861674304,67108864,2097152,32,431,155389
1512478862148019,1512478862303638,67108864,2097152,32,431,155619
1512478862779064,1512478862934492,67108864,2097152,32,431,155428
1512478863410219,1512478863566014,67108864,2097152,32,430,155795
1512478864041414,1512478864197129,67108864,2097152,32,430,155715
1512478864672047,1512478864827360,67108864,2097152,32,432,155313
1512478865302271,1512478865457937,67108864,2097152,32,431,155666
1512478865932535,1512478866087803,67108864,2097152,32,432,155268
1512478866561533,1512478866717026,67108864,2097152,32,431,155493
1512478867191830,1512478867347340,67108864,2097152,32,431,155510
1512478867823167,1512478867978446,67108864,2097152,32,432,155279
1512478868453352,1512478868608617,67108864,2097152,32,432,155265
1512478869083207,1512478869238443,67108864,2097152,32,432,155236
1512478869713264,1512478869868647,67108864,2097152,32,431,155383
1512478870343889,1512478870499283,67108864,2097152,32,431,155394
1512478870975253,1512478871130366,67108864,2097152,32,432,155113
1512478871605217,1512478871760671,67108864,2097152,32,431,155454
1512478872235009,1512478872390888,67108864,2097152,32,430,155879
1512478872866465,1512478873021672,67108864,2097152,32,432,155207
1512478873497077,1512478873652668,67108864,2097152,32,431,155591
1512478874128128,1512478874283564,67108864,2097152,32,431,155436
1512478874758163,1512478874913766,67108864,2097152,32,431,155603
1512478875391663,1512478875547727,67108864,2097152,32,430,156064
1512478876034129,1512478876189579,67108864,2097152,32,431,155450
1512478876674861,1512478876830521,67108864,2097152,32,431,155660
1512478877317219,1512478877472366,67108864,2097152,32,432,155147
1512478877958187,1512478878113393,67108864,2097152,32,432,155206
1512478878590683,1512478878746000,67108864,2097152,32,432,155317
1512478879221025,1512478879376155,67108864,2097152,32,432,155130
1512478879850358,1512478880005590,67108864,2097152,32,432,155232
1512478880479966,1512478880635645,67108864,2097152,32,431,155679
1512478881111031,1512478881266640,67108864,2097152,32,431,155609
1512478881740750,1512478881896104,67108864,2097152,32,431,155354
1512478882370159,1512478882525667,67108864,2097152,32,431,155508
1512478883000640,1512478883155893,67108864,2097152,32,432,155253
1512478883630616,1512478883785213,67108864,2097152,32,434,154597
1512478884260576,1512478884415440,67108864,2097152,32,433,154864
1512478884890549,1512478885046282,67108864,2097152,32,430,155733
1512478885521679,1512478885676921,67108864,2097152,32,432,155242
1512478886151746,1512478886307298,67108864,2097152,32,431,155552
1512478886781528,1512478886936374,67108864,2097152,32,433,154846
1512478887410841,1512478887566143,67108864,2097152,32,432,155302
1512478888041095,1512478888196825,67108864,2097152,32,430,155730
1512478888670723,1512478888826068,67108864,2097152,32,431,155345
1512478889300983,1512478889456589,67108864,2097152,32,431,155606
1512478889930472,1512478890085370,67108864,2097152,32,433,154898
1512478890559456,1512478890714423,67108864,2097152,32,433,154967
1512478891189333,1512478891345093,67108864,2097152,32,430,155760
1512478891820078,1512478891975848,67108864,2097152,32,430,155770
1512478892451435,1512478892607394,67108864,2097152,32,430,155959
1512478893082251,1512478893238458,67108864,2097152,32,429,156207
1512478893713135,1512478893868458,67108864,2097152,32,432,155323
1512478894343325,1512478894498026,67108864,2097152,32,433,154701
1512478894972505,1512478895127662,67108864,2097152,32,432,155157
1512478895602510,1512478895757743,67108864,2097152,32,432,155233
1512478896232936,1512478896388787,67108864,2097152,32,430,155851
1512478896863329,1512478897018732,67108864,2097152,32,431,155403
1512478897493648,1512478897649488,67108864,2097152,32,430,155840
1512478898123856,1512478898279635,67108864,2097152,32,430,155779
1512478898753921,1512478898909194,67108864,2097152,32,432,155273
1512478899383704,1512478899539033,67108864,2097152,32,432,155329
1512478900014305,1512478900169463,67108864,2097152,32,432,155158
1512478900645395,1512478900799999,67108864,2097152,32,434,154604
1512478901274682,1512478901429932,67108864,2097152,32,432,155250
1512478901905242,1512478902060996,67108864,2097152,32,430,155754
1512478902536349,1512478902692207,67108864,2097152,32,430,155858
1512478903166213,1512478903322126,67108864,2097152,32,430,155913
1512478903797673,1512478903952522,67108864,2097152,32,433,154849
1512478904427779,1512478904583236,67108864,2097152,32,431,155457
1512478905058883,1512478905214555,67108864,2097152,32,431,155672
1512478905689369,1512478905845012,67108864,2097152,32,431,155643
1512478906321258,1512478906476925,67108864,2097152,32,431,155667
1512478906951950,1512478907107365,67108864,2097152,32,431,155415
1512478907582283,1512478907737981,67108864,2097152,32,431,155698
1512478908211811,1512478908367484,67108864,2097152,32,431,155673
1512478908844899,1512478908999983,67108864,2097152,32,432,155084
1512478909475752,1512478909631765,67108864,2097152,32,430,156013
1512478910109408,1512478910265085,67108864,2097152,32,431,155677
1512478910739274,1512478910894700,67108864,2097152,32,431,155426
1512478911369786,1512478911524978,67108864,2097152,32,432,155192
1512478912000141,1512478912155495,67108864,2097152,32,431,155354
1512478912630101,1512478912785147,67108864,2097152,32,432,155046
1512478913260446,1512478913415068,67108864,2097152,32,434,154622
1512478913890165,1512478914045706,67108864,2097152,32,431,155541
1512478914519612,1512478914674844,67108864,2097152,32,432,155232
1512478915150582,1512478915305341,67108864,2097152,32,433,154759
1512478915779947,1512478915935210,67108864,2097152,32,432,155263
1512478916411207,1512478916565832,67108864,2097152,32,434,154625
1512478917040816,1512478917196606,67108864,2097152,32,430,155790
1512478917671173,1512478917826515,67108864,2097152,32,432,155342
1512478918303608,1512478918458593,67108864,2097152,32,433,154985
1512478918943315,1512478919097966,67108864,2097152,32,433,154651
1512478919583526,1512478919739326,67108864,2097152,32,430,155800
1512478920214982,1512478920370451,67108864,2097152,32,431,155469
1512478920846497,1512478921002189,67108864,2097152,32,431,155692
1512478921477072,1512478921632851,67108864,2097152,32,430,155779
1512478922108073,1512478922263762,67108864,2097152,32,431,155689
1512478922740106,1512478922895671,67108864,2097152,32,431,155565
1512478923370851,1512478923525896,67108864,2097152,32,432,155045
1512478924002071,1512478924157161,67108864,2097152,32,432,155090
1512478924633864,1512478924788261,67108864,2097152,32,434,154397
1512478925264092,1512478925419665,67108864,2097152,32,431,155573
1512478925895061,1512478926050121,67108864,2097152,32,432,155060
1512478926524672,1512478926679979,67108864,2097152,32,432,155307
1512478927155059,1512478927310719,67108864,2097152,32,431,155660
1512478927786183,1512478927941770,67108864,2097152,32,431,155587
1512478928416812,1512478928572425,67108864,2097152,32,431,155613
1512478929047622,1512478929202618,67108864,2097152,32,432,154996
1512478929678274,1512478929833096,67108864,2097152,32,433,154822
1512478930309155,1512478930464924,67108864,2097152,32,430,155769
1512478930940161,1512478931095155,67108864,2097152,32,432,154994
1512478931570671,1512478931725767,67108864,2097152,32,432,155096
1512478932201088,1512478932356282,67108864,2097152,32,432,155194
1512478932831483,1512478932986604,67108864,2097152,32,432,155121
1512478933461947,1512478933616856,67108864,2097152,32,433,154909
1512478934091774,1512478934246876,67108864,2097152,32,432,155102
1512478934721681,1512478934876703,67108864,2097152,32,432,155022
1512478935352357,1512478935507926,67108864,2097152,32,431,155569
1512478935983510,1512478936138786,67108864,2097152,32,432,155276
1512478936613374,1512478936768688,67108864,2097152,32,432,155314
1512478937244713,1512478937399592,67108864,2097152,32,433,154879
1512478937875590,1512478938030226,67108864,2097152,32,433,154636
1512478938505199,1512478938660619,67108864,2097152,32,431,155420
1512478939135069,1512478939290704,67108864,2097152,32,431,155635
1512478939764976,1512478939920335,67108864,2097152,32,431,155359
1512478940395059,1512478940550222,67108864,2097152,32,432,155163
1512478941025399,1512478941180937,67108864,2097152,32,431,155538
1512478941659979,1512478941815920,67108864,2097152,32,430,155941
1512478942292485,1512478942448798,67108864,2097152,32,429,156313
1512478942923886,1512478943079357,67108864,2097152,32,431,155471
1512478943553496,1512478943708624,67108864,2097152,32,432,155128
1512478944184439,1512478944340112,67108864,2097152,32,431,155673
1512478944814799,1512478944970206,67108864,2097152,32,431,155407
1512478945445086,1512478945600544,67108864,2097152,32,431,155458
1512478946075041,1512478946230374,67108864,2097152,32,432,155333
1512478946706053,1512478946861763,67108864,2097152,32,430,155710
1512478947337411,1512478947492727,67108864,2097152,32,432,155316
1512478947968293,1512478948123086,67108864,2097152,32,433,154793
1512478948596457,1512478948751799,67108864,2097152,32,432,155342
1512478949227857,1512478949382939,67108864,2097152,32,432,155082
1512478949856871,1512478950012299,67108864,2097152,32,431,155428
1512478950487214,1512478950642859,67108864,2097152,32,431,155645
1512478951117550,1512478951273067,67108864,2097152,32,431,155517
1512478951748147,1512478951903557,67108864,2097152,32,431,155410
1512478952377550,1512478952533232,67108864,2097152,32,431,155682
1512478953008409,1512478953164008,67108864,2097152,32,431,155599
1512478953638645,1512478953793776,67108864,2097152,32,432,155131
1512478954268814,1512478954424235,67108864,2097152,32,431,155421
1512478954898830,1512478955054681,67108864,2097152,32,430,155851
1512478955529929,1512478955685199,67108864,2097152,32,432,155270
1512478956159805,1512478956315155,67108864,2097152,32,431,155350
1512478956790769,1512478956946082,67108864,2097152,32,432,155313
1512478957421548,1512478957576675,67108864,2097152,32,432,155127
1512478958051443,1512478958206938,67108864,2097152,32,431,155495
1512478958681671,1512478958836941,67108864,2097152,32,432,155270
1512478959311475,1512478959466259,67108864,2097152,32,433,154784
1512478959941221,1512478960096612,67108864,2097152,32,431,155391
1512478960571255,1512478960726549,67108864,2097152,32,432,155294
1512478961201945,1512478961357375,67108864,2097152,32,431,155430
1512478961830984,1512478961986524,67108864,2097152,32,431,155540
1512478962461046,1512478962616443,67108864,2097152,32,431,155397
1512478963091445,1512478963247111,67108864,2097152,32,431,155666
1512478963722185,1512478963877129,67108864,2097152,32,433,154944
1512478964350842,1512478964506363,67108864,2097152,32,431,155521
1512478964980632,1512478965136034,67108864,2097152,32,431,155402
1512478965611764,1512478965767200,67108864,2097152,32,431,155436
1512478966241089,1512478966396459,67108864,2097152,32,431,155370
1512478966871209,1512478967026235,67108864,2097152,32,432,155026
1512478967500472,1512478967655656,67108864,2097152,32,432,155184
1512478968130628,1512478968286326,67108864,2097152,32,431,155698
1512478968762009,1512478968917465,67108864,2097152,32,431,155456
1512478969391250,1512478969546886,67108864,2097152,32,431,155636
1512478970020874,1512478970176543,67108864,2097152,32,431,155669
1512478970650780,1512478970806635,67108864,2097152,32,430,155855
1512478971281279,1512478971437241,67108864,2097152,32,430,155962
1512478971911482,1512478972066750,67108864,2097152,32,432,155268
1512478972541936,1512478972697201,67108864,2097152,32,432,155265
1512478973171633,1512478973326596,67108864,2097152,32,433,154963
1512478973802136,1512478973957545,67108864,2097152,32,431,155409
1512478974431939,1512478974587361,67108864,2097152,32,431,155422
1512478975063048,1512478975218696,67108864,2097152,32,431,155648
1512478975693913,1512478975849247,67108864,2097152,32,432,155334
1512478976324726,1512478976480241,67108864,2097152,32,431,155515
1512478976955426,1512478977110231,67108864,2097152,32,433,154805
1512478977584929,1512478977739510,67108864,2097152,32,434,154581
1512478978214101,1512478978369504,67108864,2097152,32,431,155403
1512478978843533,1512478978998293,67108864,2097152,32,433,154760
1512478979473423,1512478979628645,67108864,2097152,32,432,155222
1512478980103590,1512478980258921,67108864,2097152,32,432,155331
1512478980733749,1512478980889109,67108864,2097152,32,431,155360
1512478981363384,1512478981519138,67108864,2097152,32,430,155754
1512478981994765,1512478982150130,67108864,2097152,32,431,155365
1512478982624690,1512478982779970,67108864,2097152,32,432,155280
1512478983254937,1512478983410090,67108864,2097152,32,432,155153
1512478983884612,1512478984039806,67108864,2097152,32,432,155194
1512478984515465,1512478984670746,67108864,2097152,32,432,155281
1512478985145825,1512478985301079,67108864,2097152,32,432,155254
1512478985775534,1512478985931418,67108864,2097152,32,430,155884
1512478986405866,1512478986561331,67108864,2097152,32,431,155465
1512478987036135,1512478987191564,67108864,2097152,32,431,155429
1512478987667662,1512478987822841,67108864,2097152,32,432,155179
1512478988298766,1512478988453959,67108864,2097152,32,432,155193
1512478988928058,1512478989083431,67108864,2097152,32,431,155373
1512478989558682,1512478989714249,67108864,2097152,32,431,155567
1512478990189839,1512478990344938,67108864,2097152,32,432,155099
1512478990819089,1512478990974734,67108864,2097152,32,431,155645
1512478991449821,1512478991605197,67108864,2097152,32,431,155376
1512478992083615,1512478992238869,67108864,2097152,32,432,155254
1512478992714652,1512478992870127,67108864,2097152,32,431,155475
1512478993345773,1512478993501309,67108864,2097152,32,431,155536
1512478993977200,1512478994132448,67108864,2097152,32,432,155248
1512478994607853,1512478994763065,67108864,2097152,32,432,155212
1512478995238091,1512478995392617,67108864,2097152,32,434,154526
1512478995866787,1512478996022522,67108864,2097152,32,430,155735
1512478996497988,1512478996652883,67108864,2097152,32,433,154895
1512478997128494,1512478997284030,67108864,2097152,32,431,155536
1512478997758851,1512478997914387,67108864,2097152,32,431,155536
