1512607823900192,1512607823900196,1024,64,16,256,4
1512607823905601,1512607823905602,1024,64,16,1024,1
1512607823910673,1512607823910675,1024,64,16,512,2
1512607823915619,1512607823915621,1024,64,16,512,2
1512607823920493,1512607823920495,1024,64,16,512,2
1512607823925218,1512607823925220,1024,64,16,512,2
1512607823929783,1512607823929785,1024,64,16,512,2
1512607823934073,1512607823934076,1024,64,16,341,3
1512607823938200,1512607823938202,1024,64,16,512,2
1512607823942216,1512607823942219,1024,64,16,341,3
1512607823946177,1512607823946179,1024,64,16,512,2
1512607823950133,1512607823950135,1024,64,16,512,2
1512607823954078,1512607823954080,1024,64,16,512,2
1512607823958034,1512607823958036,1024,64,16,512,2
1512607823961982,1512607823961985,1024,64,16,341,3
1512607823965935,1512607823965937,1024,64,16,512,2
1512607823969880,1512607823969882,1024,64,16,512,2
1512607823973845,1512607823973847,1024,64,16,512,2
1512607823977795,1512607823977797,1024,64,16,512,2
1512607823981828,1512607823981831,1024,64,16,341,3
1512607823985794,1512607823985797,1024,64,16,341,3
1512607823989742,1512607823989744,1024,64,16,512,2
1512607823993703,1512607823993706,1024,64,16,341,3
1512607823997658,1512607823997660,1024,64,16,512,2
1512607824001532,1512607824001534,1024,64,16,512,2
1512607824005380,1512607824005382,1024,64,16,512,2
1512607824009244,1512607824009246,1024,64,16,512,2
1512607824013112,1512607824013114,1024,64,16,512,2
1512607824017012,1512607824017014,1024,64,16,512,2
1512607824020861,1512607824020863,1024,64,16,512,2
1512607824024736,1512607824024738,1024,64,16,512,2
1512607824028569,1512607824028571,1024,64,16,512,2
1512607824032419,1512607824032421,1024,64,16,512,2
1512607824036286,1512607824036288,1024,64,16,512,2
1512607824040168,1512607824040170,1024,64,16,512,2
1512607824044044,1512607824044046,1024,64,16,512,2
1512607824047901,1512607824047903,1024,64,16,512,2
1512607824051737,1512607824051739,1024,64,16,512,2
1512607824055588,1512607824055590,1024,64,16,512,2
1512607824059432,1512607824059434,1024,64,16,512,2
1512607824063273,1512607824063275,1024,64,16,512,2
1512607824067230,1512607824067232,1024,64,16,512,2
1512607824071108,1512607824071110,1024,64,16,512,2
1512607824074999,1512607824075001,1024,64,16,512,2
1512607824078979,1512607824078981,1024,64,16,512,2
1512607824082933,1512607824082935,1024,64,16,512,2
1512607824086856,1512607824086858,1024,64,16,512,2
1512607824090774,1512607824090776,1024,64,16,512,2
1512607824094689,1512607824094691,1024,64,16,512,2
1512607824098605,1512607824098607,1024,64,16,512,2
1512607824102532,1512607824102534,1024,64,16,512,2
1512607824106504,1512607824106506,1024,64,16,512,2
1512607824110412,1512607824110414,1024,64,16,512,2
1512607824114336,1512607824114338,1024,64,16,512,2
1512607824118271,1512607824118273,1024,64,16,512,2
1512607824122175,1512607824122177,1024,64,16,512,2
1512607824126115,1512607824126117,1024,64,16,512,2
1512607824130036,1512607824130038,1024,64,16,512,2
1512607824133947,1512607824133950,1024,64,16,341,3
1512607824137835,1512607824137837,1024,64,16,512,2
1512607824141772,1512607824141774,1024,64,16,512,2
1512607824145679,1512607824145681,1024,64,16,512,2
1512607824149558,1512607824149560,1024,64,16,512,2
1512607824153463,1512607824153465,1024,64,16,512,2
1512607824157401,1512607824157404,1024,64,16,341,3
1512607824161338,1512607824161340,1024,64,16,512,2
1512607824165287,1512607824165289,1024,64,16,512,2
1512607824169229,1512607824169231,1024,64,16,512,2
1512607824173181,1512607824173183,1024,64,16,512,2
1512607824177071,1512607824177074,1024,64,16,341,3
1512607824181029,1512607824181031,1024,64,16,512,2
1512607824184917,1512607824184919,1024,64,16,512,2
1512607824188883,1512607824188885,1024,64,16,512,2
1512607824192853,1512607824192856,1024,64,16,341,3
1512607824196789,1512607824196791,1024,64,16,512,2
1512607824200758,1512607824200760,1024,64,16,512,2
1512607824204707,1512607824204709,1024,64,16,512,2
1512607824208673,1512607824208675,1024,64,16,512,2
1512607824212647,1512607824212649,1024,64,16,512,2
1512607824216581,1512607824216583,1024,64,16,512,2
1512607824220533,1512607824220535,1024,64,16,512,2
1512607824224469,1512607824224471,1024,64,16,512,2
1512607824228415,1512607824228417,1024,64,16,512,2
1512607824232363,1512607824232366,1024,64,16,341,3
1512607824236333,1512607824236335,1024,64,16,512,2
1512607824240311,1512607824240313,1024,64,16,512,2
1512607824244290,1512607824244293,1024,64,16,341,3
1512607824248225,1512607824248227,1024,64,16,512,2
1512607824252165,1512607824252168,1024,64,16,341,3
1512607824256115,1512607824256118,1024,64,16,341,3
1512607824260088,1512607824260090,1024,64,16,512,2
1512607824264055,1512607824264057,1024,64,16,512,2
1512607824268035,1512607824268037,1024,64,16,512,2
1512607824272000,1512607824272002,1024,64,16,512,2
1512607824275958,1512607824275960,1024,64,16,512,2
1512607824279926,1512607824279928,1024,64,16,512,2
1512607824283889,1512607824283891,1024,64,16,512,2
1512607824287854,1512607824287857,1024,64,16,341,3
1512607824291820,1512607824291822,1024,64,16,512,2
1512607824295802,1512607824295804,1024,64,16,512,2
1512607824299776,1512607824299778,1024,64,16,512,2
1512607824303728,1512607824303730,1024,64,16,512,2
1512607824307689,1512607824307691,1024,64,16,512,2
1512607824311628,1512607824311630,1024,64,16,512,2
1512607824315575,1512607824315577,1024,64,16,512,2
1512607824319540,1512607824319542,1024,64,16,512,2
1512607824323464,1512607824323466,1024,64,16,512,2
1512607824327404,1512607824327406,1024,64,16,512,2
1512607824331376,1512607824331379,1024,64,16,341,3
1512607824335335,1512607824335338,1024,64,16,341,3
1512607824339278,1512607824339280,1024,64,16,512,2
1512607824343244,1512607824343246,1024,64,16,512,2
1512607824347203,1512607824347205,1024,64,16,512,2
1512607824351156,1512607824351158,1024,64,16,512,2
1512607824355116,1512607824355118,1024,64,16,512,2
1512607824359088,1512607824359090,1024,64,16,512,2
1512607824363043,1512607824363044,1024,64,16,1024,1
1512607824366996,1512607824366998,1024,64,16,512,2
1512607824370970,1512607824370972,1024,64,16,512,2
1512607824374917,1512607824374919,1024,64,16,512,2
1512607824378868,1512607824378870,1024,64,16,512,2
1512607824382797,1512607824382799,1024,64,16,512,2
1512607824386753,1512607824386755,1024,64,16,512,2
1512607824390718,1512607824390720,1024,64,16,512,2
1512607824394685,1512607824394687,1024,64,16,512,2
1512607824398696,1512607824398698,1024,64,16,512,2
1512607824402684,1512607824402686,1024,64,16,512,2
1512607824406636,1512607824406638,1024,64,16,512,2
1512607824410556,1512607824410559,1024,64,16,341,3
1512607824414507,1512607824414509,1024,64,16,512,2
1512607824418447,1512607824418449,1024,64,16,512,2
1512607824422385,1512607824422388,1024,64,16,341,3
1512607824426354,1512607824426356,1024,64,16,512,2
1512607824430343,1512607824430345,1024,64,16,512,2
1512607824434323,1512607824434325,1024,64,16,512,2
1512607824438287,1512607824438289,1024,64,16,512,2
1512607824442241,1512607824442243,1024,64,16,512,2
1512607824446194,1512607824446197,1024,64,16,341,3
1512607824450145,1512607824450147,1024,64,16,512,2
1512607824454100,1512607824454102,1024,64,16,512,2
1512607824458038,1512607824458040,1024,64,16,512,2
1512607824461987,1512607824461989,1024,64,16,512,2
1512607824465926,1512607824465929,1024,64,16,341,3
1512607824469877,1512607824469879,1024,64,16,512,2
1512607824473817,1512607824473819,1024,64,16,512,2
1512607824477759,1512607824477761,1024,64,16,512,2
1512607824481700,1512607824481702,1024,64,16,512,2
1512607824485567,1512607824485569,1024,64,16,512,2
1512607824489393,1512607824489395,1024,64,16,512,2
1512607824493210,1512607824493212,1024,64,16,512,2
1512607824497036,1512607824497038,1024,64,16,512,2
1512607824500880,1512607824500882,1024,64,16,512,2
1512607824504721,1512607824504723,1024,64,16,512,2
1512607824508533,1512607824508535,1024,64,16,512,2
1512607824512353,1512607824512355,1024,64,16,512,2
1512607824516175,1512607824516177,1024,64,16,512,2
1512607824520020,1512607824520022,1024,64,16,512,2
1512607824523860,1512607824523862,1024,64,16,512,2
1512607824527725,1512607824527727,1024,64,16,512,2
1512607824531561,1512607824531563,1024,64,16,512,2
1512607824535415,1512607824535417,1024,64,16,512,2
1512607824539268,1512607824539270,1024,64,16,512,2
1512607824543107,1512607824543109,1024,64,16,512,2
1512607824546937,1512607824546939,1024,64,16,512,2
1512607824550782,1512607824550784,1024,64,16,512,2
1512607824554626,1512607824554628,1024,64,16,512,2
1512607824558455,1512607824558457,1024,64,16,512,2
1512607824562305,1512607824562307,1024,64,16,512,2
1512607824566143,1512607824566145,1024,64,16,512,2
1512607824569976,1512607824569978,1024,64,16,512,2
1512607824573835,1512607824573837,1024,64,16,512,2
1512607824577679,1512607824577681,1024,64,16,512,2
1512607824581516,1512607824581518,1024,64,16,512,2
1512607824585372,1512607824585374,1024,64,16,512,2
1512607824589239,1512607824589241,1024,64,16,512,2
1512607824593159,1512607824593161,1024,64,16,512,2
1512607824597044,1512607824597046,1024,64,16,512,2
1512607824600882,1512607824600884,1024,64,16,512,2
1512607824604723,1512607824604725,1024,64,16,512,2
1512607824608554,1512607824608556,1024,64,16,512,2
1512607824612393,1512607824612395,1024,64,16,512,2
1512607824616266,1512607824616268,1024,64,16,512,2
1512607824620115,1512607824620117,1024,64,16,512,2
1512607824623965,1512607824623967,1024,64,16,512,2
1512607824627799,1512607824627801,1024,64,16,512,2
1512607824631644,1512607824631647,1024,64,16,341,3
1512607824635487,1512607824635489,1024,64,16,512,2
1512607824639333,1512607824639335,1024,64,16,512,2
1512607824643184,1512607824643186,1024,64,16,512,2
1512607824647026,1512607824647028,1024,64,16,512,2
1512607824650870,1512607824650872,1024,64,16,512,2
1512607824654723,1512607824654725,1024,64,16,512,2
1512607824658576,1512607824658578,1024,64,16,512,2
1512607824662432,1512607824662434,1024,64,16,512,2
1512607824666254,1512607824666256,1024,64,16,512,2
1512607824670099,1512607824670101,1024,64,16,512,2
1512607824673945,1512607824673947,1024,64,16,512,2
1512607824677802,1512607824677804,1024,64,16,512,2
1512607824681664,1512607824681666,1024,64,16,512,2
1512607824685515,1512607824685517,1024,64,16,512,2
1512607824689376,1512607824689378,1024,64,16,512,2
1512607824693222,1512607824693224,1024,64,16,512,2
1512607824697089,1512607824697091,1024,64,16,512,2
1512607824700937,1512607824700939,1024,64,16,512,2
1512607824704789,1512607824704791,1024,64,16,512,2
1512607824708633,1512607824708635,1024,64,16,512,2
1512607824712471,1512607824712473,1024,64,16,512,2
1512607824716307,1512607824716309,1024,64,16,512,2
1512607824720148,1512607824720150,1024,64,16,512,2
1512607824723962,1512607824723965,1024,64,16,341,3
1512607824727812,1512607824727814,1024,64,16,512,2
1512607824731638,1512607824731640,1024,64,16,512,2
1512607824735499,1512607824735502,1024,64,16,341,3
1512607824739356,1512607824739358,1024,64,16,512,2
1512607824743214,1512607824743216,1024,64,16,512,2
1512607824747092,1512607824747094,1024,64,16,512,2
1512607824750932,1512607824750934,1024,64,16,512,2
1512607824754765,1512607824754767,1024,64,16,512,2
1512607824758619,1512607824758621,1024,64,16,512,2
1512607824762470,1512607824762472,1024,64,16,512,2
1512607824766328,1512607824766330,1024,64,16,512,2
1512607824770188,1512607824770190,1024,64,16,512,2
1512607824774030,1512607824774032,1024,64,16,512,2
1512607824777880,1512607824777882,1024,64,16,512,2
1512607824781736,1512607824781738,1024,64,16,512,2
1512607824785582,1512607824785584,1024,64,16,512,2
1512607824789439,1512607824789441,1024,64,16,512,2
1512607824793267,1512607824793269,1024,64,16,512,2
1512607824797109,1512607824797111,1024,64,16,512,2
1512607824800954,1512607824800956,1024,64,16,512,2
1512607824804804,1512607824804807,1024,64,16,341,3
1512607824808682,1512607824808684,1024,64,16,512,2
1512607824812526,1512607824812528,1024,64,16,512,2
1512607824816358,1512607824816360,1024,64,16,512,2
1512607824820197,1512607824820199,1024,64,16,512,2
1512607824824042,1512607824824044,1024,64,16,512,2
1512607824827881,1512607824827883,1024,64,16,512,2
1512607824831725,1512607824831727,1024,64,16,512,2
1512607824835560,1512607824835562,1024,64,16,512,2
1512607824839383,1512607824839385,1024,64,16,512,2
1512607824843255,1512607824843257,1024,64,16,512,2
1512607824847141,1512607824847143,1024,64,16,512,2
1512607824850988,1512607824850990,1024,64,16,512,2
1512607824854834,1512607824854836,1024,64,16,512,2
1512607824858685,1512607824858687,1024,64,16,512,2
1512607824862542,1512607824862544,1024,64,16,512,2
1512607824866404,1512607824866406,1024,64,16,512,2
1512607824870254,1512607824870256,1024,64,16,512,2
1512607824874101,1512607824874103,1024,64,16,512,2
1512607824877973,1512607824877975,1024,64,16,512,2
1512607824881835,1512607824881837,1024,64,16,512,2
1512607824885682,1512607824885684,1024,64,16,512,2
1512607824889522,1512607824889524,1024,64,16,512,2
1512607824893372,1512607824893374,1024,64,16,512,2
1512607824897248,1512607824897250,1024,64,16,512,2
1512607824901094,1512607824901096,1024,64,16,512,2
1512607824904935,1512607824904937,1024,64,16,512,2
1512607824908804,1512607824908805,1024,64,16,1024,1
1512607824912661,1512607824912663,1024,64,16,512,2
1512607824916523,1512607824916525,1024,64,16,512,2
1512607824920364,1512607824920366,1024,64,16,512,2
1512607824924210,1512607824924212,1024,64,16,512,2
1512607824928061,1512607824928063,1024,64,16,512,2
1512607824931898,1512607824931901,1024,64,16,341,3
1512607824935766,1512607824935768,1024,64,16,512,2
1512607824939633,1512607824939635,1024,64,16,512,2
1512607824943463,1512607824943465,1024,64,16,512,2
1512607824947300,1512607824947302,1024,64,16,512,2
1512607824951140,1512607824951142,1024,64,16,512,2
1512607824954998,1512607824955000,1024,64,16,512,2
1512607824958846,1512607824958848,1024,64,16,512,2
1512607824962691,1512607824962693,1024,64,16,512,2
1512607824966540,1512607824966542,1024,64,16,512,2
1512607824970388,1512607824970390,1024,64,16,512,2
1512607824974240,1512607824974242,1024,64,16,512,2
1512607824978129,1512607824978131,1024,64,16,512,2
1512607824981977,1512607824981979,1024,64,16,512,2
1512607824985828,1512607824985830,1024,64,16,512,2
1512607824989678,1512607824989680,1024,64,16,512,2
1512607824993522,1512607824993524,1024,64,16,512,2
1512607824997369,1512607824997371,1024,64,16,512,2
1512607825001192,1512607825001194,1024,64,16,512,2
1512607825005033,1512607825005035,1024,64,16,512,2
1512607825008884,1512607825008886,1024,64,16,512,2
1512607825012720,1512607825012722,1024,64,16,512,2
1512607825016586,1512607825016588,1024,64,16,512,2
1512607825020447,1512607825020449,1024,64,16,512,2
1512607825024303,1512607825024305,1024,64,16,512,2
1512607825028171,1512607825028174,1024,64,16,341,3
1512607825032031,1512607825032033,1024,64,16,512,2
1512607825035892,1512607825035894,1024,64,16,512,2
1512607825039751,1512607825039753,1024,64,16,512,2
1512607825043582,1512607825043584,1024,64,16,512,2
1512607825047426,1512607825047428,1024,64,16,512,2
1512607825051272,1512607825051274,1024,64,16,512,2
1512607825055103,1512607825055105,1024,64,16,512,2
1512607825058963,1512607825058965,1024,64,16,512,2
1512607825062805,1512607825062807,1024,64,16,512,2
1512607825066681,1512607825066683,1024,64,16,512,2
1512607825070540,1512607825070543,1024,64,16,341,3
1512607825074412,1512607825074414,1024,64,16,512,2
1512607825078258,1512607825078260,1024,64,16,512,2
1512607825082110,1512607825082112,1024,64,16,512,2
1512607825085980,1512607825085983,1024,64,16,341,3
1512607825089837,1512607825089839,1024,64,16,512,2
1512607825093682,1512607825093685,1024,64,16,341,3
1512607825097523,1512607825097525,1024,64,16,512,2
1512607825101363,1512607825101365,1024,64,16,512,2
1512607825105191,1512607825105193,1024,64,16,512,2
1512607825109043,1512607825109045,1024,64,16,512,2
1512607825112880,1512607825112882,1024,64,16,512,2
1512607825116741,1512607825116743,1024,64,16,512,2
1512607825120574,1512607825120576,1024,64,16,512,2
1512607825124415,1512607825124417,1024,64,16,512,2
1512607825128246,1512607825128248,1024,64,16,512,2
1512607825132102,1512607825132104,1024,64,16,512,2
1512607825135977,1512607825135979,1024,64,16,512,2
1512607825139838,1512607825139840,1024,64,16,512,2
1512607825143669,1512607825143671,1024,64,16,512,2
1512607825147517,1512607825147520,1024,64,16,341,3
1512607825151369,1512607825151371,1024,64,16,512,2
1512607825155212,1512607825155214,1024,64,16,512,2
1512607825159066,1512607825159068,1024,64,16,512,2
1512607825162920,1512607825162922,1024,64,16,512,2
1512607825166776,1512607825166778,1024,64,16,512,2
1512607825170627,1512607825170629,1024,64,16,512,2
1512607825174487,1512607825174489,1024,64,16,512,2
1512607825178345,1512607825178347,1024,64,16,512,2
1512607825182204,1512607825182206,1024,64,16,512,2
1512607825186063,1512607825186065,1024,64,16,512,2
1512607825189909,1512607825189911,1024,64,16,512,2
1512607825193765,1512607825193767,1024,64,16,512,2
1512607825197614,1512607825197616,1024,64,16,512,2
1512607825201476,1512607825201478,1024,64,16,512,2
1512607825205332,1512607825205335,1024,64,16,341,3
1512607825209158,1512607825209160,1024,64,16,512,2
1512607825212996,1512607825212998,1024,64,16,512,2
1512607825216837,1512607825216839,1024,64,16,512,2
1512607825220688,1512607825220690,1024,64,16,512,2
1512607825224545,1512607825224547,1024,64,16,512,2
1512607825228412,1512607825228414,1024,64,16,512,2
1512607825232258,1512607825232260,1024,64,16,512,2
1512607825236097,1512607825236099,1024,64,16,512,2
1512607825239955,1512607825239957,1024,64,16,512,2
1512607825243817,1512607825243819,1024,64,16,512,2
1512607825247669,1512607825247671,1024,64,16,512,2
1512607825251528,1512607825251530,1024,64,16,512,2
1512607825255373,1512607825255375,1024,64,16,512,2
1512607825259210,1512607825259212,1024,64,16,512,2
1512607825263048,1512607825263050,1024,64,16,512,2
1512607825266890,1512607825266892,1024,64,16,512,2
1512607825270719,1512607825270721,1024,64,16,512,2
1512607825274552,1512607825274554,1024,64,16,512,2
1512607825278400,1512607825278402,1024,64,16,512,2
1512607825282262,1512607825282264,1024,64,16,512,2
1512607825286107,1512607825286109,1024,64,16,512,2
1512607825289944,1512607825289946,1024,64,16,512,2
1512607825293776,1512607825293778,1024,64,16,512,2
1512607825297612,1512607825297614,1024,64,16,512,2
1512607825301468,1512607825301470,1024,64,16,512,2
1512607825305329,1512607825305331,1024,64,16,512,2
1512607825309172,1512607825309175,1024,64,16,341,3
1512607825313029,1512607825313031,1024,64,16,512,2
1512607825316905,1512607825316907,1024,64,16,512,2
1512607825320757,1512607825320759,1024,64,16,512,2
1512607825324582,1512607825324585,1024,64,16,341,3
1512607825328409,1512607825328411,1024,64,16,512,2
1512607825332259,1512607825332261,1024,64,16,512,2
1512607825336124,1512607825336126,1024,64,16,512,2
1512607825339968,1512607825339970,1024,64,16,512,2
1512607825343812,1512607825343814,1024,64,16,512,2
1512607825347661,1512607825347663,1024,64,16,512,2
1512607825351508,1512607825351510,1024,64,16,512,2
1512607825355360,1512607825355362,1024,64,16,512,2
1512607825359215,1512607825359217,1024,64,16,512,2
1512607825363070,1512607825363072,1024,64,16,512,2
1512607825366914,1512607825366916,1024,64,16,512,2
1512607825370765,1512607825370767,1024,64,16,512,2
1512607825374601,1512607825374603,1024,64,16,512,2
1512607825378424,1512607825378426,1024,64,16,512,2
1512607825382276,1512607825382278,1024,64,16,512,2
1512607825386110,1512607825386112,1024,64,16,512,2
1512607825389936,1512607825389938,1024,64,16,512,2
1512607825393773,1512607825393775,1024,64,16,512,2
1512607825397592,1512607825397594,1024,64,16,512,2
1512607825401426,1512607825401428,1024,64,16,512,2
1512607825405260,1512607825405262,1024,64,16,512,2
1512607825409126,1512607825409128,1024,64,16,512,2
1512607825412962,1512607825412964,1024,64,16,512,2
1512607825416811,1512607825416813,1024,64,16,512,2
1512607825420712,1512607825420714,1024,64,16,512,2
1512607825424556,1512607825424558,1024,64,16,512,2
1512607825428400,1512607825428402,1024,64,16,512,2
1512607825432226,1512607825432229,1024,64,16,341,3
1512607825436044,1512607825436046,1024,64,16,512,2
1512607825439871,1512607825439873,1024,64,16,512,2
1512607825443684,1512607825443687,1024,64,16,341,3
1512607825447530,1512607825447532,1024,64,16,512,2
1512607825451392,1512607825451394,1024,64,16,512,2
1512607825455257,1512607825455259,1024,64,16,512,2
1512607825459117,1512607825459119,1024,64,16,512,2
1512607825462972,1512607825462974,1024,64,16,512,2
1512607825466835,1512607825466837,1024,64,16,512,2
1512607825470699,1512607825470701,1024,64,16,512,2
1512607825474558,1512607825474560,1024,64,16,512,2
1512607825478411,1512607825478413,1024,64,16,512,2
1512607825482277,1512607825482279,1024,64,16,512,2
1512607825486135,1512607825486137,1024,64,16,512,2
1512607825490001,1512607825490003,1024,64,16,512,2
1512607825493865,1512607825493867,1024,64,16,512,2
1512607825497735,1512607825497737,1024,64,16,512,2
1512607825501626,1512607825501628,1024,64,16,512,2
1512607825505499,1512607825505501,1024,64,16,512,2
1512607825509383,1512607825509385,1024,64,16,512,2
1512607825513248,1512607825513250,1024,64,16,512,2
1512607825517087,1512607825517089,1024,64,16,512,2
1512607825520923,1512607825520925,1024,64,16,512,2
1512607825524785,1512607825524787,1024,64,16,512,2
1512607825528639,1512607825528641,1024,64,16,512,2
1512607825532501,1512607825532503,1024,64,16,512,2
1512607825536352,1512607825536354,1024,64,16,512,2
1512607825540212,1512607825540214,1024,64,16,512,2
1512607825544045,1512607825544047,1024,64,16,512,2
1512607825547883,1512607825547885,1024,64,16,512,2
1512607825551716,1512607825551718,1024,64,16,512,2
1512607825555574,1512607825555576,1024,64,16,512,2
1512607825559433,1512607825559435,1024,64,16,512,2
1512607825563276,1512607825563278,1024,64,16,512,2
1512607825567134,1512607825567136,1024,64,16,512,2
1512607825570964,1512607825570966,1024,64,16,512,2
1512607825574789,1512607825574791,1024,64,16,512,2
1512607825578632,1512607825578633,1024,64,16,1024,1
1512607825582488,1512607825582490,1024,64,16,512,2
1512607825586351,1512607825586353,1024,64,16,512,2
1512607825590192,1512607825590194,1024,64,16,512,2
1512607825594050,1512607825594052,1024,64,16,512,2
1512607825597898,1512607825597901,1024,64,16,341,3
1512607825601763,1512607825601765,1024,64,16,512,2
1512607825605621,1512607825605623,1024,64,16,512,2
1512607825609484,1512607825609486,1024,64,16,512,2
1512607825613341,1512607825613343,1024,64,16,512,2
1512607825617214,1512607825617216,1024,64,16,512,2
1512607825621071,1512607825621073,1024,64,16,512,2
1512607825624940,1512607825624942,1024,64,16,512,2
1512607825628785,1512607825628787,1024,64,16,512,2
1512607825632652,1512607825632655,1024,64,16,341,3
1512607825636502,1512607825636504,1024,64,16,512,2
1512607825640358,1512607825640361,1024,64,16,341,3
1512607825644223,1512607825644225,1024,64,16,512,2
1512607825648091,1512607825648093,1024,64,16,512,2
1512607825651941,1512607825651943,1024,64,16,512,2
1512607825655787,1512607825655789,1024,64,16,512,2
1512607825659626,1512607825659628,1024,64,16,512,2
1512607825663489,1512607825663492,1024,64,16,341,3
1512607825667338,1512607825667340,1024,64,16,512,2
1512607825671191,1512607825671193,1024,64,16,512,2
1512607825675030,1512607825675032,1024,64,16,512,2
1512607825678887,1512607825678889,1024,64,16,512,2
1512607825682732,1512607825682734,1024,64,16,512,2
1512607825686590,1512607825686592,1024,64,16,512,2
1512607825690443,1512607825690445,1024,64,16,512,2
1512607825694269,1512607825694271,1024,64,16,512,2
1512607825698098,1512607825698100,1024,64,16,512,2
1512607825701939,1512607825701941,1024,64,16,512,2
1512607825705780,1512607825705782,1024,64,16,512,2
1512607825709597,1512607825709599,1024,64,16,512,2
1512607825713441,1512607825713443,1024,64,16,512,2
1512607825717281,1512607825717283,1024,64,16,512,2
1512607825721151,1512607825721153,1024,64,16,512,2
1512607825725012,1512607825725014,1024,64,16,512,2
1512607825728873,1512607825728875,1024,64,16,512,2
1512607825732714,1512607825732716,1024,64,16,512,2
1512607825736562,1512607825736564,1024,64,16,512,2
1512607825740396,1512607825740399,1024,64,16,341,3
1512607825744247,1512607825744249,1024,64,16,512,2
1512607825748105,1512607825748107,1024,64,16,512,2
1512607825751966,1512607825751968,1024,64,16,512,2
1512607825755827,1512607825755829,1024,64,16,512,2
1512607825759685,1512607825759687,1024,64,16,512,2
1512607825763547,1512607825763549,1024,64,16,512,2
1512607825767409,1512607825767411,1024,64,16,512,2
1512607825771254,1512607825771256,1024,64,16,512,2
1512607825775133,1512607825775135,1024,64,16,512,2
1512607825779017,1512607825779019,1024,64,16,512,2
1512607825782896,1512607825782898,1024,64,16,512,2
1512607825786777,1512607825786779,1024,64,16,512,2
1512607825790638,1512607825790640,1024,64,16,512,2
1512607825794493,1512607825794495,1024,64,16,512,2
1512607825798350,1512607825798352,1024,64,16,512,2
1512607825802198,1512607825802200,1024,64,16,512,2
1512607825806091,1512607825806093,1024,64,16,512,2
1512607825809968,1512607825809970,1024,64,16,512,2
1512607825813836,1512607825813839,1024,64,16,341,3
1512607825817695,1512607825817697,1024,64,16,512,2
1512607825821557,1512607825821559,1024,64,16,512,2
1512607825825422,1512607825825424,1024,64,16,512,2
1512607825829287,1512607825829289,1024,64,16,512,2
1512607825833131,1512607825833133,1024,64,16,512,2
1512607825836967,1512607825836969,1024,64,16,512,2
1512607825840823,1512607825840825,1024,64,16,512,2
1512607825844673,1512607825844675,1024,64,16,512,2
1512607825848530,1512607825848532,1024,64,16,512,2
1512607825852377,1512607825852379,1024,64,16,512,2
1512607825856217,1512607825856220,1024,64,16,341,3
1512607825860043,1512607825860045,1024,64,16,512,2
1512607825863874,1512607825863876,1024,64,16,512,2
1512607825867749,1512607825867751,1024,64,16,512,2
1512607825871627,1512607825871629,1024,64,16,512,2
1512607825875469,1512607825875471,1024,64,16,512,2
1512607825879307,1512607825879309,1024,64,16,512,2
1512607825883133,1512607825883135,1024,64,16,512,2
1512607825886971,1512607825886973,1024,64,16,512,2
1512607825890818,1512607825890820,1024,64,16,512,2
1512607825894676,1512607825894677,1024,64,16,1024,1
1512607825898507,1512607825898509,1024,64,16,512,2
1512607825902347,1512607825902349,1024,64,16,512,2
1512607825906212,1512607825906214,1024,64,16,512,2
1512607825910064,1512607825910066,1024,64,16,512,2
1512607825913913,1512607825913915,1024,64,16,512,2
1512607825917761,1512607825917763,1024,64,16,512,2
1512607825921603,1512607825921605,1024,64,16,512,2
1512607825925454,1512607825925456,1024,64,16,512,2
1512607825929299,1512607825929301,1024,64,16,512,2
1512607825933143,1512607825933145,1024,64,16,512,2
1512607825936962,1512607825936965,1024,64,16,341,3
1512607825940811,1512607825940813,1024,64,16,512,2
1512607825944678,1512607825944680,1024,64,16,512,2
1512607825948538,1512607825948540,1024,64,16,512,2
1512607825952393,1512607825952395,1024,64,16,512,2
1512607825956227,1512607825956229,1024,64,16,512,2
1512607825960099,1512607825960101,1024,64,16,512,2
1512607825963956,1512607825963958,1024,64,16,512,2
1512607825967814,1512607825967816,1024,64,16,512,2
1512607825971646,1512607825971648,1024,64,16,512,2
1512607825975488,1512607825975490,1024,64,16,512,2
1512607825979332,1512607825979334,1024,64,16,512,2
1512607825983181,1512607825983183,1024,64,16,512,2
1512607825987027,1512607825987029,1024,64,16,512,2
1512607825990851,1512607825990853,1024,64,16,512,2
1512607825994705,1512607825994707,1024,64,16,512,2
1512607825998558,1512607825998560,1024,64,16,512,2
1512607826002426,1512607826002428,1024,64,16,512,2
1512607826006280,1512607826006282,1024,64,16,512,2
1512607826010150,1512607826010152,1024,64,16,512,2
1512607826014017,1512607826014019,1024,64,16,512,2
1512607826017875,1512607826017877,1024,64,16,512,2
1512607826021733,1512607826021735,1024,64,16,512,2
1512607826025580,1512607826025582,1024,64,16,512,2
1512607826029441,1512607826029443,1024,64,16,512,2
1512607826033283,1512607826033285,1024,64,16,512,2
1512607826037117,1512607826037120,1024,64,16,341,3
1512607826040931,1512607826040933,1024,64,16,512,2
1512607826044783,1512607826044785,1024,64,16,512,2
1512607826048673,1512607826048675,1024,64,16,512,2
1512607826052531,1512607826052533,1024,64,16,512,2
1512607826056377,1512607826056379,1024,64,16,512,2
1512607826060218,1512607826060220,1024,64,16,512,2
1512607826064071,1512607826064073,1024,64,16,512,2
1512607826067919,1512607826067921,1024,64,16,512,2
1512607826071776,1512607826071778,1024,64,16,512,2
1512607826075610,1512607826075612,1024,64,16,512,2
1512607826079429,1512607826079431,1024,64,16,512,2
1512607826083265,1512607826083267,1024,64,16,512,2
1512607826087115,1512607826087117,1024,64,16,512,2
1512607826090961,1512607826090963,1024,64,16,512,2
1512607826094778,1512607826094780,1024,64,16,512,2
1512607826098629,1512607826098631,1024,64,16,512,2
1512607826102474,1512607826102476,1024,64,16,512,2
1512607826106336,1512607826106338,1024,64,16,512,2
1512607826110195,1512607826110197,1024,64,16,512,2
1512607826114058,1512607826114060,1024,64,16,512,2
1512607826117915,1512607826117917,1024,64,16,512,2
1512607826121782,1512607826121784,1024,64,16,512,2
1512607826125627,1512607826125629,1024,64,16,512,2
1512607826129502,1512607826129504,1024,64,16,512,2
1512607826133375,1512607826133377,1024,64,16,512,2
1512607826137228,1512607826137230,1024,64,16,512,2
1512607826141096,1512607826141099,1024,64,16,341,3
1512607826144974,1512607826144976,1024,64,16,512,2
1512607826148836,1512607826148838,1024,64,16,512,2
1512607826152702,1512607826152704,1024,64,16,512,2
1512607826156577,1512607826156579,1024,64,16,512,2
1512607826160427,1512607826160429,1024,64,16,512,2
1512607826164289,1512607826164291,1024,64,16,512,2
1512607826168145,1512607826168147,1024,64,16,512,2
1512607826171997,1512607826171999,1024,64,16,512,2
1512607826175861,1512607826175863,1024,64,16,512,2
1512607826179714,1512607826179716,1024,64,16,512,2
1512607826183567,1512607826183569,1024,64,16,512,2
1512607826187464,1512607826187466,1024,64,16,512,2
1512607826191330,1512607826191332,1024,64,16,512,2
1512607826195208,1512607826195210,1024,64,16,512,2
1512607826199070,1512607826199072,1024,64,16,512,2
1512607826202947,1512607826202949,1024,64,16,512,2
1512607826206808,1512607826206810,1024,64,16,512,2
1512607826210715,1512607826210718,1024,64,16,341,3
1512607826214581,1512607826214583,1024,64,16,512,2
1512607826218460,1512607826218461,1024,64,16,1024,1
1512607826222337,1512607826222339,1024,64,16,512,2
1512607826226196,1512607826226198,1024,64,16,512,2
1512607826230065,1512607826230067,1024,64,16,512,2
1512607826233920,1512607826233923,1024,64,16,341,3
1512607826237769,1512607826237772,1024,64,16,341,3
1512607826241629,1512607826241631,1024,64,16,512,2
1512607826245484,1512607826245486,1024,64,16,512,2
1512607826249332,1512607826249334,1024,64,16,512,2
1512607826253178,1512607826253180,1024,64,16,512,2
1512607826257031,1512607826257033,1024,64,16,512,2
1512607826260863,1512607826260865,1024,64,16,512,2
1512607826264700,1512607826264702,1024,64,16,512,2
1512607826268572,1512607826268574,1024,64,16,512,2
1512607826272437,1512607826272439,1024,64,16,512,2
1512607826276329,1512607826276332,1024,64,16,341,3
1512607826280193,1512607826280195,1024,64,16,512,2
1512607826284060,1512607826284062,1024,64,16,512,2
1512607826287938,1512607826287941,1024,64,16,341,3
1512607826291821,1512607826291823,1024,64,16,512,2
1512607826295712,1512607826295715,1024,64,16,341,3
1512607826299586,1512607826299588,1024,64,16,512,2
1512607826303467,1512607826303470,1024,64,16,341,3
1512607826307328,1512607826307330,1024,64,16,512,2
1512607826311208,1512607826311211,1024,64,16,341,3
1512607826315082,1512607826315084,1024,64,16,512,2
1512607826318940,1512607826318942,1024,64,16,512,2
1512607826322796,1512607826322798,1024,64,16,512,2
1512607826326650,1512607826326652,1024,64,16,512,2
1512607826330514,1512607826330516,1024,64,16,512,2
1512607826334363,1512607826334365,1024,64,16,512,2
1512607826338204,1512607826338206,1024,64,16,512,2
1512607826342040,1512607826342043,1024,64,16,341,3
1512607826345904,1512607826345906,1024,64,16,512,2
1512607826349770,1512607826349772,1024,64,16,512,2
1512607826353580,1512607826353582,1024,64,16,512,2
1512607826357423,1512607826357425,1024,64,16,512,2
1512607826361273,1512607826361275,1024,64,16,512,2
1512607826365114,1512607826365116,1024,64,16,512,2
1512607826368947,1512607826368949,1024,64,16,512,2
1512607826372786,1512607826372788,1024,64,16,512,2
1512607826376640,1512607826376643,1024,64,16,341,3
1512607826380469,1512607826380472,1024,64,16,341,3
1512607826384318,1512607826384320,1024,64,16,512,2
1512607826388158,1512607826388160,1024,64,16,512,2
1512607826392012,1512607826392014,1024,64,16,512,2
1512607826395850,1512607826395852,1024,64,16,512,2
1512607826399687,1512607826399689,1024,64,16,512,2
1512607826403522,1512607826403524,1024,64,16,512,2
1512607826407381,1512607826407383,1024,64,16,512,2
1512607826411231,1512607826411233,1024,64,16,512,2
1512607826415085,1512607826415087,1024,64,16,512,2
1512607826418941,1512607826418943,1024,64,16,512,2
1512607826422792,1512607826422794,1024,64,16,512,2
1512607826426632,1512607826426634,1024,64,16,512,2
1512607826430500,1512607826430502,1024,64,16,512,2
1512607826434334,1512607826434336,1024,64,16,512,2
1512607826438195,1512607826438197,1024,64,16,512,2
1512607826442037,1512607826442039,1024,64,16,512,2
1512607826445904,1512607826445906,1024,64,16,512,2
1512607826449756,1512607826449758,1024,64,16,512,2
1512607826453598,1512607826453600,1024,64,16,512,2
1512607826457427,1512607826457429,1024,64,16,512,2
1512607826461274,1512607826461276,1024,64,16,512,2
1512607826465167,1512607826465170,1024,64,16,341,3
1512607826469034,1512607826469036,1024,64,16,512,2
1512607826472872,1512607826472874,1024,64,16,512,2
1512607826476722,1512607826476724,1024,64,16,512,2
1512607826480591,1512607826480593,1024,64,16,512,2
1512607826484451,1512607826484453,1024,64,16,512,2
1512607826488295,1512607826488297,1024,64,16,512,2
1512607826492144,1512607826492146,1024,64,16,512,2
1512607826495994,1512607826495996,1024,64,16,512,2
1512607826499856,1512607826499858,1024,64,16,512,2
1512607826503728,1512607826503730,1024,64,16,512,2
1512607826507581,1512607826507583,1024,64,16,512,2
1512607826511435,1512607826511437,1024,64,16,512,2
1512607826515277,1512607826515279,1024,64,16,512,2
1512607826519131,1512607826519134,1024,64,16,341,3
1512607826523001,1512607826523003,1024,64,16,512,2
1512607826526844,1512607826526847,1024,64,16,341,3
1512607826530686,1512607826530688,1024,64,16,512,2
1512607826534508,1512607826534510,1024,64,16,512,2
1512607826538361,1512607826538363,1024,64,16,512,2
1512607826542217,1512607826542219,1024,64,16,512,2
1512607826546075,1512607826546077,1024,64,16,512,2
1512607826549945,1512607826549947,1024,64,16,512,2
1512607826553811,1512607826553813,1024,64,16,512,2
1512607826557650,1512607826557652,1024,64,16,512,2
1512607826561498,1512607826561500,1024,64,16,512,2
1512607826565380,1512607826565382,1024,64,16,512,2
1512607826569255,1512607826569257,1024,64,16,512,2
1512607826573120,1512607826573122,1024,64,16,512,2
1512607826577006,1512607826577008,1024,64,16,512,2
1512607826580864,1512607826580867,1024,64,16,341,3
1512607826584746,1512607826584748,1024,64,16,512,2
1512607826588601,1512607826588603,1024,64,16,512,2
1512607826592444,1512607826592447,1024,64,16,341,3
1512607826596289,1512607826596291,1024,64,16,512,2
1512607826600132,1512607826600134,1024,64,16,512,2
1512607826603984,1512607826603986,1024,64,16,512,2
1512607826607816,1512607826607818,1024,64,16,512,2
1512607826611623,1512607826611625,1024,64,16,512,2
1512607826615461,1512607826615463,1024,64,16,512,2
1512607826619290,1512607826619292,1024,64,16,512,2
1512607826623123,1512607826623126,1024,64,16,341,3
1512607826626959,1512607826626961,1024,64,16,512,2
1512607826630802,1512607826630804,1024,64,16,512,2
1512607826634641,1512607826634643,1024,64,16,512,2
1512607826638474,1512607826638476,1024,64,16,512,2
1512607826642320,1512607826642322,1024,64,16,512,2
1512607826646161,1512607826646163,1024,64,16,512,2
1512607826650004,1512607826650006,1024,64,16,512,2
1512607826653846,1512607826653848,1024,64,16,512,2
1512607826657685,1512607826657687,1024,64,16,512,2
1512607826661511,1512607826661513,1024,64,16,512,2
1512607826665354,1512607826665356,1024,64,16,512,2
1512607826669207,1512607826669209,1024,64,16,512,2
1512607826673067,1512607826673069,1024,64,16,512,2
1512607826676961,1512607826676963,1024,64,16,512,2
1512607826680816,1512607826680819,1024,64,16,341,3
1512607826684641,1512607826684643,1024,64,16,512,2
1512607826688461,1512607826688463,1024,64,16,512,2
1512607826692296,1512607826692299,1024,64,16,341,3
1512607826696147,1512607826696149,1024,64,16,512,2
1512607826700005,1512607826700007,1024,64,16,512,2
1512607826703847,1512607826703849,1024,64,16,512,2
1512607826707683,1512607826707685,1024,64,16,512,2
1512607826711516,1512607826711518,1024,64,16,512,2
1512607826715372,1512607826715374,1024,64,16,512,2
1512607826719218,1512607826719220,1024,64,16,512,2
1512607826723079,1512607826723081,1024,64,16,512,2
1512607826726910,1512607826726912,1024,64,16,512,2
1512607826730727,1512607826730729,1024,64,16,512,2
1512607826734587,1512607826734589,1024,64,16,512,2
1512607826738470,1512607826738472,1024,64,16,512,2
1512607826742341,1512607826742343,1024,64,16,512,2
1512607826746202,1512607826746204,1024,64,16,512,2
1512607826750062,1512607826750064,1024,64,16,512,2
1512607826753917,1512607826753919,1024,64,16,512,2
1512607826757752,1512607826757755,1024,64,16,341,3
1512607826761603,1512607826761605,1024,64,16,512,2
1512607826765469,1512607826765471,1024,64,16,512,2
1512607826769349,1512607826769351,1024,64,16,512,2
1512607826773214,1512607826773216,1024,64,16,512,2
1512607826777073,1512607826777075,1024,64,16,512,2
1512607826780925,1512607826780927,1024,64,16,512,2
1512607826784775,1512607826784777,1024,64,16,512,2
1512607826788622,1512607826788624,1024,64,16,512,2
1512607826792494,1512607826792496,1024,64,16,512,2
1512607826796357,1512607826796359,1024,64,16,512,2
1512607826800214,1512607826800216,1024,64,16,512,2
1512607826804035,1512607826804037,1024,64,16,512,2
1512607826807858,1512607826807860,1024,64,16,512,2
1512607826811684,1512607826811686,1024,64,16,512,2
1512607826815527,1512607826815529,1024,64,16,512,2
1512607826819360,1512607826819362,1024,64,16,512,2
1512607826823209,1512607826823211,1024,64,16,512,2
1512607826827046,1512607826827048,1024,64,16,512,2
1512607826830892,1512607826830894,1024,64,16,512,2
1512607826834740,1512607826834742,1024,64,16,512,2
1512607826838611,1512607826838613,1024,64,16,512,2
1512607826842447,1512607826842449,1024,64,16,512,2
1512607826846274,1512607826846276,1024,64,16,512,2
1512607826850117,1512607826850119,1024,64,16,512,2
1512607826853967,1512607826853969,1024,64,16,512,2
1512607826857843,1512607826857845,1024,64,16,512,2
1512607826861710,1512607826861712,1024,64,16,512,2
1512607826865543,1512607826865545,1024,64,16,512,2
1512607826869399,1512607826869402,1024,64,16,341,3
1512607826873256,1512607826873259,1024,64,16,341,3
1512607826877114,1512607826877117,1024,64,16,341,3
1512607826880971,1512607826880973,1024,64,16,512,2
1512607826884807,1512607826884809,1024,64,16,512,2
1512607826888654,1512607826888657,1024,64,16,341,3
1512607826892508,1512607826892510,1024,64,16,512,2
1512607826896371,1512607826896373,1024,64,16,512,2
1512607826900216,1512607826900218,1024,64,16,512,2
1512607826904076,1512607826904079,1024,64,16,341,3
1512607826907924,1512607826907926,1024,64,16,512,2
1512607826911781,1512607826911784,1024,64,16,341,3
1512607826915626,1512607826915628,1024,64,16,512,2
1512607826919489,1512607826919491,1024,64,16,512,2
1512607826923371,1512607826923373,1024,64,16,512,2
1512607826927214,1512607826927216,1024,64,16,512,2
1512607826931089,1512607826931091,1024,64,16,512,2
1512607826934953,1512607826934955,1024,64,16,512,2
1512607826938793,1512607826938795,1024,64,16,512,2
1512607826942644,1512607826942646,1024,64,16,512,2
1512607826946527,1512607826946529,1024,64,16,512,2
1512607826950377,1512607826950379,1024,64,16,512,2
1512607826954232,1512607826954234,1024,64,16,512,2
1512607826958088,1512607826958090,1024,64,16,512,2
1512607826961920,1512607826961923,1024,64,16,341,3
1512607826965762,1512607826965764,1024,64,16,512,2
1512607826969611,1512607826969613,1024,64,16,512,2
1512607826973448,1512607826973450,1024,64,16,512,2
1512607826977285,1512607826977287,1024,64,16,512,2
1512607826981134,1512607826981136,1024,64,16,512,2
1512607826984980,1512607826984981,1024,64,16,1024,1
1512607826988821,1512607826988824,1024,64,16,341,3
1512607826992653,1512607826992656,1024,64,16,341,3
1512607826996476,1512607826996478,1024,64,16,512,2
1512607827000293,1512607827000295,1024,64,16,512,2
1512607827004118,1512607827004120,1024,64,16,512,2
1512607827007953,1512607827007955,1024,64,16,512,2
1512607827011784,1512607827011787,1024,64,16,341,3
1512607827015621,1512607827015623,1024,64,16,512,2
1512607827019457,1512607827019460,1024,64,16,341,3
1512607827023294,1512607827023296,1024,64,16,512,2
1512607827027126,1512607827027128,1024,64,16,512,2
1512607827030967,1512607827030969,1024,64,16,512,2
1512607827034795,1512607827034797,1024,64,16,512,2
1512607827038643,1512607827038645,1024,64,16,512,2
1512607827042476,1512607827042478,1024,64,16,512,2
1512607827046329,1512607827046331,1024,64,16,512,2
1512607827050171,1512607827050173,1024,64,16,512,2
1512607827054006,1512607827054008,1024,64,16,512,2
1512607827057838,1512607827057840,1024,64,16,512,2
1512607827061667,1512607827061669,1024,64,16,512,2
1512607827065497,1512607827065499,1024,64,16,512,2
1512607827069337,1512607827069340,1024,64,16,341,3
1512607827073169,1512607827073171,1024,64,16,512,2
1512607827077027,1512607827077029,1024,64,16,512,2
1512607827080880,1512607827080882,1024,64,16,512,2
1512607827084709,1512607827084711,1024,64,16,512,2
1512607827088540,1512607827088542,1024,64,16,512,2
1512607827092366,1512607827092368,1024,64,16,512,2
1512607827096202,1512607827096204,1024,64,16,512,2
1512607827100070,1512607827100072,1024,64,16,512,2
1512607827103940,1512607827103943,1024,64,16,341,3
1512607827107796,1512607827107798,1024,64,16,512,2
1512607827111680,1512607827111682,1024,64,16,512,2
1512607827115535,1512607827115537,1024,64,16,512,2
1512607827119378,1512607827119380,1024,64,16,512,2
1512607827123230,1512607827123232,1024,64,16,512,2
1512607827127084,1512607827127086,1024,64,16,512,2
1512607827130935,1512607827130937,1024,64,16,512,2
1512607827134803,1512607827134805,1024,64,16,512,2
1512607827138671,1512607827138674,1024,64,16,341,3
1512607827142505,1512607827142507,1024,64,16,512,2
1512607827146348,1512607827146350,1024,64,16,512,2
1512607827150197,1512607827150200,1024,64,16,341,3
1512607827154059,1512607827154061,1024,64,16,512,2
1512607827157931,1512607827157933,1024,64,16,512,2
1512607827161783,1512607827161785,1024,64,16,512,2
1512607827165647,1512607827165649,1024,64,16,512,2
1512607827169494,1512607827169496,1024,64,16,512,2
1512607827173352,1512607827173354,1024,64,16,512,2
1512607827177201,1512607827177203,1024,64,16,512,2
1512607827181059,1512607827181061,1024,64,16,512,2
1512607827184893,1512607827184895,1024,64,16,512,2
1512607827188723,1512607827188726,1024,64,16,341,3
1512607827192569,1512607827192571,1024,64,16,512,2
1512607827196433,1512607827196435,1024,64,16,512,2
1512607827200266,1512607827200268,1024,64,16,512,2
1512607827204110,1512607827204112,1024,64,16,512,2
1512607827207953,1512607827207955,1024,64,16,512,2
1512607827211802,1512607827211804,1024,64,16,512,2
1512607827215655,1512607827215657,1024,64,16,512,2
1512607827219480,1512607827219482,1024,64,16,512,2
1512607827223320,1512607827223322,1024,64,16,512,2
1512607827227176,1512607827227178,1024,64,16,512,2
1512607827231073,1512607827231075,1024,64,16,512,2
1512607827234926,1512607827234928,1024,64,16,512,2
1512607827238769,1512607827238771,1024,64,16,512,2
1512607827242608,1512607827242610,1024,64,16,512,2
1512607827246451,1512607827246454,1024,64,16,341,3
1512607827250307,1512607827250309,1024,64,16,512,2
1512607827254139,1512607827254141,1024,64,16,512,2
1512607827257996,1512607827257998,1024,64,16,512,2
1512607827261860,1512607827261863,1024,64,16,341,3
1512607827265704,1512607827265706,1024,64,16,512,2
1512607827269543,1512607827269545,1024,64,16,512,2
1512607827273390,1512607827273392,1024,64,16,512,2
1512607827277239,1512607827277241,1024,64,16,512,2
1512607827281083,1512607827281085,1024,64,16,512,2
1512607827284940,1512607827284942,1024,64,16,512,2
1512607827288791,1512607827288793,1024,64,16,512,2
1512607827292634,1512607827292636,1024,64,16,512,2
1512607827296489,1512607827296491,1024,64,16,512,2
1512607827300344,1512607827300346,1024,64,16,512,2
1512607827304192,1512607827304195,1024,64,16,341,3
1512607827308036,1512607827308038,1024,64,16,512,2
1512607827311869,1512607827311871,1024,64,16,512,2
1512607827315700,1512607827315702,1024,64,16,512,2
1512607827319547,1512607827319549,1024,64,16,512,2
1512607827323390,1512607827323392,1024,64,16,512,2
1512607827327244,1512607827327246,1024,64,16,512,2
1512607827331104,1512607827331106,1024,64,16,512,2
1512607827334943,1512607827334945,1024,64,16,512,2
1512607827338787,1512607827338789,1024,64,16,512,2
1512607827342634,1512607827342637,1024,64,16,341,3
1512607827346471,1512607827346473,1024,64,16,512,2
1512607827350306,1512607827350308,1024,64,16,512,2
1512607827354160,1512607827354162,1024,64,16,512,2
1512607827357998,1512607827358000,1024,64,16,512,2
1512607827361850,1512607827361852,1024,64,16,512,2
1512607827365713,1512607827365715,1024,64,16,512,2
1512607827369567,1512607827369570,1024,64,16,341,3
1512607827373411,1512607827373414,1024,64,16,341,3
1512607827377262,1512607827377264,1024,64,16,512,2
1512607827381104,1512607827381107,1024,64,16,341,3
1512607827384971,1512607827384973,1024,64,16,512,2
1512607827388826,1512607827388828,1024,64,16,512,2
1512607827392688,1512607827392690,1024,64,16,512,2
1512607827396543,1512607827396545,1024,64,16,512,2
1512607827400410,1512607827400412,1024,64,16,512,2
1512607827404255,1512607827404257,1024,64,16,512,2
1512607827408103,1512607827408105,1024,64,16,512,2
1512607827411940,1512607827411943,1024,64,16,341,3
1512607827415785,1512607827415787,1024,64,16,512,2
1512607827419621,1512607827419624,1024,64,16,341,3
1512607827423465,1512607827423467,1024,64,16,512,2
1512607827427301,1512607827427303,1024,64,16,512,2
1512607827431146,1512607827431148,1024,64,16,512,2
1512607827434990,1512607827434993,1024,64,16,341,3
1512607827438836,1512607827438838,1024,64,16,512,2
1512607827442674,1512607827442677,1024,64,16,341,3
1512607827446519,1512607827446521,1024,64,16,512,2
1512607827450374,1512607827450376,1024,64,16,512,2
1512607827454219,1512607827454221,1024,64,16,512,2
1512607827458097,1512607827458099,1024,64,16,512,2
1512607827461960,1512607827461962,1024,64,16,512,2
1512607827465816,1512607827465818,1024,64,16,512,2
1512607827469660,1512607827469662,1024,64,16,512,2
1512607827473520,1512607827473523,1024,64,16,341,3
1512607827477384,1512607827477386,1024,64,16,512,2
1512607827481223,1512607827481224,1024,64,16,1024,1
1512607827485060,1512607827485062,1024,64,16,512,2
1512607827488901,1512607827488903,1024,64,16,512,2
1512607827492736,1512607827492738,1024,64,16,512,2
1512607827496581,1512607827496583,1024,64,16,512,2
1512607827500430,1512607827500432,1024,64,16,512,2
1512607827504268,1512607827504270,1024,64,16,512,2
1512607827508118,1512607827508120,1024,64,16,512,2
1512607827511959,1512607827511961,1024,64,16,512,2
1512607827515806,1512607827515808,1024,64,16,512,2
1512607827519667,1512607827519669,1024,64,16,512,2
1512607827523515,1512607827523517,1024,64,16,512,2
1512607827527385,1512607827527387,1024,64,16,512,2
1512607827531239,1512607827531241,1024,64,16,512,2
1512607827535063,1512607827535065,1024,64,16,512,2
1512607827538909,1512607827538911,1024,64,16,512,2
1512607827542766,1512607827542768,1024,64,16,512,2
1512607827546629,1512607827546631,1024,64,16,512,2
1512607827550467,1512607827550470,1024,64,16,341,3
1512607827554308,1512607827554310,1024,64,16,512,2
1512607827558138,1512607827558140,1024,64,16,512,2
1512607827561996,1512607827561998,1024,64,16,512,2
1512607827565827,1512607827565829,1024,64,16,512,2
1512607827569669,1512607827569671,1024,64,16,512,2
1512607827573514,1512607827573517,1024,64,16,341,3
1512607827577354,1512607827577356,1024,64,16,512,2
1512607827581196,1512607827581198,1024,64,16,512,2
1512607827585025,1512607827585027,1024,64,16,512,2
1512607827588870,1512607827588872,1024,64,16,512,2
1512607827592711,1512607827592713,1024,64,16,512,2
1512607827596548,1512607827596551,1024,64,16,341,3
1512607827600382,1512607827600385,1024,64,16,341,3
1512607827604220,1512607827604222,1024,64,16,512,2
1512607827608064,1512607827608066,1024,64,16,512,2
1512607827611892,1512607827611893,1024,64,16,1024,1
1512607827615742,1512607827615744,1024,64,16,512,2
1512607827619588,1512607827619590,1024,64,16,512,2
1512607827623432,1512607827623435,1024,64,16,341,3
1512607827627279,1512607827627282,1024,64,16,341,3
1512607827631126,1512607827631128,1024,64,16,512,2
1512607827634966,1512607827634968,1024,64,16,512,2
1512607827638808,1512607827638810,1024,64,16,512,2
1512607827642645,1512607827642648,1024,64,16,341,3
1512607827646489,1512607827646491,1024,64,16,512,2
1512607827650343,1512607827650345,1024,64,16,512,2
1512607827654249,1512607827654251,1024,64,16,512,2
1512607827658152,1512607827658154,1024,64,16,512,2
1512607827661987,1512607827661989,1024,64,16,512,2
1512607827665826,1512607827665828,1024,64,16,512,2
1512607827669652,1512607827669655,1024,64,16,341,3
1512607827673478,1512607827673480,1024,64,16,512,2
1512607827677313,1512607827677315,1024,64,16,512,2
1512607827681144,1512607827681146,1024,64,16,512,2
1512607827684983,1512607827684985,1024,64,16,512,2
1512607827688814,1512607827688816,1024,64,16,512,2
1512607827692667,1512607827692670,1024,64,16,341,3
1512607827696518,1512607827696520,1024,64,16,512,2
1512607827700368,1512607827700370,1024,64,16,512,2
1512607827704230,1512607827704232,1024,64,16,512,2
1512607827708088,1512607827708090,1024,64,16,512,2
1512607827711950,1512607827711952,1024,64,16,512,2
1512607827715828,1512607827715831,1024,64,16,341,3
1512607827719685,1512607827719688,1024,64,16,341,3
1512607827723549,1512607827723551,1024,64,16,512,2
1512607827727426,1512607827727428,1024,64,16,512,2
1512607827731281,1512607827731283,1024,64,16,512,2
1512607827735139,1512607827735141,1024,64,16,512,2
1512607827739021,1512607827739024,1024,64,16,341,3
1512607827742867,1512607827742869,1024,64,16,512,2
1512607827746723,1512607827746725,1024,64,16,512,2
1512607827750567,1512607827750570,1024,64,16,341,3
1512607827754422,1512607827754424,1024,64,16,512,2
1512607827758256,1512607827758258,1024,64,16,512,2
1512607827762105,1512607827762107,1024,64,16,512,2
1512607827765975,1512607827765977,1024,64,16,512,2
