1512567354903614,1512567355451036,536870912,67108864,8,980,547422
1512567359069688,1512567359624730,536870912,67108864,8,967,555042
1512567363244111,1512567363790287,536870912,67108864,8,982,546176
1512567367409512,1512567367964418,536870912,67108864,8,967,554906
1512567371585186,1512567372138202,536870912,67108864,8,970,553016
1512567375758388,1512567376312498,536870912,67108864,8,968,554110
1512567379931995,1512567380478636,536870912,67108864,8,982,546641
1512567384098007,1512567384637168,536870912,67108864,8,995,539161
1512567388255011,1512567388807672,536870912,67108864,8,971,552661
1512567392429004,1512567392983005,536870912,67108864,8,969,554001
1512567396602111,1512567397155810,536870912,67108864,8,969,553699
1512567400776067,1512567401330317,536870912,67108864,8,968,554250
1512567404949901,1512567405502213,536870912,67108864,8,972,552312
1512567409121105,1512567409674810,536870912,67108864,8,969,553705
1512567413294726,1512567413847565,536870912,67108864,8,971,552839
1512567417474798,1512567418028336,536870912,67108864,8,969,553538
1512567421647173,1512567422200537,536870912,67108864,8,970,553364
1512567425819646,1512567426373534,536870912,67108864,8,969,553888
1512567429993545,1512567430547342,536870912,67108864,8,969,553797
1512567434167683,1512567434721978,536870912,67108864,8,968,554295
1512567438341446,1512567438883692,536870912,67108864,8,990,542246
1512567442502855,1512567443055713,536870912,67108864,8,971,552858
1512567446674299,1512567447227435,536870912,67108864,8,970,553136
1512567450847912,1512567451402890,536870912,67108864,8,967,554978
1512567455021381,1512567455574252,536870912,67108864,8,971,552871
1512567459195582,1512567459749674,536870912,67108864,8,968,554092
1512567463368342,1512567463913260,536870912,67108864,8,985,544918
1512567467532492,1512567468086847,536870912,67108864,8,968,554355
1512567471706897,1512567472251605,536870912,67108864,8,985,544708
1512567475871443,1512567476425351,536870912,67108864,8,969,553908
1512567480041632,1512567480595133,536870912,67108864,8,969,553501
1512567484212652,1512567484767241,536870912,67108864,8,968,554589
1512567488386555,1512567488931222,536870912,67108864,8,985,544667
1512567492551198,1512567493104633,536870912,67108864,8,970,553435
1512567496723055,1512567497275328,536870912,67108864,8,972,552273
1512567500894716,1512567501438908,536870912,67108864,8,986,544192
1512567505059188,1512567505611539,536870912,67108864,8,971,552351
1512567509236215,1512567509782508,536870912,67108864,8,982,546293
1512567513421369,1512567513973450,536870912,67108864,8,972,552081
1512567517593089,1512567518145677,536870912,67108864,8,971,552588
1512567521765791,1512567522310237,536870912,67108864,8,986,544446
1512567525929349,1512567526474585,536870912,67108864,8,984,545236
1512567530092991,1512567530645421,536870912,67108864,8,971,552430
1512567534264234,1512567534818202,536870912,67108864,8,969,553968
1512567538436831,1512567538989349,536870912,67108864,8,971,552518
1512567542607707,1512567543154217,536870912,67108864,8,982,546510
1512567546775876,1512567547329070,536870912,67108864,8,970,553194
1512567550950049,1512567551504340,536870912,67108864,8,968,554291
1512567555127279,1512567555679503,536870912,67108864,8,972,552224
1512567559300596,1512567559854404,536870912,67108864,8,969,553808
1512567563475457,1512567564028466,536870912,67108864,8,970,553009
1512567567650352,1512567568205130,536870912,67108864,8,967,554778
1512567571825473,1512567572377752,536870912,67108864,8,972,552279
1512567575998903,1512567576553235,536870912,67108864,8,968,554332
1512567580174007,1512567580719373,536870912,67108864,8,984,545366
1512567584341904,1512567584896769,536870912,67108864,8,967,554865
1512567588517684,1512567589070286,536870912,67108864,8,971,552602
1512567592691965,1512567593245800,536870912,67108864,8,969,553835
1512567596866290,1512567597419689,536870912,67108864,8,970,553399
1512567601041263,1512567601596864,536870912,67108864,8,966,555601
1512567605218810,1512567605771883,536870912,67108864,8,970,553073
1512567609394829,1512567609940705,536870912,67108864,8,983,545876
1512567613560630,1512567614114153,536870912,67108864,8,969,553523
1512567617735717,1512567618289916,536870912,67108864,8,968,554199
1512567621910388,1512567622462800,536870912,67108864,8,971,552412
1512567626083321,1512567626636959,536870912,67108864,8,969,553638
1512567630258343,1512567630803160,536870912,67108864,8,985,544817
1512567634426224,1512567634980787,536870912,67108864,8,968,554563
1512567638601473,1512567639153533,536870912,67108864,8,972,552060
1512567642773529,1512567643326453,536870912,67108864,8,970,552924
1512567646944508,1512567647497237,536870912,67108864,8,971,552729
1512567651116675,1512567651671043,536870912,67108864,8,968,554368
1512567655289444,1512567655822910,536870912,67108864,8,1006,533466
1512567659443261,1512567659995713,536870912,67108864,8,971,552452
1512567663617910,1512567664163139,536870912,67108864,8,984,545229
1512567667785310,1512567668339988,536870912,67108864,8,967,554678
1512567671961359,1512567672514063,536870912,67108864,8,971,552704
1512567676135315,1512567676688961,536870912,67108864,8,969,553646
1512567680308047,1512567680860209,536870912,67108864,8,972,552162
1512567684480251,1512567685033612,536870912,67108864,8,970,553361
1512567688655205,1512567689208248,536870912,67108864,8,970,553043
1512567692830157,1512567693375215,536870912,67108864,8,984,545058
1512567696995068,1512567697547093,536870912,67108864,8,972,552025
1512567701168676,1512567701722423,536870912,67108864,8,969,553747
1512567705342713,1512567705894384,536870912,67108864,8,973,551671
1512567709516659,1512567710062541,536870912,67108864,8,983,545882
1512567713683016,1512567714235299,536870912,67108864,8,972,552283
1512567717858009,1512567718409949,536870912,67108864,8,972,551940
1512567722033489,1512567722578798,536870912,67108864,8,984,545309
1512567726200890,1512567726753833,536870912,67108864,8,970,552943
1512567730375385,1512567730919878,536870912,67108864,8,986,544493
1512567734542190,1512567735095396,536870912,67108864,8,970,553206
1512567738715383,1512567739267875,536870912,67108864,8,971,552492
1512567742895384,1512567743464572,536870912,67108864,8,943,569188
1512567747091735,1512567747659334,536870912,67108864,8,945,567599
1512567751289965,1512567751851510,536870912,67108864,8,956,561545
1512567755482295,1512567756050903,536870912,67108864,8,944,568608
1512567759678240,1512567760227327,536870912,67108864,8,977,549087
1512567763849349,1512567764404285,536870912,67108864,8,967,554936
1512567768028002,1512567768581591,536870912,67108864,8,969,553589
1512567772203096,1512567772756226,536870912,67108864,8,970,553130
1512567776376254,1512567776929717,536870912,67108864,8,970,553463
1512567780551208,1512567781104841,536870912,67108864,8,969,553633
1512567784726743,1512567785280947,536870912,67108864,8,968,554204
1512567788901542,1512567789446248,536870912,67108864,8,985,544706
1512567793068811,1512567793622723,536870912,67108864,8,969,553912
1512567797244307,1512567797787468,536870912,67108864,8,988,543161
1512567801414913,1512567801984833,536870912,67108864,8,942,569920
1512567805610884,1512567806188449,536870912,67108864,8,929,577565
1512567809817485,1512567810372562,536870912,67108864,8,967,555077
1512567814002429,1512567814573242,536870912,67108864,8,940,570813
1512567818201944,1512567818754396,536870912,67108864,8,971,552452
1512567822378110,1512567822930304,536870912,67108864,8,972,552194
1512567826553518,1512567827107609,536870912,67108864,8,968,554091
1512567830730176,1512567831276881,536870912,67108864,8,982,546705
1512567834900166,1512567835456345,536870912,67108864,8,965,556179
1512567839075933,1512567839628288,536870912,67108864,8,971,552355
1512567843249518,1512567843804887,536870912,67108864,8,966,555369
1512567847425581,1512567847979119,536870912,67108864,8,969,553538
1512567851599499,1512567852152795,536870912,67108864,8,970,553296
1512567855775815,1512567856330063,536870912,67108864,8,968,554248
1512567859952950,1512567860501382,536870912,67108864,8,978,548432
1512567864123544,1512567864676786,536870912,67108864,8,970,553242
1512567868298690,1512567868853426,536870912,67108864,8,967,554736
1512567872473749,1512567873027330,536870912,67108864,8,969,553581
1512567876650560,1512567877205116,536870912,67108864,8,968,554556
1512567880826174,1512567881378862,536870912,67108864,8,971,552688
1512567885000307,1512567885557394,536870912,67108864,8,963,557087
1512567889178855,1512567889731825,536870912,67108864,8,970,552970
1512567893353613,1512567893910701,536870912,67108864,8,963,557088
1512567897531545,1512567898077603,536870912,67108864,8,983,546058
1512567901699334,1512567902256205,536870912,67108864,8,964,556871
1512567905877908,1512567906433038,536870912,67108864,8,967,555130
1512567910055295,1512567910609035,536870912,67108864,8,969,553740
1512567914230374,1512567914783630,536870912,67108864,8,970,553256
1512567918406283,1512567918944672,536870912,67108864,8,997,538389
1512567922569289,1512567923123804,536870912,67108864,8,968,554515
1512567926747589,1512567927301045,536870912,67108864,8,970,553456
1512567930923393,1512567931477648,536870912,67108864,8,968,554255
1512567935099368,1512567935653252,536870912,67108864,8,969,553884
1512567939277289,1512567939832237,536870912,67108864,8,967,554948
1512567943454405,1512567944008889,536870912,67108864,8,968,554484
1512567947628280,1512567948182570,536870912,67108864,8,968,554290
1512567951805009,1512567952359448,536870912,67108864,8,968,554439
1512567955977073,1512567956532533,536870912,67108864,8,966,555460
1512567960157216,1512567960704242,536870912,67108864,8,981,547026
1512567964326730,1512567964879949,536870912,67108864,8,970,553219
1512567968500801,1512567969055934,536870912,67108864,8,967,555133
1512567972676976,1512567973229606,536870912,67108864,8,971,552630
1512567976851082,1512567977406626,536870912,67108864,8,966,555544
1512567981027152,1512567981580272,536870912,67108864,8,970,553120
1512567985201764,1512567985757540,536870912,67108864,8,965,555776
1512567989378286,1512567989930621,536870912,67108864,8,972,552335
1512567993551081,1512567994106886,536870912,67108864,8,965,555805
1512567997728714,1512567998282008,536870912,67108864,8,970,553294
1512568001904108,1512568002452207,536870912,67108864,8,979,548099
1512568006073122,1512568006626188,536870912,67108864,8,970,553066
1512568010247253,1512568010803568,536870912,67108864,8,965,556315
1512568014425990,1512568014978065,536870912,67108864,8,972,552075
1512568018601003,1512568019156003,536870912,67108864,8,967,555000
1512568022776879,1512568023330095,536870912,67108864,8,970,553216
1512568026950576,1512568027506010,536870912,67108864,8,966,555434
1512568031128088,1512568031673229,536870912,67108864,8,984,545141
1512568035294202,1512568035841787,536870912,67108864,8,980,547585
1512568039462916,1512568040016890,536870912,67108864,8,969,553974
1512568043638233,1512568044182241,536870912,67108864,8,986,544008
1512568047804177,1512568048357441,536870912,67108864,8,970,553264
1512568051979160,1512568052526958,536870912,67108864,8,980,547798
1512568056151318,1512568056698108,536870912,67108864,8,981,546790
1512568060318734,1512568060874345,536870912,67108864,8,966,555611
1512568064497902,1512568065052164,536870912,67108864,8,968,554262
1512568068673988,1512568069229725,536870912,67108864,8,966,555737
1512568072851322,1512568073407329,536870912,67108864,8,965,556007
1512568077029548,1512568077583739,536870912,67108864,8,968,554191
1512568081206287,1512568081753191,536870912,67108864,8,981,546904
1512568085373801,1512568085928230,536870912,67108864,8,968,554429
1512568089549686,1512568090103693,536870912,67108864,8,969,554007
1512568093723593,1512568094270408,536870912,67108864,8,981,546815
1512568097891861,1512568098446130,536870912,67108864,8,968,554269
1512568102067111,1512568102622681,536870912,67108864,8,966,555570
1512568106245237,1512568106800327,536870912,67108864,8,967,555090
1512568110457634,1512568111003331,536870912,67108864,8,983,545697
1512568114624863,1512568115171528,536870912,67108864,8,982,546665
1512568118790218,1512568119332204,536870912,67108864,8,990,541986
1512568122953721,1512568123508460,536870912,67108864,8,967,554739
1512568127128156,1512568127681413,536870912,67108864,8,970,553257
1512568131299621,1512568131853875,536870912,67108864,8,968,554254
1512568135474589,1512568136028546,536870912,67108864,8,969,553957
1512568139647964,1512568140192409,536870912,67108864,8,986,544445
1512568143814338,1512568144357897,536870912,67108864,8,987,543559
1512568147979067,1512568148530925,536870912,67108864,8,972,551858
1512568152153062,1512568152709434,536870912,67108864,8,964,556372
1512568156338113,1512568156889845,536870912,67108864,8,973,551732
1512568160507893,1512568161062715,536870912,67108864,8,967,554822
1512568164682577,1512568165234262,536870912,67108864,8,973,551685
1512568168851778,1512568169407165,536870912,67108864,8,966,555387
1512568173027052,1512568173578600,536870912,67108864,8,973,551548
1512568177199185,1512568177746611,536870912,67108864,8,980,547426
1512568181364783,1512568181917040,536870912,67108864,8,972,552257
1512568185535707,1512568186092082,536870912,67108864,8,964,556375
1512568189711465,1512568190265003,536870912,67108864,8,969,553538
1512568193886644,1512568194441649,536870912,67108864,8,967,555005
1512568198060760,1512568198604678,536870912,67108864,8,987,543918
1512568202223184,1512568202779197,536870912,67108864,8,965,556013
1512568206400556,1512568206952332,536870912,67108864,8,972,551776
1512568210574191,1512568211129638,536870912,67108864,8,966,555447
1512568214751239,1512568215303532,536870912,67108864,8,972,552293
1512568218925320,1512568219480636,536870912,67108864,8,966,555316
1512568223101351,1512568223653958,536870912,67108864,8,971,552607
1512568227274837,1512568227829710,536870912,67108864,8,967,554873
1512568231451635,1512568232004751,536870912,67108864,8,970,553116
1512568235627409,1512568236174877,536870912,67108864,8,980,547468
1512568239796132,1512568240334553,536870912,67108864,8,997,538421
1512568243956313,1512568244510719,536870912,67108864,8,968,554406
1512568248131839,1512568248683955,536870912,67108864,8,972,552116
1512568252305880,1512568252859759,536870912,67108864,8,969,553879
1512568256479718,1512568257033257,536870912,67108864,8,969,553539
1512568260655141,1512568261209653,536870912,67108864,8,968,554512
1512568264831115,1512568265385450,536870912,67108864,8,968,554335
1512568269006989,1512568269552326,536870912,67108864,8,984,545337
1512568273173206,1512568273712896,536870912,67108864,8,994,539690
1512568277334938,1512568277881707,536870912,67108864,8,981,546769
1512568281501180,1512568282055495,536870912,67108864,8,968,554315
1512568285676095,1512568286229873,536870912,67108864,8,969,553778
1512568289851720,1512568290405170,536870912,67108864,8,970,553450
1512568294026186,1512568294580366,536870912,67108864,8,968,554180
1512568298202987,1512568298741360,536870912,67108864,8,997,538373
1512568302362660,1512568302916094,536870912,67108864,8,970,553434
1512568306538969,1512568307093964,536870912,67108864,8,967,554995
1512568310715142,1512568311270416,536870912,67108864,8,966,555274
1512568314893228,1512568315446834,536870912,67108864,8,969,553606
1512568319068667,1512568319615319,536870912,67108864,8,982,546652
1512568323236808,1512568323791347,536870912,67108864,8,968,554539
1512568327412836,1512568327967078,536870912,67108864,8,968,554242
1512568331589453,1512568332143899,536870912,67108864,8,968,554446
1512568335765749,1512568336319111,536870912,67108864,8,970,553362
1512568339939359,1512568340493028,536870912,67108864,8,969,553669
1512568344115851,1512568344669286,536870912,67108864,8,970,553435
1512568348290475,1512568348845374,536870912,67108864,8,967,554899
1512568352467240,1512568353020501,536870912,67108864,8,970,553261
1512568356641391,1512568357196308,536870912,67108864,8,967,554917
1512568360818972,1512568361365977,536870912,67108864,8,981,547005
1512568364988055,1512568365532605,536870912,67108864,8,985,544550
1512568369153236,1512568369707349,536870912,67108864,8,968,554113
1512568373328029,1512568373875012,536870912,67108864,8,981,546983
1512568377495563,1512568378049530,536870912,67108864,8,969,553967
1512568381669158,1512568382224186,536870912,67108864,8,967,555028
1512568385845860,1512568386400587,536870912,67108864,8,967,554727
1512568390022466,1512568390576039,536870912,67108864,8,969,553573
1512568394198603,1512568394753233,536870912,67108864,8,967,554630
1512568398374479,1512568398928626,536870912,67108864,8,968,554147
1512568402551467,1512568403097986,536870912,67108864,8,982,546519
1512568406720032,1512568407272977,536870912,67108864,8,970,552945
1512568410894439,1512568411449394,536870912,67108864,8,967,554955
1512568415071811,1512568415625060,536870912,67108864,8,970,553249
1512568419246197,1512568419801063,536870912,67108864,8,967,554866
1512568423421650,1512568423968239,536870912,67108864,8,982,546589
1512568427589032,1512568428143810,536870912,67108864,8,967,554778
1512568431765195,1512568432317844,536870912,67108864,8,971,552649
1512568435940515,1512568436484904,536870912,67108864,8,986,544389
1512568440105944,1512568440652091,536870912,67108864,8,983,546147
1512568444274148,1512568444828329,536870912,67108864,8,968,554181
1512568448448400,1512568449002257,536870912,67108864,8,969,553857
1512568452623953,1512568453170893,536870912,67108864,8,981,546940
1512568456791093,1512568457333411,536870912,67108864,8,989,542318
1512568460983037,1512568461536354,536870912,67108864,8,970,553317
1512568465155336,1512568465707671,536870912,67108864,8,972,552335
1512568469326233,1512568469880355,536870912,67108864,8,968,554122
1512568473497738,1512568474051162,536870912,67108864,8,970,553424
1512568477671143,1512568478224162,536870912,67108864,8,970,553019
1512568481843331,1512568482397462,536870912,67108864,8,968,554131
1512568486020214,1512568486573077,536870912,67108864,8,971,552863
1512568490195491,1512568490748763,536870912,67108864,8,970,553272
1512568494370317,1512568494923765,536870912,67108864,8,970,553448
1512568498545293,1512568499090939,536870912,67108864,8,983,545646
1512568502714005,1512568503268661,536870912,67108864,8,967,554656
1512568506890616,1512568507444277,536870912,67108864,8,969,553661
1512568511066524,1512568511621064,536870912,67108864,8,968,554540
1512568515243184,1512568515796651,536870912,67108864,8,970,553467
1512568519418074,1512568519964790,536870912,67108864,8,981,546716
1512568523585729,1512568524139794,536870912,67108864,8,968,554065
1512568527761002,1512568528316157,536870912,67108864,8,967,555155
1512568531939390,1512568532493297,536870912,67108864,8,969,553907
1512568536114059,1512568536669572,536870912,67108864,8,966,555513
1512568540290703,1512568540844290,536870912,67108864,8,969,553587
1512568544465284,1512568545021102,536870912,67108864,8,965,555818
1512568548651364,1512568549197125,536870912,67108864,8,983,545761
1512568552816343,1512568553362392,536870912,67108864,8,983,546049
1512568556981414,1512568557534331,536870912,67108864,8,970,552917
1512568561154055,1512568561701435,536870912,67108864,8,980,547380
1512568565323532,1512568565877299,536870912,67108864,8,969,553767
1512568569499091,1512568570053804,536870912,67108864,8,967,554713
1512568573676525,1512568574231608,536870912,67108864,8,967,555083
1512568577852371,1512568578389035,536870912,67108864,8,1000,536664
1512568582009128,1512568582564435,536870912,67108864,8,966,555307
1512568586185862,1512568586741536,536870912,67108864,8,966,555674
1512568590362514,1512568590916912,536870912,67108864,8,968,554398
1512568594539067,1512568595087028,536870912,67108864,8,979,547961
1512568598709186,1512568599263624,536870912,67108864,8,968,554438
1512568602886184,1512568603442387,536870912,67108864,8,965,556203
1512568607063915,1512568607610176,536870912,67108864,8,982,546261
1512568611231530,1512568611778545,536870912,67108864,8,981,547015
1512568615401734,1512568615954980,536870912,67108864,8,970,553246
1512568619577834,1512568620124746,536870912,67108864,8,981,546912
1512568623746340,1512568624299373,536870912,67108864,8,970,553033
1512568627919673,1512568628466264,536870912,67108864,8,982,546591
1512568632128233,1512568632687487,536870912,67108864,8,959,559254
1512568636306884,1512568636858997,536870912,67108864,8,972,552113
1512568640476814,1512568641026943,536870912,67108864,8,975,550129
1512568644646672,1512568645190675,536870912,67108864,8,986,544003
1512568648807272,1512568649350401,536870912,67108864,8,988,543129
1512568652967787,1512568653520390,536870912,67108864,8,971,552603
1512568657137360,1512568657688148,536870912,67108864,8,974,550788
1512568661305250,1512568661856631,536870912,67108864,8,973,551381
1512568665474386,1512568666024694,536870912,67108864,8,975,550308
1512568669643029,1512568670195163,536870912,67108864,8,972,552134
1512568673812058,1512568674362949,536870912,67108864,8,974,550891
1512568678005468,1512568678559657,536870912,67108864,8,968,554189
1512568682183737,1512568682736482,536870912,67108864,8,971,552745
1512568686356306,1512568686910589,536870912,67108864,8,968,554283
1512568690531436,1512568691075772,536870912,67108864,8,986,544336
1512568694696196,1512568695250855,536870912,67108864,8,967,554659
1512568698870754,1512568699421672,536870912,67108864,8,974,550918
1512568703041849,1512568703595964,536870912,67108864,8,968,554115
1512568707218026,1512568707769845,536870912,67108864,8,972,551819
1512568711390778,1512568711944602,536870912,67108864,8,969,553824
1512568715565007,1512568716116884,536870912,67108864,8,972,551877
1512568719739236,1512568720292900,536870912,67108864,8,969,553664
1512568723911154,1512568724454840,536870912,67108864,8,987,543686
1512568728071638,1512568728625131,536870912,67108864,8,969,553493
1512568732242881,1512568732793780,536870912,67108864,8,974,550899
1512568736411858,1512568736957850,536870912,67108864,8,983,545992
1512568740580205,1512568741132466,536870912,67108864,8,972,552261
1512568744751555,1512568745304669,536870912,67108864,8,970,553114
1512568748922457,1512568749473550,536870912,67108864,8,974,551093
1512568753092357,1512568753635059,536870912,67108864,8,989,542702
1512568757253029,1512568757804289,536870912,67108864,8,973,551260
1512568761422105,1512568761974937,536870912,67108864,8,971,552832
1512568765593887,1512568766137305,536870912,67108864,8,987,543418
1512568769756074,1512568770301148,536870912,67108864,8,984,545074
1512568773919722,1512568774470899,536870912,67108864,8,974,551177
1512568778088480,1512568778626005,536870912,67108864,8,998,537525
1512568782245300,1512568782788717,536870912,67108864,8,987,543417
1512568786408038,1512568786961800,536870912,67108864,8,969,553762
1512568790579679,1512568791130451,536870912,67108864,8,974,550772
1512568794751546,1512568795296854,536870912,67108864,8,984,545308
1512568798916839,1512568799460021,536870912,67108864,8,988,543182
1512568803081148,1512568803626986,536870912,67108864,8,983,545838
1512568807244489,1512568807788025,536870912,67108864,8,987,543536
1512568811407307,1512568811945197,536870912,67108864,8,998,537890
1512568815563338,1512568816114486,536870912,67108864,8,974,551148
1512568819732250,1512568820285359,536870912,67108864,8,970,553109
1512568823903976,1512568824455537,536870912,67108864,8,973,551561
1512568828073778,1512568828626702,536870912,67108864,8,970,552924
1512568832247461,1512568832798777,536870912,67108864,8,973,551316
1512568836415948,1512568836968956,536870912,67108864,8,970,553008
1512568840586749,1512568841138424,536870912,67108864,8,973,551675
1512568844757658,1512568845310721,536870912,67108864,8,970,553063
1512568848927394,1512568849478904,536870912,67108864,8,973,551510
1512568853097718,1512568853650670,536870912,67108864,8,970,552952
1512568857269083,1512568857820201,536870912,67108864,8,974,551118
1512568861441735,1512568861994916,536870912,67108864,8,970,553181
1512568865612489,1512568866161701,536870912,67108864,8,977,549212
1512568869780315,1512568870335820,536870912,67108864,8,966,555505
1512568873953448,1512568874495689,536870912,67108864,8,990,542241
1512568878114202,1512568878666652,536870912,67108864,8,971,552450
1512568882284349,1512568882834777,536870912,67108864,8,975,550428
1512568886451952,1512568886995236,536870912,67108864,8,988,543284
1512568890614316,1512568891164987,536870912,67108864,8,974,550671
1512568894783169,1512568895335845,536870912,67108864,8,971,552676
1512568898953112,1512568899503044,536870912,67108864,8,976,549932
1512568903121467,1512568903674394,536870912,67108864,8,970,552927
1512568907292216,1512568907841676,536870912,67108864,8,977,549460
1512568911461110,1512568912013878,536870912,67108864,8,971,552768
1512568915631486,1512568916181540,536870912,67108864,8,976,550054
1512568919799316,1512568920337581,536870912,67108864,8,997,538265
1512568923956475,1512568924507958,536870912,67108864,8,973,551483
1512568928126547,1512568928669860,536870912,67108864,8,988,543313
1512568932288719,1512568932832248,536870912,67108864,8,987,543529
1512568936451833,1512568937002688,536870912,67108864,8,974,550855
1512568940621639,1512568941165393,536870912,67108864,8,987,543754
1512568944782198,1512568945333336,536870912,67108864,8,974,551138
1512568948954150,1512568949506828,536870912,67108864,8,971,552678
1512568953125700,1512568953670117,536870912,67108864,8,986,544417
1512568957288677,1512568957839971,536870912,67108864,8,973,551294
1512568961457893,1512568962009809,536870912,67108864,8,972,551916
1512568965628200,1512568966179841,536870912,67108864,8,973,551641
1512568969798301,1512568970343053,536870912,67108864,8,985,544752
1512568973961766,1512568974513168,536870912,67108864,8,973,551402
1512568978130637,1512568978683030,536870912,67108864,8,971,552393
1512568982304025,1512568982848458,536870912,67108864,8,986,544433
1512568986468890,1512568987013475,536870912,67108864,8,985,544585
1512568990633558,1512568991184374,536870912,67108864,8,974,550816
1512568994803409,1512568995355931,536870912,67108864,8,971,552522
1512568998973412,1512568999523584,536870912,67108864,8,975,550172
1512569003142276,1512569003694176,536870912,67108864,8,972,551900
1512569007312151,1512569007862020,536870912,67108864,8,976,549869
1512569011480474,1512569012031791,536870912,67108864,8,973,551317
1512569015648892,1512569016200289,536870912,67108864,8,973,551397
1512569019819813,1512569020363526,536870912,67108864,8,987,543713
1512569023983725,1512569024535230,536870912,67108864,8,973,551505
1512569028153928,1512569028705888,536870912,67108864,8,972,551960
1512569032323778,1512569032864132,536870912,67108864,8,993,540354
1512569036481879,1512569037033813,536870912,67108864,8,972,551934
1512569040654343,1512569041205957,536870912,67108864,8,973,551614
1512569044826056,1512569045378249,536870912,67108864,8,972,552193
1512569048996037,1512569049547137,536870912,67108864,8,974,551100
1512569053165564,1512569053701947,536870912,67108864,8,1000,536383
1512569057319898,1512569057870430,536870912,67108864,8,975,550532
1512569061491043,1512569062042976,536870912,67108864,8,972,551933
1512569065661784,1512569066204591,536870912,67108864,8,989,542807
1512569069822733,1512569070374747,536870912,67108864,8,972,552014
1512569073994663,1512569074545462,536870912,67108864,8,974,550799
1512569078164575,1512569078716885,536870912,67108864,8,972,552310
1512569082335944,1512569082886164,536870912,67108864,8,975,550220
1512569086505053,1512569087056975,536870912,67108864,8,972,551922
1512569090675399,1512569091226143,536870912,67108864,8,974,550744
1512569094843225,1512569095395260,536870912,67108864,8,972,552035
1512569099014691,1512569099565182,536870912,67108864,8,975,550491
1512569103185138,1512569103738019,536870912,67108864,8,971,552881
1512569107354081,1512569107904097,536870912,67108864,8,976,550016
1512569111522800,1512569112066850,536870912,67108864,8,986,544050
1512569115685024,1512569116235905,536870912,67108864,8,974,550881
1512569119854955,1512569120399176,536870912,67108864,8,986,544221
1512569124017635,1512569124568431,536870912,67108864,8,974,550796
1512569128187570,1512569128739595,536870912,67108864,8,972,552025
1512569132358622,1512569132909430,536870912,67108864,8,974,550808
1512569136527639,1512569137079725,536870912,67108864,8,972,552086
1512569140697045,1512569141247197,536870912,67108864,8,975,550152
1512569144862633,1512569145414657,536870912,67108864,8,972,552024
1512569149033033,1512569149585377,536870912,67108864,8,971,552344
1512569153236156,1512569153781719,536870912,67108864,8,984,545563
1512569157401231,1512569157953712,536870912,67108864,8,971,552481
1512569161576085,1512569162130622,536870912,67108864,8,968,554537
1512569165751423,1512569166303356,536870912,67108864,8,972,551933
1512569169922165,1512569170476053,536870912,67108864,8,969,553888
1512569174096749,1512569174649534,536870912,67108864,8,971,552785
1512569178270674,1512569178825591,536870912,67108864,8,967,554917
1512569182446223,1512569182990475,536870912,67108864,8,986,544252
1512569186610123,1512569187164341,536870912,67108864,8,968,554218
1512569190784226,1512569191336201,536870912,67108864,8,972,551975
1512569194956756,1512569195510583,536870912,67108864,8,969,553827
1512569199167675,1512569199721288,536870912,67108864,8,969,553613
1512569203341072,1512569203886272,536870912,67108864,8,984,545200
1512569207503176,1512569208053541,536870912,67108864,8,975,550365
1512569211672103,1512569212224055,536870912,67108864,8,972,551952
1512569215843701,1512569216395631,536870912,67108864,8,972,551930
1512569220016220,1512569220561067,536870912,67108864,8,985,544847
1512569224179733,1512569224731025,536870912,67108864,8,973,551292
1512569228350047,1512569228902168,536870912,67108864,8,972,552121
1512569232522012,1512569233065624,536870912,67108864,8,987,543612
1512569236682881,1512569237227981,536870912,67108864,8,984,545100
1512569240847020,1512569241398529,536870912,67108864,8,973,551509
1512569245017212,1512569245569515,536870912,67108864,8,972,552303
1512569249186188,1512569249737810,536870912,67108864,8,973,551622
1512569253355969,1512569253908633,536870912,67108864,8,971,552664
1512569257526434,1512569258078854,536870912,67108864,8,971,552420
1512569261699417,1512569262243744,536870912,67108864,8,986,544327
1512569265862944,1512569266414013,536870912,67108864,8,974,551069
1512569270032436,1512569270584828,536870912,67108864,8,971,552392
1512569274203853,1512569274755612,536870912,67108864,8,973,551759
1512569278374495,1512569278926047,536870912,67108864,8,973,551552
1512569282546223,1512569283089505,536870912,67108864,8,988,543282
1512569286709165,1512569287261426,536870912,67108864,8,972,552261
1512569290880925,1512569291431632,536870912,67108864,8,974,550707
1512569295049969,1512569295602360,536870912,67108864,8,971,552391
1512569299222281,1512569299772196,536870912,67108864,8,976,549915
1512569303391701,1512569303944605,536870912,67108864,8,971,552904
1512569307563509,1512569308113389,536870912,67108864,8,976,549880
1512569311733164,1512569312286284,536870912,67108864,8,970,553120
1512569315907021,1512569316457756,536870912,67108864,8,974,550735
1512569320076979,1512569320621409,536870912,67108864,8,986,544430
1512569324240252,1512569324791013,536870912,67108864,8,974,550761
1512569328410401,1512569328954800,536870912,67108864,8,986,544399
1512569332574129,1512569333125203,536870912,67108864,8,974,551074
1512569336745216,1512569337291294,536870912,67108864,8,983,546078
1512569340909918,1512569341460919,536870912,67108864,8,974,551001
1512569345080203,1512569345625110,536870912,67108864,8,985,544907
1512569349246633,1512569349793386,536870912,67108864,8,981,546753
1512569353412823,1512569353964152,536870912,67108864,8,973,551329
1512569357583569,1512569358137511,536870912,67108864,8,969,553942
1512569361755103,1512569362306186,536870912,67108864,8,974,551083
1512569365924641,1512569366478587,536870912,67108864,8,969,553946
1512569370098933,1512569370649788,536870912,67108864,8,974,550855
1512569374268241,1512569374822514,536870912,67108864,8,968,554273
1512569378442321,1512569378993717,536870912,67108864,8,973,551396
1512569382613664,1512569383167953,536870912,67108864,8,968,554289
1512569386786702,1512569387338004,536870912,67108864,8,973,551302
1512569390957801,1512569391511747,536870912,67108864,8,969,553946
1512569395131085,1512569395682168,536870912,67108864,8,974,551083
1512569399300384,1512569399854320,536870912,67108864,8,969,553936
1512569403473779,1512569404024383,536870912,67108864,8,975,550604
1512569407644184,1512569408190552,536870912,67108864,8,982,546368
1512569411810563,1512569412360949,536870912,67108864,8,975,550386
1512569415980076,1512569416533944,536870912,67108864,8,969,553868
1512569420152891,1512569420704271,536870912,67108864,8,973,551380
1512569424323797,1512569424869761,536870912,67108864,8,983,545964
1512569428487384,1512569429038329,536870912,67108864,8,974,550945
1512569432656619,1512569433210463,536870912,67108864,8,969,553844
1512569436828070,1512569437379111,536870912,67108864,8,974,551041
1512569440999491,1512569441553793,536870912,67108864,8,968,554302
1512569445172798,1512569445723668,536870912,67108864,8,974,550870
1512569449344704,1512569449898213,536870912,67108864,8,969,553509
1512569453516436,1512569454067608,536870912,67108864,8,974,551172
1512569457687518,1512569458241395,536870912,67108864,8,969,553877
1512569461862397,1512569462414267,536870912,67108864,8,972,551870
1512569466034767,1512569466581147,536870912,67108864,8,982,546380
1512569470200630,1512569470752055,536870912,67108864,8,973,551425
1512569474373352,1512569474926669,536870912,67108864,8,970,553317
1512569478546269,1512569479097250,536870912,67108864,8,974,550981
1512569482740301,1512569483294916,536870912,67108864,8,968,554615
1512569486917703,1512569487469738,536870912,67108864,8,972,552035
1512569491091791,1512569491646870,536870912,67108864,8,967,555079
1512569495270723,1512569495814674,536870912,67108864,8,986,543951
1512569499434591,1512569499989531,536870912,67108864,8,967,554940
1512569503609023,1512569504160436,536870912,67108864,8,973,551413
1512569507779575,1512569508333258,536870912,67108864,8,969,553683
1512569511952456,1512569512485591,536870912,67108864,8,1007,533135
1512569516109223,1512569516662978,536870912,67108864,8,969,553755
1512569520283028,1512569520833477,536870912,67108864,8,975,550449
1512569524452213,1512569525004577,536870912,67108864,8,971,552364
1512569528623119,1512569529172541,536870912,67108864,8,977,549422
1512569532790789,1512569533335568,536870912,67108864,8,985,544779
1512569536955088,1512569537495639,536870912,67108864,8,993,540551
1512569541114511,1512569541667633,536870912,67108864,8,970,553122
1512569545286274,1512569545836820,536870912,67108864,8,975,550546
1512569549455805,1512569550008117,536870912,67108864,8,972,552312
1512569553626940,1512569554177359,536870912,67108864,8,975,550419
1512569557794889,1512569558339237,536870912,67108864,8,986,544348
1512569561958565,1512569562509316,536870912,67108864,8,974,550751
1512569566128053,1512569566678898,536870912,67108864,8,974,550845
1512569570297364,1512569570847900,536870912,67108864,8,975,550536
1512569574464888,1512569575015994,536870912,67108864,8,974,551106
1512569578634021,1512569579184619,536870912,67108864,8,975,550598
1512569582803588,1512569583350614,536870912,67108864,8,981,547026
1512569586973419,1512569587525204,536870912,67108864,8,972,551785
1512569591145915,1512569591698351,536870912,67108864,8,971,552436
1512569595320307,1512569595870604,536870912,67108864,8,975,550297
1512569599491712,1512569600043976,536870912,67108864,8,972,552264
1512569603663991,1512569604215622,536870912,67108864,8,973,551631
1512569607836841,1512569608374232,536870912,67108864,8,999,537391
1512569611994722,1512569612545642,536870912,67108864,8,974,550920
1512569616169189,1512569616721183,536870912,67108864,8,972,551994
1512569620341343,1512569620892031,536870912,67108864,8,974,550688
1512569624511342,1512569625063418,536870912,67108864,8,972,552076
1512569628683035,1512569629233325,536870912,67108864,8,975,550290
1512569632854181,1512569633395166,536870912,67108864,8,992,540985
1512569637014625,1512569637564798,536870912,67108864,8,975,550173
1512569641183020,1512569641735475,536870912,67108864,8,971,552455
1512569645353680,1512569645904529,536870912,67108864,8,974,550849
1512569649525237,1512569650076297,536870912,67108864,8,974,551060
1512569653695212,1512569654246154,536870912,67108864,8,974,550942
1512569657866107,1512569658407891,536870912,67108864,8,990,541784
1512569662026509,1512569662570074,536870912,67108864,8,987,543565
1512569666189531,1512569666742790,536870912,67108864,8,970,553259
1512569670362340,1512569670905166,536870912,67108864,8,989,542826
1512569674524133,1512569675077525,536870912,67108864,8,970,553392
1512569678697375,1512569679248212,536870912,67108864,8,974,550837
1512569682868396,1512569683422050,536870912,67108864,8,969,553654
1512569687041160,1512569687592531,536870912,67108864,8,973,551371
1512569691212990,1512569691765816,536870912,67108864,8,971,552826
1512569695383608,1512569695933745,536870912,67108864,8,975,550137
1512569699552804,1512569700106415,536870912,67108864,8,969,553611
1512569703724492,1512569704274722,536870912,67108864,8,975,550230
1512569707894478,1512569708447209,536870912,67108864,8,971,552731
1512569712065465,1512569712616368,536870912,67108864,8,974,550903
1512569716236165,1512569716788385,536870912,67108864,8,972,552220
1512569720408038,1512569720959138,536870912,67108864,8,974,551100
1512569724577563,1512569725129972,536870912,67108864,8,971,552409
1512569728749028,1512569729292435,536870912,67108864,8,987,543407
1512569732912061,1512569733453930,536870912,67108864,8,990,541869
1512569737073212,1512569737624738,536870912,67108864,8,973,551526
1512569741244624,1512569741795797,536870912,67108864,8,974,551173
1512569745415120,1512569745957941,536870912,67108864,8,989,542821
1512569749576354,1512569750128064,536870912,67108864,8,973,551710
1512569753747627,1512569754298537,536870912,67108864,8,974,550910
1512569757919203,1512569758462530,536870912,67108864,8,988,543327
1512569762082428,1512569762633535,536870912,67108864,8,974,551107
1512569766251761,1512569766803971,536870912,67108864,8,972,552210
1512569770422690,1512569770973634,536870912,67108864,8,974,550944
1512569774592936,1512569775145340,536870912,67108864,8,971,552404
1512569778764491,1512569779299830,536870912,67108864,8,1002,535339
1512569782918986,1512569783471162,536870912,67108864,8,972,552176
1512569787090564,1512569787641616,536870912,67108864,8,974,551052
1512569791260077,1512569791812157,536870912,67108864,8,972,552080
1512569795429757,1512569795981390,536870912,67108864,8,973,551633
1512569799599601,1512569800151095,536870912,67108864,8,973,551494
1512569803771171,1512569804322715,536870912,67108864,8,973,551544
1512569807942539,1512569808494474,536870912,67108864,8,972,551935
1512569812113816,1512569812664776,536870912,67108864,8,974,550960
1512569816284731,1512569816835040,536870912,67108864,8,975,550309
1512569820452922,1512569821003140,536870912,67108864,8,975,550218
1512569824620277,1512569825171555,536870912,67108864,8,973,551278
1512569828791393,1512569829340686,536870912,67108864,8,977,549293
1512569832958214,1512569833509432,536870912,67108864,8,973,551218
1512569837129378,1512569837679470,536870912,67108864,8,975,550092
1512569841300821,1512569841851283,536870912,67108864,8,975,550462
1512569845471367,1512569846020959,536870912,67108864,8,976,549592
1512569849638159,1512569850188353,536870912,67108864,8,975,550194
1512569853807905,1512569854358225,536870912,67108864,8,975,550320
1512569857977500,1512569858528582,536870912,67108864,8,974,551082
1512569862148946,1512569862698246,536870912,67108864,8,977,549300
1512569866316384,1512569866867374,536870912,67108864,8,974,550990
1512569870485222,1512569871035790,536870912,67108864,8,975,550568
1512569874654922,1512569875205225,536870912,67108864,8,975,550303
1512569878824957,1512569879373787,536870912,67108864,8,978,548830
1512569882993380,1512569883544259,536870912,67108864,8,974,550879
1512569887163220,1512569887712438,536870912,67108864,8,977,549218
1512569891331279,1512569891882543,536870912,67108864,8,973,551264
1512569895502043,1512569896052256,536870912,67108864,8,975,550213
1512569899671262,1512569900220945,536870912,67108864,8,976,549683
1512569903840671,1512569904390644,536870912,67108864,8,976,549973
1512569908008728,1512569908559162,536870912,67108864,8,975,550434
1512569912176392,1512569912718905,536870912,67108864,8,989,542513
1512569916336712,1512569916887296,536870912,67108864,8,975,550584
1512569920507385,1512569921056985,536870912,67108864,8,976,549600
1512569924676300,1512569925227045,536870912,67108864,8,974,550745
1512569928845296,1512569929395683,536870912,67108864,8,975,550387
1512569933013865,1512569933564351,536870912,67108864,8,975,550486
1512569937183760,1512569937734689,536870912,67108864,8,974,550929
1512569941354424,1512569941906167,536870912,67108864,8,973,551743
1512569945523741,1512569946073844,536870912,67108864,8,975,550103
1512569949694071,1512569950244954,536870912,67108864,8,974,550883
1512569953864064,1512569954413754,536870912,67108864,8,976,549690
1512569958031551,1512569958583744,536870912,67108864,8,972,552193
1512569962203929,1512569962753334,536870912,67108864,8,977,549405
1512569966372196,1512569966923619,536870912,67108864,8,973,551423
1512569970542182,1512569971083737,536870912,67108864,8,991,541555
1512569974702134,1512569975254179,536870912,67108864,8,972,552045
1512569978873103,1512569979422119,536870912,67108864,8,977,549016
1512569983042257,1512569983594364,536870912,67108864,8,972,552107
1512569987214012,1512569987755267,536870912,67108864,8,991,541255
1512569991374193,1512569991910190,536870912,67108864,8,1001,535997
1512569995529243,1512569996078126,536870912,67108864,8,978,548883
1512569999697376,1512570000249386,536870912,67108864,8,972,552010
1512570003868796,1512570004407676,536870912,67108864,8,996,538880
1512570008026843,1512570008560282,536870912,67108864,8,1006,533439
1512570012177338,1512570012726176,536870912,67108864,8,978,548838
1512570016345600,1512570016897726,536870912,67108864,8,972,552126
1512570020515403,1512570021063942,536870912,67108864,8,978,548539
1512570024682177,1512570025234591,536870912,67108864,8,971,552414
1512570028854073,1512570029403115,536870912,67108864,8,977,549042
1512570033022512,1512570033564211,536870912,67108864,8,991,541699
1512570037181986,1512570037723577,536870912,67108864,8,991,541591
1512570041342396,1512570041886860,536870912,67108864,8,986,544464
1512570045506775,1512570046055395,536870912,67108864,8,978,548620
1512570049673713,1512570050224773,536870912,67108864,8,974,551060
1512570053843017,1512570054391786,536870912,67108864,8,978,548769
1512570058011748,1512570058562625,536870912,67108864,8,974,550877
1512570062180197,1512570062729356,536870912,67108864,8,977,549159
1512570066347381,1512570066888720,536870912,67108864,8,991,541339
1512570070507648,1512570071056161,536870912,67108864,8,978,548513
1512570074675537,1512570075227519,536870912,67108864,8,972,551982
1512570078847915,1512570079397865,536870912,67108864,8,976,549950
1512570083016691,1512570083568064,536870912,67108864,8,973,551373
1512570087188269,1512570087736950,536870912,67108864,8,978,548681
1512570091356163,1512570091907695,536870912,67108864,8,973,551532
1512570095526346,1512570096067360,536870912,67108864,8,992,541014
1512570099687287,1512570100238784,536870912,67108864,8,973,551497
1512570103859198,1512570104397544,536870912,67108864,8,997,538346
1512570108017469,1512570108568750,536870912,67108864,8,973,551281
1512570112187374,1512570112737408,536870912,67108864,8,976,550034
1512570116356682,1512570116908131,536870912,67108864,8,973,551449
1512570120527308,1512570121077953,536870912,67108864,8,974,550645
1512570124697435,1512570125240542,536870912,67108864,8,988,543107
1512570128859581,1512570129408989,536870912,67108864,8,977,549408
1512570133027540,1512570133571404,536870912,67108864,8,987,543864
1512570137190698,1512570137741084,536870912,67108864,8,975,550386
1512570141361127,1512570141912193,536870912,67108864,8,974,551066
1512570145530814,1512570146073112,536870912,67108864,8,989,542298
1512570149691956,1512570150242791,536870912,67108864,8,974,550835
1512570153862228,1512570154412573,536870912,67108864,8,975,550345
1512570158031795,1512570158583059,536870912,67108864,8,973,551264
1512570162203604,1512570162753646,536870912,67108864,8,976,550042
1512570166373868,1512570166926238,536870912,67108864,8,971,552370
1512570170545129,1512570171095659,536870912,67108864,8,975,550530
1512570174714758,1512570175266803,536870912,67108864,8,972,552045
1512570178886609,1512570179436095,536870912,67108864,8,977,549486
1512570183057703,1512570183609544,536870912,67108864,8,972,551841
1512570187250301,1512570187793938,536870912,67108864,8,987,543637
1512570191415218,1512570191969031,536870912,67108864,8,969,553813
1512570195590447,1512570196140572,536870912,67108864,8,975,550125
1512570199760692,1512570200314936,536870912,67108864,8,968,554244
1512570203937090,1512570204488146,536870912,67108864,8,974,551056
1512570208108634,1512570208653852,536870912,67108864,8,984,545218
1512570212274192,1512570212825809,536870912,67108864,8,973,551617
1512570216447817,1512570217001650,536870912,67108864,8,969,553833
1512570220622813,1512570221172725,536870912,67108864,8,976,549912
1512570224792083,1512570225337195,536870912,67108864,8,984,545112
1512570228955859,1512570229505916,536870912,67108864,8,976,550057
1512570233141653,1512570233695931,536870912,67108864,8,968,554278
1512570237318231,1512570237869102,536870912,67108864,8,974,550871
1512570241490453,1512570242043550,536870912,67108864,8,970,553097
1512570245661732,1512570246203871,536870912,67108864,8,990,542139
1512570249823732,1512570250376728,536870912,67108864,8,970,552996
1512570253994552,1512570254545270,536870912,67108864,8,974,550718
1512570258164538,1512570258717915,536870912,67108864,8,970,553377
1512570262337207,1512570262879902,536870912,67108864,8,989,542695
1512570266499190,1512570267051073,536870912,67108864,8,972,551883
1512570270671238,1512570271221012,536870912,67108864,8,976,549774
1512570274841068,1512570275393869,536870912,67108864,8,971,552801
1512570279012127,1512570279562675,536870912,67108864,8,975,550548
1512570283182588,1512570283734924,536870912,67108864,8,972,552336
1512570287353553,1512570287903923,536870912,67108864,8,975,550370
1512570291525229,1512570292077781,536870912,67108864,8,971,552552
1512570295695751,1512570296246537,536870912,67108864,8,974,550786
1512570299865265,1512570300418502,536870912,67108864,8,970,553237
1512570304037131,1512570304587954,536870912,67108864,8,974,550823
1512570308206699,1512570308759244,536870912,67108864,8,971,552545
1512570312377102,1512570312927632,536870912,67108864,8,975,550530
1512570316548598,1512570317101873,536870912,67108864,8,970,553275
1512570320721700,1512570321272055,536870912,67108864,8,975,550355
1512570324890757,1512570325443374,536870912,67108864,8,971,552617
1512570329062899,1512570329613386,536870912,67108864,8,975,550487
1512570333233793,1512570333785566,536870912,67108864,8,972,551773
1512570337406346,1512570337957090,536870912,67108864,8,974,550744
1512570341577131,1512570342128894,536870912,67108864,8,973,551763
1512570345747592,1512570346289789,536870912,67108864,8,990,542197
1512570349908619,1512570350459736,536870912,67108864,8,974,551117
1512570354078237,1512570354627930,536870912,67108864,8,976,549693
1512570358247939,1512570358776294,536870912,67108864,8,1016,528355
1512570362395617,1512570362946959,536870912,67108864,8,973,551342
1512570366565898,1512570367117065,536870912,67108864,8,974,551167
1512570370736209,1512570371286353,536870912,67108864,8,975,550144
1512570374905010,1512570375456392,536870912,67108864,8,973,551382
1512570379073251,1512570379623580,536870912,67108864,8,975,550329
1512570383241003,1512570383793095,536870912,67108864,8,972,552092
1512570387412247,1512570387962334,536870912,67108864,8,975,550087
1512570391580785,1512570392133638,536870912,67108864,8,971,552853
1512570395753933,1512570396303169,536870912,67108864,8,977,549236
1512570399923403,1512570400476110,536870912,67108864,8,971,552707
1512570404095546,1512570404644463,536870912,67108864,8,978,548917
1512570408266045,1512570408818031,536870912,67108864,8,972,551986
1512570412437074,1512570412986339,536870912,67108864,8,977,549265
1512570416606147,1512570417157852,536870912,67108864,8,973,551705
1512570420775782,1512570421325812,536870912,67108864,8,976,550030
1512570424944429,1512570425496597,536870912,67108864,8,972,552168
1512570429116137,1512570429667241,536870912,67108864,8,974,551104
1512570433287899,1512570433832836,536870912,67108864,8,985,544937
1512570437452923,1512570437995278,536870912,67108864,8,989,542355
1512570441614200,1512570442166965,536870912,67108864,8,971,552765
1512570445786061,1512570446336425,536870912,67108864,8,975,550364
1512570449955335,1512570450506903,536870912,67108864,8,973,551568
1512570454126256,1512570454676969,536870912,67108864,8,974,550713
1512570458297561,1512570458842170,536870912,67108864,8,985,544609
1512570462460915,1512570462996574,536870912,67108864,8,1002,535659
1512570466615030,1512570467151243,536870912,67108864,8,1001,536213
1512570470769652,1512570471320411,536870912,67108864,8,974,550759
1512570474939727,1512570475491660,536870912,67108864,8,972,551933
1512570479110564,1512570479661865,536870912,67108864,8,973,551301
1512570483280545,1512570483831990,536870912,67108864,8,973,551445
1512570487451173,1512570488001621,536870912,67108864,8,975,550448
1512570491620965,1512570492172780,536870912,67108864,8,972,551815
1512570495790806,1512570496342350,536870912,67108864,8,973,551544
1512570499961108,1512570500512799,536870912,67108864,8,973,551691
1512570504130603,1512570504682072,536870912,67108864,8,973,551469
1512570508313178,1512570508865465,536870912,67108864,8,972,552287
1512570512513798,1512570513066210,536870912,67108864,8,971,552412
1512570516685903,1512570517237502,536870912,67108864,8,973,551599
1512570520858616,1512570521409537,536870912,67108864,8,974,550921
1512570525027034,1512570525578687,536870912,67108864,8,973,551653
1512570529198743,1512570529750418,536870912,67108864,8,973,551675
1512570533370794,1512570533922145,536870912,67108864,8,973,551351
1512570537541083,1512570538093402,536870912,67108864,8,972,552319
1512570541711906,1512570542263760,536870912,67108864,8,972,551854
1512570545885215,1512570546436483,536870912,67108864,8,973,551268
1512570550056035,1512570550607492,536870912,67108864,8,973,551457
1512570554226526,1512570554778309,536870912,67108864,8,972,551783
1512570558396989,1512570558949273,536870912,67108864,8,972,552284
1512570562568162,1512570563108494,536870912,67108864,8,993,540332
1512570566727793,1512570567279452,536870912,67108864,8,973,551659
1512570570898587,1512570571449662,536870912,67108864,8,974,551075
1512570575069355,1512570575620428,536870912,67108864,8,974,551073
1512570579240235,1512570579775625,536870912,67108864,8,1002,535390
1512570583397819,1512570583949745,536870912,67108864,8,972,551926
1512570587570810,1512570588113858,536870912,67108864,8,988,543048
1512570591732885,1512570592285013,536870912,67108864,8,972,552128
1512570595905286,1512570596455670,536870912,67108864,8,975,550384
1512570600075718,1512570600628702,536870912,67108864,8,970,552984
1512570604248565,1512570604798715,536870912,67108864,8,975,550150
1512570608418477,1512570608970947,536870912,67108864,8,971,552470
1512570612590271,1512570613140950,536870912,67108864,8,974,550679
1512570616761858,1512570617306451,536870912,67108864,8,985,544593
1512570620926713,1512570621477446,536870912,67108864,8,974,550733
1512570625095488,1512570625648114,536870912,67108864,8,971,552626
1512570629293762,1512570629845716,536870912,67108864,8,972,551954
1512570633466847,1512570634019640,536870912,67108864,8,971,552793
1512570637641249,1512570638192116,536870912,67108864,8,974,550867
1512570641813908,1512570642358533,536870912,67108864,8,985,544625
1512570645976893,1512570646511920,536870912,67108864,8,1003,535027
1512570650131893,1512570650683694,536870912,67108864,8,972,551801
1512570654303015,1512570654853412,536870912,67108864,8,975,550397
1512570658473397,1512570659026482,536870912,67108864,8,970,553085
1512570662647197,1512570663190795,536870912,67108864,8,987,543598
1512570666810306,1512570667362045,536870912,67108864,8,973,551739
1512570670982607,1512570671533860,536870912,67108864,8,973,551253
1512570675154034,1512570675706913,536870912,67108864,8,971,552879
1512570679325971,1512570679876782,536870912,67108864,8,974,550811
1512570683495949,1512570684048134,536870912,67108864,8,972,552185
1512570687666738,1512570688217505,536870912,67108864,8,974,550767
1512570691838212,1512570692390488,536870912,67108864,8,972,552276
1512570696009253,1512570696559464,536870912,67108864,8,975,550211
1512570700178648,1512570700729856,536870912,67108864,8,973,551208
1512570704349386,1512570704900700,536870912,67108864,8,973,551314
1512570708520505,1512570709071598,536870912,67108864,8,974,551093
1512570712691570,1512570713242828,536870912,67108864,8,973,551258
1512570716860116,1512570717403630,536870912,67108864,8,987,543514
1512570721022693,1512570721575695,536870912,67108864,8,970,553002
1512570725194790,1512570725738310,536870912,67108864,8,987,543520
1512570729355997,1512570729907042,536870912,67108864,8,974,551045
1512570733524819,1512570734069805,536870912,67108864,8,985,544986
1512570737688875,1512570738239979,536870912,67108864,8,974,551104
1512570741860066,1512570742404683,536870912,67108864,8,985,544617
1512570746024565,1512570746568409,536870912,67108864,8,987,543844
1512570750187333,1512570750731420,536870912,67108864,8,986,544087
1512570754350549,1512570754902648,536870912,67108864,8,972,552099
1512570758520939,1512570759064095,536870912,67108864,8,988,543156
1512570762682352,1512570763233458,536870912,67108864,8,974,551106
1512570766853904,1512570767398149,536870912,67108864,8,986,544245
1512570771019195,1512570771570792,536870912,67108864,8,973,551597
1512570775190967,1512570775742698,536870912,67108864,8,973,551731
1512570779361951,1512570779898194,536870912,67108864,8,1001,536243
1512570783518059,1512570784069359,536870912,67108864,8,973,551300
1512570787688379,1512570788239935,536870912,67108864,8,973,551556
1512570791859098,1512570792411013,536870912,67108864,8,972,551915
1512570796030741,1512570796581435,536870912,67108864,8,974,550694
1512570800202397,1512570800747235,536870912,67108864,8,985,544838
1512570804366953,1512570804917495,536870912,67108864,8,975,550542
1512570808538279,1512570809090601,536870912,67108864,8,972,552322
1512570812709726,1512570813259993,536870912,67108864,8,975,550267
1512570816879946,1512570817433014,536870912,67108864,8,970,553068
1512570821053170,1512570821595833,536870912,67108864,8,989,542663
1512570825214695,1512570825767545,536870912,67108864,8,971,552850
1512570829385446,1512570829935952,536870912,67108864,8,975,550506
1512570833555054,1512570834107141,536870912,67108864,8,972,552087
1512570837725313,1512570838276052,536870912,67108864,8,974,550739
1512570841894290,1512570842447345,536870912,67108864,8,970,553055
1512570846067565,1512570846610525,536870912,67108864,8,988,542960
1512570850230704,1512570850776536,536870912,67108864,8,983,545832
1512570854396217,1512570854946932,536870912,67108864,8,974,550715
1512570858566316,1512570859118734,536870912,67108864,8,971,552418
1512570862737337,1512570863288592,536870912,67108864,8,973,551255
1512570866908670,1512570867461734,536870912,67108864,8,970,553064
1512570871080406,1512570871630353,536870912,67108864,8,976,549947
1512570875249793,1512570875801440,536870912,67108864,8,973,551647
1512570879421581,1512570879972279,536870912,67108864,8,974,550698
1512570883592890,1512570884145725,536870912,67108864,8,971,552835
1512570887765315,1512570888315934,536870912,67108864,8,975,550619
1512570891935298,1512570892487287,536870912,67108864,8,972,551989
1512570896107147,1512570896649568,536870912,67108864,8,989,542421
1512570900270437,1512570900823325,536870912,67108864,8,971,552888
1512570904440706,1512570904991648,536870912,67108864,8,974,550942
1512570908612104,1512570909163249,536870912,67108864,8,974,551145
1512570912784225,1512570913335332,536870912,67108864,8,974,551107
1512570916953959,1512570917505874,536870912,67108864,8,972,551915
1512570921125121,1512570921676222,536870912,67108864,8,974,551101
1512570925293998,1512570925844698,536870912,67108864,8,974,550700
1512570929462634,1512570930006173,536870912,67108864,8,987,543539
1512570933625944,1512570934177551,536870912,67108864,8,973,551607
1512570937797616,1512570938349392,536870912,67108864,8,972,551776
1512570941967103,1512570942518446,536870912,67108864,8,973,551343
1512570946137663,1512570946689146,536870912,67108864,8,973,551483
1512570950307676,1512570950851371,536870912,67108864,8,987,543695
1512570954471774,1512570955023100,536870912,67108864,8,973,551326
1512570958642008,1512570959193659,536870912,67108864,8,973,551651
1512570962812526,1512570963365201,536870912,67108864,8,971,552675
1512570966988693,1512570967540522,536870912,67108864,8,972,551829
1512570971161070,1512570971712383,536870912,67108864,8,973,551313
1512570975332506,1512570975884106,536870912,67108864,8,973,551600
1512570979503024,1512570980053832,536870912,67108864,8,974,550808
1512570983672794,1512570984216402,536870912,67108864,8,987,543608
1512570987835761,1512570988387337,536870912,67108864,8,973,551576
1512570992005907,1512570992557413,536870912,67108864,8,973,551506
1512570996176257,1512570996727369,536870912,67108864,8,974,551112
1512571000346934,1512571000899412,536870912,67108864,8,971,552478
1512571004519261,1512571005070537,536870912,67108864,8,973,551276
1512571008690786,1512571009243007,536870912,67108864,8,972,552221
1512571012862241,1512571013413543,536870912,67108864,8,973,551302
1512571017032311,1512571017577415,536870912,67108864,8,984,545104
1512571021196392,1512571021747205,536870912,67108864,8,974,550813
1512571025365835,1512571025918561,536870912,67108864,8,971,552726
1512571029536185,1512571030086268,536870912,67108864,8,975,550083
1512571033704764,1512571034246512,536870912,67108864,8,990,541748
1512571037865663,1512571038416222,536870912,67108864,8,975,550559
1512571042034770,1512571042586582,536870912,67108864,8,972,551812
1512571046206092,1512571046757775,536870912,67108864,8,973,551683
1512571050376617,1512571050928557,536870912,67108864,8,972,551940
1512571054548004,1512571055099204,536870912,67108864,8,974,551200
1512571058718154,1512571059271517,536870912,67108864,8,970,553363
1512571062891060,1512571063442050,536870912,67108864,8,974,550990
1512571067059653,1512571067611209,536870912,67108864,8,973,551556
1512571071229784,1512571071781061,536870912,67108864,8,973,551277
1512571075398477,1512571075950886,536870912,67108864,8,971,552409
1512571079570398,1512571080122872,536870912,67108864,8,971,552474
1512571083743763,1512571084295606,536870912,67108864,8,972,551843
1512571087915277,1512571088466496,536870912,67108864,8,973,551219
1512571092085503,1512571092630317,536870912,67108864,8,985,544814
1512571096249874,1512571096793830,536870912,67108864,8,986,543956
1512571100413555,1512571100965510,536870912,67108864,8,972,551955
1512571104583405,1512571105133918,536870912,67108864,8,975,550513
1512571108753472,1512571109298138,536870912,67108864,8,985,544666
1512571112916868,1512571113468311,536870912,67108864,8,973,551443
1512571117088024,1512571117639763,536870912,67108864,8,973,551739
1512571121259455,1512571121810885,536870912,67108864,8,973,551430
1512571125432094,1512571125983884,536870912,67108864,8,972,551790
1512571129602619,1512571130146702,536870912,67108864,8,986,544083
1512571133765359,1512571134316992,536870912,67108864,8,973,551633
1512571137935168,1512571138487305,536870912,67108864,8,972,552137
1512571142106591,1512571142658744,536870912,67108864,8,972,552153
1512571146278256,1512571146803827,536870912,67108864,8,1021,525571
1512571150423414,1512571150959735,536870912,67108864,8,1001,536321
1512571154579675,1512571155130984,536870912,67108864,8,973,551309
1512571158750333,1512571159302082,536870912,67108864,8,973,551749
1512571162920392,1512571163471987,536870912,67108864,8,973,551595
1512571167091541,1512571167635233,536870912,67108864,8,987,543692
1512571171253713,1512571171805156,536870912,67108864,8,973,551443
1512571175423252,1512571175967104,536870912,67108864,8,987,543852
1512571179586298,1512571180137256,536870912,67108864,8,974,550958
1512571183758031,1512571184309345,536870912,67108864,8,973,551314
1512571187928447,1512571188480562,536870912,67108864,8,972,552115
1512571192100909,1512571192652598,536870912,67108864,8,973,551689
1512571196273397,1512571196824752,536870912,67108864,8,973,551355
1512571200443860,1512571200995988,536870912,67108864,8,972,552128
1512571204616895,1512571205167985,536870912,67108864,8,974,551090
1512571208787397,1512571209338900,536870912,67108864,8,973,551503
1512571212958280,1512571213509072,536870912,67108864,8,974,550792
1512571217128290,1512571217679949,536870912,67108864,8,973,551659
1512571221318202,1512571221869970,536870912,67108864,8,973,551768
1512571225495589,1512571226049847,536870912,67108864,8,968,554258
1512571229669777,1512571230220754,536870912,67108864,8,974,550977
1512571233842107,1512571234395729,536870912,67108864,8,969,553622
1512571238017677,1512571238568253,536870912,67108864,8,975,550576
1512571242189400,1512571242733836,536870912,67108864,8,986,544436
1512571246353750,1512571246904071,536870912,67108864,8,975,550321
1512571250523297,1512571251075121,536870912,67108864,8,972,551824
1512571254694707,1512571255245749,536870912,67108864,8,974,551042
1512571258864615,1512571259416418,536870912,67108864,8,972,551803
1512571263037564,1512571263589074,536870912,67108864,8,973,551510
1512571267209449,1512571267762236,536870912,67108864,8,971,552787
1512571271431098,1512571271982298,536870912,67108864,8,974,551200
1512571275602917,1512571276155570,536870912,67108864,8,971,552653
1512571279777422,1512571280321230,536870912,67108864,8,987,543808
1512571283943440,1512571284496785,536870912,67108864,8,970,553345
1512571288116703,1512571288667775,536870912,67108864,8,974,551072
1512571292289927,1512571292831923,536870912,67108864,8,990,541996
1512571296453410,1512571297004547,536870912,67108864,8,974,551137
1512571300626263,1512571301178751,536870912,67108864,8,971,552488
1512571304798768,1512571305349257,536870912,67108864,8,975,550489
1512571308969308,1512571309521003,536870912,67108864,8,973,551695
1512571313139696,1512571313690704,536870912,67108864,8,974,551008
1512571317309781,1512571317861544,536870912,67108864,8,973,551763
1512571321481004,1512571322032563,536870912,67108864,8,973,551559
1512571325650776,1512571326202452,536870912,67108864,8,973,551676
1512571329820537,1512571330371424,536870912,67108864,8,974,550887
1512571333991068,1512571334542943,536870912,67108864,8,972,551875
1512571338162888,1512571338714019,536870912,67108864,8,974,551131
1512571342331922,1512571342884017,536870912,67108864,8,972,552095
1512571346502110,1512571347054063,536870912,67108864,8,972,551953
1512571350672515,1512571351216447,536870912,67108864,8,987,543932
1512571354835976,1512571355387151,536870912,67108864,8,974,551175
1512571359006198,1512571359557643,536870912,67108864,8,973,551445
1512571363177474,1512571363729180,536870912,67108864,8,973,551706
1512571367348140,1512571367891828,536870912,67108864,8,987,543688
1512571371511078,1512571372062508,536870912,67108864,8,973,551430
1512571375681374,1512571376232838,536870912,67108864,8,973,551464
1512571379851951,1512571380404214,536870912,67108864,8,972,552263
1512571384024974,1512571384576412,536870912,67108864,8,973,551438
1512571388196350,1512571388747960,536870912,67108864,8,973,551610
1512571392367226,1512571392918643,536870912,67108864,8,973,551417
1512571396537243,1512571397078379,536870912,67108864,8,992,541136
1512571400699345,1512571401250833,536870912,67108864,8,973,551488
1512571404869298,1512571405412371,536870912,67108864,8,988,543073
1512571409030230,1512571409582168,536870912,67108864,8,972,551938
1512571413201138,1512571413744980,536870912,67108864,8,987,543842
1512571417365985,1512571417917202,536870912,67108864,8,973,551217
1512571421535508,1512571422086122,536870912,67108864,8,975,550614
1512571425704485,1512571426257472,536870912,67108864,8,970,552987
1512571429877218,1512571430419815,536870912,67108864,8,989,542597
1512571434038700,1512571434590977,536870912,67108864,8,972,552277
1512571438209226,1512571438759589,536870912,67108864,8,975,550363
1512571442379961,1512571442932534,536870912,67108864,8,971,552573
1512571446551508,1512571447102035,536870912,67108864,8,975,550527
1512571450723459,1512571451268170,536870912,67108864,8,985,544711
1512571454887774,1512571455437977,536870912,67108864,8,975,550203
1512571459056020,1512571459608332,536870912,67108864,8,972,552312
1512571463228004,1512571463778526,536870912,67108864,8,975,550522
1512571467398810,1512571467950864,536870912,67108864,8,972,552054
1512571471569777,1512571472112935,536870912,67108864,8,988,543158
1512571475731870,1512571476284656,536870912,67108864,8,971,552786
1512571479904889,1512571480454953,536870912,67108864,8,976,550064
1512571484075180,1512571484619626,536870912,67108864,8,986,544446
1512571488238542,1512571488788472,536870912,67108864,8,976,549930
1512571492406739,1512571492959522,536870912,67108864,8,971,552783
1512571496578970,1512571497129374,536870912,67108864,8,975,550404
1512571500749329,1512571501294077,536870912,67108864,8,985,544748
1512571504912970,1512571505462562,536870912,67108864,8,976,549592
1512571509082860,1512571509634711,536870912,67108864,8,972,551851
1512571513252706,1512571513796020,536870912,67108864,8,988,543314
1512571517416113,1512571517967946,536870912,67108864,8,972,551833
1512571521587233,1512571522138416,536870912,67108864,8,974,551183
