1512418180266882,1512418180266885,1024,128,8,341,3
1512418180271814,1512418180271816,1024,128,8,512,2
1512418180276404,1512418180276407,1024,128,8,341,3
1512418180280725,1512418180280728,1024,128,8,341,3
1512418180284834,1512418180284836,1024,128,8,512,2
1512418180288827,1512418180288830,1024,128,8,341,3
1512418180292808,1512418180292810,1024,128,8,512,2
1512418180296793,1512418180296795,1024,128,8,512,2
1512418180300810,1512418180300813,1024,128,8,341,3
1512418180304802,1512418180304804,1024,128,8,512,2
1512418180308799,1512418180308801,1024,128,8,512,2
1512418180312786,1512418180312788,1024,128,8,512,2
1512418180316752,1512418180316755,1024,128,8,341,3
1512418180320770,1512418180320772,1024,128,8,512,2
1512418180324763,1512418180324765,1024,128,8,512,2
1512418180328735,1512418180328738,1024,128,8,341,3
1512418180332729,1512418180332732,1024,128,8,341,3
1512418180336712,1512418180336714,1024,128,8,512,2
1512418180340692,1512418180340694,1024,128,8,512,2
1512418180344695,1512418180344697,1024,128,8,512,2
1512418180348698,1512418180348700,1024,128,8,512,2
1512418180352576,1512418180352578,1024,128,8,512,2
1512418180356456,1512418180356458,1024,128,8,512,2
1512418180360334,1512418180360337,1024,128,8,341,3
1512418180364218,1512418180364220,1024,128,8,512,2
1512418180368096,1512418180368099,1024,128,8,341,3
1512418180371970,1512418180371973,1024,128,8,341,3
1512418180375869,1512418180375871,1024,128,8,512,2
1512418180379780,1512418180379782,1024,128,8,512,2
1512418180383663,1512418180383666,1024,128,8,341,3
1512418180387551,1512418180387553,1024,128,8,512,2
1512418180391434,1512418180391436,1024,128,8,512,2
1512418180395295,1512418180395297,1024,128,8,512,2
1512418180399172,1512418180399174,1024,128,8,512,2
1512418180403065,1512418180403067,1024,128,8,512,2
1512418180406954,1512418180406956,1024,128,8,512,2
1512418180410867,1512418180410869,1024,128,8,512,2
1512418180414769,1512418180414771,1024,128,8,512,2
1512418180418664,1512418180418667,1024,128,8,341,3
1512418180422551,1512418180422553,1024,128,8,512,2
1512418180426426,1512418180426428,1024,128,8,512,2
1512418180430291,1512418180430293,1024,128,8,512,2
1512418180434174,1512418180434176,1024,128,8,512,2
1512418180438051,1512418180438054,1024,128,8,341,3
1512418180441960,1512418180441962,1024,128,8,512,2
1512418180445869,1512418180445871,1024,128,8,512,2
1512418180449751,1512418180449753,1024,128,8,512,2
1512418180453631,1512418180453634,1024,128,8,341,3
1512418180457535,1512418180457538,1024,128,8,341,3
1512418180461435,1512418180461437,1024,128,8,512,2
1512418180465327,1512418180465329,1024,128,8,512,2
1512418180469211,1512418180469214,1024,128,8,341,3
1512418180473080,1512418180473082,1024,128,8,512,2
1512418180476941,1512418180476943,1024,128,8,512,2
1512418180480804,1512418180480807,1024,128,8,341,3
1512418180484698,1512418180484700,1024,128,8,512,2
1512418180488565,1512418180488568,1024,128,8,341,3
1512418180492433,1512418180492435,1024,128,8,512,2
1512418180496285,1512418180496287,1024,128,8,512,2
1512418180500137,1512418180500139,1024,128,8,512,2
1512418180504017,1512418180504020,1024,128,8,341,3
1512418180507917,1512418180507919,1024,128,8,512,2
1512418180511811,1512418180511813,1024,128,8,512,2
1512418180515674,1512418180515676,1024,128,8,512,2
1512418180519555,1512418180519557,1024,128,8,512,2
1512418180523445,1512418180523447,1024,128,8,512,2
1512418180527337,1512418180527340,1024,128,8,341,3
1512418180531230,1512418180531232,1024,128,8,512,2
1512418180535112,1512418180535115,1024,128,8,341,3
1512418180539000,1512418180539002,1024,128,8,512,2
1512418180542894,1512418180542896,1024,128,8,512,2
1512418180546784,1512418180546786,1024,128,8,512,2
1512418180550672,1512418180550674,1024,128,8,512,2
1512418180554557,1512418180554559,1024,128,8,512,2
1512418180558422,1512418180558425,1024,128,8,341,3
1512418180562299,1512418180562301,1024,128,8,512,2
1512418180566212,1512418180566214,1024,128,8,512,2
1512418180570082,1512418180570084,1024,128,8,512,2
1512418180573963,1512418180573965,1024,128,8,512,2
1512418180577857,1512418180577859,1024,128,8,512,2
1512418180581751,1512418180581753,1024,128,8,512,2
1512418180585634,1512418180585636,1024,128,8,512,2
1512418180589533,1512418180589535,1024,128,8,512,2
1512418180593410,1512418180593412,1024,128,8,512,2
1512418180597285,1512418180597287,1024,128,8,512,2
1512418180601175,1512418180601177,1024,128,8,512,2
1512418180605053,1512418180605055,1024,128,8,512,2
1512418180608937,1512418180608939,1024,128,8,512,2
1512418180612830,1512418180612832,1024,128,8,512,2
1512418180616709,1512418180616711,1024,128,8,512,2
1512418180620586,1512418180620588,1024,128,8,512,2
1512418180624475,1512418180624477,1024,128,8,512,2
1512418180628357,1512418180628360,1024,128,8,341,3
1512418180632250,1512418180632252,1024,128,8,512,2
1512418180636143,1512418180636145,1024,128,8,512,2
1512418180640049,1512418180640051,1024,128,8,512,2
1512418180643933,1512418180643936,1024,128,8,341,3
1512418180647827,1512418180647830,1024,128,8,341,3
1512418180651690,1512418180651693,1024,128,8,341,3
1512418180655584,1512418180655586,1024,128,8,512,2
1512418180659456,1512418180659459,1024,128,8,341,3
1512418180663337,1512418180663339,1024,128,8,512,2
1512418180667221,1512418180667224,1024,128,8,341,3
1512418180671107,1512418180671109,1024,128,8,512,2
1512418180675000,1512418180675002,1024,128,8,512,2
1512418180678877,1512418180678879,1024,128,8,512,2
1512418180682759,1512418180682762,1024,128,8,341,3
1512418180686628,1512418180686630,1024,128,8,512,2
1512418180690531,1512418180690533,1024,128,8,512,2
1512418180694436,1512418180694438,1024,128,8,512,2
1512418180698318,1512418180698320,1024,128,8,512,2
1512418180702206,1512418180702208,1024,128,8,512,2
1512418180706087,1512418180706089,1024,128,8,512,2
1512418180709958,1512418180709961,1024,128,8,341,3
1512418180713835,1512418180713837,1024,128,8,512,2
1512418180717729,1512418180717731,1024,128,8,512,2
1512418180721602,1512418180721604,1024,128,8,512,2
1512418180725509,1512418180725511,1024,128,8,512,2
1512418180729421,1512418180729423,1024,128,8,512,2
1512418180733314,1512418180733316,1024,128,8,512,2
1512418180737222,1512418180737224,1024,128,8,512,2
1512418180741116,1512418180741118,1024,128,8,512,2
1512418180744995,1512418180744998,1024,128,8,341,3
1512418180748886,1512418180748888,1024,128,8,512,2
1512418180752778,1512418180752780,1024,128,8,512,2
1512418180756665,1512418180756667,1024,128,8,512,2
1512418180760544,1512418180760546,1024,128,8,512,2
1512418180764419,1512418180764422,1024,128,8,341,3
1512418180768310,1512418180768312,1024,128,8,512,2
1512418180772220,1512418180772222,1024,128,8,512,2
1512418180776106,1512418180776108,1024,128,8,512,2
1512418180779985,1512418180779987,1024,128,8,512,2
1512418180783872,1512418180783874,1024,128,8,512,2
1512418180787773,1512418180787775,1024,128,8,512,2
1512418180791645,1512418180791648,1024,128,8,341,3
1512418180795521,1512418180795524,1024,128,8,341,3
1512418180799423,1512418180799426,1024,128,8,341,3
1512418180803317,1512418180803319,1024,128,8,512,2
1512418180807221,1512418180807224,1024,128,8,341,3
1512418180811119,1512418180811121,1024,128,8,512,2
1512418180815011,1512418180815013,1024,128,8,512,2
1512418180818886,1512418180818888,1024,128,8,512,2
1512418180822769,1512418180822771,1024,128,8,512,2
1512418180826648,1512418180826651,1024,128,8,341,3
1512418180830528,1512418180830530,1024,128,8,512,2
1512418180834409,1512418180834412,1024,128,8,341,3
1512418180838335,1512418180838337,1024,128,8,512,2
1512418180842232,1512418180842234,1024,128,8,512,2
1512418180846123,1512418180846125,1024,128,8,512,2
1512418180849989,1512418180849991,1024,128,8,512,2
1512418180853879,1512418180853881,1024,128,8,512,2
1512418180857751,1512418180857753,1024,128,8,512,2
1512418180861652,1512418180861656,1024,128,8,256,4
1512418180865532,1512418180865534,1024,128,8,512,2
1512418180869435,1512418180869437,1024,128,8,512,2
1512418180873313,1512418180873315,1024,128,8,512,2
1512418180877206,1512418180877208,1024,128,8,512,2
1512418180881063,1512418180881066,1024,128,8,341,3
1512418180884943,1512418180884945,1024,128,8,512,2
1512418180888815,1512418180888818,1024,128,8,341,3
1512418180892705,1512418180892707,1024,128,8,512,2
1512418180896585,1512418180896587,1024,128,8,512,2
1512418180900476,1512418180900479,1024,128,8,341,3
1512418180904389,1512418180904391,1024,128,8,512,2
1512418180908303,1512418180908305,1024,128,8,512,2
1512418180912226,1512418180912229,1024,128,8,341,3
1512418180916128,1512418180916130,1024,128,8,512,2
1512418180920001,1512418180920003,1024,128,8,512,2
1512418180923905,1512418180923907,1024,128,8,512,2
1512418180927856,1512418180927858,1024,128,8,512,2
1512418180931760,1512418180931762,1024,128,8,512,2
1512418180935650,1512418180935652,1024,128,8,512,2
1512418180939532,1512418180939534,1024,128,8,512,2
1512418180943422,1512418180943424,1024,128,8,512,2
1512418180947296,1512418180947298,1024,128,8,512,2
1512418180951169,1512418180951172,1024,128,8,341,3
1512418180955056,1512418180955058,1024,128,8,512,2
1512418180958938,1512418180958941,1024,128,8,341,3
1512418180962798,1512418180962800,1024,128,8,512,2
1512418180966684,1512418180966686,1024,128,8,512,2
1512418180970563,1512418180970565,1024,128,8,512,2
1512418180974431,1512418180974434,1024,128,8,341,3
1512418180978304,1512418180978306,1024,128,8,512,2
1512418180982173,1512418180982175,1024,128,8,512,2
1512418180986062,1512418180986064,1024,128,8,512,2
1512418180989927,1512418180989930,1024,128,8,341,3
1512418180993811,1512418180993813,1024,128,8,512,2
1512418180997691,1512418180997693,1024,128,8,512,2
1512418181001560,1512418181001562,1024,128,8,512,2
1512418181005449,1512418181005451,1024,128,8,512,2
1512418181009325,1512418181009327,1024,128,8,512,2
1512418181013210,1512418181013212,1024,128,8,512,2
1512418181017097,1512418181017099,1024,128,8,512,2
1512418181020974,1512418181020977,1024,128,8,341,3
1512418181024839,1512418181024841,1024,128,8,512,2
1512418181028719,1512418181028722,1024,128,8,341,3
1512418181032609,1512418181032611,1024,128,8,512,2
1512418181036486,1512418181036488,1024,128,8,512,2
1512418181040362,1512418181040365,1024,128,8,341,3
1512418181044253,1512418181044256,1024,128,8,341,3
1512418181048144,1512418181048147,1024,128,8,341,3
1512418181052010,1512418181052013,1024,128,8,341,3
1512418181055873,1512418181055875,1024,128,8,512,2
1512418181059737,1512418181059739,1024,128,8,512,2
1512418181063613,1512418181063615,1024,128,8,512,2
1512418181067479,1512418181067481,1024,128,8,512,2
1512418181071386,1512418181071388,1024,128,8,512,2
1512418181075260,1512418181075262,1024,128,8,512,2
1512418181079135,1512418181079137,1024,128,8,512,2
1512418181083020,1512418181083023,1024,128,8,341,3
1512418181086888,1512418181086890,1024,128,8,512,2
1512418181090768,1512418181090770,1024,128,8,512,2
1512418181094640,1512418181094643,1024,128,8,341,3
1512418181098574,1512418181098576,1024,128,8,512,2
1512418181102484,1512418181102486,1024,128,8,512,2
1512418181106377,1512418181106379,1024,128,8,512,2
1512418181110268,1512418181110270,1024,128,8,512,2
1512418181114161,1512418181114163,1024,128,8,512,2
1512418181118055,1512418181118057,1024,128,8,512,2
1512418181121928,1512418181121930,1024,128,8,512,2
1512418181125805,1512418181125807,1024,128,8,512,2
1512418181129688,1512418181129690,1024,128,8,512,2
1512418181133559,1512418181133561,1024,128,8,512,2
1512418181137449,1512418181137452,1024,128,8,341,3
1512418181141337,1512418181141339,1024,128,8,512,2
1512418181145226,1512418181145229,1024,128,8,341,3
1512418181149103,1512418181149105,1024,128,8,512,2
1512418181152972,1512418181152974,1024,128,8,512,2
1512418181156848,1512418181156850,1024,128,8,512,2
1512418181160726,1512418181160728,1024,128,8,512,2
1512418181164614,1512418181164616,1024,128,8,512,2
1512418181168500,1512418181168503,1024,128,8,341,3
1512418181172371,1512418181172373,1024,128,8,512,2
1512418181176251,1512418181176254,1024,128,8,341,3
1512418181180126,1512418181180128,1024,128,8,512,2
1512418181184005,1512418181184008,1024,128,8,341,3
1512418181187914,1512418181187916,1024,128,8,512,2
1512418181191812,1512418181191815,1024,128,8,341,3
1512418181195700,1512418181195703,1024,128,8,341,3
1512418181199585,1512418181199587,1024,128,8,512,2
1512418181203461,1512418181203464,1024,128,8,341,3
1512418181207356,1512418181207359,1024,128,8,341,3
1512418181211256,1512418181211258,1024,128,8,512,2
1512418181215164,1512418181215166,1024,128,8,512,2
1512418181219079,1512418181219081,1024,128,8,512,2
1512418181222960,1512418181222962,1024,128,8,512,2
1512418181226846,1512418181226848,1024,128,8,512,2
1512418181230818,1512418181230820,1024,128,8,512,2
1512418181234712,1512418181234714,1024,128,8,512,2
1512418181238609,1512418181238611,1024,128,8,512,2
1512418181242518,1512418181242521,1024,128,8,341,3
1512418181246404,1512418181246406,1024,128,8,512,2
1512418181250298,1512418181250300,1024,128,8,512,2
1512418181254168,1512418181254170,1024,128,8,512,2
1512418181258048,1512418181258050,1024,128,8,512,2
1512418181261926,1512418181261928,1024,128,8,512,2
1512418181265791,1512418181265793,1024,128,8,512,2
1512418181269668,1512418181269670,1024,128,8,512,2
1512418181273548,1512418181273550,1024,128,8,512,2
1512418181277417,1512418181277419,1024,128,8,512,2
1512418181281302,1512418181281304,1024,128,8,512,2
1512418181285208,1512418181285211,1024,128,8,341,3
1512418181289124,1512418181289126,1024,128,8,512,2
1512418181293095,1512418181293098,1024,128,8,341,3
1512418181297011,1512418181297013,1024,128,8,512,2
1512418181300940,1512418181300942,1024,128,8,512,2
1512418181304844,1512418181304846,1024,128,8,512,2
1512418181308736,1512418181308738,1024,128,8,512,2
1512418181312657,1512418181312659,1024,128,8,512,2
1512418181316583,1512418181316585,1024,128,8,512,2
1512418181320490,1512418181320492,1024,128,8,512,2
1512418181324370,1512418181324373,1024,128,8,341,3
1512418181328258,1512418181328260,1024,128,8,512,2
1512418181332157,1512418181332160,1024,128,8,341,3
1512418181336035,1512418181336037,1024,128,8,512,2
1512418181339916,1512418181339918,1024,128,8,512,2
1512418181343804,1512418181343806,1024,128,8,512,2
1512418181347714,1512418181347716,1024,128,8,512,2
1512418181351602,1512418181351604,1024,128,8,512,2
1512418181355486,1512418181355488,1024,128,8,512,2
1512418181359359,1512418181359361,1024,128,8,512,2
1512418181363234,1512418181363236,1024,128,8,512,2
1512418181367112,1512418181367115,1024,128,8,341,3
1512418181370982,1512418181370984,1024,128,8,512,2
1512418181374836,1512418181374838,1024,128,8,512,2
1512418181378684,1512418181378686,1024,128,8,512,2
1512418181382565,1512418181382567,1024,128,8,512,2
1512418181386462,1512418181386464,1024,128,8,512,2
1512418181390333,1512418181390335,1024,128,8,512,2
1512418181394217,1512418181394220,1024,128,8,341,3
1512418181398110,1512418181398112,1024,128,8,512,2
1512418181402000,1512418181402002,1024,128,8,512,2
1512418181405887,1512418181405889,1024,128,8,512,2
1512418181409786,1512418181409788,1024,128,8,512,2
1512418181413697,1512418181413699,1024,128,8,512,2
1512418181417579,1512418181417581,1024,128,8,512,2
1512418181421466,1512418181421468,1024,128,8,512,2
1512418181425369,1512418181425371,1024,128,8,512,2
1512418181429286,1512418181429289,1024,128,8,341,3
1512418181433192,1512418181433194,1024,128,8,512,2
1512418181437076,1512418181437078,1024,128,8,512,2
1512418181440962,1512418181440964,1024,128,8,512,2
1512418181444845,1512418181444847,1024,128,8,512,2
1512418181448711,1512418181448714,1024,128,8,341,3
1512418181452592,1512418181452594,1024,128,8,512,2
1512418181456484,1512418181456486,1024,128,8,512,2
1512418181460384,1512418181460386,1024,128,8,512,2
1512418181464273,1512418181464275,1024,128,8,512,2
1512418181468141,1512418181468143,1024,128,8,512,2
1512418181472033,1512418181472035,1024,128,8,512,2
1512418181475954,1512418181475956,1024,128,8,512,2
1512418181479835,1512418181479838,1024,128,8,341,3
1512418181483709,1512418181483711,1024,128,8,512,2
1512418181487589,1512418181487591,1024,128,8,512,2
1512418181491476,1512418181491478,1024,128,8,512,2
1512418181495353,1512418181495355,1024,128,8,512,2
1512418181499233,1512418181499236,1024,128,8,341,3
1512418181503111,1512418181503113,1024,128,8,512,2
1512418181506998,1512418181507000,1024,128,8,512,2
1512418181510861,1512418181510864,1024,128,8,341,3
1512418181514733,1512418181514735,1024,128,8,512,2
1512418181518621,1512418181518623,1024,128,8,512,2
1512418181522503,1512418181522505,1024,128,8,512,2
1512418181526381,1512418181526383,1024,128,8,512,2
1512418181530283,1512418181530285,1024,128,8,512,2
1512418181534242,1512418181534245,1024,128,8,341,3
1512418181538116,1512418181538118,1024,128,8,512,2
1512418181541991,1512418181541993,1024,128,8,512,2
1512418181545856,1512418181545858,1024,128,8,512,2
1512418181549735,1512418181549737,1024,128,8,512,2
1512418181553602,1512418181553604,1024,128,8,512,2
1512418181557466,1512418181557468,1024,128,8,512,2
1512418181561354,1512418181561357,1024,128,8,341,3
1512418181565240,1512418181565243,1024,128,8,341,3
1512418181569128,1512418181569130,1024,128,8,512,2
1512418181573002,1512418181573005,1024,128,8,341,3
1512418181576894,1512418181576896,1024,128,8,512,2
1512418181580783,1512418181580785,1024,128,8,512,2
1512418181584677,1512418181584680,1024,128,8,341,3
1512418181588571,1512418181588573,1024,128,8,512,2
1512418181592464,1512418181592467,1024,128,8,341,3
1512418181596367,1512418181596369,1024,128,8,512,2
1512418181600252,1512418181600255,1024,128,8,341,3
1512418181604145,1512418181604148,1024,128,8,341,3
1512418181608039,1512418181608041,1024,128,8,512,2
1512418181611919,1512418181611922,1024,128,8,341,3
1512418181615803,1512418181615805,1024,128,8,512,2
1512418181619702,1512418181619704,1024,128,8,512,2
1512418181623613,1512418181623615,1024,128,8,512,2
1512418181627512,1512418181627515,1024,128,8,341,3
1512418181631410,1512418181631413,1024,128,8,341,3
1512418181635323,1512418181635325,1024,128,8,512,2
1512418181639228,1512418181639230,1024,128,8,512,2
1512418181643151,1512418181643153,1024,128,8,512,2
1512418181647078,1512418181647080,1024,128,8,512,2
1512418181650983,1512418181650986,1024,128,8,341,3
1512418181654852,1512418181654854,1024,128,8,512,2
1512418181658732,1512418181658735,1024,128,8,341,3
1512418181662619,1512418181662621,1024,128,8,512,2
1512418181666526,1512418181666528,1024,128,8,512,2
1512418181670407,1512418181670409,1024,128,8,512,2
1512418181674289,1512418181674291,1024,128,8,512,2
1512418181678187,1512418181678190,1024,128,8,341,3
1512418181682050,1512418181682052,1024,128,8,512,2
1512418181685921,1512418181685924,1024,128,8,341,3
1512418181689772,1512418181689775,1024,128,8,341,3
1512418181693682,1512418181693684,1024,128,8,512,2
1512418181697569,1512418181697571,1024,128,8,512,2
1512418181701433,1512418181701436,1024,128,8,341,3
1512418181705310,1512418181705313,1024,128,8,341,3
1512418181709192,1512418181709194,1024,128,8,512,2
1512418181713064,1512418181713066,1024,128,8,512,2
1512418181716926,1512418181716929,1024,128,8,341,3
1512418181720797,1512418181720800,1024,128,8,341,3
1512418181724692,1512418181724694,1024,128,8,512,2
1512418181728559,1512418181728561,1024,128,8,512,2
1512418181732433,1512418181732435,1024,128,8,512,2
1512418181736314,1512418181736317,1024,128,8,341,3
1512418181740222,1512418181740224,1024,128,8,512,2
1512418181744105,1512418181744107,1024,128,8,512,2
1512418181747968,1512418181747970,1024,128,8,512,2
1512418181751832,1512418181751835,1024,128,8,341,3
1512418181755714,1512418181755716,1024,128,8,512,2
1512418181759605,1512418181759607,1024,128,8,512,2
1512418181763481,1512418181763483,1024,128,8,512,2
1512418181767347,1512418181767350,1024,128,8,341,3
1512418181771226,1512418181771228,1024,128,8,512,2
1512418181775118,1512418181775120,1024,128,8,512,2
1512418181778981,1512418181778983,1024,128,8,512,2
1512418181782847,1512418181782849,1024,128,8,512,2
1512418181786719,1512418181786721,1024,128,8,512,2
1512418181790598,1512418181790601,1024,128,8,341,3
1512418181794467,1512418181794469,1024,128,8,512,2
1512418181798378,1512418181798380,1024,128,8,512,2
1512418181802248,1512418181802251,1024,128,8,341,3
1512418181806141,1512418181806143,1024,128,8,512,2
1512418181810030,1512418181810032,1024,128,8,512,2
1512418181813906,1512418181813908,1024,128,8,512,2
1512418181817796,1512418181817798,1024,128,8,512,2
1512418181821690,1512418181821692,1024,128,8,512,2
1512418181825570,1512418181825572,1024,128,8,512,2
1512418181829470,1512418181829473,1024,128,8,341,3
1512418181833352,1512418181833354,1024,128,8,512,2
1512418181837245,1512418181837248,1024,128,8,341,3
1512418181841145,1512418181841148,1024,128,8,341,3
1512418181845037,1512418181845039,1024,128,8,512,2
1512418181848919,1512418181848921,1024,128,8,512,2
1512418181852814,1512418181852816,1024,128,8,512,2
1512418181856709,1512418181856711,1024,128,8,512,2
1512418181860590,1512418181860592,1024,128,8,512,2
1512418181864463,1512418181864466,1024,128,8,341,3
1512418181868358,1512418181868360,1024,128,8,512,2
1512418181872266,1512418181872268,1024,128,8,512,2
1512418181876169,1512418181876171,1024,128,8,512,2
1512418181880061,1512418181880064,1024,128,8,341,3
1512418181883957,1512418181883959,1024,128,8,512,2
1512418181887832,1512418181887834,1024,128,8,512,2
1512418181891715,1512418181891717,1024,128,8,512,2
1512418181895584,1512418181895586,1024,128,8,512,2
1512418181899465,1512418181899467,1024,128,8,512,2
1512418181903349,1512418181903351,1024,128,8,512,2
1512418181907223,1512418181907225,1024,128,8,512,2
1512418181911107,1512418181911110,1024,128,8,341,3
1512418181914998,1512418181915001,1024,128,8,341,3
1512418181918878,1512418181918880,1024,128,8,512,2
1512418181922768,1512418181922771,1024,128,8,341,3
1512418181926645,1512418181926647,1024,128,8,512,2
1512418181930521,1512418181930523,1024,128,8,512,2
1512418181934422,1512418181934424,1024,128,8,512,2
1512418181938303,1512418181938305,1024,128,8,512,2
1512418181942193,1512418181942195,1024,128,8,512,2
1512418181946083,1512418181946085,1024,128,8,512,2
1512418181949965,1512418181949968,1024,128,8,341,3
1512418181953859,1512418181953861,1024,128,8,512,2
1512418181957757,1512418181957759,1024,128,8,512,2
1512418181961630,1512418181961632,1024,128,8,512,2
1512418181965489,1512418181965491,1024,128,8,512,2
1512418181969366,1512418181969368,1024,128,8,512,2
1512418181973246,1512418181973248,1024,128,8,512,2
1512418181977114,1512418181977116,1024,128,8,512,2
1512418181980991,1512418181980994,1024,128,8,341,3
1512418181984876,1512418181984878,1024,128,8,512,2
1512418181988745,1512418181988747,1024,128,8,512,2
1512418181992625,1512418181992628,1024,128,8,341,3
1512418181996532,1512418181996534,1024,128,8,512,2
1512418182000431,1512418182000434,1024,128,8,341,3
1512418182004354,1512418182004357,1024,128,8,341,3
1512418182008259,1512418182008261,1024,128,8,512,2
1512418182012147,1512418182012149,1024,128,8,512,2
1512418182016030,1512418182016033,1024,128,8,341,3
1512418182019905,1512418182019907,1024,128,8,512,2
1512418182023794,1512418182023796,1024,128,8,512,2
1512418182027662,1512418182027664,1024,128,8,512,2
1512418182031549,1512418182031552,1024,128,8,341,3
1512418182035434,1512418182035437,1024,128,8,341,3
1512418182039332,1512418182039334,1024,128,8,512,2
1512418182043221,1512418182043224,1024,128,8,341,3
1512418182047117,1512418182047120,1024,128,8,341,3
1512418182051026,1512418182051028,1024,128,8,512,2
1512418182054926,1512418182054928,1024,128,8,512,2
1512418182058846,1512418182058848,1024,128,8,512,2
1512418182062753,1512418182062756,1024,128,8,341,3
1512418182066664,1512418182066666,1024,128,8,512,2
1512418182070547,1512418182070549,1024,128,8,512,2
1512418182074418,1512418182074421,1024,128,8,341,3
1512418182078298,1512418182078301,1024,128,8,341,3
1512418182082172,1512418182082174,1024,128,8,512,2
1512418182086067,1512418182086069,1024,128,8,512,2
1512418182089963,1512418182089966,1024,128,8,341,3
1512418182093860,1512418182093863,1024,128,8,341,3
1512418182097734,1512418182097736,1024,128,8,512,2
1512418182101635,1512418182101638,1024,128,8,341,3
1512418182105508,1512418182105510,1024,128,8,512,2
1512418182109402,1512418182109404,1024,128,8,512,2
1512418182113285,1512418182113287,1024,128,8,512,2
1512418182117162,1512418182117164,1024,128,8,512,2
1512418182121050,1512418182121052,1024,128,8,512,2
1512418182124945,1512418182124947,1024,128,8,512,2
1512418182128817,1512418182128819,1024,128,8,512,2
1512418182132703,1512418182132706,1024,128,8,341,3
1512418182136590,1512418182136593,1024,128,8,341,3
1512418182140478,1512418182140480,1024,128,8,512,2
1512418182144375,1512418182144377,1024,128,8,512,2
1512418182148286,1512418182148289,1024,128,8,341,3
1512418182152180,1512418182152182,1024,128,8,512,2
1512418182156070,1512418182156072,1024,128,8,512,2
1512418182159965,1512418182159967,1024,128,8,512,2
1512418182163844,1512418182163846,1024,128,8,512,2
1512418182167728,1512418182167731,1024,128,8,341,3
1512418182171634,1512418182171636,1024,128,8,512,2
1512418182175538,1512418182175540,1024,128,8,512,2
1512418182179452,1512418182179455,1024,128,8,341,3
1512418182183353,1512418182183356,1024,128,8,341,3
1512418182187260,1512418182187262,1024,128,8,512,2
1512418182191158,1512418182191160,1024,128,8,512,2
1512418182195037,1512418182195040,1024,128,8,341,3
1512418182198927,1512418182198929,1024,128,8,512,2
1512418182202796,1512418182202798,1024,128,8,512,2
1512418182206671,1512418182206673,1024,128,8,512,2
1512418182210569,1512418182210571,1024,128,8,512,2
1512418182214487,1512418182214489,1024,128,8,512,2
1512418182218371,1512418182218374,1024,128,8,341,3
1512418182222272,1512418182222274,1024,128,8,512,2
1512418182226163,1512418182226165,1024,128,8,512,2
1512418182230046,1512418182230048,1024,128,8,512,2
1512418182233935,1512418182233937,1024,128,8,512,2
1512418182237812,1512418182237814,1024,128,8,512,2
1512418182241695,1512418182241697,1024,128,8,512,2
1512418182245572,1512418182245574,1024,128,8,512,2
1512418182249452,1512418182249454,1024,128,8,512,2
1512418182253333,1512418182253335,1024,128,8,512,2
1512418182257225,1512418182257227,1024,128,8,512,2
1512418182261113,1512418182261115,1024,128,8,512,2
1512418182264981,1512418182264983,1024,128,8,512,2
1512418182268847,1512418182268849,1024,128,8,512,2
1512418182272711,1512418182272713,1024,128,8,512,2
1512418182276586,1512418182276588,1024,128,8,512,2
1512418182280463,1512418182280465,1024,128,8,512,2
1512418182284342,1512418182284345,1024,128,8,341,3
1512418182288211,1512418182288213,1024,128,8,512,2
1512418182292088,1512418182292090,1024,128,8,512,2
1512418182295972,1512418182295974,1024,128,8,512,2
1512418182299848,1512418182299851,1024,128,8,341,3
1512418182303708,1512418182303711,1024,128,8,341,3
1512418182307592,1512418182307594,1024,128,8,512,2
1512418182311470,1512418182311472,1024,128,8,512,2
1512418182315362,1512418182315364,1024,128,8,512,2
1512418182319244,1512418182319246,1024,128,8,512,2
1512418182323120,1512418182323122,1024,128,8,512,2
1512418182327012,1512418182327014,1024,128,8,512,2
1512418182330910,1512418182330912,1024,128,8,512,2
1512418182334798,1512418182334800,1024,128,8,512,2
1512418182338675,1512418182338677,1024,128,8,512,2
1512418182342537,1512418182342539,1024,128,8,512,2
1512418182346392,1512418182346394,1024,128,8,512,2
1512418182350248,1512418182350250,1024,128,8,512,2
1512418182354114,1512418182354116,1024,128,8,512,2
1512418182357987,1512418182357989,1024,128,8,512,2
1512418182361877,1512418182361880,1024,128,8,341,3
1512418182365757,1512418182365759,1024,128,8,512,2
1512418182369636,1512418182369638,1024,128,8,512,2
1512418182373511,1512418182373514,1024,128,8,341,3
1512418182377393,1512418182377395,1024,128,8,512,2
1512418182381278,1512418182381280,1024,128,8,512,2
1512418182385161,1512418182385164,1024,128,8,341,3
1512418182389057,1512418182389060,1024,128,8,341,3
1512418182392938,1512418182392940,1024,128,8,512,2
1512418182396810,1512418182396812,1024,128,8,512,2
1512418182400700,1512418182400702,1024,128,8,512,2
1512418182404582,1512418182404584,1024,128,8,512,2
1512418182408472,1512418182408474,1024,128,8,512,2
1512418182412347,1512418182412349,1024,128,8,512,2
1512418182416222,1512418182416224,1024,128,8,512,2
1512418182420105,1512418182420108,1024,128,8,341,3
1512418182423983,1512418182423985,1024,128,8,512,2
1512418182427850,1512418182427852,1024,128,8,512,2
1512418182431715,1512418182431718,1024,128,8,341,3
1512418182435584,1512418182435586,1024,128,8,512,2
1512418182439447,1512418182439450,1024,128,8,341,3
1512418182443318,1512418182443321,1024,128,8,341,3
1512418182447182,1512418182447184,1024,128,8,512,2
1512418182451063,1512418182451065,1024,128,8,512,2
1512418182454960,1512418182454962,1024,128,8,512,2
1512418182458831,1512418182458833,1024,128,8,512,2
1512418182462736,1512418182462738,1024,128,8,512,2
1512418182466653,1512418182466656,1024,128,8,341,3
1512418182470544,1512418182470547,1024,128,8,341,3
1512418182474454,1512418182474456,1024,128,8,512,2
1512418182478336,1512418182478338,1024,128,8,512,2
1512418182482214,1512418182482216,1024,128,8,512,2
1512418182486093,1512418182486095,1024,128,8,512,2
1512418182489976,1512418182489978,1024,128,8,512,2
1512418182493842,1512418182493845,1024,128,8,341,3
1512418182497724,1512418182497727,1024,128,8,341,3
1512418182501606,1512418182501608,1024,128,8,512,2
1512418182505491,1512418182505493,1024,128,8,512,2
1512418182509386,1512418182509389,1024,128,8,341,3
1512418182513264,1512418182513266,1024,128,8,512,2
1512418182517144,1512418182517146,1024,128,8,512,2
1512418182521033,1512418182521035,1024,128,8,512,2
1512418182524924,1512418182524926,1024,128,8,512,2
1512418182528820,1512418182528822,1024,128,8,512,2
1512418182532708,1512418182532710,1024,128,8,512,2
1512418182536589,1512418182536591,1024,128,8,512,2
1512418182540471,1512418182540474,1024,128,8,341,3
1512418182544354,1512418182544357,1024,128,8,341,3
1512418182548247,1512418182548249,1024,128,8,512,2
1512418182552162,1512418182552164,1024,128,8,512,2
1512418182556037,1512418182556040,1024,128,8,341,3
1512418182559898,1512418182559900,1024,128,8,512,2
1512418182563817,1512418182563819,1024,128,8,512,2
1512418182567703,1512418182567705,1024,128,8,512,2
1512418182571582,1512418182571584,1024,128,8,512,2
1512418182575438,1512418182575440,1024,128,8,512,2
1512418182579316,1512418182579319,1024,128,8,341,3
1512418182583205,1512418182583208,1024,128,8,341,3
1512418182587093,1512418182587095,1024,128,8,512,2
1512418182590961,1512418182590964,1024,128,8,341,3
1512418182594839,1512418182594841,1024,128,8,512,2
1512418182598721,1512418182598723,1024,128,8,512,2
1512418182602596,1512418182602598,1024,128,8,512,2
1512418182606483,1512418182606485,1024,128,8,512,2
1512418182610346,1512418182610349,1024,128,8,341,3
1512418182614220,1512418182614222,1024,128,8,512,2
1512418182618102,1512418182618104,1024,128,8,512,2
1512418182621978,1512418182621980,1024,128,8,512,2
1512418182625898,1512418182625900,1024,128,8,512,2
1512418182629831,1512418182629834,1024,128,8,341,3
1512418182633742,1512418182633744,1024,128,8,512,2
1512418182637666,1512418182637669,1024,128,8,341,3
1512418182641559,1512418182641561,1024,128,8,512,2
1512418182645475,1512418182645477,1024,128,8,512,2
1512418182649363,1512418182649365,1024,128,8,512,2
1512418182653248,1512418182653250,1024,128,8,512,2
1512418182657134,1512418182657136,1024,128,8,512,2
1512418182661021,1512418182661023,1024,128,8,512,2
1512418182664914,1512418182664916,1024,128,8,512,2
1512418182668795,1512418182668798,1024,128,8,341,3
1512418182672662,1512418182672664,1024,128,8,512,2
1512418182676544,1512418182676546,1024,128,8,512,2
1512418182680431,1512418182680433,1024,128,8,512,2
1512418182684313,1512418182684316,1024,128,8,341,3
1512418182688199,1512418182688202,1024,128,8,341,3
1512418182692092,1512418182692094,1024,128,8,512,2
1512418182695976,1512418182695978,1024,128,8,512,2
1512418182699858,1512418182699861,1024,128,8,341,3
1512418182703748,1512418182703750,1024,128,8,512,2
1512418182707624,1512418182707626,1024,128,8,512,2
1512418182711521,1512418182711523,1024,128,8,512,2
1512418182715415,1512418182715417,1024,128,8,512,2
1512418182719294,1512418182719296,1024,128,8,512,2
1512418182723184,1512418182723186,1024,128,8,512,2
1512418182727072,1512418182727074,1024,128,8,512,2
1512418182730939,1512418182730941,1024,128,8,512,2
1512418182734821,1512418182734823,1024,128,8,512,2
1512418182738724,1512418182738726,1024,128,8,512,2
1512418182742627,1512418182742629,1024,128,8,512,2
1512418182746547,1512418182746549,1024,128,8,512,2
1512418182750433,1512418182750436,1024,128,8,341,3
1512418182754304,1512418182754307,1024,128,8,341,3
1512418182758228,1512418182758231,1024,128,8,341,3
1512418182762155,1512418182762157,1024,128,8,512,2
1512418182766051,1512418182766053,1024,128,8,512,2
1512418182769942,1512418182769944,1024,128,8,512,2
1512418182773845,1512418182773847,1024,128,8,512,2
1512418182777737,1512418182777739,1024,128,8,512,2
1512418182781619,1512418182781622,1024,128,8,341,3
1512418182785503,1512418182785505,1024,128,8,512,2
1512418182789385,1512418182789387,1024,128,8,512,2
1512418182793270,1512418182793273,1024,128,8,341,3
1512418182797136,1512418182797138,1024,128,8,512,2
1512418182801021,1512418182801023,1024,128,8,512,2
1512418182804918,1512418182804920,1024,128,8,512,2
1512418182808804,1512418182808807,1024,128,8,341,3
1512418182812695,1512418182812697,1024,128,8,512,2
1512418182816585,1512418182816587,1024,128,8,512,2
1512418182820488,1512418182820490,1024,128,8,512,2
1512418182824376,1512418182824378,1024,128,8,512,2
1512418182828267,1512418182828269,1024,128,8,512,2
1512418182832135,1512418182832137,1024,128,8,512,2
1512418182836016,1512418182836019,1024,128,8,341,3
1512418182839889,1512418182839891,1024,128,8,512,2
1512418182843755,1512418182843758,1024,128,8,341,3
1512418182847616,1512418182847619,1024,128,8,341,3
1512418182851472,1512418182851474,1024,128,8,512,2
1512418182855362,1512418182855364,1024,128,8,512,2
1512418182859240,1512418182859242,1024,128,8,512,2
1512418182863114,1512418182863116,1024,128,8,512,2
1512418182866971,1512418182866973,1024,128,8,512,2
1512418182870863,1512418182870865,1024,128,8,512,2
1512418182874756,1512418182874759,1024,128,8,341,3
1512418182878645,1512418182878648,1024,128,8,341,3
1512418182882544,1512418182882546,1024,128,8,512,2
1512418182886423,1512418182886425,1024,128,8,512,2
1512418182890307,1512418182890309,1024,128,8,512,2
1512418182894184,1512418182894187,1024,128,8,341,3
1512418182898051,1512418182898053,1024,128,8,512,2
1512418182901925,1512418182901927,1024,128,8,512,2
1512418182905811,1512418182905813,1024,128,8,512,2
1512418182909689,1512418182909691,1024,128,8,512,2
1512418182913562,1512418182913564,1024,128,8,512,2
1512418182917417,1512418182917419,1024,128,8,512,2
1512418182921285,1512418182921287,1024,128,8,512,2
1512418182925181,1512418182925184,1024,128,8,341,3
1512418182929078,1512418182929080,1024,128,8,512,2
1512418182932961,1512418182932963,1024,128,8,512,2
1512418182936869,1512418182936871,1024,128,8,512,2
1512418182940778,1512418182940780,1024,128,8,512,2
1512418182944656,1512418182944658,1024,128,8,512,2
1512418182948546,1512418182948549,1024,128,8,341,3
1512418182952443,1512418182952446,1024,128,8,341,3
1512418182956332,1512418182956334,1024,128,8,512,2
1512418182960222,1512418182960225,1024,128,8,341,3
1512418182964109,1512418182964111,1024,128,8,512,2
1512418182967982,1512418182967984,1024,128,8,512,2
1512418182971857,1512418182971860,1024,128,8,341,3
1512418182975719,1512418182975722,1024,128,8,341,3
1512418182979582,1512418182979584,1024,128,8,512,2
1512418182983452,1512418182983454,1024,128,8,512,2
1512418182987320,1512418182987322,1024,128,8,512,2
1512418182991201,1512418182991203,1024,128,8,512,2
1512418182995071,1512418182995074,1024,128,8,341,3
1512418182998956,1512418182998959,1024,128,8,341,3
1512418183002862,1512418183002864,1024,128,8,512,2
1512418183006726,1512418183006728,1024,128,8,512,2
1512418183010599,1512418183010601,1024,128,8,512,2
1512418183014485,1512418183014487,1024,128,8,512,2
1512418183018387,1512418183018390,1024,128,8,341,3
1512418183022284,1512418183022286,1024,128,8,512,2
1512418183026159,1512418183026161,1024,128,8,512,2
1512418183030053,1512418183030055,1024,128,8,512,2
1512418183033947,1512418183033949,1024,128,8,512,2
1512418183037843,1512418183037845,1024,128,8,512,2
1512418183041714,1512418183041716,1024,128,8,512,2
1512418183045586,1512418183045589,1024,128,8,341,3
1512418183049475,1512418183049477,1024,128,8,512,2
1512418183053357,1512418183053359,1024,128,8,512,2
1512418183057246,1512418183057248,1024,128,8,512,2
1512418183061133,1512418183061135,1024,128,8,512,2
1512418183065003,1512418183065005,1024,128,8,512,2
1512418183068882,1512418183068884,1024,128,8,512,2
1512418183072752,1512418183072754,1024,128,8,512,2
1512418183076607,1512418183076609,1024,128,8,512,2
1512418183080483,1512418183080485,1024,128,8,512,2
1512418183084374,1512418183084376,1024,128,8,512,2
1512418183088250,1512418183088253,1024,128,8,341,3
1512418183092138,1512418183092140,1024,128,8,512,2
1512418183096028,1512418183096030,1024,128,8,512,2
1512418183099905,1512418183099908,1024,128,8,341,3
1512418183103797,1512418183103799,1024,128,8,512,2
1512418183107690,1512418183107692,1024,128,8,512,2
1512418183111572,1512418183111575,1024,128,8,341,3
1512418183115443,1512418183115445,1024,128,8,512,2
1512418183119329,1512418183119331,1024,128,8,512,2
1512418183123205,1512418183123207,1024,128,8,512,2
1512418183127086,1512418183127089,1024,128,8,341,3
1512418183131011,1512418183131013,1024,128,8,512,2
1512418183134908,1512418183134910,1024,128,8,512,2
1512418183138784,1512418183138786,1024,128,8,512,2
1512418183142678,1512418183142680,1024,128,8,512,2
1512418183146568,1512418183146571,1024,128,8,341,3
1512418183150467,1512418183150469,1024,128,8,512,2
1512418183154355,1512418183154357,1024,128,8,512,2
1512418183158242,1512418183158244,1024,128,8,512,2
1512418183162113,1512418183162115,1024,128,8,512,2
1512418183165986,1512418183165988,1024,128,8,512,2
1512418183169862,1512418183169864,1024,128,8,512,2
1512418183173755,1512418183173758,1024,128,8,341,3
1512418183177611,1512418183177613,1024,128,8,512,2
1512418183181481,1512418183181484,1024,128,8,341,3
1512418183185342,1512418183185344,1024,128,8,512,2
1512418183189253,1512418183189255,1024,128,8,512,2
1512418183193134,1512418183193136,1024,128,8,512,2
1512418183197004,1512418183197006,1024,128,8,512,2
1512418183200882,1512418183200884,1024,128,8,512,2
1512418183204779,1512418183204781,1024,128,8,512,2
1512418183208638,1512418183208640,1024,128,8,512,2
1512418183212561,1512418183212564,1024,128,8,341,3
1512418183216459,1512418183216462,1024,128,8,341,3
1512418183220347,1512418183220349,1024,128,8,512,2
1512418183224232,1512418183224234,1024,128,8,512,2
1512418183228120,1512418183228122,1024,128,8,512,2
1512418183232003,1512418183232005,1024,128,8,512,2
1512418183235888,1512418183235890,1024,128,8,512,2
1512418183239792,1512418183239794,1024,128,8,512,2
1512418183243684,1512418183243687,1024,128,8,341,3
1512418183247585,1512418183247587,1024,128,8,512,2
1512418183251470,1512418183251472,1024,128,8,512,2
1512418183255364,1512418183255366,1024,128,8,512,2
1512418183259287,1512418183259289,1024,128,8,512,2
1512418183263177,1512418183263179,1024,128,8,512,2
1512418183267073,1512418183267075,1024,128,8,512,2
1512418183270956,1512418183270958,1024,128,8,512,2
1512418183274836,1512418183274838,1024,128,8,512,2
1512418183278721,1512418183278723,1024,128,8,512,2
1512418183282601,1512418183282603,1024,128,8,512,2
1512418183286520,1512418183286522,1024,128,8,512,2
1512418183290428,1512418183290430,1024,128,8,512,2
1512418183294312,1512418183294314,1024,128,8,512,2
1512418183298207,1512418183298210,1024,128,8,341,3
1512418183302070,1512418183302072,1024,128,8,512,2
1512418183305973,1512418183305975,1024,128,8,512,2
1512418183309845,1512418183309847,1024,128,8,512,2
1512418183313723,1512418183313725,1024,128,8,512,2
1512418183317588,1512418183317590,1024,128,8,512,2
1512418183321472,1512418183321474,1024,128,8,512,2
1512418183325377,1512418183325379,1024,128,8,512,2
1512418183329279,1512418183329281,1024,128,8,512,2
1512418183333169,1512418183333171,1024,128,8,512,2
1512418183337079,1512418183337081,1024,128,8,512,2
1512418183340975,1512418183340977,1024,128,8,512,2
1512418183344865,1512418183344867,1024,128,8,512,2
1512418183348762,1512418183348764,1024,128,8,512,2
1512418183352635,1512418183352638,1024,128,8,341,3
1512418183356514,1512418183356516,1024,128,8,512,2
1512418183360407,1512418183360409,1024,128,8,512,2
1512418183364279,1512418183364282,1024,128,8,341,3
1512418183368172,1512418183368174,1024,128,8,512,2
1512418183372060,1512418183372062,1024,128,8,512,2
1512418183375944,1512418183375946,1024,128,8,512,2
1512418183379823,1512418183379825,1024,128,8,512,2
1512418183383685,1512418183383687,1024,128,8,512,2
1512418183387574,1512418183387576,1024,128,8,512,2
1512418183391454,1512418183391456,1024,128,8,512,2
1512418183395329,1512418183395331,1024,128,8,512,2
1512418183399210,1512418183399212,1024,128,8,512,2
1512418183403111,1512418183403113,1024,128,8,512,2
1512418183407021,1512418183407023,1024,128,8,512,2
1512418183410907,1512418183410909,1024,128,8,512,2
1512418183414788,1512418183414790,1024,128,8,512,2
1512418183418678,1512418183418680,1024,128,8,512,2
1512418183422565,1512418183422567,1024,128,8,512,2
1512418183426438,1512418183426440,1024,128,8,512,2
1512418183430310,1512418183430313,1024,128,8,341,3
1512418183434181,1512418183434183,1024,128,8,512,2
1512418183438034,1512418183438036,1024,128,8,512,2
1512418183441896,1512418183441898,1024,128,8,512,2
1512418183445769,1512418183445771,1024,128,8,512,2
1512418183449640,1512418183449642,1024,128,8,512,2
1512418183453506,1512418183453508,1024,128,8,512,2
1512418183457382,1512418183457384,1024,128,8,512,2
1512418183461268,1512418183461270,1024,128,8,512,2
1512418183465145,1512418183465147,1024,128,8,512,2
1512418183469029,1512418183469031,1024,128,8,512,2
1512418183472915,1512418183472917,1024,128,8,512,2
1512418183476798,1512418183476800,1024,128,8,512,2
1512418183480700,1512418183480702,1024,128,8,512,2
1512418183484577,1512418183484580,1024,128,8,341,3
1512418183488474,1512418183488476,1024,128,8,512,2
1512418183492352,1512418183492354,1024,128,8,512,2
1512418183496253,1512418183496255,1024,128,8,512,2
1512418183500141,1512418183500144,1024,128,8,341,3
1512418183504049,1512418183504052,1024,128,8,341,3
1512418183507938,1512418183507940,1024,128,8,512,2
1512418183511817,1512418183511819,1024,128,8,512,2
1512418183515692,1512418183515694,1024,128,8,512,2
1512418183519577,1512418183519579,1024,128,8,512,2
1512418183523461,1512418183523463,1024,128,8,512,2
1512418183527334,1512418183527336,1024,128,8,512,2
1512418183531212,1512418183531214,1024,128,8,512,2
1512418183535100,1512418183535102,1024,128,8,512,2
1512418183538980,1512418183538983,1024,128,8,341,3
1512418183542872,1512418183542874,1024,128,8,512,2
1512418183546751,1512418183546753,1024,128,8,512,2
1512418183550645,1512418183550647,1024,128,8,512,2
1512418183554583,1512418183554585,1024,128,8,512,2
1512418183558497,1512418183558499,1024,128,8,512,2
1512418183562403,1512418183562405,1024,128,8,512,2
1512418183566274,1512418183566277,1024,128,8,341,3
1512418183570150,1512418183570152,1024,128,8,512,2
1512418183574014,1512418183574017,1024,128,8,341,3
1512418183577900,1512418183577902,1024,128,8,512,2
1512418183581766,1512418183581768,1024,128,8,512,2
1512418183585652,1512418183585654,1024,128,8,512,2
1512418183589574,1512418183589576,1024,128,8,512,2
1512418183593493,1512418183593495,1024,128,8,512,2
1512418183597389,1512418183597391,1024,128,8,512,2
1512418183601277,1512418183601280,1024,128,8,341,3
1512418183605175,1512418183605177,1024,128,8,512,2
1512418183609057,1512418183609059,1024,128,8,512,2
1512418183612934,1512418183612936,1024,128,8,512,2
1512418183616827,1512418183616830,1024,128,8,341,3
1512418183620729,1512418183620732,1024,128,8,341,3
1512418183624614,1512418183624616,1024,128,8,512,2
1512418183628520,1512418183628522,1024,128,8,512,2
1512418183632414,1512418183632417,1024,128,8,341,3
1512418183636296,1512418183636298,1024,128,8,512,2
1512418183640164,1512418183640166,1024,128,8,512,2
1512418183644042,1512418183644044,1024,128,8,512,2
1512418183647926,1512418183647928,1024,128,8,512,2
1512418183651814,1512418183651816,1024,128,8,512,2
1512418183655714,1512418183655716,1024,128,8,512,2
1512418183659589,1512418183659591,1024,128,8,512,2
1512418183663470,1512418183663472,1024,128,8,512,2
1512418183667347,1512418183667349,1024,128,8,512,2
1512418183671224,1512418183671226,1024,128,8,512,2
1512418183675111,1512418183675113,1024,128,8,512,2
1512418183678996,1512418183678998,1024,128,8,512,2
1512418183682880,1512418183682882,1024,128,8,512,2
1512418183686746,1512418183686749,1024,128,8,341,3
1512418183690612,1512418183690614,1024,128,8,512,2
1512418183694494,1512418183694496,1024,128,8,512,2
1512418183698359,1512418183698361,1024,128,8,512,2
1512418183702230,1512418183702232,1024,128,8,512,2
1512418183706109,1512418183706112,1024,128,8,341,3
1512418183709985,1512418183709987,1024,128,8,512,2
1512418183713862,1512418183713864,1024,128,8,512,2
1512418183717729,1512418183717732,1024,128,8,341,3
1512418183721611,1512418183721613,1024,128,8,512,2
1512418183725489,1512418183725492,1024,128,8,341,3
1512418183729369,1512418183729371,1024,128,8,512,2
1512418183733263,1512418183733266,1024,128,8,341,3
1512418183737146,1512418183737148,1024,128,8,512,2
1512418183741010,1512418183741012,1024,128,8,512,2
1512418183744904,1512418183744906,1024,128,8,512,2
1512418183748827,1512418183748829,1024,128,8,512,2
1512418183752725,1512418183752727,1024,128,8,512,2
1512418183756597,1512418183756599,1024,128,8,512,2
1512418183760508,1512418183760510,1024,128,8,512,2
1512418183764400,1512418183764402,1024,128,8,512,2
1512418183768282,1512418183768284,1024,128,8,512,2
1512418183772162,1512418183772164,1024,128,8,512,2
1512418183776054,1512418183776056,1024,128,8,512,2
1512418183779924,1512418183779926,1024,128,8,512,2
1512418183783803,1512418183783806,1024,128,8,341,3
1512418183787686,1512418183787688,1024,128,8,512,2
1512418183791568,1512418183791570,1024,128,8,512,2
1512418183795477,1512418183795479,1024,128,8,512,2
1512418183799366,1512418183799368,1024,128,8,512,2
1512418183803224,1512418183803226,1024,128,8,512,2
1512418183807098,1512418183807100,1024,128,8,512,2
1512418183810959,1512418183810961,1024,128,8,512,2
1512418183814829,1512418183814832,1024,128,8,341,3
1512418183818701,1512418183818704,1024,128,8,341,3
1512418183822576,1512418183822578,1024,128,8,512,2
1512418183826450,1512418183826453,1024,128,8,341,3
1512418183830318,1512418183830321,1024,128,8,341,3
1512418183834217,1512418183834219,1024,128,8,512,2
1512418183838117,1512418183838120,1024,128,8,341,3
1512418183841993,1512418183841995,1024,128,8,512,2
1512418183845860,1512418183845863,1024,128,8,341,3
1512418183849740,1512418183849742,1024,128,8,512,2
1512418183853622,1512418183853624,1024,128,8,512,2
1512418183857502,1512418183857504,1024,128,8,512,2
1512418183861401,1512418183861403,1024,128,8,512,2
1512418183865297,1512418183865299,1024,128,8,512,2
1512418183869183,1512418183869185,1024,128,8,512,2
1512418183873058,1512418183873060,1024,128,8,512,2
1512418183876956,1512418183876958,1024,128,8,512,2
1512418183880866,1512418183880868,1024,128,8,512,2
1512418183884777,1512418183884779,1024,128,8,512,2
1512418183888681,1512418183888683,1024,128,8,512,2
1512418183892555,1512418183892557,1024,128,8,512,2
1512418183896422,1512418183896424,1024,128,8,512,2
1512418183900311,1512418183900313,1024,128,8,512,2
1512418183904186,1512418183904189,1024,128,8,341,3
1512418183908085,1512418183908088,1024,128,8,341,3
1512418183911997,1512418183911999,1024,128,8,512,2
1512418183915878,1512418183915880,1024,128,8,512,2
1512418183919753,1512418183919755,1024,128,8,512,2
1512418183923605,1512418183923607,1024,128,8,512,2
1512418183927485,1512418183927487,1024,128,8,512,2
1512418183931379,1512418183931381,1024,128,8,512,2
1512418183935269,1512418183935272,1024,128,8,341,3
1512418183939132,1512418183939135,1024,128,8,341,3
1512418183942998,1512418183943000,1024,128,8,512,2
1512418183946855,1512418183946857,1024,128,8,512,2
1512418183950722,1512418183950724,1024,128,8,512,2
1512418183954595,1512418183954597,1024,128,8,512,2
1512418183958483,1512418183958485,1024,128,8,512,2
1512418183962353,1512418183962356,1024,128,8,341,3
1512418183966230,1512418183966232,1024,128,8,512,2
1512418183970107,1512418183970109,1024,128,8,512,2
1512418183973992,1512418183973994,1024,128,8,512,2
1512418183977873,1512418183977875,1024,128,8,512,2
1512418183981761,1512418183981763,1024,128,8,512,2
1512418183985631,1512418183985634,1024,128,8,341,3
1512418183989510,1512418183989513,1024,128,8,341,3
1512418183993397,1512418183993399,1024,128,8,512,2
1512418183997278,1512418183997280,1024,128,8,512,2
1512418184001148,1512418184001150,1024,128,8,512,2
1512418184005011,1512418184005013,1024,128,8,512,2
1512418184008880,1512418184008882,1024,128,8,512,2
1512418184012758,1512418184012761,1024,128,8,341,3
1512418184016636,1512418184016638,1024,128,8,512,2
1512418184020508,1512418184020510,1024,128,8,512,2
1512418184024376,1512418184024379,1024,128,8,341,3
1512418184028261,1512418184028263,1024,128,8,512,2
1512418184032154,1512418184032156,1024,128,8,512,2
1512418184036026,1512418184036028,1024,128,8,512,2
1512418184039902,1512418184039905,1024,128,8,341,3
1512418184043775,1512418184043777,1024,128,8,512,2
1512418184047656,1512418184047658,1024,128,8,512,2
1512418184051539,1512418184051541,1024,128,8,512,2
1512418184055433,1512418184055435,1024,128,8,512,2
1512418184059316,1512418184059318,1024,128,8,512,2
1512418184063214,1512418184063216,1024,128,8,512,2
1512418184067099,1512418184067101,1024,128,8,512,2
1512418184070982,1512418184070985,1024,128,8,341,3
1512418184074853,1512418184074856,1024,128,8,341,3
1512418184078726,1512418184078729,1024,128,8,341,3
1512418184082593,1512418184082595,1024,128,8,512,2
1512418184086460,1512418184086462,1024,128,8,512,2
1512418184090359,1512418184090361,1024,128,8,512,2
1512418184094218,1512418184094220,1024,128,8,512,2
1512418184098088,1512418184098090,1024,128,8,512,2
1512418184101966,1512418184101968,1024,128,8,512,2
1512418184105858,1512418184105861,1024,128,8,341,3
1512418184109740,1512418184109742,1024,128,8,512,2
1512418184113635,1512418184113637,1024,128,8,512,2
1512418184117513,1512418184117515,1024,128,8,512,2
1512418184121401,1512418184121403,1024,128,8,512,2
1512418184125285,1512418184125288,1024,128,8,341,3
1512418184129176,1512418184129178,1024,128,8,512,2
1512418184133050,1512418184133052,1024,128,8,512,2
1512418184136955,1512418184136958,1024,128,8,341,3
1512418184140828,1512418184140830,1024,128,8,512,2
1512418184144708,1512418184144711,1024,128,8,341,3
1512418184148581,1512418184148583,1024,128,8,512,2
1512418184152449,1512418184152451,1024,128,8,512,2
