1512757430415737,1512757430415739,1024,128,8,512,2
1512757430421267,1512757430421268,1024,128,8,1024,1
1512757430426714,1512757430426715,1024,128,8,1024,1
1512757430432091,1512757430432092,1024,128,8,1024,1
1512757430437126,1512757430437128,1024,128,8,512,2
1512757430441820,1512757430441822,1024,128,8,512,2
1512757430446203,1512757430446204,1024,128,8,1024,1
1512757430450393,1512757430450394,1024,128,8,1024,1
1512757430454412,1512757430454413,1024,128,8,1024,1
1512757430458373,1512757430458374,1024,128,8,1024,1
1512757430462337,1512757430462339,1024,128,8,512,2
1512757430466303,1512757430466304,1024,128,8,1024,1
1512757430470271,1512757430470272,1024,128,8,1024,1
1512757430474225,1512757430474227,1024,128,8,512,2
1512757430478180,1512757430478182,1024,128,8,512,2
1512757430482149,1512757430482150,1024,128,8,1024,1
1512757430486118,1512757430486120,1024,128,8,512,2
1512757430490077,1512757430490078,1024,128,8,1024,1
1512757430494042,1512757430494043,1024,128,8,1024,1
1512757430497971,1512757430497972,1024,128,8,1024,1
1512757430501847,1512757430501849,1024,128,8,512,2
1512757430505727,1512757430505728,1024,128,8,1024,1
1512757430509601,1512757430509602,1024,128,8,1024,1
1512757430513492,1512757430513493,1024,128,8,1024,1
1512757430517379,1512757430517381,1024,128,8,512,2
1512757430521271,1512757430521272,1024,128,8,1024,1
1512757430525159,1512757430525161,1024,128,8,512,2
1512757430529044,1512757430529045,1024,128,8,1024,1
1512757430532923,1512757430532924,1024,128,8,1024,1
1512757430536794,1512757430536795,1024,128,8,1024,1
1512757430540687,1512757430540688,1024,128,8,1024,1
1512757430544551,1512757430544552,1024,128,8,1024,1
1512757430548423,1512757430548425,1024,128,8,512,2
1512757430552266,1512757430552267,1024,128,8,1024,1
1512757430556112,1512757430556113,1024,128,8,1024,1
1512757430559974,1512757430559975,1024,128,8,1024,1
1512757430563809,1512757430563810,1024,128,8,1024,1
1512757430567652,1512757430567653,1024,128,8,1024,1
1512757430571508,1512757430571509,1024,128,8,1024,1
1512757430575392,1512757430575393,1024,128,8,1024,1
1512757430579269,1512757430579270,1024,128,8,1024,1
1512757430583146,1512757430583147,1024,128,8,1024,1
1512757430587022,1512757430587023,1024,128,8,1024,1
1512757430590873,1512757430590874,1024,128,8,1024,1
1512757430594738,1512757430594739,1024,128,8,1024,1
1512757430598615,1512757430598616,1024,128,8,1024,1
1512757430602482,1512757430602483,1024,128,8,1024,1
1512757430606338,1512757430606339,1024,128,8,1024,1
1512757430610187,1512757430610188,1024,128,8,1024,1
1512757430614030,1512757430614031,1024,128,8,1024,1
1512757430617884,1512757430617885,1024,128,8,1024,1
1512757430621739,1512757430621740,1024,128,8,1024,1
1512757430625602,1512757430625603,1024,128,8,1024,1
1512757430629471,1512757430629472,1024,128,8,1024,1
1512757430633333,1512757430633334,1024,128,8,1024,1
1512757430637201,1512757430637202,1024,128,8,1024,1
1512757430641056,1512757430641057,1024,128,8,1024,1
1512757430644943,1512757430644944,1024,128,8,1024,1
1512757430648812,1512757430648813,1024,128,8,1024,1
1512757430652662,1512757430652663,1024,128,8,1024,1
1512757430656529,1512757430656530,1024,128,8,1024,1
1512757430660390,1512757430660391,1024,128,8,1024,1
1512757430664257,1512757430664258,1024,128,8,1024,1
1512757430668109,1512757430668111,1024,128,8,512,2
1512757430671974,1512757430671975,1024,128,8,1024,1
1512757430675837,1512757430675838,1024,128,8,1024,1
1512757430679694,1512757430679696,1024,128,8,512,2
1512757430683590,1512757430683591,1024,128,8,1024,1
1512757430687455,1512757430687456,1024,128,8,1024,1
1512757430691297,1512757430691298,1024,128,8,1024,1
1512757430695163,1512757430695164,1024,128,8,1024,1
1512757430699011,1512757430699012,1024,128,8,1024,1
1512757430702872,1512757430702873,1024,128,8,1024,1
1512757430706729,1512757430706730,1024,128,8,1024,1
1512757430710581,1512757430710582,1024,128,8,1024,1
1512757430714438,1512757430714439,1024,128,8,1024,1
1512757430718284,1512757430718285,1024,128,8,1024,1
1512757430722137,1512757430722138,1024,128,8,1024,1
1512757430725988,1512757430725989,1024,128,8,1024,1
1512757430729843,1512757430729844,1024,128,8,1024,1
1512757430733720,1512757430733721,1024,128,8,1024,1
1512757430737567,1512757430737568,1024,128,8,1024,1
1512757430741420,1512757430741421,1024,128,8,1024,1
1512757430745269,1512757430745270,1024,128,8,1024,1
1512757430749114,1512757430749115,1024,128,8,1024,1
1512757430752975,1512757430752976,1024,128,8,1024,1
1512757430756828,1512757430756829,1024,128,8,1024,1
1512757430760672,1512757430760673,1024,128,8,1024,1
1512757430764513,1512757430764514,1024,128,8,1024,1
1512757430768357,1512757430768358,1024,128,8,1024,1
1512757430772207,1512757430772208,1024,128,8,1024,1
1512757430776081,1512757430776082,1024,128,8,1024,1
1512757430779954,1512757430779955,1024,128,8,1024,1
1512757430783797,1512757430783799,1024,128,8,512,2
1512757430787645,1512757430787646,1024,128,8,1024,1
1512757430791503,1512757430791505,1024,128,8,512,2
1512757430795352,1512757430795353,1024,128,8,1024,1
1512757430799193,1512757430799194,1024,128,8,1024,1
1512757430803043,1512757430803044,1024,128,8,1024,1
1512757430806878,1512757430806879,1024,128,8,1024,1
1512757430810723,1512757430810725,1024,128,8,512,2
1512757430814603,1512757430814604,1024,128,8,1024,1
1512757430818466,1512757430818467,1024,128,8,1024,1
1512757430822308,1512757430822309,1024,128,8,1024,1
1512757430826157,1512757430826158,1024,128,8,1024,1
1512757430830034,1512757430830035,1024,128,8,1024,1
1512757430833883,1512757430833884,1024,128,8,1024,1
1512757430837750,1512757430837752,1024,128,8,512,2
1512757430841629,1512757430841630,1024,128,8,1024,1
1512757430845516,1512757430845517,1024,128,8,1024,1
1512757430849395,1512757430849396,1024,128,8,1024,1
1512757430853263,1512757430853264,1024,128,8,1024,1
1512757430857136,1512757430857137,1024,128,8,1024,1
1512757430861017,1512757430861018,1024,128,8,1024,1
1512757430864908,1512757430864909,1024,128,8,1024,1
1512757430868783,1512757430868784,1024,128,8,1024,1
1512757430872643,1512757430872644,1024,128,8,1024,1
1512757430876513,1512757430876515,1024,128,8,512,2
1512757430880398,1512757430880399,1024,128,8,1024,1
1512757430884272,1512757430884274,1024,128,8,512,2
1512757430888133,1512757430888134,1024,128,8,1024,1
1512757430891995,1512757430891996,1024,128,8,1024,1
1512757430895856,1512757430895857,1024,128,8,1024,1
1512757430899698,1512757430899700,1024,128,8,512,2
1512757430903557,1512757430903559,1024,128,8,512,2
1512757430907421,1512757430907422,1024,128,8,1024,1
1512757430911289,1512757430911290,1024,128,8,1024,1
1512757430915171,1512757430915172,1024,128,8,1024,1
1512757430919088,1512757430919089,1024,128,8,1024,1
1512757430923010,1512757430923011,1024,128,8,1024,1
1512757430926887,1512757430926888,1024,128,8,1024,1
1512757430930749,1512757430930750,1024,128,8,1024,1
1512757430934627,1512757430934628,1024,128,8,1024,1
1512757430938498,1512757430938500,1024,128,8,512,2
1512757430942344,1512757430942345,1024,128,8,1024,1
1512757430946213,1512757430946215,1024,128,8,512,2
1512757430950074,1512757430950075,1024,128,8,1024,1
1512757430953922,1512757430953923,1024,128,8,1024,1
1512757430957766,1512757430957767,1024,128,8,1024,1
1512757430961614,1512757430961615,1024,128,8,1024,1
1512757430965485,1512757430965487,1024,128,8,512,2
1512757430969355,1512757430969356,1024,128,8,1024,1
1512757430973236,1512757430973237,1024,128,8,1024,1
1512757430977123,1512757430977124,1024,128,8,1024,1
1512757430980998,1512757430981000,1024,128,8,512,2
1512757430984874,1512757430984875,1024,128,8,1024,1
1512757430988762,1512757430988763,1024,128,8,1024,1
1512757430992622,1512757430992623,1024,128,8,1024,1
1512757430996506,1512757430996507,1024,128,8,1024,1
1512757431000382,1512757431000383,1024,128,8,1024,1
1512757431004237,1512757431004238,1024,128,8,1024,1
1512757431008096,1512757431008097,1024,128,8,1024,1
1512757431011947,1512757431011948,1024,128,8,1024,1
1512757431015787,1512757431015788,1024,128,8,1024,1
1512757431019621,1512757431019622,1024,128,8,1024,1
1512757431023450,1512757431023451,1024,128,8,1024,1
1512757431027299,1512757431027300,1024,128,8,1024,1
1512757431031170,1512757431031171,1024,128,8,1024,1
1512757431035040,1512757431035041,1024,128,8,1024,1
1512757431038898,1512757431038899,1024,128,8,1024,1
1512757431042786,1512757431042788,1024,128,8,512,2
1512757431046638,1512757431046639,1024,128,8,1024,1
1512757431050496,1512757431050497,1024,128,8,1024,1
1512757431054359,1512757431054360,1024,128,8,1024,1
1512757431058217,1512757431058218,1024,128,8,1024,1
1512757431062078,1512757431062079,1024,128,8,1024,1
1512757431065928,1512757431065929,1024,128,8,1024,1
1512757431069822,1512757431069823,1024,128,8,1024,1
1512757431073715,1512757431073717,1024,128,8,512,2
1512757431077567,1512757431077568,1024,128,8,1024,1
1512757431081415,1512757431081416,1024,128,8,1024,1
1512757431085279,1512757431085280,1024,128,8,1024,1
1512757431089153,1512757431089154,1024,128,8,1024,1
1512757431093018,1512757431093019,1024,128,8,1024,1
1512757431096881,1512757431096882,1024,128,8,1024,1
1512757431100724,1512757431100725,1024,128,8,1024,1
1512757431104600,1512757431104601,1024,128,8,1024,1
1512757431108472,1512757431108473,1024,128,8,1024,1
1512757431112330,1512757431112331,1024,128,8,1024,1
1512757431116178,1512757431116179,1024,128,8,1024,1
1512757431120036,1512757431120037,1024,128,8,1024,1
1512757431123880,1512757431123881,1024,128,8,1024,1
1512757431127733,1512757431127734,1024,128,8,1024,1
1512757431131612,1512757431131614,1024,128,8,512,2
1512757431135450,1512757431135451,1024,128,8,1024,1
1512757431139314,1512757431139315,1024,128,8,1024,1
1512757431143185,1512757431143186,1024,128,8,1024,1
1512757431147026,1512757431147027,1024,128,8,1024,1
1512757431150862,1512757431150863,1024,128,8,1024,1
1512757431154718,1512757431154719,1024,128,8,1024,1
1512757431158586,1512757431158588,1024,128,8,512,2
1512757431162450,1512757431162451,1024,128,8,1024,1
1512757431166307,1512757431166308,1024,128,8,1024,1
1512757431170151,1512757431170153,1024,128,8,512,2
1512757431173992,1512757431173993,1024,128,8,1024,1
1512757431177856,1512757431177857,1024,128,8,1024,1
1512757431181685,1512757431181686,1024,128,8,1024,1
1512757431185530,1512757431185531,1024,128,8,1024,1
1512757431189382,1512757431189383,1024,128,8,1024,1
1512757431193230,1512757431193231,1024,128,8,1024,1
1512757431197083,1512757431197084,1024,128,8,1024,1
1512757431200950,1512757431200951,1024,128,8,1024,1
1512757431204809,1512757431204810,1024,128,8,1024,1
1512757431208662,1512757431208663,1024,128,8,1024,1
1512757431212521,1512757431212522,1024,128,8,1024,1
1512757431216376,1512757431216378,1024,128,8,512,2
1512757431220244,1512757431220245,1024,128,8,1024,1
1512757431224098,1512757431224099,1024,128,8,1024,1
1512757431227957,1512757431227958,1024,128,8,1024,1
1512757431231809,1512757431231810,1024,128,8,1024,1
1512757431235657,1512757431235659,1024,128,8,512,2
1512757431239507,1512757431239508,1024,128,8,1024,1
1512757431243363,1512757431243364,1024,128,8,1024,1
1512757431247207,1512757431247209,1024,128,8,512,2
1512757431251069,1512757431251071,1024,128,8,512,2
1512757431254910,1512757431254912,1024,128,8,512,2
1512757431258755,1512757431258757,1024,128,8,512,2
1512757431262601,1512757431262602,1024,128,8,1024,1
1512757431266468,1512757431266469,1024,128,8,1024,1
1512757431270331,1512757431270332,1024,128,8,1024,1
1512757431274176,1512757431274177,1024,128,8,1024,1
1512757431278035,1512757431278036,1024,128,8,1024,1
1512757431281905,1512757431281906,1024,128,8,1024,1
1512757431285778,1512757431285779,1024,128,8,1024,1
1512757431289639,1512757431289640,1024,128,8,1024,1
1512757431293497,1512757431293498,1024,128,8,1024,1
1512757431297350,1512757431297351,1024,128,8,1024,1
1512757431301214,1512757431301215,1024,128,8,1024,1
1512757431305092,1512757431305093,1024,128,8,1024,1
1512757431308965,1512757431308966,1024,128,8,1024,1
1512757431312825,1512757431312826,1024,128,8,1024,1
1512757431316741,1512757431316742,1024,128,8,1024,1
1512757431320613,1512757431320614,1024,128,8,1024,1
1512757431324479,1512757431324480,1024,128,8,1024,1
1512757431328340,1512757431328341,1024,128,8,1024,1
1512757431332186,1512757431332187,1024,128,8,1024,1
1512757431336032,1512757431336033,1024,128,8,1024,1
1512757431339888,1512757431339889,1024,128,8,1024,1
1512757431343740,1512757431343741,1024,128,8,1024,1
1512757431347598,1512757431347599,1024,128,8,1024,1
1512757431351448,1512757431351449,1024,128,8,1024,1
1512757431355291,1512757431355293,1024,128,8,512,2
1512757431359165,1512757431359166,1024,128,8,1024,1
1512757431363042,1512757431363043,1024,128,8,1024,1
1512757431366884,1512757431366885,1024,128,8,1024,1
1512757431370725,1512757431370726,1024,128,8,1024,1
1512757431374596,1512757431374597,1024,128,8,1024,1
1512757431378458,1512757431378459,1024,128,8,1024,1
1512757431382301,1512757431382302,1024,128,8,1024,1
1512757431386149,1512757431386150,1024,128,8,1024,1
1512757431390009,1512757431390010,1024,128,8,1024,1
1512757431393841,1512757431393842,1024,128,8,1024,1
1512757431397698,1512757431397699,1024,128,8,1024,1
1512757431401530,1512757431401531,1024,128,8,1024,1
1512757431405373,1512757431405374,1024,128,8,1024,1
1512757431409219,1512757431409220,1024,128,8,1024,1
1512757431413064,1512757431413065,1024,128,8,1024,1
1512757431416915,1512757431416916,1024,128,8,1024,1
1512757431420757,1512757431420758,1024,128,8,1024,1
1512757431424581,1512757431424582,1024,128,8,1024,1
1512757431428414,1512757431428415,1024,128,8,1024,1
1512757431432282,1512757431432283,1024,128,8,1024,1
1512757431436145,1512757431436147,1024,128,8,512,2
1512757431439997,1512757431439999,1024,128,8,512,2
1512757431443859,1512757431443861,1024,128,8,512,2
1512757431447722,1512757431447723,1024,128,8,1024,1
1512757431451585,1512757431451586,1024,128,8,1024,1
1512757431455447,1512757431455448,1024,128,8,1024,1
1512757431459313,1512757431459314,1024,128,8,1024,1
1512757431463161,1512757431463162,1024,128,8,1024,1
1512757431467009,1512757431467010,1024,128,8,1024,1
1512757431470859,1512757431470860,1024,128,8,1024,1
1512757431474733,1512757431474735,1024,128,8,512,2
1512757431478602,1512757431478603,1024,128,8,1024,1
1512757431482446,1512757431482448,1024,128,8,512,2
1512757431486293,1512757431486294,1024,128,8,1024,1
1512757431490150,1512757431490152,1024,128,8,512,2
1512757431494008,1512757431494009,1024,128,8,1024,1
1512757431497857,1512757431497858,1024,128,8,1024,1
1512757431501711,1512757431501712,1024,128,8,1024,1
1512757431505572,1512757431505573,1024,128,8,1024,1
1512757431509445,1512757431509446,1024,128,8,1024,1
1512757431513317,1512757431513318,1024,128,8,1024,1
1512757431517177,1512757431517178,1024,128,8,1024,1
1512757431521024,1512757431521026,1024,128,8,512,2
1512757431524888,1512757431524889,1024,128,8,1024,1
1512757431528776,1512757431528777,1024,128,8,1024,1
1512757431532647,1512757431532648,1024,128,8,1024,1
1512757431536512,1512757431536514,1024,128,8,512,2
1512757431540357,1512757431540358,1024,128,8,1024,1
1512757431544207,1512757431544208,1024,128,8,1024,1
1512757431548075,1512757431548076,1024,128,8,1024,1
1512757431551948,1512757431551949,1024,128,8,1024,1
1512757431555796,1512757431555797,1024,128,8,1024,1
1512757431559669,1512757431559670,1024,128,8,1024,1
1512757431563528,1512757431563529,1024,128,8,1024,1
1512757431567401,1512757431567402,1024,128,8,1024,1
1512757431571273,1512757431571274,1024,128,8,1024,1
1512757431575118,1512757431575120,1024,128,8,512,2
1512757431578974,1512757431578976,1024,128,8,512,2
1512757431582856,1512757431582857,1024,128,8,1024,1
1512757431586724,1512757431586725,1024,128,8,1024,1
1512757431590589,1512757431590590,1024,128,8,1024,1
1512757431594456,1512757431594458,1024,128,8,512,2
1512757431598322,1512757431598323,1024,128,8,1024,1
1512757431602192,1512757431602193,1024,128,8,1024,1
1512757431606051,1512757431606052,1024,128,8,1024,1
1512757431609944,1512757431609945,1024,128,8,1024,1
1512757431613837,1512757431613838,1024,128,8,1024,1
1512757431617713,1512757431617714,1024,128,8,1024,1
1512757431621576,1512757431621577,1024,128,8,1024,1
1512757431625433,1512757431625434,1024,128,8,1024,1
1512757431629279,1512757431629280,1024,128,8,1024,1
1512757431633096,1512757431633097,1024,128,8,1024,1
1512757431636931,1512757431636932,1024,128,8,1024,1
1512757431640797,1512757431640798,1024,128,8,1024,1
1512757431644660,1512757431644662,1024,128,8,512,2
1512757431648508,1512757431648509,1024,128,8,1024,1
1512757431652385,1512757431652386,1024,128,8,1024,1
1512757431656257,1512757431656258,1024,128,8,1024,1
1512757431660113,1512757431660114,1024,128,8,1024,1
1512757431663965,1512757431663966,1024,128,8,1024,1
1512757431667825,1512757431667826,1024,128,8,1024,1
1512757431671683,1512757431671684,1024,128,8,1024,1
1512757431675542,1512757431675543,1024,128,8,1024,1
1512757431679397,1512757431679399,1024,128,8,512,2
1512757431683271,1512757431683272,1024,128,8,1024,1
1512757431687163,1512757431687165,1024,128,8,512,2
1512757431691025,1512757431691026,1024,128,8,1024,1
1512757431694887,1512757431694889,1024,128,8,512,2
1512757431698785,1512757431698786,1024,128,8,1024,1
1512757431702646,1512757431702647,1024,128,8,1024,1
1512757431706537,1512757431706539,1024,128,8,512,2
1512757431710415,1512757431710416,1024,128,8,1024,1
1512757431714308,1512757431714309,1024,128,8,1024,1
1512757431718175,1512757431718176,1024,128,8,1024,1
1512757431722035,1512757431722036,1024,128,8,1024,1
1512757431725887,1512757431725888,1024,128,8,1024,1
1512757431729736,1512757431729737,1024,128,8,1024,1
1512757431733601,1512757431733603,1024,128,8,512,2
1512757431737452,1512757431737453,1024,128,8,1024,1
1512757431741308,1512757431741309,1024,128,8,1024,1
1512757431745182,1512757431745183,1024,128,8,1024,1
1512757431749052,1512757431749053,1024,128,8,1024,1
1512757431752909,1512757431752911,1024,128,8,512,2
1512757431756764,1512757431756765,1024,128,8,1024,1
1512757431760643,1512757431760644,1024,128,8,1024,1
1512757431764497,1512757431764498,1024,128,8,1024,1
1512757431768344,1512757431768345,1024,128,8,1024,1
1512757431772211,1512757431772213,1024,128,8,512,2
1512757431776072,1512757431776073,1024,128,8,1024,1
1512757431779941,1512757431779942,1024,128,8,1024,1
1512757431783795,1512757431783796,1024,128,8,1024,1
1512757431787646,1512757431787648,1024,128,8,512,2
1512757431791489,1512757431791490,1024,128,8,1024,1
1512757431795331,1512757431795332,1024,128,8,1024,1
1512757431799165,1512757431799166,1024,128,8,1024,1
1512757431803017,1512757431803019,1024,128,8,512,2
1512757431806887,1512757431806888,1024,128,8,1024,1
1512757431810772,1512757431810773,1024,128,8,1024,1
1512757431814648,1512757431814649,1024,128,8,1024,1
1512757431818511,1512757431818512,1024,128,8,1024,1
1512757431822356,1512757431822357,1024,128,8,1024,1
1512757431826198,1512757431826199,1024,128,8,1024,1
1512757431830046,1512757431830047,1024,128,8,1024,1
1512757431833913,1512757431833914,1024,128,8,1024,1
1512757431837775,1512757431837777,1024,128,8,512,2
1512757431841624,1512757431841625,1024,128,8,1024,1
1512757431845485,1512757431845486,1024,128,8,1024,1
1512757431849347,1512757431849348,1024,128,8,1024,1
1512757431853186,1512757431853187,1024,128,8,1024,1
1512757431857052,1512757431857053,1024,128,8,1024,1
1512757431860902,1512757431860903,1024,128,8,1024,1
1512757431864756,1512757431864757,1024,128,8,1024,1
1512757431868614,1512757431868615,1024,128,8,1024,1
1512757431872483,1512757431872484,1024,128,8,1024,1
1512757431876335,1512757431876336,1024,128,8,1024,1
1512757431880190,1512757431880191,1024,128,8,1024,1
1512757431884035,1512757431884036,1024,128,8,1024,1
1512757431887906,1512757431887907,1024,128,8,1024,1
1512757431891762,1512757431891763,1024,128,8,1024,1
1512757431895657,1512757431895659,1024,128,8,512,2
1512757431899512,1512757431899513,1024,128,8,1024,1
1512757431903350,1512757431903351,1024,128,8,1024,1
1512757431907197,1512757431907198,1024,128,8,1024,1
1512757431911021,1512757431911022,1024,128,8,1024,1
1512757431914838,1512757431914839,1024,128,8,1024,1
1512757431918686,1512757431918687,1024,128,8,1024,1
1512757431922506,1512757431922507,1024,128,8,1024,1
1512757431926343,1512757431926344,1024,128,8,1024,1
1512757431930172,1512757431930173,1024,128,8,1024,1
1512757431934022,1512757431934023,1024,128,8,1024,1
1512757431937871,1512757431937872,1024,128,8,1024,1
1512757431941718,1512757431941719,1024,128,8,1024,1
1512757431945558,1512757431945559,1024,128,8,1024,1
1512757431949406,1512757431949407,1024,128,8,1024,1
1512757431953250,1512757431953251,1024,128,8,1024,1
1512757431957087,1512757431957088,1024,128,8,1024,1
1512757431960933,1512757431960934,1024,128,8,1024,1
1512757431964803,1512757431964804,1024,128,8,1024,1
1512757431968681,1512757431968682,1024,128,8,1024,1
1512757431972555,1512757431972556,1024,128,8,1024,1
1512757431976405,1512757431976406,1024,128,8,1024,1
1512757431980270,1512757431980271,1024,128,8,1024,1
1512757431984132,1512757431984133,1024,128,8,1024,1
1512757431987980,1512757431987981,1024,128,8,1024,1
1512757431991839,1512757431991840,1024,128,8,1024,1
1512757431995690,1512757431995692,1024,128,8,512,2
1512757431999544,1512757431999545,1024,128,8,1024,1
1512757432003404,1512757432003405,1024,128,8,1024,1
1512757432007276,1512757432007277,1024,128,8,1024,1
1512757432011155,1512757432011156,1024,128,8,1024,1
1512757432015032,1512757432015033,1024,128,8,1024,1
1512757432018901,1512757432018902,1024,128,8,1024,1
1512757432022771,1512757432022772,1024,128,8,1024,1
1512757432026630,1512757432026631,1024,128,8,1024,1
1512757432030490,1512757432030491,1024,128,8,1024,1
1512757432034333,1512757432034335,1024,128,8,512,2
1512757432038168,1512757432038169,1024,128,8,1024,1
1512757432042025,1512757432042026,1024,128,8,1024,1
1512757432045869,1512757432045870,1024,128,8,1024,1
1512757432049716,1512757432049718,1024,128,8,512,2
1512757432053582,1512757432053583,1024,128,8,1024,1
