1512528950990775,1512528950994543,20971520,2621440,8,5565,3768
1512528951150869,1512528951154667,20971520,2621440,8,5521,3798
1512528951306840,1512528951310512,20971520,2621440,8,5711,3672
1512528951462696,1512528951466478,20971520,2621440,8,5545,3782
1512528951618575,1512528951622365,20971520,2621440,8,5533,3790
1512528951773945,1512528951777675,20971520,2621440,8,5622,3730
1512528951929295,1512528951932967,20971520,2621440,8,5711,3672
1512528952084859,1512528952088592,20971520,2621440,8,5617,3733
1512528952240039,1512528952243753,20971520,2621440,8,5646,3714
1512528952395402,1512528952399205,20971520,2621440,8,5514,3803
1512528952550701,1512528952554386,20971520,2621440,8,5691,3685
1512528952705831,1512528952709536,20971520,2621440,8,5660,3705
1512528952860522,1512528952864297,20971520,2621440,8,5555,3775
1512528953015572,1512528953019338,20971520,2621440,8,5568,3766
1512528953170649,1512528953174314,20971520,2621440,8,5722,3665
1512528953325227,1512528953328953,20971520,2621440,8,5628,3726
1512528953480167,1512528953483852,20971520,2621440,8,5691,3685
1512528953634858,1512528953638546,20971520,2621440,8,5686,3688
1512528953789518,1512528953793225,20971520,2621440,8,5657,3707
1512528953944311,1512528953948072,20971520,2621440,8,5576,3761
1512528954099147,1512528954102930,20971520,2621440,8,5543,3783
1512528954254132,1512528954257695,20971520,2621440,8,5885,3563
1512528954408722,1512528954412456,20971520,2621440,8,5616,3734
1512528954563640,1512528954567309,20971520,2621440,8,5715,3669
1512528954718403,1512528954722176,20971520,2621440,8,5558,3773
1512528954873212,1512528954876876,20971520,2621440,8,5723,3664
1512528955027971,1512528955031591,20971520,2621440,8,5793,3620
1512528955182333,1512528955186058,20971520,2621440,8,5629,3725
1512528955337240,1512528955341001,20971520,2621440,8,5576,3761
1512528955492097,1512528955495703,20971520,2621440,8,5815,3606
1512528955646972,1512528955650735,20971520,2621440,8,5573,3763
1512528955802037,1512528955805682,20971520,2621440,8,5753,3645
1512528955956699,1512528955960399,20971520,2621440,8,5667,3700
1512528956111302,1512528956115030,20971520,2621440,8,5625,3728
1512528956266083,1512528956269744,20971520,2621440,8,5728,3661
1512528956420560,1512528956424252,20971520,2621440,8,5680,3692
1512528956575356,1512528956579124,20971520,2621440,8,5565,3768
1512528956730150,1512528956733923,20971520,2621440,8,5558,3773
1512528956884924,1512528956888630,20971520,2621440,8,5658,3706
1512528957039492,1512528957043082,20971520,2621440,8,5841,3590
1512528957193882,1512528957197472,20971520,2621440,8,5841,3590
1512528957348417,1512528957352137,20971520,2621440,8,5637,3720
1512528957503335,1512528957506987,20971520,2621440,8,5742,3652
1512528957657875,1512528957661603,20971520,2621440,8,5625,3728
1512528957812699,1512528957816400,20971520,2621440,8,5666,3701
1512528957967376,1512528957971123,20971520,2621440,8,5596,3747
1512528958122074,1512528958125777,20971520,2621440,8,5663,3703
1512528958276929,1512528958280690,20971520,2621440,8,5576,3761
1512528958431696,1512528958435343,20971520,2621440,8,5750,3647
1512528958586170,1512528958589934,20971520,2621440,8,5571,3764
1512528958741170,1512528958744864,20971520,2621440,8,5677,3694
1512528958895888,1512528958899576,20971520,2621440,8,5686,3688
1512528959050447,1512528959054190,20971520,2621440,8,5602,3743
1512528959205380,1512528959209080,20971520,2621440,8,5667,3700
1512528959359996,1512528959363771,20971520,2621440,8,5555,3775
1512528959514850,1512528959518500,20971520,2621440,8,5745,3650
1512528959669467,1512528959673161,20971520,2621440,8,5677,3694
1512528959824254,1512528959828021,20971520,2621440,8,5567,3767
1512528959979078,1512528959982821,20971520,2621440,8,5602,3743
1512528960134453,1512528960138122,20971520,2621440,8,5715,3669
1512528960289494,1512528960293123,20971520,2621440,8,5778,3629
1512528960444094,1512528960447801,20971520,2621440,8,5657,3707
1512528960598658,1512528960602364,20971520,2621440,8,5658,3706
1512528960753332,1512528960757125,20971520,2621440,8,5529,3793
1512528960908301,1512528960912030,20971520,2621440,8,5623,3729
1512528961062883,1512528961066516,20971520,2621440,8,5772,3633
1512528961217424,1512528961221126,20971520,2621440,8,5664,3702
1512528961372163,1512528961375901,20971520,2621440,8,5610,3738
1512528961526888,1512528961530582,20971520,2621440,8,5677,3694
1512528961681347,1512528961685040,20971520,2621440,8,5678,3693
1512528961835923,1512528961839617,20971520,2621440,8,5677,3694
1512528961990632,1512528961994386,20971520,2621440,8,5586,3754
1512528962145428,1512528962149034,20971520,2621440,8,5815,3606
1512528962299999,1512528962303755,20971520,2621440,8,5583,3756
1512528962454831,1512528962458573,20971520,2621440,8,5604,3742
1512528962609575,1512528962613145,20971520,2621440,8,5874,3570
1512528962764138,1512528962767779,20971520,2621440,8,5759,3641
1512528962918798,1512528962922496,20971520,2621440,8,5671,3698
1512528963073506,1512528963077224,20971520,2621440,8,5640,3718
1512528963228202,1512528963231767,20971520,2621440,8,5882,3565
1512528963382669,1512528963386323,20971520,2621440,8,5739,3654
1512528963537329,1512528963541101,20971520,2621440,8,5559,3772
1512528963692261,1512528963695920,20971520,2621440,8,5731,3659
1512528963846893,1512528963850517,20971520,2621440,8,5786,3624
1512528964001340,1512528964005017,20971520,2621440,8,5703,3677
1512528964155865,1512528964159499,20971520,2621440,8,5770,3634
1512528964310384,1512528964314058,20971520,2621440,8,5708,3674
1512528964464917,1512528964468589,20971520,2621440,8,5711,3672
1512528964619424,1512528964623074,20971520,2621440,8,5745,3650
1512528964773950,1512528964777645,20971520,2621440,8,5675,3695
1512528964928710,1512528964932380,20971520,2621440,8,5714,3670
1512528965083214,1512528965086928,20971520,2621440,8,5646,3714
1512528965237997,1512528965241729,20971520,2621440,8,5619,3732
1512528965392609,1512528965396293,20971520,2621440,8,5692,3684
1512528965547547,1512528965551315,20971520,2621440,8,5565,3768
1512528965702419,1512528965706123,20971520,2621440,8,5661,3704
1512528965857037,1512528965860735,20971520,2621440,8,5671,3698
1512528966011653,1512528966015397,20971520,2621440,8,5601,3744
1512528966166561,1512528966170310,20971520,2621440,8,5593,3749
1512528966321254,1512528966324953,20971520,2621440,8,5669,3699
1512528966475873,1512528966479650,20971520,2621440,8,5552,3777
1512528966630684,1512528966634367,20971520,2621440,8,5694,3683
1512528966785342,1512528966788924,20971520,2621440,8,5854,3582
1512528966939820,1512528966943499,20971520,2621440,8,5700,3679
1512528967094319,1512528967098032,20971520,2621440,8,5648,3713
1512528967248920,1512528967252672,20971520,2621440,8,5589,3752
1512528967403631,1512528967407384,20971520,2621440,8,5587,3753
1512528967558676,1512528967562318,20971520,2621440,8,5758,3642
1512528967713214,1512528967716976,20971520,2621440,8,5574,3762
1512528967868066,1512528967871791,20971520,2621440,8,5629,3725
1512528968022871,1512528968026541,20971520,2621440,8,5714,3670
1512528968177332,1512528968181081,20971520,2621440,8,5593,3749
1512528968332180,1512528968335835,20971520,2621440,8,5737,3655
1512528968486836,1512528968490521,20971520,2621440,8,5691,3685
1512528968641546,1512528968645249,20971520,2621440,8,5663,3703
1512528968796204,1512528968799949,20971520,2621440,8,5599,3745
1512528968950954,1512528968954693,20971520,2621440,8,5608,3739
1512528969105660,1512528969109345,20971520,2621440,8,5691,3685
1512528969260279,1512528969263955,20971520,2621440,8,5704,3676
1512528969414846,1512528969418557,20971520,2621440,8,5651,3711
1512528969569418,1512528969573121,20971520,2621440,8,5663,3703
1512528969724071,1512528969727843,20971520,2621440,8,5559,3772
1512528969878782,1512528969882516,20971520,2621440,8,5616,3734
1512528970033500,1512528970037185,20971520,2621440,8,5691,3685
1512528970188364,1512528970192117,20971520,2621440,8,5587,3753
1512528970343022,1512528970346757,20971520,2621440,8,5614,3735
1512528970497709,1512528970501411,20971520,2621440,8,5664,3702
1512528970652345,1512528970655964,20971520,2621440,8,5794,3619
1512528970807060,1512528970810735,20971520,2621440,8,5706,3675
1512528970961542,1512528970965252,20971520,2621440,8,5652,3710
1512528971116226,1512528971119841,20971520,2621440,8,5801,3615
1512528971270668,1512528971274369,20971520,2621440,8,5666,3701
1512528971425280,1512528971428961,20971520,2621440,8,5697,3681
1512528971579937,1512528971583564,20971520,2621440,8,5782,3627
1512528971734507,1512528971738205,20971520,2621440,8,5671,3698
1512528971889085,1512528971892709,20971520,2621440,8,5786,3624
1512528972043607,1512528972047374,20971520,2621440,8,5567,3767
1512528972198850,1512528972202430,20971520,2621440,8,5857,3580
1512528972353286,1512528972356981,20971520,2621440,8,5675,3695
1512528972507943,1512528972511663,20971520,2621440,8,5637,3720
1512528972662620,1512528972666358,20971520,2621440,8,5610,3738
1512528972817495,1512528972821253,20971520,2621440,8,5580,3758
1512528972972304,1512528972976004,20971520,2621440,8,5667,3700
1512528973127023,1512528973130689,20971520,2621440,8,5720,3666
1512528973281486,1512528973285189,20971520,2621440,8,5663,3703
1512528973436280,1512528973440053,20971520,2621440,8,5558,3773
1512528973591152,1512528973594767,20971520,2621440,8,5801,3615
1512528973745553,1512528973749246,20971520,2621440,8,5678,3693
1512528973900140,1512528973903743,20971520,2621440,8,5820,3603
1512528974054617,1512528974058329,20971520,2621440,8,5649,3712
1512528974209270,1512528974213030,20971520,2621440,8,5577,3760
1512528974364192,1512528974367904,20971520,2621440,8,5649,3712
1512528974518832,1512528974522512,20971520,2621440,8,5698,3680
1512528974673389,1512528974677031,20971520,2621440,8,5758,3642
1512528974828016,1512528974831739,20971520,2621440,8,5632,3723
1512528974982750,1512528974986517,20971520,2621440,8,5567,3767
1512528975137556,1512528975141245,20971520,2621440,8,5684,3689
1512528975292110,1512528975295867,20971520,2621440,8,5581,3757
1512528975446787,1512528975450451,20971520,2621440,8,5723,3664
1512528975601502,1512528975605189,20971520,2621440,8,5687,3687
1512528975756181,1512528975759853,20971520,2621440,8,5711,3672
1512528975910859,1512528975914554,20971520,2621440,8,5675,3695
1512528976065512,1512528976069207,20971520,2621440,8,5675,3695
1512528976220058,1512528976223719,20971520,2621440,8,5728,3661
1512528976374493,1512528976378231,20971520,2621440,8,5610,3738
1512528976529033,1512528976532786,20971520,2621440,8,5587,3753
1512528976683635,1512528976687286,20971520,2621440,8,5744,3651
1512528976838126,1512528976841738,20971520,2621440,8,5806,3612
1512528976992522,1512528976996217,20971520,2621440,8,5675,3695
1512528977147123,1512528977150779,20971520,2621440,8,5736,3656
1512528977301569,1512528977305186,20971520,2621440,8,5798,3617
1512528977456111,1512528977459851,20971520,2621440,8,5607,3740
1512528977610657,1512528977614356,20971520,2621440,8,5669,3699
1512528977765298,1512528977769035,20971520,2621440,8,5611,3737
1512528977920230,1512528977923933,20971520,2621440,8,5663,3703
1512528978074849,1512528978078559,20971520,2621440,8,5652,3710
1512528978229665,1512528978233423,20971520,2621440,8,5580,3758
1512528978384542,1512528978388230,20971520,2621440,8,5686,3688
1512528978538967,1512528978542671,20971520,2621440,8,5661,3704
1512528978693567,1512528978697199,20971520,2621440,8,5774,3632
1512528978847935,1512528978851641,20971520,2621440,8,5658,3706
1512528979002570,1512528979006264,20971520,2621440,8,5677,3694
1512528979157140,1512528979160850,20971520,2621440,8,5652,3710
1512528979311701,1512528979315411,20971520,2621440,8,5652,3710
1512528979466394,1512528979470129,20971520,2621440,8,5614,3735
1512528979621149,1512528979624840,20971520,2621440,8,5681,3691
1512528979775721,1512528979779425,20971520,2621440,8,5661,3704
1512528979930830,1512528979934570,20971520,2621440,8,5607,3740
1512528980085680,1512528980089359,20971520,2621440,8,5700,3679
1512528980240285,1512528980244010,20971520,2621440,8,5629,3725
1512528980394960,1512528980398663,20971520,2621440,8,5663,3703
1512528980549556,1512528980553255,20971520,2621440,8,5669,3699
1512528980704295,1512528980707944,20971520,2621440,8,5747,3649
1512528980858825,1512528980862512,20971520,2621440,8,5687,3687
1512528981013528,1512528981017188,20971520,2621440,8,5729,3660
1512528981168153,1512528981171832,20971520,2621440,8,5700,3679
1512528981322861,1512528981326596,20971520,2621440,8,5614,3735
1512528981477660,1512528981481335,20971520,2621440,8,5706,3675
1512528981632224,1512528981635966,20971520,2621440,8,5604,3742
1512528981786913,1512528981790670,20971520,2621440,8,5581,3757
1512528981941799,1512528981945558,20971520,2621440,8,5579,3759
1512528982096512,1512528982100278,20971520,2621440,8,5568,3766
1512528982251343,1512528982255091,20971520,2621440,8,5595,3748
1512528982406164,1512528982409858,20971520,2621440,8,5677,3694
1512528982560698,1512528982564417,20971520,2621440,8,5639,3719
1512528982715438,1512528982719139,20971520,2621440,8,5666,3701
1512528982870189,1512528982873868,20971520,2621440,8,5700,3679
1512528983024680,1512528983028414,20971520,2621440,8,5616,3734
1512528983179380,1512528983183092,20971520,2621440,8,5649,3712
1512528983333963,1512528983337576,20971520,2621440,8,5804,3613
1512528983488353,1512528983492054,20971520,2621440,8,5666,3701
1512528983642829,1512528983646416,20971520,2621440,8,5846,3587
1512528983797395,1512528983801095,20971520,2621440,8,5667,3700
1512528983952160,1512528983955840,20971520,2621440,8,5698,3680
1512528984106737,1512528984110389,20971520,2621440,8,5742,3652
1512528984261098,1512528984264709,20971520,2621440,8,5807,3611
1512528984415595,1512528984419279,20971520,2621440,8,5692,3684
1512528984570095,1512528984573699,20971520,2621440,8,5818,3604
1512528984724588,1512528984728230,20971520,2621440,8,5758,3642
1512528984879103,1512528984882717,20971520,2621440,8,5802,3614
1512528985033480,1512528985037065,20971520,2621440,8,5849,3585
1512528985187827,1512528985191466,20971520,2621440,8,5762,3639
1512528985342272,1512528985345984,20971520,2621440,8,5649,3712
1512528985497130,1512528985500880,20971520,2621440,8,5592,3750
1512528985651844,1512528985655601,20971520,2621440,8,5581,3757
1512528985806774,1512528985810479,20971520,2621440,8,5660,3705
1512528985961636,1512528985965330,20971520,2621440,8,5677,3694
1512528986116196,1512528986119894,20971520,2621440,8,5671,3698
1512528986270927,1512528986274566,20971520,2621440,8,5762,3639
1512528986425442,1512528986429076,20971520,2621440,8,5770,3634
1512528986579884,1512528986583584,20971520,2621440,8,5667,3700
1512528986734641,1512528986738327,20971520,2621440,8,5689,3686
1512528986889175,1512528986892906,20971520,2621440,8,5620,3731
1512528987043666,1512528987047410,20971520,2621440,8,5601,3744
1512528987198478,1512528987202209,20971520,2621440,8,5620,3731
1512528987353130,1512528987356685,20971520,2621440,8,5899,3555
1512528987507434,1512528987511066,20971520,2621440,8,5774,3632
1512528987662199,1512528987665824,20971520,2621440,8,5785,3625
1512528987816809,1512528987820527,20971520,2621440,8,5640,3718
1512528987971407,1512528987975089,20971520,2621440,8,5695,3682
1512528988125952,1512528988129560,20971520,2621440,8,5812,3608
1512528988280548,1512528988284282,20971520,2621440,8,5616,3734
1512528988435179,1512528988438816,20971520,2621440,8,5766,3637
1512528988589648,1512528988593355,20971520,2621440,8,5657,3707
1512528988744386,1512528988748147,20971520,2621440,8,5576,3761
1512528988899174,1512528988902814,20971520,2621440,8,5761,3640
1512528989053509,1512528989057249,20971520,2621440,8,5607,3740
1512528989208316,1512528989211946,20971520,2621440,8,5777,3630
1512528989362931,1512528989366643,20971520,2621440,8,5649,3712
1512528989517566,1512528989521131,20971520,2621440,8,5882,3565
1512528989671959,1512528989675643,20971520,2621440,8,5692,3684
1512528989826397,1512528989830083,20971520,2621440,8,5689,3686
1512528989981165,1512528989984869,20971520,2621440,8,5661,3704
1512528990135651,1512528990139290,20971520,2621440,8,5762,3639
1512528990290229,1512528990293939,20971520,2621440,8,5652,3710
1512528990444719,1512528990448367,20971520,2621440,8,5748,3648
1512528990599196,1512528990602843,20971520,2621440,8,5750,3647
1512528990753522,1512528990757307,20971520,2621440,8,5540,3785
1512528990908395,1512528990912100,20971520,2621440,8,5660,3705
1512528991062914,1512528991066641,20971520,2621440,8,5626,3727
1512528991217576,1512528991221230,20971520,2621440,8,5739,3654
1512528991372240,1512528991375913,20971520,2621440,8,5709,3673
1512528991526714,1512528991530461,20971520,2621440,8,5596,3747
1512528991681306,1512528991684990,20971520,2621440,8,5692,3684
1512528991835970,1512528991839736,20971520,2621440,8,5568,3766
1512528991990787,1512528991994404,20971520,2621440,8,5798,3617
1512528992145220,1512528992148995,20971520,2621440,8,5555,3775
1512528992299942,1512528992303692,20971520,2621440,8,5592,3750
1512528992454729,1512528992458461,20971520,2621440,8,5619,3732
1512528992609371,1512528992612964,20971520,2621440,8,5836,3593
1512528992763813,1512528992767447,20971520,2621440,8,5770,3634
1512528992918196,1512528992921940,20971520,2621440,8,5601,3744
1512528993072907,1512528993076653,20971520,2621440,8,5598,3746
1512528993227495,1512528993231247,20971520,2621440,8,5589,3752
1512528993382125,1512528993385801,20971520,2621440,8,5704,3676
1512528993536744,1512528993540469,20971520,2621440,8,5629,3725
1512528993691172,1512528993694869,20971520,2621440,8,5672,3697
1512528993845635,1512528993849376,20971520,2621440,8,5605,3741
1512528994000341,1512528994004057,20971520,2621440,8,5643,3716
1512528994154926,1512528994158649,20971520,2621440,8,5632,3723
1512528994309738,1512528994313424,20971520,2621440,8,5689,3686
1512528994464228,1512528994467928,20971520,2621440,8,5667,3700
1512528994618896,1512528994622599,20971520,2621440,8,5663,3703
1512528994773466,1512528994777158,20971520,2621440,8,5680,3692
1512528994928251,1512528994931891,20971520,2621440,8,5761,3640
1512528995082727,1512528995086304,20971520,2621440,8,5862,3577
1512528995237113,1512528995240863,20971520,2621440,8,5592,3750
1512528995391729,1512528995395352,20971520,2621440,8,5788,3623
1512528995546184,1512528995549854,20971520,2621440,8,5714,3670
1512528995700642,1512528995704344,20971520,2621440,8,5664,3702
1512528995855414,1512528995859155,20971520,2621440,8,5605,3741
1512528996010309,1512528996014016,20971520,2621440,8,5657,3707
1512528996165028,1512528996168789,20971520,2621440,8,5576,3761
1512528996319607,1512528996323334,20971520,2621440,8,5626,3727
1512528996474282,1512528996478034,20971520,2621440,8,5589,3752
1512528996629011,1512528996632633,20971520,2621440,8,5790,3622
1512528996783397,1512528996787104,20971520,2621440,8,5657,3707
1512528996938061,1512528996941733,20971520,2621440,8,5711,3672
1512528997092729,1512528997096367,20971520,2621440,8,5764,3638
1512528997247259,1512528997250872,20971520,2621440,8,5804,3613
1512528997401656,1512528997405234,20971520,2621440,8,5861,3578
1512528997556250,1512528997560013,20971520,2621440,8,5573,3763
1512528997710940,1512528997714668,20971520,2621440,8,5625,3728
1512528997865574,1512528997869318,20971520,2621440,8,5601,3744
1512528998020506,1512528998024263,20971520,2621440,8,5581,3757
1512528998175173,1512528998178763,20971520,2621440,8,5841,3590
1512528998329656,1512528998333344,20971520,2621440,8,5686,3688
1512528998484126,1512528998487843,20971520,2621440,8,5642,3717
1512528998638771,1512528998642346,20971520,2621440,8,5866,3575
1512528998793240,1512528998796937,20971520,2621440,8,5672,3697
1512528998947956,1512528998951673,20971520,2621440,8,5642,3717
1512528999102605,1512528999106348,20971520,2621440,8,5602,3743
1512528999257366,1512528999261133,20971520,2621440,8,5567,3767
1512528999412001,1512528999415677,20971520,2621440,8,5704,3676
1512528999566781,1512528999570509,20971520,2621440,8,5625,3728
1512528999721391,1512528999725138,20971520,2621440,8,5596,3747
1512528999876293,1512528999880026,20971520,2621440,8,5617,3733
1512529000031220,1512529000034788,20971520,2621440,8,5877,3568
1512529000185795,1512529000189535,20971520,2621440,8,5607,3740
1512529000340467,1512529000344124,20971520,2621440,8,5734,3657
1512529000494876,1512529000498518,20971520,2621440,8,5758,3642
1512529000649351,1512529000653074,20971520,2621440,8,5632,3723
1512529000803964,1512529000807651,20971520,2621440,8,5687,3687
1512529000958680,1512529000962376,20971520,2621440,8,5674,3696
1512529001113214,1512529001116988,20971520,2621440,8,5556,3774
1512529001267899,1512529001271569,20971520,2621440,8,5714,3670
1512529001422334,1512529001425976,20971520,2621440,8,5758,3642
1512529001576879,1512529001580650,20971520,2621440,8,5561,3771
1512529001731669,1512529001735292,20971520,2621440,8,5788,3623
1512529001886154,1512529001889932,20971520,2621440,8,5550,3778
1512529002040847,1512529002044441,20971520,2621440,8,5835,3594
1512529002195371,1512529002199009,20971520,2621440,8,5764,3638
1512529002349914,1512529002353581,20971520,2621440,8,5718,3667
1512529002504443,1512529002508090,20971520,2621440,8,5750,3647
1512529002658859,1512529002662599,20971520,2621440,8,5607,3740
1512529002813580,1512529002817268,20971520,2621440,8,5686,3688
1512529002968239,1512529002971931,20971520,2621440,8,5680,3692
1512529003122813,1512529003126498,20971520,2621440,8,5691,3685
1512529003277315,1512529003281089,20971520,2621440,8,5556,3774
1512529003432231,1512529003435978,20971520,2621440,8,5596,3747
1512529003586800,1512529003590412,20971520,2621440,8,5806,3612
1512529003741492,1512529003745265,20971520,2621440,8,5558,3773
1512529003896160,1512529003899864,20971520,2621440,8,5661,3704
1512529004050717,1512529004054353,20971520,2621440,8,5767,3636
1512529004205350,1512529004209058,20971520,2621440,8,5655,3708
1512529004359795,1512529004363487,20971520,2621440,8,5680,3692
1512529004514284,1512529004518014,20971520,2621440,8,5622,3730
1512529004668746,1512529004672451,20971520,2621440,8,5660,3705
1512529004823259,1512529004826995,20971520,2621440,8,5613,3736
1512529004977907,1512529004981661,20971520,2621440,8,5586,3754
1512529005132659,1512529005136359,20971520,2621440,8,5667,3700
1512529005287153,1512529005290873,20971520,2621440,8,5637,3720
1512529005441720,1512529005445308,20971520,2621440,8,5844,3588
1512529005596068,1512529005599759,20971520,2621440,8,5681,3691
1512529005750651,1512529005754291,20971520,2621440,8,5761,3640
1512529005905189,1512529005908857,20971520,2621440,8,5717,3668
1512529006059635,1512529006063283,20971520,2621440,8,5748,3648
1512529006214110,1512529006217861,20971520,2621440,8,5590,3751
1512529006368690,1512529006372405,20971520,2621440,8,5645,3715
1512529006523347,1512529006527075,20971520,2621440,8,5625,3728
1512529006677951,1512529006681684,20971520,2621440,8,5617,3733
1512529006832513,1512529006836270,20971520,2621440,8,5581,3757
1512529006987291,1512529006990943,20971520,2621440,8,5742,3652
1512529007141908,1512529007145663,20971520,2621440,8,5584,3755
1512529007296468,1512529007300187,20971520,2621440,8,5639,3719
1512529007450967,1512529007454649,20971520,2621440,8,5695,3682
1512529007605489,1512529007609178,20971520,2621440,8,5684,3689
1512529007760060,1512529007763802,20971520,2621440,8,5604,3742
1512529007915106,1512529007918860,20971520,2621440,8,5586,3754
1512529008069993,1512529008073682,20971520,2621440,8,5684,3689
1512529008224563,1512529008228325,20971520,2621440,8,5574,3762
1512529008379125,1512529008382800,20971520,2621440,8,5706,3675
1512529008533861,1512529008537624,20971520,2621440,8,5573,3763
1512529008688556,1512529008692260,20971520,2621440,8,5661,3704
1512529008843057,1512529008846819,20971520,2621440,8,5574,3762
1512529008997804,1512529009001432,20971520,2621440,8,5780,3628
1512529009152152,1512529009155885,20971520,2621440,8,5617,3733
1512529009306701,1512529009310381,20971520,2621440,8,5698,3680
1512529009461311,1512529009465031,20971520,2621440,8,5637,3720
1512529009615824,1512529009619576,20971520,2621440,8,5589,3752
1512529009770667,1512529009774345,20971520,2621440,8,5701,3678
1512529009925473,1512529009929081,20971520,2621440,8,5812,3608
1512529010080030,1512529010083690,20971520,2621440,8,5729,3660
1512529010234419,1512529010238124,20971520,2621440,8,5660,3705
1512529010389077,1512529010392779,20971520,2621440,8,5664,3702
1512529010543941,1512529010547641,20971520,2621440,8,5667,3700
1512529010698543,1512529010702140,20971520,2621440,8,5830,3597
1512529010853246,1512529010856879,20971520,2621440,8,5772,3633
1512529011007601,1512529011011239,20971520,2621440,8,5764,3638
1512529011162127,1512529011165719,20971520,2621440,8,5838,3592
1512529011316631,1512529011320394,20971520,2621440,8,5573,3763
1512529011471228,1512529011475002,20971520,2621440,8,5556,3774
1512529011625858,1512529011629566,20971520,2621440,8,5655,3708
1512529011780494,1512529011784213,20971520,2621440,8,5639,3719
1512529011935069,1512529011938812,20971520,2621440,8,5602,3743
1512529012089787,1512529012093557,20971520,2621440,8,5562,3770
1512529012244659,1512529012248347,20971520,2621440,8,5686,3688
1512529012399121,1512529012402777,20971520,2621440,8,5736,3656
1512529012553892,1512529012557659,20971520,2621440,8,5567,3767
1512529012708552,1512529012712301,20971520,2621440,8,5593,3749
1512529012863278,1512529012866930,20971520,2621440,8,5742,3652
1512529013018068,1512529013021770,20971520,2621440,8,5664,3702
1512529013172672,1512529013176427,20971520,2621440,8,5584,3755
1512529013327307,1512529013331015,20971520,2621440,8,5655,3708
1512529013481843,1512529013485480,20971520,2621440,8,5766,3637
1512529013636235,1512529013639893,20971520,2621440,8,5733,3658
1512529013790878,1512529013794572,20971520,2621440,8,5677,3694
1512529013945391,1512529013949075,20971520,2621440,8,5692,3684
1512529014099969,1512529014103705,20971520,2621440,8,5613,3736
1512529014254694,1512529014258368,20971520,2621440,8,5708,3674
1512529014409123,1512529014412795,20971520,2621440,8,5711,3672
1512529014563741,1512529014567456,20971520,2621440,8,5645,3715
1512529014718246,1512529014722015,20971520,2621440,8,5564,3769
1512529014873010,1512529014876702,20971520,2621440,8,5680,3692
1512529015027486,1512529015031174,20971520,2621440,8,5686,3688
1512529015182126,1512529015185805,20971520,2621440,8,5700,3679
1512529015336648,1512529015340351,20971520,2621440,8,5663,3703
1512529015491424,1512529015495054,20971520,2621440,8,5777,3630
1512529015645968,1512529015649672,20971520,2621440,8,5661,3704
1512529015800586,1512529015804273,20971520,2621440,8,5687,3687
1512529015955311,1512529015958895,20971520,2621440,8,5851,3584
1512529016109757,1512529016113366,20971520,2621440,8,5810,3609
1512529016264224,1512529016267975,20971520,2621440,8,5590,3751
1512529016418769,1512529016422500,20971520,2621440,8,5620,3731
1512529016573360,1512529016577041,20971520,2621440,8,5697,3681
1512529016727877,1512529016731631,20971520,2621440,8,5586,3754
1512529016882579,1512529016886221,20971520,2621440,8,5758,3642
1512529017036988,1512529017040618,20971520,2621440,8,5777,3630
1512529017191404,1512529017195090,20971520,2621440,8,5689,3686
1512529017345923,1512529017349692,20971520,2621440,8,5564,3769
1512529017500546,1512529017504310,20971520,2621440,8,5571,3764
1512529017655204,1512529017658831,20971520,2621440,8,5782,3627
1512529017809627,1512529017813370,20971520,2621440,8,5602,3743
1512529017964524,1512529017968300,20971520,2621440,8,5553,3776
1512529018119265,1512529018122947,20971520,2621440,8,5695,3682
1512529018273684,1512529018277385,20971520,2621440,8,5666,3701
1512529018428424,1512529018432140,20971520,2621440,8,5643,3716
1512529018583081,1512529018586834,20971520,2621440,8,5587,3753
1512529018737667,1512529018741367,20971520,2621440,8,5667,3700
1512529018892224,1512529018895847,20971520,2621440,8,5788,3623
1512529019046681,1512529019050443,20971520,2621440,8,5574,3762
1512529019201397,1512529019205107,20971520,2621440,8,5652,3710
1512529019356008,1512529019359709,20971520,2621440,8,5666,3701
1512529019510430,1512529019514194,20971520,2621440,8,5571,3764
1512529019665151,1512529019668849,20971520,2621440,8,5671,3698
1512529019819906,1512529019823654,20971520,2621440,8,5595,3748
1512529019975027,1512529019978750,20971520,2621440,8,5632,3723
1512529020129877,1512529020133501,20971520,2621440,8,5786,3624
1512529020284519,1512529020288243,20971520,2621440,8,5631,3724
1512529020439327,1512529020442918,20971520,2621440,8,5840,3591
1512529020593717,1512529020597483,20971520,2621440,8,5568,3766
1512529020748385,1512529020752140,20971520,2621440,8,5584,3755
1512529020903129,1512529020906858,20971520,2621440,8,5623,3729
1512529021058010,1512529021061782,20971520,2621440,8,5559,3772
1512529021212688,1512529021216404,20971520,2621440,8,5643,3716
1512529021367325,1512529021371081,20971520,2621440,8,5583,3756
1512529021521997,1512529021525609,20971520,2621440,8,5806,3612
1512529021676547,1512529021680202,20971520,2621440,8,5737,3655
1512529021831055,1512529021834695,20971520,2621440,8,5761,3640
1512529021985553,1512529021989323,20971520,2621440,8,5562,3770
1512529022140451,1512529022144210,20971520,2621440,8,5579,3759
1512529022295171,1512529022298871,20971520,2621440,8,5667,3700
1512529022449911,1512529022453543,20971520,2621440,8,5774,3632
1512529022604518,1512529022608252,20971520,2621440,8,5616,3734
1512529022759471,1512529022763111,20971520,2621440,8,5761,3640
1512529022914296,1512529022917900,20971520,2621440,8,5818,3604
1512529023068945,1512529023072708,20971520,2621440,8,5573,3763
1512529023223669,1512529023227467,20971520,2621440,8,5521,3798
1512529023378496,1512529023382282,20971520,2621440,8,5539,3786
1512529023533497,1512529023537275,20971520,2621440,8,5550,3778
1512529023688545,1512529023692319,20971520,2621440,8,5556,3774
1512529023843478,1512529023847198,20971520,2621440,8,5637,3720
1512529023998094,1512529024001890,20971520,2621440,8,5524,3796
1512529024152908,1512529024156664,20971520,2621440,8,5583,3756
1512529024307776,1512529024311512,20971520,2621440,8,5613,3736
1512529024462724,1512529024466405,20971520,2621440,8,5697,3681
1512529024617492,1512529024621192,20971520,2621440,8,5667,3700
1512529024772404,1512529024776198,20971520,2621440,8,5527,3794
1512529024927516,1512529024931195,20971520,2621440,8,5700,3679
1512529025082362,1512529025086016,20971520,2621440,8,5739,3654
1512529025237085,1512529025240763,20971520,2621440,8,5701,3678
1512529025391628,1512529025395357,20971520,2621440,8,5623,3729
1512529025546673,1512529025550437,20971520,2621440,8,5571,3764
1512529025701484,1512529025705158,20971520,2621440,8,5708,3674
1512529025856095,1512529025859866,20971520,2621440,8,5561,3771
1512529026011288,1512529026014934,20971520,2621440,8,5751,3646
1512529026165813,1512529026169596,20971520,2621440,8,5543,3783
1512529026320855,1512529026324630,20971520,2621440,8,5555,3775
1512529026475859,1512529026479526,20971520,2621440,8,5718,3667
1512529026630590,1512529026634299,20971520,2621440,8,5654,3709
1512529026785195,1512529026789000,20971520,2621440,8,5511,3805
1512529026940041,1512529026943810,20971520,2621440,8,5564,3769
1512529027095077,1512529027098862,20971520,2621440,8,5540,3785
1512529027249821,1512529027253584,20971520,2621440,8,5573,3763
1512529027404579,1512529027408261,20971520,2621440,8,5695,3682
1512529027559280,1512529027562983,20971520,2621440,8,5663,3703
1512529027714064,1512529027717808,20971520,2621440,8,5601,3744
1512529027868791,1512529027872556,20971520,2621440,8,5570,3765
1512529028023717,1512529028027500,20971520,2621440,8,5543,3783
1512529028178444,1512529028182198,20971520,2621440,8,5586,3754
1512529028333209,1512529028336992,20971520,2621440,8,5543,3783
1512529028488048,1512529028491782,20971520,2621440,8,5616,3734
1512529028642673,1512529028646337,20971520,2621440,8,5723,3664
1512529028797333,1512529028801095,20971520,2621440,8,5574,3762
1512529028952358,1512529028956106,20971520,2621440,8,5595,3748
1512529029107183,1512529029110809,20971520,2621440,8,5783,3626
1512529029261753,1512529029265397,20971520,2621440,8,5755,3644
1512529029416207,1512529029419927,20971520,2621440,8,5637,3720
1512529029570828,1512529029574546,20971520,2621440,8,5640,3718
1512529029725388,1512529029729094,20971520,2621440,8,5658,3706
1512529029879999,1512529029883701,20971520,2621440,8,5664,3702
1512529030034761,1512529030038429,20971520,2621440,8,5717,3668
1512529030189657,1512529030193356,20971520,2621440,8,5669,3699
1512529030344177,1512529030347881,20971520,2621440,8,5661,3704
1512529030499042,1512529030502683,20971520,2621440,8,5759,3641
1512529030653520,1512529030657104,20971520,2621440,8,5851,3584
1512529030808564,1512529030812312,20971520,2621440,8,5595,3748
1512529030963438,1512529030967145,20971520,2621440,8,5657,3707
1512529031118356,1512529031121994,20971520,2621440,8,5764,3638
1512529031272992,1512529031276619,20971520,2621440,8,5782,3627
1512529031427355,1512529031431035,20971520,2621440,8,5698,3680
1512529031582043,1512529031585827,20971520,2621440,8,5542,3784
1512529031736898,1512529031740610,20971520,2621440,8,5649,3712
1512529031891730,1512529031895479,20971520,2621440,8,5593,3749
1512529032046467,1512529032050191,20971520,2621440,8,5631,3724
1512529032201181,1512529032204725,20971520,2621440,8,5917,3544
1512529032355699,1512529032359411,20971520,2621440,8,5649,3712
1512529032510360,1512529032514147,20971520,2621440,8,5537,3787
1512529032665296,1512529032669057,20971520,2621440,8,5576,3761
1512529032820099,1512529032823813,20971520,2621440,8,5646,3714
1512529032975072,1512529032978795,20971520,2621440,8,5632,3723
1512529033129661,1512529033133326,20971520,2621440,8,5722,3665
1512529033284125,1512529033287825,20971520,2621440,8,5667,3700
1512529033438759,1512529033442459,20971520,2621440,8,5667,3700
1512529033593658,1512529033597412,20971520,2621440,8,5586,3754
1512529033748576,1512529033752318,20971520,2621440,8,5604,3742
1512529033903468,1512529033907232,20971520,2621440,8,5571,3764
1512529034058506,1512529034062283,20971520,2621440,8,5552,3777
1512529034213206,1512529034216917,20971520,2621440,8,5651,3711
1512529034367784,1512529034371547,20971520,2621440,8,5573,3763
1512529034522774,1512529034526469,20971520,2621440,8,5675,3695
1512529034677371,1512529034681098,20971520,2621440,8,5626,3727
1512529034832279,1512529034835891,20971520,2621440,8,5806,3612
1512529034987124,1512529034990859,20971520,2621440,8,5614,3735
1512529035141960,1512529035145588,20971520,2621440,8,5780,3628
1512529035296541,1512529035300319,20971520,2621440,8,5550,3778
1512529035451292,1512529035455075,20971520,2621440,8,5543,3783
1512529035605984,1512529035609643,20971520,2621440,8,5731,3659
1512529035760831,1512529035764567,20971520,2621440,8,5613,3736
1512529035915969,1512529035919732,20971520,2621440,8,5573,3763
1512529036070980,1512529036074710,20971520,2621440,8,5622,3730
1512529036225700,1512529036229395,20971520,2621440,8,5675,3695
1512529036380340,1512529036384093,20971520,2621440,8,5587,3753
1512529036535239,1512529036538951,20971520,2621440,8,5649,3712
1512529036690171,1512529036693889,20971520,2621440,8,5640,3718
1512529036845065,1512529036848620,20971520,2621440,8,5899,3555
1512529036999913,1512529037003666,20971520,2621440,8,5587,3753
1512529037154645,1512529037158348,20971520,2621440,8,5663,3703
1512529037309538,1512529037313260,20971520,2621440,8,5634,3722
1512529037464290,1512529037468005,20971520,2621440,8,5645,3715
1512529037619146,1512529037622772,20971520,2621440,8,5783,3626
1512529037774297,1512529037777884,20971520,2621440,8,5846,3587
1512529037928945,1512529037932674,20971520,2621440,8,5623,3729
1512529038083765,1512529038087544,20971520,2621440,8,5549,3779
1512529038238783,1512529038242423,20971520,2621440,8,5761,3640
1512529038393580,1512529038397323,20971520,2621440,8,5602,3743
1512529038548481,1512529038552054,20971520,2621440,8,5869,3573
1512529038703262,1512529038706989,20971520,2621440,8,5626,3727
1512529038858178,1512529038861923,20971520,2621440,8,5599,3745
1512529039013160,1512529039016868,20971520,2621440,8,5655,3708
1512529039168107,1512529039171780,20971520,2621440,8,5709,3673
1512529039322747,1512529039326516,20971520,2621440,8,5564,3769
1512529039477794,1512529039481467,20971520,2621440,8,5709,3673
1512529039632732,1512529039636460,20971520,2621440,8,5625,3728
1512529039787621,1512529039791402,20971520,2621440,8,5546,3781
1512529039942815,1512529039946551,20971520,2621440,8,5613,3736
1512529040097679,1512529040101453,20971520,2621440,8,5556,3774
1512529040252707,1512529040256371,20971520,2621440,8,5723,3664
1512529040407681,1512529040411414,20971520,2621440,8,5617,3733
1512529040562605,1512529040566365,20971520,2621440,8,5577,3760
1512529040717794,1512529040721510,20971520,2621440,8,5643,3716
1512529040872719,1512529040876350,20971520,2621440,8,5775,3631
1512529041027563,1512529041031333,20971520,2621440,8,5562,3770
1512529041182517,1512529041186209,20971520,2621440,8,5680,3692
1512529041337336,1512529041341071,20971520,2621440,8,5614,3735
1512529041492430,1512529041496078,20971520,2621440,8,5748,3648
1512529041647302,1512529041651017,20971520,2621440,8,5645,3715
1512529041802023,1512529041805686,20971520,2621440,8,5725,3663
1512529041956640,1512529041960412,20971520,2621440,8,5559,3772
1512529042111641,1512529042115431,20971520,2621440,8,5533,3790
1512529042266593,1512529042270330,20971520,2621440,8,5611,3737
1512529042421542,1512529042425264,20971520,2621440,8,5634,3722
1512529042576646,1512529042580416,20971520,2621440,8,5562,3770
1512529042731859,1512529042735623,20971520,2621440,8,5571,3764
1512529042887013,1512529042890773,20971520,2621440,8,5577,3760
1512529043041940,1512529043045701,20971520,2621440,8,5576,3761
1512529043196880,1512529043200607,20971520,2621440,8,5626,3727
1512529043351883,1512529043355690,20971520,2621440,8,5508,3807
1512529043506849,1512529043510578,20971520,2621440,8,5623,3729
1512529043661981,1512529043665661,20971520,2621440,8,5698,3680
1512529043817098,1512529043820823,20971520,2621440,8,5629,3725
1512529043972086,1512529043975775,20971520,2621440,8,5684,3689
1512529044127140,1512529044130905,20971520,2621440,8,5570,3765
1512529044282154,1512529044285846,20971520,2621440,8,5680,3692
1512529044437102,1512529044440825,20971520,2621440,8,5632,3723
1512529044592083,1512529044595835,20971520,2621440,8,5589,3752
1512529044747112,1512529044750883,20971520,2621440,8,5561,3771
1512529044902164,1512529044905871,20971520,2621440,8,5657,3707
1512529045057042,1512529045060734,20971520,2621440,8,5680,3692
1512529045212043,1512529045215564,20971520,2621440,8,5956,3521
1512529045366842,1512529045370446,20971520,2621440,8,5818,3604
1512529045521886,1512529045525677,20971520,2621440,8,5531,3791
1512529045676926,1512529045680721,20971520,2621440,8,5526,3795
1512529045831884,1512529045835676,20971520,2621440,8,5530,3792
1512529045986858,1512529045990614,20971520,2621440,8,5583,3756
1512529046141807,1512529046145561,20971520,2621440,8,5586,3754
1512529046296723,1512529046300386,20971520,2621440,8,5725,3663
1512529046451460,1512529046455187,20971520,2621440,8,5626,3727
1512529046606376,1512529046610066,20971520,2621440,8,5683,3690
1512529046761179,1512529046764864,20971520,2621440,8,5691,3685
1512529046916264,1512529046920003,20971520,2621440,8,5608,3739
1512529047071268,1512529047074977,20971520,2621440,8,5654,3709
1512529047226144,1512529047229853,20971520,2621440,8,5654,3709
1512529047381039,1512529047384809,20971520,2621440,8,5562,3770
1512529047536230,1512529047539956,20971520,2621440,8,5628,3726
1512529047691107,1512529047694746,20971520,2621440,8,5762,3639
1512529047845897,1512529047849629,20971520,2621440,8,5619,3732
1512529048000843,1512529048004623,20971520,2621440,8,5548,3780
1512529048155878,1512529048159567,20971520,2621440,8,5684,3689
1512529048310759,1512529048314457,20971520,2621440,8,5671,3698
1512529048465559,1512529048469288,20971520,2621440,8,5623,3729
1512529048620402,1512529048624060,20971520,2621440,8,5733,3658
1512529048775145,1512529048778906,20971520,2621440,8,5576,3761
1512529048929981,1512529048933609,20971520,2621440,8,5780,3628
1512529049084849,1512529049088449,20971520,2621440,8,5825,3600
1512529049239619,1512529049243387,20971520,2621440,8,5565,3768
1512529049394635,1512529049398411,20971520,2621440,8,5553,3776
1512529049549649,1512529049553322,20971520,2621440,8,5709,3673
1512529049704464,1512529049708113,20971520,2621440,8,5747,3649
1512529049859387,1512529049863141,20971520,2621440,8,5586,3754
1512529050014427,1512529050018177,20971520,2621440,8,5592,3750
1512529050169525,1512529050173211,20971520,2621440,8,5689,3686
1512529050324495,1512529050328286,20971520,2621440,8,5531,3791
1512529050479585,1512529050483278,20971520,2621440,8,5678,3693
1512529050634400,1512529050638185,20971520,2621440,8,5540,3785
1512529050789334,1512529050793022,20971520,2621440,8,5686,3688
1512529050944236,1512529050948006,20971520,2621440,8,5562,3770
1512529051099263,1512529051102932,20971520,2621440,8,5715,3669
1512529051254098,1512529051257790,20971520,2621440,8,5680,3692
1512529051409097,1512529051412835,20971520,2621440,8,5610,3738
1512529051564023,1512529051567750,20971520,2621440,8,5626,3727
1512529051718932,1512529051722669,20971520,2621440,8,5611,3737
1512529051873900,1512529051877680,20971520,2621440,8,5548,3780
1512529052028814,1512529052032592,20971520,2621440,8,5550,3778
1512529052183838,1512529052187529,20971520,2621440,8,5681,3691
1512529052338699,1512529052342474,20971520,2621440,8,5555,3775
1512529052493739,1512529052497471,20971520,2621440,8,5619,3732
1512529052648832,1512529052652568,20971520,2621440,8,5613,3736
1512529052804095,1512529052807803,20971520,2621440,8,5655,3708
1512529052959056,1512529052962778,20971520,2621440,8,5634,3722
1512529053114099,1512529053117889,20971520,2621440,8,5533,3790
1512529053269169,1512529053272743,20971520,2621440,8,5867,3574
1512529053423931,1512529053427730,20971520,2621440,8,5520,3799
1512529053578949,1512529053582703,20971520,2621440,8,5586,3754
1512529053734007,1512529053737778,20971520,2621440,8,5561,3771
1512529053889206,1512529053892973,20971520,2621440,8,5567,3767
1512529054044482,1512529054048262,20971520,2621440,8,5548,3780
1512529054199558,1512529054203210,20971520,2621440,8,5742,3652
1512529054354548,1512529054358212,20971520,2621440,8,5723,3664
1512529054509486,1512529054513248,20971520,2621440,8,5574,3762
1512529054664589,1512529054668192,20971520,2621440,8,5820,3603
1512529054819608,1512529054823241,20971520,2621440,8,5772,3633
1512529054974495,1512529054978261,20971520,2621440,8,5568,3766
1512529055129534,1512529055133330,20971520,2621440,8,5524,3796
1512529055284521,1512529055288189,20971520,2621440,8,5717,3668
1512529055439352,1512529055443151,20971520,2621440,8,5520,3799
1512529055594473,1512529055598228,20971520,2621440,8,5584,3755
1512529055749674,1512529055753471,20971520,2621440,8,5523,3797
1512529055904739,1512529055908476,20971520,2621440,8,5611,3737
1512529056059626,1512529056063346,20971520,2621440,8,5637,3720
1512529056214497,1512529056218144,20971520,2621440,8,5750,3647
1512529056369375,1512529056373107,20971520,2621440,8,5619,3732
1512529056524407,1512529056528000,20971520,2621440,8,5836,3593
1512529056679115,1512529056682791,20971520,2621440,8,5704,3676
1512529056834020,1512529056837795,20971520,2621440,8,5555,3775
1512529056989130,1512529056992903,20971520,2621440,8,5558,3773
1512529057144201,1512529057147954,20971520,2621440,8,5587,3753
1512529057299188,1512529057302847,20971520,2621440,8,5731,3659
1512529057454218,1512529057457898,20971520,2621440,8,5698,3680
1512529057609310,1512529057613069,20971520,2621440,8,5579,3759
1512529057764255,1512529057767967,20971520,2621440,8,5649,3712
1512529057919170,1512529057922889,20971520,2621440,8,5639,3719
1512529058074019,1512529058077726,20971520,2621440,8,5657,3707
1512529058228889,1512529058232580,20971520,2621440,8,5681,3691
1512529058383869,1512529058387627,20971520,2621440,8,5580,3758
1512529058539018,1512529058542654,20971520,2621440,8,5767,3636
1512529058693779,1512529058697433,20971520,2621440,8,5739,3654
1512529058848691,1512529058852479,20971520,2621440,8,5536,3788
1512529059003722,1512529059007381,20971520,2621440,8,5731,3659
1512529059158730,1512529059162370,20971520,2621440,8,5761,3640
1512529059313693,1512529059317401,20971520,2621440,8,5655,3708
1512529059468624,1512529059472283,20971520,2621440,8,5731,3659
1512529059623552,1512529059627340,20971520,2621440,8,5536,3788
1512529059778817,1512529059782434,20971520,2621440,8,5798,3617
1512529059933733,1512529059937448,20971520,2621440,8,5645,3715
1512529060088580,1512529060092357,20971520,2621440,8,5552,3777
1512529060243759,1512529060247535,20971520,2621440,8,5553,3776
1512529060398798,1512529060402388,20971520,2621440,8,5841,3590
1512529060553949,1512529060557609,20971520,2621440,8,5729,3660
1512529060709009,1512529060712722,20971520,2621440,8,5648,3713
1512529060864113,1512529060867873,20971520,2621440,8,5577,3760
1512529061019080,1512529061022719,20971520,2621440,8,5762,3639
1512529061174020,1512529061177716,20971520,2621440,8,5674,3696
1512529061329138,1512529061332866,20971520,2621440,8,5625,3728
1512529061484041,1512529061487637,20971520,2621440,8,5831,3596
1512529061638872,1512529061642582,20971520,2621440,8,5652,3710
1512529061793884,1512529061797546,20971520,2621440,8,5726,3662
1512529061948773,1512529061952489,20971520,2621440,8,5643,3716
1512529062103583,1512529062107301,20971520,2621440,8,5640,3718
1512529062258663,1512529062262453,20971520,2621440,8,5533,3790
1512529062413693,1512529062417401,20971520,2621440,8,5655,3708
1512529062568613,1512529062572355,20971520,2621440,8,5604,3742
1512529062723497,1512529062727269,20971520,2621440,8,5559,3772
1512529062878420,1512529062882206,20971520,2621440,8,5539,3786
1512529063033426,1512529063037163,20971520,2621440,8,5611,3737
1512529063188397,1512529063192028,20971520,2621440,8,5775,3631
1512529063343235,1512529063347017,20971520,2621440,8,5545,3782
1512529063498190,1512529063501932,20971520,2621440,8,5604,3742
1512529063653227,1512529063657024,20971520,2621440,8,5523,3797
1512529063808233,1512529063811979,20971520,2621440,8,5598,3746
1512529063963225,1512529063966939,20971520,2621440,8,5646,3714
1512529064118244,1512529064121966,20971520,2621440,8,5634,3722
1512529064273134,1512529064276846,20971520,2621440,8,5649,3712
1512529064428098,1512529064431892,20971520,2621440,8,5527,3794
1512529064583292,1512529064587007,20971520,2621440,8,5645,3715
1512529064738462,1512529064742253,20971520,2621440,8,5531,3791
1512529064893456,1512529064897255,20971520,2621440,8,5520,3799
1512529065048631,1512529065052406,20971520,2621440,8,5555,3775
1512529065203640,1512529065207424,20971520,2621440,8,5542,3784
1512529065358730,1512529065362502,20971520,2621440,8,5559,3772
1512529065513893,1512529065517443,20971520,2621440,8,5907,3550
1512529065668958,1512529065672647,20971520,2621440,8,5684,3689
1512529065823933,1512529065827705,20971520,2621440,8,5559,3772
1512529065979004,1512529065982633,20971520,2621440,8,5778,3629
1512529066134011,1512529066137795,20971520,2621440,8,5542,3784
1512529066288967,1512529066292738,20971520,2621440,8,5561,3771
1512529066443977,1512529066447710,20971520,2621440,8,5617,3733
1512529066598897,1512529066602614,20971520,2621440,8,5642,3717
1512529066753876,1512529066757522,20971520,2621440,8,5751,3646
1512529066908679,1512529066912389,20971520,2621440,8,5652,3710
1512529067063795,1512529067067302,20971520,2621440,8,5979,3507
1512529067218571,1512529067222205,20971520,2621440,8,5770,3634
1512529067373467,1512529067377205,20971520,2621440,8,5610,3738
1512529067528512,1512529067532199,20971520,2621440,8,5687,3687
1512529067683568,1512529067687341,20971520,2621440,8,5558,3773
1512529067838525,1512529067842250,20971520,2621440,8,5629,3725
1512529067993531,1512529067997270,20971520,2621440,8,5608,3739
1512529068148664,1512529068152358,20971520,2621440,8,5677,3694
1512529068303819,1512529068307461,20971520,2621440,8,5758,3642
1512529068458701,1512529068462369,20971520,2621440,8,5717,3668
1512529068613778,1512529068617582,20971520,2621440,8,5513,3804
1512529068768989,1512529068772769,20971520,2621440,8,5548,3780
1512529068923971,1512529068927715,20971520,2621440,8,5601,3744
1512529069078903,1512529069082614,20971520,2621440,8,5651,3711
1512529069233888,1512529069237567,20971520,2621440,8,5700,3679
1512529069388742,1512529069392347,20971520,2621440,8,5817,3605
1512529069543631,1512529069547358,20971520,2621440,8,5626,3727
1512529069698700,1512529069702457,20971520,2621440,8,5581,3757
1512529069853693,1512529069857339,20971520,2621440,8,5751,3646
1512529070008746,1512529070012501,20971520,2621440,8,5584,3755
1512529070163729,1512529070167491,20971520,2621440,8,5574,3762
1512529070319063,1512529070322825,20971520,2621440,8,5574,3762
1512529070473989,1512529070477770,20971520,2621440,8,5546,3781
1512529070629110,1512529070632854,20971520,2621440,8,5601,3744
1512529070784501,1512529070788211,20971520,2621440,8,5652,3710
1512529070939432,1512529070943185,20971520,2621440,8,5587,3753
1512529071094354,1512529071097940,20971520,2621440,8,5848,3586
1512529071249188,1512529071252973,20971520,2621440,8,5540,3785
1512529071404376,1512529071408157,20971520,2621440,8,5546,3781
1512529071559386,1512529071563155,20971520,2621440,8,5564,3769
1512529071714444,1512529071718222,20971520,2621440,8,5550,3778
1512529071869508,1512529071873214,20971520,2621440,8,5658,3706
1512529072024673,1512529072028451,20971520,2621440,8,5550,3778
1512529072179897,1512529072183600,20971520,2621440,8,5663,3703
1512529072334885,1512529072338627,20971520,2621440,8,5604,3742
1512529072489871,1512529072493513,20971520,2621440,8,5758,3642
1512529072644700,1512529072648415,20971520,2621440,8,5645,3715
1512529072799643,1512529072803224,20971520,2621440,8,5856,3581
1512529072954450,1512529072958244,20971520,2621440,8,5527,3794
1512529073109658,1512529073113383,20971520,2621440,8,5629,3725
1512529073264764,1512529073268481,20971520,2621440,8,5642,3717
1512529073419698,1512529073423472,20971520,2621440,8,5556,3774
1512529073574676,1512529073578401,20971520,2621440,8,5629,3725
1512529073729618,1512529073733388,20971520,2621440,8,5562,3770
1512529073884709,1512529073888478,20971520,2621440,8,5564,3769
1512529074039628,1512529074043369,20971520,2621440,8,5605,3741
1512529074194827,1512529074198619,20971520,2621440,8,5530,3792
1512529074349897,1512529074353503,20971520,2621440,8,5815,3606
1512529074504732,1512529074508497,20971520,2621440,8,5570,3765
1512529074659630,1512529074663394,20971520,2621440,8,5571,3764
1512529074814860,1512529074818554,20971520,2621440,8,5677,3694
1512529074969862,1512529074973635,20971520,2621440,8,5558,3773
1512529075124959,1512529075128756,20971520,2621440,8,5523,3797
1512529075279988,1512529075283714,20971520,2621440,8,5628,3726
1512529075434972,1512529075438761,20971520,2621440,8,5534,3789
1512529075590162,1512529075593929,20971520,2621440,8,5567,3767
1512529075745237,1512529075748881,20971520,2621440,8,5755,3644
1512529075899890,1512529075903649,20971520,2621440,8,5579,3759
1512529076054589,1512529076058363,20971520,2621440,8,5556,3774
1512529076209478,1512529076213228,20971520,2621440,8,5592,3750
1512529076364322,1512529076368034,20971520,2621440,8,5649,3712
1512529076519023,1512529076522684,20971520,2621440,8,5728,3661
1512529076673687,1512529076677326,20971520,2621440,8,5762,3639
1512529076828221,1512529076831986,20971520,2621440,8,5570,3765
1512529076982979,1512529076986631,20971520,2621440,8,5742,3652
1512529077137487,1512529077141176,20971520,2621440,8,5684,3689
1512529077292188,1512529077295968,20971520,2621440,8,5548,3780
1512529077447184,1512529077450934,20971520,2621440,8,5592,3750
1512529077601812,1512529077605478,20971520,2621440,8,5720,3666
1512529077756289,1512529077759941,20971520,2621440,8,5742,3652
1512529077910951,1512529077914643,20971520,2621440,8,5680,3692
1512529078065564,1512529078069336,20971520,2621440,8,5559,3772
1512529078220611,1512529078224396,20971520,2621440,8,5540,3785
1512529078375552,1512529078379239,20971520,2621440,8,5687,3687
1512529078530248,1512529078533938,20971520,2621440,8,5683,3690
1512529078684980,1512529078688625,20971520,2621440,8,5753,3645
1512529078839662,1512529078843415,20971520,2621440,8,5587,3753
1512529078994548,1512529078998182,20971520,2621440,8,5770,3634
1512529079149075,1512529079152835,20971520,2621440,8,5577,3760
1512529079303910,1512529079307556,20971520,2621440,8,5751,3646
1512529079458521,1512529079462321,20971520,2621440,8,5518,3800
1512529079613510,1512529079617239,20971520,2621440,8,5623,3729
1512529079768350,1512529079772042,20971520,2621440,8,5680,3692
1512529079923120,1512529079926739,20971520,2621440,8,5794,3619
1512529080077891,1512529080081502,20971520,2621440,8,5807,3611
1512529080232798,1512529080236516,20971520,2621440,8,5640,3718
1512529080387898,1512529080391522,20971520,2621440,8,5786,3624
1512529080542948,1512529080546630,20971520,2621440,8,5695,3682
1512529080698249,1512529080701926,20971520,2621440,8,5703,3677
1512529080853519,1512529080857291,20971520,2621440,8,5559,3772
1512529081008797,1512529081012559,20971520,2621440,8,5574,3762
1512529081164062,1512529081167652,20971520,2621440,8,5841,3590
1512529081319149,1512529081322881,20971520,2621440,8,5619,3732
1512529081474386,1512529081478057,20971520,2621440,8,5712,3671
1512529081629621,1512529081633384,20971520,2621440,8,5573,3763
1512529081784881,1512529081788671,20971520,2621440,8,5533,3790
1512529081940260,1512529081943877,20971520,2621440,8,5798,3617
1512529082095087,1512529082098814,20971520,2621440,8,5626,3727
1512529082250216,1512529082254006,20971520,2621440,8,5533,3790
1512529082405374,1512529082409148,20971520,2621440,8,5556,3774
1512529082560722,1512529082564438,20971520,2621440,8,5643,3716
1512529082715791,1512529082719500,20971520,2621440,8,5654,3709
1512529082870770,1512529082874488,20971520,2621440,8,5640,3718
1512529083026197,1512529083029987,20971520,2621440,8,5533,3790
1512529083181298,1512529083184828,20971520,2621440,8,5940,3530
1512529083336262,1512529083340033,20971520,2621440,8,5561,3771
1512529083491284,1512529083494887,20971520,2621440,8,5820,3603
1512529083646218,1512529083650002,20971520,2621440,8,5542,3784
1512529083801560,1512529083805317,20971520,2621440,8,5581,3757
1512529083956753,1512529083960453,20971520,2621440,8,5667,3700
1512529084111810,1512529084115412,20971520,2621440,8,5822,3602
1512529084267089,1512529084270865,20971520,2621440,8,5553,3776
1512529084422472,1512529084426128,20971520,2621440,8,5736,3656
1512529084577430,1512529084581199,20971520,2621440,8,5564,3769
1512529084732327,1512529084735959,20971520,2621440,8,5774,3632
1512529084887161,1512529084890932,20971520,2621440,8,5561,3771
1512529085042368,1512529085046143,20971520,2621440,8,5555,3775
1512529085197386,1512529085201079,20971520,2621440,8,5678,3693
1512529085352422,1512529085356208,20971520,2621440,8,5539,3786
1512529085507480,1512529085511198,20971520,2621440,8,5640,3718
1512529085662518,1512529085666165,20971520,2621440,8,5750,3647
1512529085817533,1512529085821158,20971520,2621440,8,5785,3625
1512529085972365,1512529085976120,20971520,2621440,8,5584,3755
1512529086127500,1512529086131116,20971520,2621440,8,5799,3616
1512529086282249,1512529086285945,20971520,2621440,8,5674,3696
1512529086437396,1512529086441064,20971520,2621440,8,5717,3668
1512529086592330,1512529086596039,20971520,2621440,8,5654,3709
1512529086747458,1512529086751213,20971520,2621440,8,5584,3755
1512529086902521,1512529086906290,20971520,2621440,8,5564,3769
1512529087057776,1512529087061420,20971520,2621440,8,5755,3644
1512529087212546,1512529087216327,20971520,2621440,8,5546,3781
1512529087367594,1512529087371199,20971520,2621440,8,5817,3605
1512529087522595,1512529087526301,20971520,2621440,8,5658,3706
1512529087677549,1512529087681207,20971520,2621440,8,5733,3658
1512529087832645,1512529087836329,20971520,2621440,8,5692,3684
1512529087987809,1512529087991497,20971520,2621440,8,5686,3688
1512529088142742,1512529088146518,20971520,2621440,8,5553,3776
1512529088297978,1512529088301769,20971520,2621440,8,5531,3791
1512529088453046,1512529088456818,20971520,2621440,8,5559,3772
1512529088608325,1512529088611960,20971520,2621440,8,5769,3635
1512529088763347,1512529088767036,20971520,2621440,8,5684,3689
1512529088918260,1512529088921908,20971520,2621440,8,5748,3648
1512529089073368,1512529089076988,20971520,2621440,8,5793,3620
1512529089228346,1512529089232114,20971520,2621440,8,5565,3768
1512529089383466,1512529089387129,20971520,2621440,8,5725,3663
1512529089538328,1512529089542073,20971520,2621440,8,5599,3745
1512529089693352,1512529089696969,20971520,2621440,8,5798,3617
1512529089848157,1512529089851930,20971520,2621440,8,5558,3773
1512529090003116,1512529090006691,20971520,2621440,8,5866,3575
1512529090158121,1512529090161905,20971520,2621440,8,5542,3784
1512529090313171,1512529090316930,20971520,2621440,8,5579,3759
1512529090468181,1512529090471952,20971520,2621440,8,5561,3771
1512529090623222,1512529090626889,20971520,2621440,8,5718,3667
1512529090778017,1512529090781746,20971520,2621440,8,5623,3729
1512529090932976,1512529090936639,20971520,2621440,8,5725,3663
1512529091088096,1512529091091789,20971520,2621440,8,5678,3693
1512529091243136,1512529091246877,20971520,2621440,8,5605,3741
1512529091398089,1512529091401721,20971520,2621440,8,5774,3632
1512529091552978,1512529091556735,20971520,2621440,8,5581,3757
1512529091707981,1512529091711709,20971520,2621440,8,5625,3728
1512529091863073,1512529091866797,20971520,2621440,8,5631,3724
1512529092018180,1512529092021882,20971520,2621440,8,5664,3702
1512529092173347,1512529092176975,20971520,2621440,8,5780,3628
1512529092327909,1512529092331569,20971520,2621440,8,5729,3660
1512529092482402,1512529092486179,20971520,2621440,8,5552,3777
1512529092637018,1512529092640797,20971520,2621440,8,5549,3779
1512529092791697,1512529092795471,20971520,2621440,8,5556,3774
1512529092946453,1512529092950204,20971520,2621440,8,5590,3751
1512529093101125,1512529093104878,20971520,2621440,8,5587,3753
1512529093255846,1512529093259533,20971520,2621440,8,5687,3687
1512529093410349,1512529093414116,20971520,2621440,8,5567,3767
1512529093564795,1512529093568471,20971520,2621440,8,5704,3676
1512529093719782,1512529093723428,20971520,2621440,8,5751,3646
1512529093874215,1512529093877990,20971520,2621440,8,5555,3775
1512529094028961,1512529094032732,20971520,2621440,8,5561,3771
1512529094183584,1512529094187233,20971520,2621440,8,5747,3649
1512529094337987,1512529094341757,20971520,2621440,8,5562,3770
1512529094493051,1512529094496703,20971520,2621440,8,5742,3652
1512529094647527,1512529094651277,20971520,2621440,8,5592,3750
1512529094802264,1512529094805987,20971520,2621440,8,5632,3723
1512529094956781,1512529094960482,20971520,2621440,8,5666,3701
1512529095111409,1512529095115100,20971520,2621440,8,5681,3691
1512529095265969,1512529095269607,20971520,2621440,8,5764,3638
1512529095420502,1512529095424132,20971520,2621440,8,5777,3630
1512529095575045,1512529095578784,20971520,2621440,8,5608,3739
1512529095729665,1512529095733360,20971520,2621440,8,5675,3695
1512529095884095,1512529095887726,20971520,2621440,8,5775,3631
1512529096038610,1512529096042368,20971520,2621440,8,5580,3758
1512529096193116,1512529096196896,20971520,2621440,8,5548,3780
1512529096347767,1512529096351360,20971520,2621440,8,5836,3593
1512529096502289,1512529096505750,20971520,2621440,8,6059,3461
1512529096656561,1512529096660095,20971520,2621440,8,5934,3534
1512529096811398,1512529096815013,20971520,2621440,8,5801,3615
1512529096966014,1512529096969774,20971520,2621440,8,5577,3760
1512529097120570,1512529097124198,20971520,2621440,8,5780,3628
1512529097275065,1512529097278808,20971520,2621440,8,5602,3743
1512529097429749,1512529097433423,20971520,2621440,8,5708,3674
1512529097584174,1512529097587776,20971520,2621440,8,5822,3602
1512529097738664,1512529097742295,20971520,2621440,8,5775,3631
1512529097893181,1512529097896757,20971520,2621440,8,5864,3576
1512529098047545,1512529098051244,20971520,2621440,8,5669,3699
1512529098202007,1512529098205718,20971520,2621440,8,5651,3711
1512529098356799,1512529098360415,20971520,2621440,8,5799,3616
1512529098511294,1512529098515076,20971520,2621440,8,5545,3782
1512529098665995,1512529098669721,20971520,2621440,8,5628,3726
1512529098820748,1512529098824383,20971520,2621440,8,5769,3635
1512529098975378,1512529098979143,20971520,2621440,8,5570,3765
1512529099130096,1512529099133770,20971520,2621440,8,5708,3674
1512529099284783,1512529099288492,20971520,2621440,8,5654,3709
1512529099439359,1512529099443105,20971520,2621440,8,5598,3746
1512529099593980,1512529099597737,20971520,2621440,8,5581,3757
1512529099748851,1512529099752499,20971520,2621440,8,5748,3648
1512529099903398,1512529099907086,20971520,2621440,8,5686,3688
1512529100058395,1512529100062142,20971520,2621440,8,5596,3747
1512529100213023,1512529100216569,20971520,2621440,8,5914,3546
1512529100367585,1512529100371262,20971520,2621440,8,5703,3677
1512529100522190,1512529100525867,20971520,2621440,8,5703,3677
1512529100676896,1512529100680517,20971520,2621440,8,5791,3621
1512529100831666,1512529100835306,20971520,2621440,8,5761,3640
1512529100986305,1512529100989868,20971520,2621440,8,5885,3563
1512529101140773,1512529101144534,20971520,2621440,8,5576,3761
1512529101295335,1512529101298974,20971520,2621440,8,5762,3639
1512529101449742,1512529101453448,20971520,2621440,8,5658,3706
1512529101604251,1512529101608033,20971520,2621440,8,5545,3782
1512529101758955,1512529101762704,20971520,2621440,8,5593,3749
1512529101913672,1512529101917396,20971520,2621440,8,5631,3724
1512529102072210,1512529102075921,20971520,2621440,8,5651,3711
1512529102231056,1512529102234768,20971520,2621440,8,5649,3712
1512529102389702,1512529102393445,20971520,2621440,8,5602,3743
1512529102548366,1512529102552136,20971520,2621440,8,5562,3770
1512529102706899,1512529102710574,20971520,2621440,8,5706,3675
1512529102865382,1512529102869047,20971520,2621440,8,5722,3665
1512529103024074,1512529103027785,20971520,2621440,8,5651,3711
1512529103182593,1512529103186325,20971520,2621440,8,5619,3732
1512529103341284,1512529103344952,20971520,2621440,8,5717,3668
1512529103497758,1512529103501553,20971520,2621440,8,5526,3795
1512529103652766,1512529103656506,20971520,2621440,8,5607,3740
1512529103807647,1512529103811423,20971520,2621440,8,5553,3776
1512529103962802,1512529103966506,20971520,2621440,8,5661,3704
1512529104117613,1512529104121329,20971520,2621440,8,5643,3716
1512529104272610,1512529104276314,20971520,2621440,8,5661,3704
1512529104427477,1512529104431256,20971520,2621440,8,5549,3779
1512529104582352,1512529104586089,20971520,2621440,8,5611,3737
1512529104737332,1512529104741068,20971520,2621440,8,5613,3736
1512529104892186,1512529104895865,20971520,2621440,8,5700,3679
1512529105047067,1512529105050770,20971520,2621440,8,5663,3703
1512529105201860,1512529105205389,20971520,2621440,8,5942,3529
1512529105356564,1512529105360273,20971520,2621440,8,5654,3709
1512529105511507,1512529105515214,20971520,2621440,8,5657,3707
1512529105666460,1512529105670168,20971520,2621440,8,5655,3708
