1512430114717280,1512430114736678,20971520,1310720,16,1081,19398
1512430114888986,1512430114904418,20971520,1310720,16,1358,15432
1512430115050998,1512430115066363,20971520,1310720,16,1364,15365
1512430115212672,1512430115228035,20971520,1310720,16,1365,15363
1512430115376240,1512430115391688,20971520,1310720,16,1357,15448
1512430115537670,1512430115552997,20971520,1310720,16,1368,15327
1512430115699630,1512430115714979,20971520,1310720,16,1366,15349
1512430115860964,1512430115876322,20971520,1310720,16,1365,15358
1512430116022156,1512430116037491,20971520,1310720,16,1367,15335
1512430116182875,1512430116198130,20971520,1310720,16,1374,15255
1512430116343891,1512430116359270,20971520,1310720,16,1363,15379
1512430116504934,1512430116520343,20971520,1310720,16,1360,15409
1512430116666347,1512430116681722,20971520,1310720,16,1364,15375
1512430116827353,1512430116842676,20971520,1310720,16,1368,15323
1512430116989133,1512430117004415,20971520,1310720,16,1372,15282
1512430117149967,1512430117165320,20971520,1310720,16,1365,15353
1512430117310826,1512430117326136,20971520,1310720,16,1369,15310
1512430117472142,1512430117487456,20971520,1310720,16,1369,15314
1512430117633147,1512430117648437,20971520,1310720,16,1371,15290
1512430117793939,1512430117809267,20971520,1310720,16,1368,15328
1512430117954822,1512430117970215,20971520,1310720,16,1362,15393
1512430118116003,1512430118131393,20971520,1310720,16,1362,15390
1512430118276442,1512430118291684,20971520,1310720,16,1375,15242
1512430118437012,1512430118452414,20971520,1310720,16,1361,15402
1512430118598086,1512430118613480,20971520,1310720,16,1362,15394
1512430118759883,1512430118775240,20971520,1310720,16,1365,15357
1512430118920779,1512430118936164,20971520,1310720,16,1363,15385
1512430119081462,1512430119096826,20971520,1310720,16,1364,15364
1512430119241992,1512430119257299,20971520,1310720,16,1370,15307
1512430119402616,1512430119417975,20971520,1310720,16,1365,15359
1512430119563221,1512430119578563,20971520,1310720,16,1366,15342
1512430119723554,1512430119738860,20971520,1310720,16,1370,15306
1512430119883827,1512430119899242,20971520,1310720,16,1360,15415
1512430120044146,1512430120059510,20971520,1310720,16,1364,15364
1512430120204606,1512430120219920,20971520,1310720,16,1369,15314
1512430120365742,1512430120381119,20971520,1310720,16,1363,15377
1512430120526226,1512430120541408,20971520,1310720,16,1381,15182
1512430120686678,1512430120702090,20971520,1310720,16,1360,15412
1512430120847909,1512430120863327,20971520,1310720,16,1360,15418
1512430121008903,1512430121024275,20971520,1310720,16,1364,15372
1512430121169280,1512430121184679,20971520,1310720,16,1361,15399
1512430121330719,1512430121346002,20971520,1310720,16,1372,15283
1512430121491924,1512430121507320,20971520,1310720,16,1362,15396
1512430121652857,1512430121668158,20971520,1310720,16,1370,15301
1512430121813465,1512430121828770,20971520,1310720,16,1370,15305
1512430121974166,1512430121989490,20971520,1310720,16,1368,15324
1512430122134274,1512430122149551,20971520,1310720,16,1372,15277
1512430122294455,1512430122309776,20971520,1310720,16,1368,15321
1512430122455169,1512430122470561,20971520,1310720,16,1362,15392
1512430122615825,1512430122631123,20971520,1310720,16,1370,15298
1512430122776285,1512430122791559,20971520,1310720,16,1373,15274
1512430122936538,1512430122951884,20971520,1310720,16,1366,15346
1512430123097366,1512430123112730,20971520,1310720,16,1364,15364
1512430123258933,1512430123274325,20971520,1310720,16,1362,15392
1512430123419849,1512430123435234,20971520,1310720,16,1363,15385
1512430123580877,1512430123596205,20971520,1310720,16,1368,15328
1512430123741410,1512430123756725,20971520,1310720,16,1369,15315
1512430123902058,1512430123917291,20971520,1310720,16,1376,15233
1512430124062294,1512430124077536,20971520,1310720,16,1375,15242
1512430124222933,1512430124238188,20971520,1310720,16,1374,15255
1512430124383320,1512430124398580,20971520,1310720,16,1374,15260
1512430124543056,1512430124558433,20971520,1310720,16,1363,15377
1512430124703500,1512430124718706,20971520,1310720,16,1379,15206
1512430124863559,1512430124878853,20971520,1310720,16,1371,15294
1512430125024046,1512430125039360,20971520,1310720,16,1369,15314
1512430125184986,1512430125200168,20971520,1310720,16,1381,15182
1512430125346004,1512430125361382,20971520,1310720,16,1363,15378
1512430125506304,1512430125521522,20971520,1310720,16,1378,15218
1512430125666318,1512430125681528,20971520,1310720,16,1378,15210
1512430125827133,1512430125842567,20971520,1310720,16,1358,15434
1512430125987183,1512430126002385,20971520,1310720,16,1379,15202
1512430126147336,1512430126162513,20971520,1310720,16,1381,15177
1512430126307705,1512430126323009,20971520,1310720,16,1370,15304
1512430126467577,1512430126482902,20971520,1310720,16,1368,15325
1512430126628016,1512430126643316,20971520,1310720,16,1370,15300
1512430126789346,1512430126804703,20971520,1310720,16,1365,15357
1512430126950912,1512430126966338,20971520,1310720,16,1359,15426
1512430127111457,1512430127126702,20971520,1310720,16,1375,15245
1512430127272187,1512430127287404,20971520,1310720,16,1378,15217
1512430127433321,1512430127448597,20971520,1310720,16,1372,15276
1512430127593770,1512430127609029,20971520,1310720,16,1374,15259
1512430127753772,1512430127769081,20971520,1310720,16,1369,15309
1512430127914051,1512430127929449,20971520,1310720,16,1361,15398
1512430128075694,1512430128091100,20971520,1310720,16,1361,15406
1512430128236465,1512430128251842,20971520,1310720,16,1363,15377
1512430128397094,1512430128412410,20971520,1310720,16,1369,15316
1512430128557348,1512430128572547,20971520,1310720,16,1379,15199
1512430128718725,1512430128734107,20971520,1310720,16,1363,15382
1512430128879856,1512430128895228,20971520,1310720,16,1364,15372
1512430129041692,1512430129057082,20971520,1310720,16,1362,15390
1512430129204410,1512430129219629,20971520,1310720,16,1377,15219
1512430129365281,1512430129380667,20971520,1310720,16,1363,15386
1512430129525818,1512430129541174,20971520,1310720,16,1365,15356
1512430129685791,1512430129701136,20971520,1310720,16,1366,15345
1512430129846957,1512430129862163,20971520,1310720,16,1379,15206
1512430130008537,1512430130023930,20971520,1310720,16,1362,15393
1512430130170156,1512430130185518,20971520,1310720,16,1365,15362
1512430130331041,1512430130346395,20971520,1310720,16,1365,15354
1512430130492057,1512430130507452,20971520,1310720,16,1362,15395
1512430130652566,1512430130667831,20971520,1310720,16,1373,15265
1512430130813562,1512430130828838,20971520,1310720,16,1372,15276
1512430130973890,1512430130989257,20971520,1310720,16,1364,15367
1512430131134828,1512430131150249,20971520,1310720,16,1359,15421
1512430131296295,1512430131311631,20971520,1310720,16,1367,15336
1512430131456365,1512430131471652,20971520,1310720,16,1371,15287
1512430131616682,1512430131632078,20971520,1310720,16,1362,15396
1512430131777624,1512430131792996,20971520,1310720,16,1364,15372
1512430131938679,1512430131953904,20971520,1310720,16,1377,15225
1512430132099192,1512430132114565,20971520,1310720,16,1364,15373
1512430132260274,1512430132275527,20971520,1310720,16,1374,15253
1512430132421131,1512430132436546,20971520,1310720,16,1360,15415
1512430132581450,1512430132596832,20971520,1310720,16,1363,15382
1512430132741925,1512430132757242,20971520,1310720,16,1369,15317
1512430132902692,1512430132918084,20971520,1310720,16,1362,15392
1512430133063903,1512430133079282,20971520,1310720,16,1363,15379
1512430133224690,1512430133239910,20971520,1310720,16,1377,15220
1512430133385408,1512430133400583,20971520,1310720,16,1381,15175
1512430133545798,1512430133561098,20971520,1310720,16,1370,15300
1512430133706800,1512430133722032,20971520,1310720,16,1376,15232
1512430133868080,1512430133883461,20971520,1310720,16,1363,15381
1512430134029400,1512430134044617,20971520,1310720,16,1378,15217
1512430134189757,1512430134205121,20971520,1310720,16,1364,15364
1512430134350410,1512430134365703,20971520,1310720,16,1371,15293
1512430134511607,1512430134526881,20971520,1310720,16,1373,15274
1512430134672401,1512430134687787,20971520,1310720,16,1363,15386
1512430134833628,1512430134849011,20971520,1310720,16,1363,15383
1512430134995118,1512430135010270,20971520,1310720,16,1384,15152
1512430135155286,1512430135170667,20971520,1310720,16,1363,15381
1512430135316239,1512430135331627,20971520,1310720,16,1362,15388
1512430135477279,1512430135493155,20971520,1310720,16,1320,15876
1512430135638504,1512430135654378,20971520,1310720,16,1321,15874
1512430135800393,1512430135816150,20971520,1310720,16,1330,15757
1512430135961939,1512430135977833,20971520,1310720,16,1319,15894
1512430136122991,1512430136138853,20971520,1310720,16,1322,15862
1512430136284261,1512430136300041,20971520,1310720,16,1328,15780
1512430136445221,1512430136461084,20971520,1310720,16,1322,15863
1512430136606686,1512430136622573,20971520,1310720,16,1320,15887
1512430136769339,1512430136785252,20971520,1310720,16,1317,15913
1512430136931183,1512430136946872,20971520,1310720,16,1336,15689
1512430137092067,1512430137107842,20971520,1310720,16,1329,15775
1512430137254247,1512430137270102,20971520,1310720,16,1322,15855
1512430137415877,1512430137431729,20971520,1310720,16,1322,15852
1512430137577418,1512430137593247,20971520,1310720,16,1324,15829
1512430137739428,1512430137755162,20971520,1310720,16,1332,15734
1512430137901154,1512430137916947,20971520,1310720,16,1327,15793
1512430138062199,1512430138078057,20971520,1310720,16,1322,15858
1512430138224450,1512430138240340,20971520,1310720,16,1319,15890
1512430138386128,1512430138401984,20971520,1310720,16,1322,15856
1512430138547790,1512430138563649,20971520,1310720,16,1322,15859
1512430138709978,1512430138725835,20971520,1310720,16,1322,15857
1512430138871587,1512430138887426,20971520,1310720,16,1324,15839
1512430139033624,1512430139049351,20971520,1310720,16,1333,15727
1512430139196011,1512430139211872,20971520,1310720,16,1322,15861
1512430139357096,1512430139372904,20971520,1310720,16,1326,15808
1512430139519396,1512430139535015,20971520,1310720,16,1342,15619
1512430139680728,1512430139696554,20971520,1310720,16,1325,15826
1512430139842475,1512430139858282,20971520,1310720,16,1326,15807
1512430140003846,1512430140019679,20971520,1310720,16,1324,15833
1512430140165657,1512430140181457,20971520,1310720,16,1327,15800
1512430140327061,1512430140342828,20971520,1310720,16,1330,15767
1512430140488275,1512430140504127,20971520,1310720,16,1322,15852
1512430140649381,1512430140665045,20971520,1310720,16,1338,15664
1512430140810679,1512430140826541,20971520,1310720,16,1322,15862
1512430140972376,1512430140988225,20971520,1310720,16,1323,15849
1512430141133909,1512430141149803,20971520,1310720,16,1319,15894
1512430141295542,1512430141311284,20971520,1310720,16,1332,15742
1512430141457659,1512430141473430,20971520,1310720,16,1329,15771
1512430141619290,1512430141634979,20971520,1310720,16,1336,15689
1512430141780527,1512430141796296,20971520,1310720,16,1329,15769
1512430141942766,1512430141958504,20971520,1310720,16,1332,15738
1512430142104178,1512430142120080,20971520,1310720,16,1318,15902
1512430142265241,1512430142281029,20971520,1310720,16,1328,15788
1512430142426411,1512430142442179,20971520,1310720,16,1330,15768
1512430142588450,1512430142604286,20971520,1310720,16,1324,15836
1512430142749791,1512430142765545,20971520,1310720,16,1331,15754
1512430142911252,1512430142927034,20971520,1310720,16,1328,15782
1512430143072704,1512430143088583,20971520,1310720,16,1320,15879
1512430143234618,1512430143250416,20971520,1310720,16,1327,15798
1512430143396633,1512430143412540,20971520,1310720,16,1318,15907
1512430143557986,1512430143573673,20971520,1310720,16,1336,15687
1512430143718905,1512430143734774,20971520,1310720,16,1321,15869
1512430143880547,1512430143896123,20971520,1310720,16,1346,15576
1512430144041944,1512430144057836,20971520,1310720,16,1319,15892
1512430144203409,1512430144219023,20971520,1310720,16,1343,15614
1512430144364994,1512430144380761,20971520,1310720,16,1330,15767
1512430144526226,1512430144541996,20971520,1310720,16,1329,15770
1512430144687621,1512430144703391,20971520,1310720,16,1329,15770
1512430144849255,1512430144865029,20971520,1310720,16,1329,15774
1512430145010779,1512430145026563,20971520,1310720,16,1328,15784
1512430145172445,1512430145188333,20971520,1310720,16,1319,15888
1512430145334199,1512430145349944,20971520,1310720,16,1331,15745
1512430145495293,1512430145511152,20971520,1310720,16,1322,15859
1512430145657025,1512430145672798,20971520,1310720,16,1329,15773
1512430145818948,1512430145834612,20971520,1310720,16,1338,15664
1512430145979731,1512430145995508,20971520,1310720,16,1329,15777
1512430146140927,1512430146156773,20971520,1310720,16,1323,15846
1512430146302290,1512430146317904,20971520,1310720,16,1343,15614
1512430146463891,1512430146479787,20971520,1310720,16,1319,15896
1512430146625640,1512430146641482,20971520,1310720,16,1323,15842
1512430146787312,1512430146802966,20971520,1310720,16,1339,15654
1512430146948963,1512430146964752,20971520,1310720,16,1328,15789
1512430147110069,1512430147125765,20971520,1310720,16,1336,15696
1512430147271569,1512430147287357,20971520,1310720,16,1328,15788
1512430147432991,1512430147448870,20971520,1310720,16,1320,15879
1512430147595019,1512430147610887,20971520,1310720,16,1321,15868
1512430147756683,1512430147772382,20971520,1310720,16,1335,15699
1512430147918419,1512430147934281,20971520,1310720,16,1322,15862
1512430148080419,1512430148096127,20971520,1310720,16,1335,15708
1512430148241632,1512430148257477,20971520,1310720,16,1323,15845
1512430148403975,1512430148419818,20971520,1310720,16,1323,15843
1512430148565382,1512430148581141,20971520,1310720,16,1330,15759
1512430148727032,1512430148742854,20971520,1310720,16,1325,15822
1512430148888980,1512430148904754,20971520,1310720,16,1329,15774
1512430149050871,1512430149066752,20971520,1310720,16,1320,15881
1512430149212289,1512430149228066,20971520,1310720,16,1329,15777
1512430149374075,1512430149389935,20971520,1310720,16,1322,15860
1512430149535675,1512430149551555,20971520,1310720,16,1320,15880
1512430149697470,1512430149713221,20971520,1310720,16,1331,15751
1512430149859078,1512430149874869,20971520,1310720,16,1328,15791
1512430150020227,1512430150035856,20971520,1310720,16,1341,15629
1512430150181578,1512430150197357,20971520,1310720,16,1329,15779
1512430150342727,1512430150358556,20971520,1310720,16,1324,15829
1512430150504062,1512430150519846,20971520,1310720,16,1328,15784
1512430150665550,1512430150681528,20971520,1310720,16,1312,15978
1512430150827800,1512430150843645,20971520,1310720,16,1323,15845
1512430150989326,1512430151005200,20971520,1310720,16,1321,15874
1512430151151158,1512430151167053,20971520,1310720,16,1319,15895
1512430151313501,1512430151329394,20971520,1310720,16,1319,15893
1512430151476087,1512430151491841,20971520,1310720,16,1331,15754
1512430151637684,1512430151653518,20971520,1310720,16,1324,15834
1512430151800358,1512430151816112,20971520,1310720,16,1331,15754
1512430151962250,1512430151978062,20971520,1310720,16,1326,15812
1512430152124076,1512430152139858,20971520,1310720,16,1328,15782
1512430152285557,1512430152301225,20971520,1310720,16,1338,15668
1512430152446780,1512430152462664,20971520,1310720,16,1320,15884
1512430152608675,1512430152624561,20971520,1310720,16,1320,15886
1512430152770306,1512430152786103,20971520,1310720,16,1327,15797
1512430152932469,1512430152948181,20971520,1310720,16,1334,15712
1512430153094145,1512430153109921,20971520,1310720,16,1329,15776
1512430153255576,1512430153271280,20971520,1310720,16,1335,15704
1512430153417166,1512430153433070,20971520,1310720,16,1318,15904
1512430153579410,1512430153595209,20971520,1310720,16,1327,15799
1512430153741306,1512430153757080,20971520,1310720,16,1329,15774
1512430153902488,1512430153918321,20971520,1310720,16,1324,15833
1512430154063545,1512430154079329,20971520,1310720,16,1328,15784
1512430154224392,1512430154240187,20971520,1310720,16,1327,15795
1512430154386528,1512430154402375,20971520,1310720,16,1323,15847
1512430154549077,1512430154564844,20971520,1310720,16,1330,15767
1512430154711720,1512430154727557,20971520,1310720,16,1324,15837
1512430154873894,1512430154889774,20971520,1310720,16,1320,15880
1512430155035272,1512430155051075,20971520,1310720,16,1327,15803
1512430155197529,1512430155213414,20971520,1310720,16,1320,15885
1512430155359150,1512430155374855,20971520,1310720,16,1335,15705
1512430155520927,1512430155536704,20971520,1310720,16,1329,15777
1512430155683258,1512430155699042,20971520,1310720,16,1328,15784
1512430155845603,1512430155861422,20971520,1310720,16,1325,15819
1512430156006842,1512430156022695,20971520,1310720,16,1322,15853
1512430156168146,1512430156183436,20971520,1310720,16,1371,15290
1512430156329788,1512430156345204,20971520,1310720,16,1360,15416
1512430156491103,1512430156506467,20971520,1310720,16,1364,15364
1512430156652751,1512430156668046,20971520,1310720,16,1371,15295
1512430156813208,1512430156828606,20971520,1310720,16,1361,15398
1512430156973718,1512430156989020,20971520,1310720,16,1370,15302
1512430157134376,1512430157149792,20971520,1310720,16,1360,15416
1512430157294793,1512430157309986,20971520,1310720,16,1380,15193
1512430157455703,1512430157471055,20971520,1310720,16,1366,15352
1512430157616569,1512430157631857,20971520,1310720,16,1371,15288
1512430157777922,1512430157793305,20971520,1310720,16,1363,15383
1512430157939376,1512430157954784,20971520,1310720,16,1361,15408
1512430158100599,1512430158115801,20971520,1310720,16,1379,15202
1512430158261452,1512430158276830,20971520,1310720,16,1363,15378
1512430158423696,1512430158439095,20971520,1310720,16,1361,15399
1512430158584914,1512430158600308,20971520,1310720,16,1362,15394
1512430158746767,1512430158762137,20971520,1310720,16,1364,15370
1512430158907903,1512430158923279,20971520,1310720,16,1363,15376
1512430159069009,1512430159084360,20971520,1310720,16,1366,15351
1512430159232701,1512430159248170,20971520,1310720,16,1355,15469
1512430159395760,1512430159411179,20971520,1310720,16,1360,15419
1512430159556805,1512430159572191,20971520,1310720,16,1363,15386
1512430159717495,1512430159732781,20971520,1310720,16,1371,15286
1512430159878588,1512430159893888,20971520,1310720,16,1370,15300
1512430160039986,1512430160055423,20971520,1310720,16,1358,15437
1512430160201104,1512430160216449,20971520,1310720,16,1366,15345
1512430160362343,1512430160377624,20971520,1310720,16,1372,15281
1512430160523094,1512430160538537,20971520,1310720,16,1357,15443
1512430160684545,1512430160699819,20971520,1310720,16,1373,15274
1512430160845213,1512430160860627,20971520,1310720,16,1360,15414
1512430161006422,1512430161021832,20971520,1310720,16,1360,15410
1512430161167693,1512430161183121,20971520,1310720,16,1359,15428
1512430161329102,1512430161344580,20971520,1310720,16,1354,15478
1512430161491396,1512430161506847,20971520,1310720,16,1357,15451
1512430161652423,1512430161667883,20971520,1310720,16,1356,15460
1512430161813535,1512430161828942,20971520,1310720,16,1361,15407
1512430161974678,1512430161990103,20971520,1310720,16,1359,15425
1512430162135342,1512430162150807,20971520,1310720,16,1356,15465
1512430162295984,1512430162311374,20971520,1310720,16,1362,15390
1512430162456843,1512430162472287,20971520,1310720,16,1357,15444
1512430162618287,1512430162633716,20971520,1310720,16,1359,15429
1512430162779353,1512430162794725,20971520,1310720,16,1364,15372
1512430162940570,1512430162955926,20971520,1310720,16,1365,15356
1512430163101732,1512430163116975,20971520,1310720,16,1375,15243
1512430163262489,1512430163277861,20971520,1310720,16,1364,15372
1512430163423774,1512430163439073,20971520,1310720,16,1370,15299
1512430163584290,1512430163599663,20971520,1310720,16,1364,15373
1512430163744189,1512430163759559,20971520,1310720,16,1364,15370
1512430163905219,1512430163920610,20971520,1310720,16,1362,15391
1512430164066052,1512430164081409,20971520,1310720,16,1365,15357
1512430164226369,1512430164241801,20971520,1310720,16,1358,15432
1512430164386356,1512430164401677,20971520,1310720,16,1368,15321
1512430164547344,1512430164562738,20971520,1310720,16,1362,15394
1512430164707543,1512430164722940,20971520,1310720,16,1362,15397
1512430164868717,1512430164884114,20971520,1310720,16,1362,15397
1512430165029127,1512430165044490,20971520,1310720,16,1365,15363
1512430165190168,1512430165205554,20971520,1310720,16,1363,15386
1512430165350416,1512430165365790,20971520,1310720,16,1364,15374
1512430165510991,1512430165526301,20971520,1310720,16,1369,15310
1512430165671631,1512430165686904,20971520,1310720,16,1373,15273
1512430165832232,1512430165847547,20971520,1310720,16,1369,15315
1512430165992540,1512430166007943,20971520,1310720,16,1361,15403
1512430166153146,1512430166168531,20971520,1310720,16,1363,15385
1512430166314009,1512430166329336,20971520,1310720,16,1368,15327
1512430166474482,1512430166489796,20971520,1310720,16,1369,15314
1512430166634555,1512430166649877,20971520,1310720,16,1368,15322
1512430166794629,1512430166809938,20971520,1310720,16,1369,15309
1512430166954755,1512430166970131,20971520,1310720,16,1363,15376
1512430167116087,1512430167131414,20971520,1310720,16,1368,15327
1512430167276471,1512430167291775,20971520,1310720,16,1370,15304
1512430167436751,1512430167451893,20971520,1310720,16,1384,15142
1512430167597083,1512430167612362,20971520,1310720,16,1372,15279
1512430167758218,1512430167773522,20971520,1310720,16,1370,15304
1512430167919777,1512430167935071,20971520,1310720,16,1371,15294
1512430168080429,1512430168095825,20971520,1310720,16,1362,15396
1512430168241005,1512430168256223,20971520,1310720,16,1378,15218
1512430168401590,1512430168416997,20971520,1310720,16,1361,15407
1512430168563131,1512430168578540,20971520,1310720,16,1360,15409
1512430168723923,1512430168739191,20971520,1310720,16,1373,15268
1512430168884942,1512430168900353,20971520,1310720,16,1360,15411
1512430169045998,1512430169061260,20971520,1310720,16,1374,15262
1512430169206670,1512430169221884,20971520,1310720,16,1378,15214
1512430169367059,1512430169382444,20971520,1310720,16,1363,15385
1512430169527945,1512430169543302,20971520,1310720,16,1365,15357
1512430169689471,1512430169704756,20971520,1310720,16,1372,15285
1512430169850449,1512430169865813,20971520,1310720,16,1364,15364
1512430170012024,1512430170027127,20971520,1310720,16,1388,15103
1512430170172646,1512430170187778,20971520,1310720,16,1385,15132
1512430170333287,1512430170348671,20971520,1310720,16,1363,15384
1512430170494353,1512430170509637,20971520,1310720,16,1372,15284
1512430170654826,1512430170670135,20971520,1310720,16,1369,15309
1512430170815883,1512430170831275,20971520,1310720,16,1362,15392
1512430170976592,1512430170991904,20971520,1310720,16,1369,15312
1512430171137486,1512430171152907,20971520,1310720,16,1359,15421
1512430171298653,1512430171313807,20971520,1310720,16,1383,15154
1512430171458936,1512430171474285,20971520,1310720,16,1366,15349
1512430171619345,1512430171634674,20971520,1310720,16,1368,15329
1512430171779930,1512430171795121,20971520,1310720,16,1380,15191
1512430171940377,1512430171955697,20971520,1310720,16,1368,15320
1512430172100991,1512430172116293,20971520,1310720,16,1370,15302
1512430172261718,1512430172276943,20971520,1310720,16,1377,15225
1512430172422406,1512430172437736,20971520,1310720,16,1368,15330
1512430172583135,1512430172598509,20971520,1310720,16,1364,15374
1512430172744016,1512430172759360,20971520,1310720,16,1366,15344
1512430172904815,1512430172919919,20971520,1310720,16,1388,15104
1512430173065623,1512430173080971,20971520,1310720,16,1366,15348
1512430173226589,1512430173241954,20971520,1310720,16,1364,15365
1512430173388265,1512430173403636,20971520,1310720,16,1364,15371
1512430173548672,1512430173563967,20971520,1310720,16,1371,15295
1512430173708636,1512430173724007,20971520,1310720,16,1364,15371
1512430173869112,1512430173884518,20971520,1310720,16,1361,15406
1512430174029324,1512430174044603,20971520,1310720,16,1372,15279
1512430174190706,1512430174205989,20971520,1310720,16,1372,15283
1512430174351460,1512430174366860,20971520,1310720,16,1361,15400
1512430174512762,1512430174527971,20971520,1310720,16,1378,15209
1512430174672962,1512430174688346,20971520,1310720,16,1363,15384
1512430174833860,1512430174849237,20971520,1310720,16,1363,15377
1512430174994366,1512430175009731,20971520,1310720,16,1364,15365
1512430175155269,1512430175170627,20971520,1310720,16,1365,15358
1512430175315740,1512430175331043,20971520,1310720,16,1370,15303
1512430175475741,1512430175491041,20971520,1310720,16,1370,15300
1512430175636340,1512430175651718,20971520,1310720,16,1363,15378
1512430175797964,1512430175813328,20971520,1310720,16,1364,15364
1512430175959103,1512430175974499,20971520,1310720,16,1362,15396
1512430176120359,1512430176135662,20971520,1310720,16,1370,15303
1512430176281695,1512430176296890,20971520,1310720,16,1380,15195
1512430176442796,1512430176457989,20971520,1310720,16,1380,15193
1512430176603788,1512430176619090,20971520,1310720,16,1370,15302
1512430176764632,1512430176780017,20971520,1310720,16,1363,15385
1512430176925441,1512430176940831,20971520,1310720,16,1362,15390
1512430177086626,1512430177101956,20971520,1310720,16,1368,15330
1512430177247651,1512430177263060,20971520,1310720,16,1360,15409
1512430177409225,1512430177424533,20971520,1310720,16,1369,15308
1512430177569965,1512430177585343,20971520,1310720,16,1363,15378
1512430177730509,1512430177745894,20971520,1310720,16,1363,15385
1512430177891495,1512430177906876,20971520,1310720,16,1363,15381
1512430178051861,1512430178067217,20971520,1310720,16,1365,15356
1512430178213351,1512430178228546,20971520,1310720,16,1380,15195
1512430178374725,1512430178389938,20971520,1310720,16,1378,15213
1512430178535791,1512430178550992,20971520,1310720,16,1379,15201
1512430178696542,1512430178711835,20971520,1310720,16,1371,15293
1512430178857055,1512430178872428,20971520,1310720,16,1364,15373
1512430179018076,1512430179033126,20971520,1310720,16,1393,15050
1512430179178813,1512430179194035,20971520,1310720,16,1377,15222
1512430179339339,1512430179354746,20971520,1310720,16,1361,15407
1512430179499863,1512430179515064,20971520,1310720,16,1379,15201
1512430179660994,1512430179676064,20971520,1310720,16,1391,15070
1512430179821832,1512430179837139,20971520,1310720,16,1370,15307
1512430179982467,1512430179997697,20971520,1310720,16,1376,15230
1512430180143411,1512430180158605,20971520,1310720,16,1380,15194
1512430180304355,1512430180319726,20971520,1310720,16,1364,15371
1512430180465207,1512430180480623,20971520,1310720,16,1360,15416
1512430180625300,1512430180640657,20971520,1310720,16,1365,15357
1512430180786226,1512430180801593,20971520,1310720,16,1364,15367
1512430180946618,1512430180961940,20971520,1310720,16,1368,15322
1512430181107251,1512430181122551,20971520,1310720,16,1370,15300
1512430181267804,1512430181283095,20971520,1310720,16,1371,15291
1512430181428450,1512430181443602,20971520,1310720,16,1384,15152
1512430181588867,1512430181604088,20971520,1310720,16,1377,15221
1512430181750320,1512430181765567,20971520,1310720,16,1375,15247
1512430181910658,1512430181926062,20971520,1310720,16,1361,15404
1512430182071075,1512430182086360,20971520,1310720,16,1372,15285
1512430182232577,1512430182247964,20971520,1310720,16,1362,15387
1512430182393517,1512430182408839,20971520,1310720,16,1368,15322
1512430182554258,1512430182569436,20971520,1310720,16,1381,15178
1512430182715412,1512430182730618,20971520,1310720,16,1379,15206
1512430182876034,1512430182891404,20971520,1310720,16,1364,15370
1512430183037373,1512430183052582,20971520,1310720,16,1378,15209
1512430183198268,1512430183213617,20971520,1310720,16,1366,15349
1512430183359377,1512430183374767,20971520,1310720,16,1362,15390
1512430183520509,1512430183535737,20971520,1310720,16,1377,15228
1512430183680645,1512430183696055,20971520,1310720,16,1360,15410
1512430183842030,1512430183857335,20971520,1310720,16,1370,15305
1512430184002763,1512430184017899,20971520,1310720,16,1385,15136
1512430184163112,1512430184178449,20971520,1310720,16,1367,15337
1512430184323854,1512430184339110,20971520,1310720,16,1374,15256
1512430184484549,1512430184499765,20971520,1310720,16,1378,15216
1512430184645007,1512430184660351,20971520,1310720,16,1366,15344
1512430184805451,1512430184820707,20971520,1310720,16,1374,15256
1512430184965873,1512430184981178,20971520,1310720,16,1370,15305
1512430185126688,1512430185141908,20971520,1310720,16,1377,15220
1512430185287052,1512430185302452,20971520,1310720,16,1361,15400
1512430185447417,1512430185462701,20971520,1310720,16,1372,15284
1512430185607961,1512430185623278,20971520,1310720,16,1369,15317
1512430185768507,1512430185783897,20971520,1310720,16,1362,15390
1512430185929880,1512430185945145,20971520,1310720,16,1373,15265
1512430186090874,1512430186106138,20971520,1310720,16,1373,15264
1512430186252016,1512430186267409,20971520,1310720,16,1362,15393
1512430186412434,1512430186427838,20971520,1310720,16,1361,15404
1512430186573545,1512430186588939,20971520,1310720,16,1362,15394
1512430186734093,1512430186749346,20971520,1310720,16,1374,15253
1512430186895172,1512430186910581,20971520,1310720,16,1360,15409
1512430187055798,1512430187070834,20971520,1310720,16,1394,15036
1512430187216005,1512430187231375,20971520,1310720,16,1364,15370
1512430187377736,1512430187393135,20971520,1310720,16,1361,15399
1512430187538615,1512430187553926,20971520,1310720,16,1369,15311
1512430187699262,1512430187714653,20971520,1310720,16,1362,15391
1512430187860226,1512430187875633,20971520,1310720,16,1361,15407
1512430188022099,1512430188037533,20971520,1310720,16,1358,15434
1512430188182505,1512430188197807,20971520,1310720,16,1370,15302
1512430188343495,1512430188358812,20971520,1310720,16,1369,15317
1512430188503885,1512430188519178,20971520,1310720,16,1371,15293
1512430188665137,1512430188680399,20971520,1310720,16,1374,15262
1512430188825442,1512430188840825,20971520,1310720,16,1363,15383
1512430188986252,1512430189001569,20971520,1310720,16,1369,15317
1512430189146945,1512430189162324,20971520,1310720,16,1363,15379
1512430189308139,1512430189323523,20971520,1310720,16,1363,15384
1512430189469602,1512430189484763,20971520,1310720,16,1383,15161
1512430189629823,1512430189645030,20971520,1310720,16,1379,15207
1512430189790522,1512430189805867,20971520,1310720,16,1366,15345
1512430189952110,1512430189967519,20971520,1310720,16,1360,15409
1512430190113243,1512430190128632,20971520,1310720,16,1362,15389
1512430190274440,1512430190289763,20971520,1310720,16,1368,15323
1512430190435338,1512430190450720,20971520,1310720,16,1363,15382
1512430190595968,1512430190611362,20971520,1310720,16,1362,15394
1512430190756649,1512430190772025,20971520,1310720,16,1363,15376
1512430190917565,1512430190932913,20971520,1310720,16,1366,15348
1512430191078241,1512430191093626,20971520,1310720,16,1363,15385
1512430191238577,1512430191253940,20971520,1310720,16,1365,15363
1512430191399695,1512430191414982,20971520,1310720,16,1371,15287
1512430191559938,1512430191575221,20971520,1310720,16,1372,15283
1512430191720723,1512430191736141,20971520,1310720,16,1360,15418
1512430191881789,1512430191897096,20971520,1310720,16,1370,15307
1512430192042583,1512430192057892,20971520,1310720,16,1369,15309
1512430192203632,1512430192218908,20971520,1310720,16,1372,15276
1512430192364346,1512430192379651,20971520,1310720,16,1370,15305
1512430192525202,1512430192540512,20971520,1310720,16,1369,15310
1512430192686909,1512430192702224,20971520,1310720,16,1369,15315
1512430192847971,1512430192863226,20971520,1310720,16,1374,15255
1512430193008521,1512430193023732,20971520,1310720,16,1378,15211
1512430193169298,1512430193184686,20971520,1310720,16,1362,15388
1512430193330052,1512430193345240,20971520,1310720,16,1380,15188
1512430193490958,1512430193506245,20971520,1310720,16,1371,15287
1512430193651245,1512430193666626,20971520,1310720,16,1363,15381
1512430193811979,1512430193827284,20971520,1310720,16,1370,15305
1512430193972144,1512430193987351,20971520,1310720,16,1379,15207
1512430194132275,1512430194147705,20971520,1310720,16,1359,15430
1512430194292994,1512430194308380,20971520,1310720,16,1363,15386
1512430194453595,1512430194468905,20971520,1310720,16,1369,15310
1512430194613766,1512430194629138,20971520,1310720,16,1364,15372
1512430194774351,1512430194789559,20971520,1310720,16,1378,15208
1512430194934566,1512430194949976,20971520,1310720,16,1360,15410
1512430195095605,1512430195110886,20971520,1310720,16,1372,15281
1512430195255981,1512430195271355,20971520,1310720,16,1364,15374
1512430195416939,1512430195431985,20971520,1310720,16,1393,15046
1512430195577974,1512430195593211,20971520,1310720,16,1376,15237
1512430195738863,1512430195754104,20971520,1310720,16,1375,15241
1512430195899246,1512430195914645,20971520,1310720,16,1361,15399
1512430196060251,1512430196075435,20971520,1310720,16,1381,15184
1512430196220737,1512430196236156,20971520,1310720,16,1360,15419
1512430196382349,1512430196397749,20971520,1310720,16,1361,15400
1512430196542803,1512430196558191,20971520,1310720,16,1362,15388
1512430196705061,1512430196720421,20971520,1310720,16,1365,15360
1512430196865914,1512430196881147,20971520,1310720,16,1376,15233
1512430197027322,1512430197042628,20971520,1310720,16,1370,15306
1512430197187748,1512430197203140,20971520,1310720,16,1362,15392
1512430197348341,1512430197363717,20971520,1310720,16,1363,15376
1512430197508914,1512430197524175,20971520,1310720,16,1374,15261
1512430197670157,1512430197685471,20971520,1310720,16,1369,15314
1512430197831218,1512430197846589,20971520,1310720,16,1364,15371
1512430197992119,1512430198007394,20971520,1310720,16,1372,15275
1512430198154290,1512430198169570,20971520,1310720,16,1372,15280
1512430198315350,1512430198330708,20971520,1310720,16,1365,15358
1512430198476760,1512430198492068,20971520,1310720,16,1369,15308
1512430198638203,1512430198653514,20971520,1310720,16,1369,15311
1512430198798959,1512430198814239,20971520,1310720,16,1372,15280
1512430198959531,1512430198974935,20971520,1310720,16,1361,15404
1512430199120169,1512430199135466,20971520,1310720,16,1370,15297
1512430199281663,1512430199296850,20971520,1310720,16,1380,15187
1512430199442338,1512430199457731,20971520,1310720,16,1362,15393
1512430199603506,1512430199618878,20971520,1310720,16,1364,15372
1512430199765086,1512430199780455,20971520,1310720,16,1364,15369
1512430199925803,1512430199941133,20971520,1310720,16,1368,15330
1512430200086759,1512430200102017,20971520,1310720,16,1374,15258
1512430200247568,1512430200262996,20971520,1310720,16,1359,15428
1512430200408567,1512430200423967,20971520,1310720,16,1361,15400
1512430200569326,1512430200584738,20971520,1310720,16,1360,15412
1512430200730602,1512430200745978,20971520,1310720,16,1363,15376
1512430200891458,1512430200906712,20971520,1310720,16,1374,15254
1512430201052246,1512430201067518,20971520,1310720,16,1373,15272
1512430201213716,1512430201228993,20971520,1310720,16,1372,15277
1512430201374418,1512430201389709,20971520,1310720,16,1371,15291
1512430201535354,1512430201550685,20971520,1310720,16,1367,15331
1512430201696087,1512430201711330,20971520,1310720,16,1375,15243
1512430201857824,1512430201873110,20971520,1310720,16,1371,15286
1512430202018524,1512430202033944,20971520,1310720,16,1360,15420
1512430202178706,1512430202193973,20971520,1310720,16,1373,15267
1512430202339739,1512430202355122,20971520,1310720,16,1363,15383
1512430202501057,1512430202516215,20971520,1310720,16,1383,15158
1512430202661748,1512430202677088,20971520,1310720,16,1367,15340
1512430202822437,1512430202837707,20971520,1310720,16,1373,15270
1512430202982929,1512430202998244,20971520,1310720,16,1369,15315
1512430203143581,1512430203158965,20971520,1310720,16,1363,15384
1512430203304536,1512430203319841,20971520,1310720,16,1370,15305
1512430203464942,1512430203480135,20971520,1310720,16,1380,15193
1512430203625029,1512430203640228,20971520,1310720,16,1379,15199
1512430203785720,1512430203801030,20971520,1310720,16,1369,15310
1512430203946910,1512430203962135,20971520,1310720,16,1377,15225
1512430204107537,1512430204122825,20971520,1310720,16,1371,15288
1512430204268382,1512430204283736,20971520,1310720,16,1365,15354
1512430204428689,1512430204444047,20971520,1310720,16,1365,15358
1512430204589524,1512430204604839,20971520,1310720,16,1369,15315
1512430204749942,1512430204765276,20971520,1310720,16,1367,15334
1512430204911083,1512430204926376,20971520,1310720,16,1371,15293
1512430205071966,1512430205087236,20971520,1310720,16,1373,15270
1512430205232462,1512430205247679,20971520,1310720,16,1378,15217
1512430205392826,1512430205408226,20971520,1310720,16,1361,15400
1512430205553217,1512430205568527,20971520,1310720,16,1369,15310
1512430205714418,1512430205729726,20971520,1310720,16,1369,15308
1512430205875815,1512430205891159,20971520,1310720,16,1366,15344
1512430206037361,1512430206052742,20971520,1310720,16,1363,15381
1512430206198772,1512430206214114,20971520,1310720,16,1366,15342
1512430206360187,1512430206375495,20971520,1310720,16,1369,15308
1512430206520792,1512430206536154,20971520,1310720,16,1365,15362
1512430206681448,1512430206696644,20971520,1310720,16,1380,15196
1512430206842754,1512430206858170,20971520,1310720,16,1360,15416
1512430207004537,1512430207019891,20971520,1310720,16,1365,15354
1512430207165111,1512430207180463,20971520,1310720,16,1366,15352
1512430207325883,1512430207341183,20971520,1310720,16,1370,15300
1512430207487179,1512430207502561,20971520,1310720,16,1363,15382
1512430207648612,1512430207664040,20971520,1310720,16,1359,15428
1512430207808972,1512430207824228,20971520,1310720,16,1374,15256
1512430207970294,1512430207985664,20971520,1310720,16,1364,15370
1512430208131228,1512430208146615,20971520,1310720,16,1362,15387
1512430208291993,1512430208307281,20971520,1310720,16,1371,15288
1512430208452769,1512430208468152,20971520,1310720,16,1363,15383
1512430208613908,1512430208629199,20971520,1310720,16,1371,15291
1512430208775271,1512430208790562,20971520,1310720,16,1371,15291
1512430208936140,1512430208951424,20971520,1310720,16,1372,15284
1512430209097279,1512430209112558,20971520,1310720,16,1372,15279
1512430209258040,1512430209273216,20971520,1310720,16,1381,15176
1512430209420424,1512430209435601,20971520,1310720,16,1381,15177
1512430209581458,1512430209596838,20971520,1310720,16,1363,15380
1512430209742860,1512430209758059,20971520,1310720,16,1379,15199
1512430209904173,1512430209919528,20971520,1310720,16,1365,15355
1512430210064783,1512430210080204,20971520,1310720,16,1359,15421
1512430210226339,1512430210241706,20971520,1310720,16,1364,15367
1512430210387539,1512430210402802,20971520,1310720,16,1374,15263
1512430210548713,1512430210564147,20971520,1310720,16,1358,15434
1512430210710648,1512430210726016,20971520,1310720,16,1364,15368
1512430210871772,1512430210887092,20971520,1310720,16,1368,15320
1512430211033318,1512430211048687,20971520,1310720,16,1364,15369
1512430211194738,1512430211210036,20971520,1310720,16,1370,15298
1512430211355984,1512430211371267,20971520,1310720,16,1372,15283
1512430211516648,1512430211531939,20971520,1310720,16,1371,15291
1512430211677586,1512430211692938,20971520,1310720,16,1366,15352
1512430211838684,1512430211854062,20971520,1310720,16,1363,15378
1512430211999922,1512430212015304,20971520,1310720,16,1363,15382
1512430212160575,1512430212175917,20971520,1310720,16,1366,15342
1512430212321131,1512430212336441,20971520,1310720,16,1369,15310
1512430212481508,1512430212496812,20971520,1310720,16,1370,15304
1512430212643694,1512430212658948,20971520,1310720,16,1374,15254
1512430212804282,1512430212819662,20971520,1310720,16,1363,15380
1512430212965561,1512430212980932,20971520,1310720,16,1364,15371
1512430213126388,1512430213141742,20971520,1310720,16,1365,15354
1512430213287280,1512430213302555,20971520,1310720,16,1372,15275
1512430213448743,1512430213464090,20971520,1310720,16,1366,15347
1512430213609898,1512430213625147,20971520,1310720,16,1375,15249
1512430213771377,1512430213786535,20971520,1310720,16,1383,15158
1512430213932674,1512430213948048,20971520,1310720,16,1364,15374
1512430214093599,1512430214108914,20971520,1310720,16,1369,15315
1512430214254054,1512430214269457,20971520,1310720,16,1361,15403
1512430214415218,1512430214430520,20971520,1310720,16,1370,15302
1512430214576085,1512430214591365,20971520,1310720,16,1372,15280
1512430214736759,1512430214752134,20971520,1310720,16,1364,15375
1512430214898136,1512430214913514,20971520,1310720,16,1363,15378
1512430215058808,1512430215074116,20971520,1310720,16,1369,15308
1512430215219669,1512430215235072,20971520,1310720,16,1361,15403
1512430215379878,1512430215395301,20971520,1310720,16,1359,15423
1512430215543167,1512430215558499,20971520,1310720,16,1367,15332
1512430215705449,1512430215720755,20971520,1310720,16,1370,15306
1512430215866320,1512430215881594,20971520,1310720,16,1373,15274
1512430216027268,1512430216042625,20971520,1310720,16,1365,15357
1512430216188928,1512430216204324,20971520,1310720,16,1362,15396
1512430216351220,1512430216366578,20971520,1310720,16,1365,15358
1512430216512424,1512430216527710,20971520,1310720,16,1371,15286
1512430216673136,1512430216688340,20971520,1310720,16,1379,15204
1512430216834222,1512430216849570,20971520,1310720,16,1366,15348
1512430216994747,1512430217010024,20971520,1310720,16,1372,15277
1512430217155925,1512430217171322,20971520,1310720,16,1362,15397
1512430217317547,1512430217332944,20971520,1310720,16,1362,15397
1512430217477681,1512430217493000,20971520,1310720,16,1368,15319
1512430217638369,1512430217653735,20971520,1310720,16,1364,15366
1512430217799464,1512430217814849,20971520,1310720,16,1363,15385
1512430217960383,1512430217975712,20971520,1310720,16,1368,15329
1512430218120546,1512430218135676,20971520,1310720,16,1386,15130
1512430218281440,1512430218296813,20971520,1310720,16,1364,15373
1512430218442622,1512430218458028,20971520,1310720,16,1361,15406
1512430218604427,1512430218619815,20971520,1310720,16,1362,15388
1512430218765598,1512430218780895,20971520,1310720,16,1370,15297
1512430218927125,1512430218942438,20971520,1310720,16,1369,15313
1512430219087807,1512430219103214,20971520,1310720,16,1361,15407
1512430219249435,1512430219264736,20971520,1310720,16,1370,15301
1512430219409996,1512430219425391,20971520,1310720,16,1362,15395
1512430219571028,1512430219586345,20971520,1310720,16,1369,15317
1512430219732293,1512430219747511,20971520,1310720,16,1378,15218
1512430219893764,1512430219909047,20971520,1310720,16,1372,15283
1512430220054353,1512430220069634,20971520,1310720,16,1372,15281
1512430220215518,1512430220230885,20971520,1310720,16,1364,15367
1512430220377007,1512430220392402,20971520,1310720,16,1362,15395
1512430220538275,1512430220553498,20971520,1310720,16,1377,15223
1512430220699651,1512430220715020,20971520,1310720,16,1364,15369
1512430220860651,1512430220875941,20971520,1310720,16,1371,15290
1512430221021915,1512430221037141,20971520,1310720,16,1377,15226
1512430221182364,1512430221197772,20971520,1310720,16,1361,15408
1512430221344361,1512430221359779,20971520,1310720,16,1360,15418
1512430221505751,1512430221521058,20971520,1310720,16,1370,15307
1512430221667501,1512430221682901,20971520,1310720,16,1361,15400
1512430221828753,1512430221844047,20971520,1310720,16,1371,15294
1512430221989428,1512430222004643,20971520,1310720,16,1378,15215
1512430222150201,1512430222165500,20971520,1310720,16,1370,15299
1512430222311474,1512430222326802,20971520,1310720,16,1368,15328
1512430222472528,1512430222487867,20971520,1310720,16,1367,15339
1512430222633728,1512430222649103,20971520,1310720,16,1364,15375
1512430222794071,1512430222809371,20971520,1310720,16,1370,15300
1512430222954634,1512430222969992,20971520,1310720,16,1365,15358
1512430223115693,1512430223131047,20971520,1310720,16,1365,15354
1512430223276779,1512430223292167,20971520,1310720,16,1362,15388
1512430223437751,1512430223453102,20971520,1310720,16,1366,15351
1512430223600455,1512430223615814,20971520,1310720,16,1365,15359
1512430223765014,1512430223780457,20971520,1310720,16,1357,15443
1512430223929413,1512430223944729,20971520,1310720,16,1369,15316
1512430224093128,1512430224108507,20971520,1310720,16,1363,15379
1512430224256703,1512430224272110,20971520,1310720,16,1361,15407
1512430224420792,1512430224436262,20971520,1310720,16,1355,15470
1512430224585176,1512430224600640,20971520,1310720,16,1356,15464
1512430224749339,1512430224764840,20971520,1310720,16,1352,15501
1512430224914207,1512430224929648,20971520,1310720,16,1358,15441
1512430225078630,1512430225094134,20971520,1310720,16,1352,15504
1512430225243050,1512430225258413,20971520,1310720,16,1365,15363
1512430225406649,1512430225421991,20971520,1310720,16,1366,15342
1512430225566944,1512430225582383,20971520,1310720,16,1358,15439
1512430225727497,1512430225742820,20971520,1310720,16,1368,15323
1512430225888109,1512430225903404,20971520,1310720,16,1371,15295
1512430226049240,1512430226064569,20971520,1310720,16,1368,15329
1512430226209652,1512430226225079,20971520,1310720,16,1359,15427
1512430226370824,1512430226386122,20971520,1310720,16,1370,15298
1512430226531979,1512430226547396,20971520,1310720,16,1360,15417
1512430226692252,1512430226707515,20971520,1310720,16,1374,15263
1512430226853615,1512430226868980,20971520,1310720,16,1364,15365
1512430227014945,1512430227030338,20971520,1310720,16,1362,15393
1512430227176176,1512430227191360,20971520,1310720,16,1381,15184
1512430227337325,1512430227352528,20971520,1310720,16,1379,15203
1512430227497421,1512430227512772,20971520,1310720,16,1366,15351
1512430227657905,1512430227673268,20971520,1310720,16,1365,15363
1512430227818991,1512430227834333,20971520,1310720,16,1366,15342
1512430227979053,1512430227994442,20971520,1310720,16,1362,15389
1512430228140025,1512430228155406,20971520,1310720,16,1363,15381
1512430228300859,1512430228316265,20971520,1310720,16,1361,15406
1512430228462069,1512430228477455,20971520,1310720,16,1363,15386
1512430228622666,1512430228637905,20971520,1310720,16,1376,15239
1512430228783046,1512430228798334,20971520,1310720,16,1371,15288
1512430228943825,1512430228959142,20971520,1310720,16,1369,15317
1512430229104378,1512430229119559,20971520,1310720,16,1381,15181
1512430229264726,1512430229280034,20971520,1310720,16,1369,15308
1512430229425497,1512430229440848,20971520,1310720,16,1366,15351
1512430229586401,1512430229601684,20971520,1310720,16,1372,15283
1512430229746870,1512430229762239,20971520,1310720,16,1364,15369
1512430229907289,1512430229922471,20971520,1310720,16,1381,15182
1512430230067278,1512430230082585,20971520,1310720,16,1370,15307
1512430230227832,1512430230243197,20971520,1310720,16,1364,15365
1512430230388197,1512430230403589,20971520,1310720,16,1362,15392
1512430230548947,1512430230564169,20971520,1310720,16,1377,15222
1512430230708983,1512430230724278,20971520,1310720,16,1371,15295
1512430230869212,1512430230884595,20971520,1310720,16,1363,15383
1512430231029880,1512430231045277,20971520,1310720,16,1362,15397
1512430231190315,1512430231205476,20971520,1310720,16,1383,15161
1512430231350772,1512430231366194,20971520,1310720,16,1359,15422
1512430231511440,1512430231526806,20971520,1310720,16,1364,15366
1512430231671510,1512430231686769,20971520,1310720,16,1374,15259
1512430231832329,1512430231847663,20971520,1310720,16,1367,15334
1512430231992850,1512430232008191,20971520,1310720,16,1367,15341
1512430232153530,1512430232168812,20971520,1310720,16,1372,15282
1512430232313900,1512430232329191,20971520,1310720,16,1371,15291
1512430232474352,1512430232489375,20971520,1310720,16,1395,15023
1512430232634360,1512430232649768,20971520,1310720,16,1361,15408
1512430232794584,1512430232809873,20971520,1310720,16,1371,15289
1512430232956057,1512430232971460,20971520,1310720,16,1361,15403
1512430233116646,1512430233131879,20971520,1310720,16,1376,15233
1512430233277353,1512430233292748,20971520,1310720,16,1362,15395
1512430233438413,1512430233453771,20971520,1310720,16,1365,15358
1512430233598566,1512430233613791,20971520,1310720,16,1377,15225
1512430233758132,1512430233773511,20971520,1310720,16,1363,15379
1512430233918812,1512430233934099,20971520,1310720,16,1371,15287
1512430234079123,1512430234094489,20971520,1310720,16,1364,15366
1512430234239853,1512430234255049,20971520,1310720,16,1380,15196
1512430234400410,1512430234415678,20971520,1310720,16,1373,15268
1512430234560864,1512430234576165,20971520,1310720,16,1370,15301
1512430234721418,1512430234736782,20971520,1310720,16,1364,15364
1512430234882052,1512430234897369,20971520,1310720,16,1369,15317
1512430235042556,1512430235057918,20971520,1310720,16,1365,15362
1512430235203236,1512430235218571,20971520,1310720,16,1367,15335
1512430235363259,1512430235378561,20971520,1310720,16,1370,15302
1512430235523804,1512430235539064,20971520,1310720,16,1374,15260
1512430235684421,1512430235699612,20971520,1310720,16,1380,15191
1512430235844756,1512430235859911,20971520,1310720,16,1383,15155
1512430236006032,1512430236021401,20971520,1310720,16,1364,15369
1512430236166863,1512430236182275,20971520,1310720,16,1360,15412
1512430236327769,1512430236343045,20971520,1310720,16,1372,15276
1512430236488343,1512430236503614,20971520,1310720,16,1373,15271
1512430236649138,1512430236664433,20971520,1310720,16,1371,15295
1512430236810309,1512430236825600,20971520,1310720,16,1371,15291
1512430236971099,1512430236986215,20971520,1310720,16,1387,15116
1512430237131743,1512430237147142,20971520,1310720,16,1361,15399
1512430237292595,1512430237307976,20971520,1310720,16,1363,15381
1512430237453756,1512430237468985,20971520,1310720,16,1377,15229
1512430237614335,1512430237629623,20971520,1310720,16,1371,15288
1512430237774866,1512430237790239,20971520,1310720,16,1364,15373
1512430237935715,1512430237951068,20971520,1310720,16,1365,15353
1512430238096129,1512430238111547,20971520,1310720,16,1360,15418
1512430238257441,1512430238272692,20971520,1310720,16,1375,15251
1512430238417970,1512430238433320,20971520,1310720,16,1366,15350
1512430238578634,1512430238593921,20971520,1310720,16,1371,15287
1512430238740151,1512430238755437,20971520,1310720,16,1371,15286
1512430238900444,1512430238915845,20971520,1310720,16,1361,15401
1512430239061447,1512430239076667,20971520,1310720,16,1377,15220
1512430239222117,1512430239237328,20971520,1310720,16,1378,15211
1512430239383504,1512430239398868,20971520,1310720,16,1364,15364
1512430239544115,1512430239559447,20971520,1310720,16,1367,15332
1512430239705435,1512430239720828,20971520,1310720,16,1362,15393
1512430239867074,1512430239882468,20971520,1310720,16,1362,15394
1512430240027818,1512430240043220,20971520,1310720,16,1361,15402
1512430240188937,1512430240204188,20971520,1310720,16,1375,15251
1512430240350607,1512430240365993,20971520,1310720,16,1363,15386
1512430240511429,1512430240526657,20971520,1310720,16,1377,15228
1512430240672197,1512430240687532,20971520,1310720,16,1367,15335
1512430240833558,1512430240848809,20971520,1310720,16,1375,15251
1512430240995299,1512430241010572,20971520,1310720,16,1373,15273
1512430241156191,1512430241171559,20971520,1310720,16,1364,15368
1512430241317328,1512430241332700,20971520,1310720,16,1364,15372
1512430241478792,1512430241494067,20971520,1310720,16,1372,15275
1512430241639659,1512430241655013,20971520,1310720,16,1365,15354
1512430241799941,1512430241815350,20971520,1310720,16,1360,15409
1512430241960718,1512430241976072,20971520,1310720,16,1365,15354
1512430242122036,1512430242137345,20971520,1310720,16,1369,15309
1512430242283331,1512430242298591,20971520,1310720,16,1374,15260
1512430242444945,1512430242460196,20971520,1310720,16,1375,15251
1512430242605848,1512430242621206,20971520,1310720,16,1365,15358
1512430242767335,1512430242782695,20971520,1310720,16,1365,15360
1512430242928136,1512430242943436,20971520,1310720,16,1370,15300
1512430243090129,1512430243105431,20971520,1310720,16,1370,15302
1512430243250479,1512430243265854,20971520,1310720,16,1364,15375
1512430243411107,1512430243426512,20971520,1310720,16,1361,15405
1512430243571657,1512430243587026,20971520,1310720,16,1364,15369
1512430243732619,1512430243748005,20971520,1310720,16,1363,15386
1512430243893589,1512430243908956,20971520,1310720,16,1364,15367
1512430244055157,1512430244070551,20971520,1310720,16,1362,15394
1512430244216282,1512430244231691,20971520,1310720,16,1360,15409
1512430244377637,1512430244393032,20971520,1310720,16,1362,15395
1512430244538847,1512430244554230,20971520,1310720,16,1363,15383
1512430244699808,1512430244715160,20971520,1310720,16,1366,15352
1512430244860877,1512430244876196,20971520,1310720,16,1368,15319
1512430245021915,1512430245037303,20971520,1310720,16,1362,15388
1512430245183604,1512430245198901,20971520,1310720,16,1370,15297
1512430245344593,1512430245359966,20971520,1310720,16,1364,15373
1512430245505825,1512430245521009,20971520,1310720,16,1381,15184
1512430245666796,1512430245682151,20971520,1310720,16,1365,15355
1512430245828123,1512430245843410,20971520,1310720,16,1371,15287
1512430245989223,1512430246004630,20971520,1310720,16,1361,15407
1512430246149889,1512430246165176,20971520,1310720,16,1371,15287
1512430246311306,1512430246326686,20971520,1310720,16,1363,15380
1512430246472395,1512430246487734,20971520,1310720,16,1367,15339
1512430246633279,1512430246648576,20971520,1310720,16,1370,15297
1512430246793944,1512430246809259,20971520,1310720,16,1369,15315
1512430246954909,1512430246970306,20971520,1310720,16,1362,15397
1512430247116279,1512430247131629,20971520,1310720,16,1366,15350
1512430247277592,1512430247292897,20971520,1310720,16,1370,15305
1512430247438825,1512430247454109,20971520,1310720,16,1372,15284
1512430247599834,1512430247615244,20971520,1310720,16,1360,15410
1512430247761131,1512430247776529,20971520,1310720,16,1361,15398
1512430247921897,1512430247937293,20971520,1310720,16,1362,15396
1512430248082966,1512430248098350,20971520,1310720,16,1363,15384
1512430248244992,1512430248260420,20971520,1310720,16,1359,15428
1512430248406553,1512430248421945,20971520,1310720,16,1362,15392
1512430248567665,1512430248583008,20971520,1310720,16,1366,15343
1512430248728937,1512430248744330,20971520,1310720,16,1362,15393
1512430248890198,1512430248905558,20971520,1310720,16,1365,15360
1512430249051373,1512430249066791,20971520,1310720,16,1360,15418
1512430249213045,1512430249228430,20971520,1310720,16,1363,15385
1512430249375010,1512430249390304,20971520,1310720,16,1371,15294
1512430249536076,1512430249551424,20971520,1310720,16,1366,15348
1512430249696686,1512430249712096,20971520,1310720,16,1360,15410
1512430249857910,1512430249873274,20971520,1310720,16,1364,15364
1512430250019289,1512430250034590,20971520,1310720,16,1370,15301
1512430250180087,1512430250195447,20971520,1310720,16,1365,15360
1512430250341069,1512430250356443,20971520,1310720,16,1364,15374
1512430250502332,1512430250517609,20971520,1310720,16,1372,15277
1512430250663201,1512430250678588,20971520,1310720,16,1362,15387
1512430250824866,1512430250840214,20971520,1310720,16,1366,15348
1512430250985514,1512430251000761,20971520,1310720,16,1375,15247
1512430251146745,1512430251162130,20971520,1310720,16,1363,15385
1512430251308298,1512430251323604,20971520,1310720,16,1370,15306
1512430251469387,1512430251484715,20971520,1310720,16,1368,15328
1512430251630720,1512430251646079,20971520,1310720,16,1365,15359
1512430251792076,1512430251807463,20971520,1310720,16,1362,15387
1512430251953195,1512430251968519,20971520,1310720,16,1368,15324
1512430252114644,1512430252129912,20971520,1310720,16,1373,15268
1512430252275717,1512430252291078,20971520,1310720,16,1365,15361
1512430252436477,1512430252451743,20971520,1310720,16,1373,15266
1512430252597437,1512430252612765,20971520,1310720,16,1368,15328
1512430252758925,1512430252774318,20971520,1310720,16,1362,15393
1512430252919716,1512430252934829,20971520,1310720,16,1387,15113
1512430253079972,1512430253095280,20971520,1310720,16,1369,15308
1512430253241084,1512430253256445,20971520,1310720,16,1365,15361
1512430253403248,1512430253418611,20971520,1310720,16,1365,15363
1512430253565078,1512430253580459,20971520,1310720,16,1363,15381
1512430253725805,1512430253741111,20971520,1310720,16,1370,15306
1512430253886944,1512430253902300,20971520,1310720,16,1365,15356
1512430254047443,1512430254062728,20971520,1310720,16,1372,15285
1512430254208781,1512430254224157,20971520,1310720,16,1363,15376
1512430254370621,1512430254385799,20971520,1310720,16,1381,15178
1512430254530916,1512430254546308,20971520,1310720,16,1362,15392
1512430254691661,1512430254706982,20971520,1310720,16,1368,15321
1512430254852439,1512430254867735,20971520,1310720,16,1371,15296
1512430255013215,1512430255028511,20971520,1310720,16,1371,15296
1512430255174395,1512430255189594,20971520,1310720,16,1379,15199
1512430255335344,1512430255350546,20971520,1310720,16,1379,15202
1512430255496333,1512430255511736,20971520,1310720,16,1361,15403
1512430255657095,1512430255672441,20971520,1310720,16,1366,15346
1512430255818455,1512430255833565,20971520,1310720,16,1387,15110
1512430255979500,1512430255994836,20971520,1310720,16,1367,15336
1512430256140343,1512430256155700,20971520,1310720,16,1365,15357
1512430256301397,1512430256316718,20971520,1310720,16,1368,15321
1512430256462380,1512430256477664,20971520,1310720,16,1372,15284
1512430256623142,1512430256638539,20971520,1310720,16,1362,15397
1512430256784466,1512430256799854,20971520,1310720,16,1362,15388
1512430256945883,1512430256961184,20971520,1310720,16,1370,15301
1512430257106118,1512430257121410,20971520,1310720,16,1371,15292
1512430257266985,1512430257282328,20971520,1310720,16,1366,15343
1512430257427917,1512430257443320,20971520,1310720,16,1361,15403
1512430257588616,1512430257603926,20971520,1310720,16,1369,15310
1512430257750801,1512430257766215,20971520,1310720,16,1360,15414
1512430257911765,1512430257927065,20971520,1310720,16,1370,15300
1512430258073004,1512430258088159,20971520,1310720,16,1383,15155
1512430258234032,1512430258249419,20971520,1310720,16,1362,15387
1512430258394691,1512430258409993,20971520,1310720,16,1370,15302
1512430258554677,1512430258569902,20971520,1310720,16,1377,15225
1512430258715366,1512430258730650,20971520,1310720,16,1372,15284
1512430258876319,1512430258891527,20971520,1310720,16,1378,15208
1512430259037380,1512430259052779,20971520,1310720,16,1361,15399
1512430259197827,1512430259213130,20971520,1310720,16,1370,15303
1512430259358598,1512430259373991,20971520,1310720,16,1362,15393
1512430259518976,1512430259534260,20971520,1310720,16,1372,15284
1512430259679639,1512430259695020,20971520,1310720,16,1363,15381
1512430259840053,1512430259855156,20971520,1310720,16,1388,15103
1512430260000418,1512430260016592,20971520,1310720,16,1296,16174
1512430260162462,1512430260177723,20971520,1310720,16,1374,15261
1512430260323422,1512430260338811,20971520,1310720,16,1362,15389
1512430260485316,1512430260500714,20971520,1310720,16,1361,15398
1512430260646194,1512430260661604,20971520,1310720,16,1360,15410
1512430260807353,1512430260822702,20971520,1310720,16,1366,15349
1512430260968880,1512430260984064,20971520,1310720,16,1381,15184
1512430261129146,1512430261144483,20971520,1310720,16,1367,15337
1512430261289706,1512430261305033,20971520,1310720,16,1368,15327
1512430261450499,1512430261465649,20971520,1310720,16,1384,15150
1512430261611118,1512430261626334,20971520,1310720,16,1378,15216
1512430261771798,1512430261787190,20971520,1310720,16,1362,15392
1512430261932424,1512430261947827,20971520,1310720,16,1361,15403
1512430262093156,1512430262108496,20971520,1310720,16,1367,15340
1512430262254087,1512430262269459,20971520,1310720,16,1364,15372
1512430262414804,1512430262430196,20971520,1310720,16,1362,15392
1512430262575350,1512430262590764,20971520,1310720,16,1360,15414
1512430262736461,1512430262751815,20971520,1310720,16,1365,15354
1512430262897138,1512430262912458,20971520,1310720,16,1368,15320
1512430263058049,1512430263073343,20971520,1310720,16,1371,15294
1512430263218681,1512430263233994,20971520,1310720,16,1369,15313
1512430263379214,1512430263394593,20971520,1310720,16,1363,15379
1512430263539981,1512430263555345,20971520,1310720,16,1364,15364
1512430263700969,1512430263716321,20971520,1310720,16,1366,15352
1512430263861806,1512430263877119,20971520,1310720,16,1369,15313
1512430264022449,1512430264037861,20971520,1310720,16,1360,15412
1512430264182904,1512430264198285,20971520,1310720,16,1363,15381
1512430264343526,1512430264358921,20971520,1310720,16,1362,15395
1512430264504228,1512430264519651,20971520,1310720,16,1359,15423
1512430264665325,1512430264680573,20971520,1310720,16,1375,15248
1512430264826199,1512430264841510,20971520,1310720,16,1369,15311
1512430264987269,1512430265002508,20971520,1310720,16,1376,15239
1512430265147866,1512430265163083,20971520,1310720,16,1378,15217
1512430265308629,1512430265323936,20971520,1310720,16,1370,15307
1512430265469572,1512430265484837,20971520,1310720,16,1373,15265
1512430265630427,1512430265645727,20971520,1310720,16,1370,15300
1512430265790793,1512430265806190,20971520,1310720,16,1362,15397
1512430265951623,1512430265966917,20971520,1310720,16,1371,15294
1512430266111991,1512430266127374,20971520,1310720,16,1363,15383
1512430266272224,1512430266287577,20971520,1310720,16,1365,15353
1512430266433698,1512430266449080,20971520,1310720,16,1363,15382
1512430266594857,1512430266610277,20971520,1310720,16,1360,15420
1512430266755395,1512430266770777,20971520,1310720,16,1363,15382
1512430266915560,1512430266930871,20971520,1310720,16,1369,15311
1512430267075748,1512430267091071,20971520,1310720,16,1368,15323
1512430267236521,1512430267251724,20971520,1310720,16,1379,15203
1512430267397438,1512430267412802,20971520,1310720,16,1364,15364
1512430267558530,1512430267573899,20971520,1310720,16,1364,15369
1512430267719734,1512430267735102,20971520,1310720,16,1364,15368
1512430267881315,1512430267896679,20971520,1310720,16,1364,15364
1512430268042764,1512430268058160,20971520,1310720,16,1362,15396
1512430268203263,1512430268218550,20971520,1310720,16,1371,15287
1512430268364261,1512430268379361,20971520,1310720,16,1388,15100
1512430268525506,1512430268540878,20971520,1310720,16,1364,15372
1512430268686505,1512430268701840,20971520,1310720,16,1367,15335
1512430268847176,1512430268862555,20971520,1310720,16,1363,15379
1512430269008362,1512430269023572,20971520,1310720,16,1378,15210
1512430269168976,1512430269184347,20971520,1310720,16,1364,15371
1512430269330289,1512430269345608,20971520,1310720,16,1368,15319
1512430269490862,1512430269506243,20971520,1310720,16,1363,15381
1512430269651143,1512430269666410,20971520,1310720,16,1373,15267
1512430269811765,1512430269827006,20971520,1310720,16,1375,15241
1512430269972641,1512430269987976,20971520,1310720,16,1367,15335
1512430270132879,1512430270148258,20971520,1310720,16,1363,15379
1512430270293943,1512430270309314,20971520,1310720,16,1364,15371
1512430270455627,1512430270470934,20971520,1310720,16,1370,15307
1512430270616163,1512430270631443,20971520,1310720,16,1372,15280
1512430270777294,1512430270792698,20971520,1310720,16,1361,15404
1512430270937993,1512430270953272,20971520,1310720,16,1372,15279
1512430271099062,1512430271114473,20971520,1310720,16,1360,15411
1512430271260135,1512430271275506,20971520,1310720,16,1364,15371
1512430271421113,1512430271436407,20971520,1310720,16,1371,15294
1512430271582502,1512430271597823,20971520,1310720,16,1368,15321
1512430271743325,1512430271758557,20971520,1310720,16,1376,15232
1512430271904098,1512430271919374,20971520,1310720,16,1372,15276
1512430272064688,1512430272079797,20971520,1310720,16,1388,15109
1512430272225148,1512430272240511,20971520,1310720,16,1365,15363
1512430272385786,1512430272401074,20971520,1310720,16,1371,15288
1512430272546727,1512430272562119,20971520,1310720,16,1362,15392
1512430272707156,1512430272722515,20971520,1310720,16,1365,15359
1512430272867748,1512430272882952,20971520,1310720,16,1379,15204
1512430273028532,1512430273043937,20971520,1310720,16,1361,15405
1512430273189387,1512430273204776,20971520,1310720,16,1362,15389
1512430273349891,1512430273365285,20971520,1310720,16,1362,15394
1512430273510745,1512430273526033,20971520,1310720,16,1371,15288
1512430273672514,1512430273687937,20971520,1310720,16,1359,15423
1512430273833354,1512430273848742,20971520,1310720,16,1362,15388
1512430273994916,1512430274010189,20971520,1310720,16,1373,15273
1512430274155736,1512430274171135,20971520,1310720,16,1361,15399
1512430274316917,1512430274332235,20971520,1310720,16,1369,15318
1512430274477910,1512430274493319,20971520,1310720,16,1360,15409
1512430274638633,1512430274653922,20971520,1310720,16,1371,15289
1512430274800705,1512430274816003,20971520,1310720,16,1370,15298
1512430274960960,1512430274976341,20971520,1310720,16,1363,15381
1512430275122053,1512430275137381,20971520,1310720,16,1368,15328
1512430275282849,1512430275298215,20971520,1310720,16,1364,15366
1512430275443977,1512430275459308,20971520,1310720,16,1367,15331
1512430275605035,1512430275620443,20971520,1310720,16,1361,15408
