1512421007708378,1512421007796684,134217728,16777216,8,1519,88306
1512421008744297,1512421008835666,134217728,16777216,8,1468,91369
1512421009780696,1512421009870485,134217728,16777216,8,1494,89789
1512421010819537,1512421010909297,134217728,16777216,8,1495,89760
1512421011854872,1512421011944495,134217728,16777216,8,1497,89623
1512421012890827,1512421012980248,134217728,16777216,8,1500,89421
1512421013928252,1512421014017722,134217728,16777216,8,1500,89470
1512421014962534,1512421015052097,134217728,16777216,8,1498,89563
1512421015997353,1512421016085088,134217728,16777216,8,1529,87735
1512421017029190,1512421017118729,134217728,16777216,8,1498,89539
1512421018063396,1512421018153134,134217728,16777216,8,1495,89738
1512421019099448,1512421019189160,134217728,16777216,8,1496,89712
1512421020132984,1512421020222802,134217728,16777216,8,1494,89818
1512421021167297,1512421021257016,134217728,16777216,8,1495,89719
1512421022201941,1512421022291696,134217728,16777216,8,1495,89755
1512421023235459,1512421023323271,134217728,16777216,8,1528,87812
1512421024267942,1512421024357719,134217728,16777216,8,1495,89777
1512421025305805,1512421025393758,134217728,16777216,8,1526,87953
1512421026338872,1512421026428645,134217728,16777216,8,1495,89773
1512421027375907,1512421027465694,134217728,16777216,8,1494,89787
1512421028410637,1512421028500510,134217728,16777216,8,1493,89873
1512421029445413,1512421029535339,134217728,16777216,8,1492,89926
1512421030480942,1512421030568834,134217728,16777216,8,1527,87892
1512421031514942,1512421031604898,134217728,16777216,8,1492,89956
1512421032553111,1512421032642908,134217728,16777216,8,1494,89797
1512421033589378,1512421033679277,134217728,16777216,8,1492,89899
1512421034636261,1512421034726235,134217728,16777216,8,1491,89974
1512421035691472,1512421035781764,134217728,16777216,8,1486,90292
1512421036729290,1512421036819530,134217728,16777216,8,1487,90240
1512421037767898,1512421037858020,134217728,16777216,8,1489,90122
1512421038807108,1512421038897267,134217728,16777216,8,1488,90159
1512421039843840,1512421039933765,134217728,16777216,8,1492,89925
1512421040883313,1512421040973333,134217728,16777216,8,1490,90020
1512421041918371,1512421042008380,134217728,16777216,8,1491,90009
1512421042959660,1512421043047697,134217728,16777216,8,1524,88037
1512421043994154,1512421044084188,134217728,16777216,8,1490,90034
1512421045029048,1512421045119131,134217728,16777216,8,1489,90083
1512421046066428,1512421046156489,134217728,16777216,8,1490,90061
1512421047103151,1512421047193304,134217728,16777216,8,1488,90153
1512421048140266,1512421048230179,134217728,16777216,8,1492,89913
1512421049175064,1512421049265148,134217728,16777216,8,1489,90084
1512421050211003,1512421050301510,134217728,16777216,8,1482,90507
1512421051248339,1512421051338802,134217728,16777216,8,1483,90463
1512421052285901,1512421052376404,134217728,16777216,8,1483,90503
1512421053325179,1512421053415218,134217728,16777216,8,1490,90039
1512421054360470,1512421054449916,134217728,16777216,8,1500,89446
1512421055396086,1512421055485586,134217728,16777216,8,1499,89500
1512421056429686,1512421056519176,134217728,16777216,8,1499,89490
1512421057464150,1512421057553561,134217728,16777216,8,1501,89411
1512421058501778,1512421058589364,134217728,16777216,8,1532,87586
1512421059534181,1512421059621570,134217728,16777216,8,1535,87389
1512421060566628,1512421060656122,134217728,16777216,8,1499,89494
1512421061600655,1512421061689790,134217728,16777216,8,1505,89135
1512421062634081,1512421062723439,134217728,16777216,8,1502,89358
1512421063668168,1512421063757548,134217728,16777216,8,1501,89380
1512421064700672,1512421064790034,134217728,16777216,8,1501,89362
1512421065733664,1512421065821038,134217728,16777216,8,1536,87374
1512421066765906,1512421066855241,134217728,16777216,8,1502,89335
1512421067801064,1512421067890371,134217728,16777216,8,1502,89307
1512421068835037,1512421068922485,134217728,16777216,8,1534,87448
1512421069867543,1512421069956850,134217728,16777216,8,1502,89307
1512421070900015,1512421070989531,134217728,16777216,8,1499,89516
1512421071932797,1512421072022224,134217728,16777216,8,1500,89427
1512421072965427,1512421073054855,134217728,16777216,8,1500,89428
1512421073998005,1512421074087417,134217728,16777216,8,1501,89412
1512421075032804,1512421075122246,134217728,16777216,8,1500,89442
1512421076067804,1512421076157099,134217728,16777216,8,1503,89295
1512421077100430,1512421077189822,134217728,16777216,8,1501,89392
1512421078132440,1512421078221819,134217728,16777216,8,1501,89379
1512421079167892,1512421079257337,134217728,16777216,8,1500,89445
1512421080200747,1512421080290113,134217728,16777216,8,1501,89366
1512421081234216,1512421081323701,134217728,16777216,8,1499,89485
1512421082268335,1512421082355780,134217728,16777216,8,1534,87445
1512421083299106,1512421083388552,134217728,16777216,8,1500,89446
1512421084331552,1512421084420861,134217728,16777216,8,1502,89309
1512421085365241,1512421085454727,134217728,16777216,8,1499,89486
1512421086398763,1512421086488174,134217728,16777216,8,1501,89411
1512421087432157,1512421087521550,134217728,16777216,8,1501,89393
1512421088466277,1512421088555757,134217728,16777216,8,1499,89480
1512421089499525,1512421089588876,134217728,16777216,8,1502,89351
1512421090533854,1512421090623112,134217728,16777216,8,1503,89258
1512421091566944,1512421091656324,134217728,16777216,8,1501,89380
1512421092602883,1512421092692375,134217728,16777216,8,1499,89492
1512421093636844,1512421093726413,134217728,16777216,8,1498,89569
1512421094672077,1512421094761435,134217728,16777216,8,1502,89358
1512421095706739,1512421095796249,134217728,16777216,8,1499,89510
1512421096749121,1512421096839110,134217728,16777216,8,1491,89989
1512421097804026,1512421097891940,134217728,16777216,8,1526,87914
1512421098837465,1512421098927287,134217728,16777216,8,1494,89822
1512421099890836,1512421099980725,134217728,16777216,8,1493,89889
1512421100928121,1512421101018069,134217728,16777216,8,1492,89948
1512421101964046,1512421102053849,134217728,16777216,8,1494,89803
1512421103000023,1512421103089760,134217728,16777216,8,1495,89737
1512421104035895,1512421104125769,134217728,16777216,8,1493,89874
1512421105071810,1512421105161543,134217728,16777216,8,1495,89733
1512421106109337,1512421106199291,134217728,16777216,8,1492,89954
1512421107145872,1512421107235939,134217728,16777216,8,1490,90067
1512421108182682,1512421108272481,134217728,16777216,8,1494,89799
1512421109218190,1512421109308270,134217728,16777216,8,1489,90080
1512421110253921,1512421110343997,134217728,16777216,8,1490,90076
1512421111290160,1512421111380047,134217728,16777216,8,1493,89887
1512421112325177,1512421112415165,134217728,16777216,8,1491,89988
1512421113360262,1512421113450198,134217728,16777216,8,1492,89936
1512421114395369,1512421114485448,134217728,16777216,8,1490,90079
1512421115429272,1512421115519169,134217728,16777216,8,1493,89897
1512421116463477,1512421116553199,134217728,16777216,8,1495,89722
1512421117499638,1512421117589331,134217728,16777216,8,1496,89693
1512421118534637,1512421118624447,134217728,16777216,8,1494,89810
1512421119569272,1512421119658847,134217728,16777216,8,1498,89575
1512421120603663,1512421120693233,134217728,16777216,8,1498,89570
1512421121638563,1512421121728249,134217728,16777216,8,1496,89686
1512421122673301,1512421122763016,134217728,16777216,8,1496,89715
1512421123709525,1512421123799548,134217728,16777216,8,1490,90023
1512421124745042,1512421124835054,134217728,16777216,8,1491,90012
1512421125781020,1512421125869175,134217728,16777216,8,1522,88155
1512421126815518,1512421126905468,134217728,16777216,8,1492,89950
1512421127851714,1512421127939719,134217728,16777216,8,1525,88005
1512421128885294,1512421128975315,134217728,16777216,8,1490,90021
1512421129922498,1512421130012234,134217728,16777216,8,1495,89736
1512421130957691,1512421131047740,134217728,16777216,8,1490,90049
1512421131992419,1512421132080398,134217728,16777216,8,1525,87979
1512421133027015,1512421133116823,134217728,16777216,8,1494,89808
1512421134061138,1512421134150967,134217728,16777216,8,1494,89829
1512421135096280,1512421135186062,134217728,16777216,8,1494,89782
1512421136131633,1512421136221562,134217728,16777216,8,1492,89929
1512421137168365,1512421137258335,134217728,16777216,8,1491,89970
1512421138205711,1512421138295670,134217728,16777216,8,1491,89959
1512421139239623,1512421139329591,134217728,16777216,8,1491,89968
1512421140272990,1512421140362522,134217728,16777216,8,1499,89532
1512421141306124,1512421141393380,134217728,16777216,8,1538,87256
1512421142337516,1512421142426730,134217728,16777216,8,1504,89214
1512421143374420,1512421143463884,134217728,16777216,8,1500,89464
1512421144408910,1512421144496192,134217728,16777216,8,1537,87282
1512421145442222,1512421145531639,134217728,16777216,8,1501,89417
1512421146479395,1512421146566903,134217728,16777216,8,1533,87508
1512421147512424,1512421147601788,134217728,16777216,8,1501,89364
1512421148545845,1512421148635047,134217728,16777216,8,1504,89202
1512421149580693,1512421149669870,134217728,16777216,8,1505,89177
1512421150616192,1512421150705568,134217728,16777216,8,1501,89376
1512421151650258,1512421151739488,134217728,16777216,8,1504,89230
1512421152684101,1512421152773634,134217728,16777216,8,1499,89533
1512421153719274,1512421153806695,134217728,16777216,8,1535,87421
1512421154753584,1512421154842947,134217728,16777216,8,1501,89363
1512421155789121,1512421155878637,134217728,16777216,8,1499,89516
1512421156824357,1512421156913758,134217728,16777216,8,1501,89401
1512421157859703,1512421157948797,134217728,16777216,8,1506,89094
1512421158893667,1512421158982957,134217728,16777216,8,1503,89290
1512421159928873,1512421160018096,134217728,16777216,8,1504,89223
1512421160963820,1512421161053361,134217728,16777216,8,1498,89541
1512421162000653,1512421162089971,134217728,16777216,8,1502,89318
1512421163036122,1512421163123352,134217728,16777216,8,1538,87230
1512421164087014,1512421164176477,134217728,16777216,8,1500,89463
1512421165129730,1512421165217315,134217728,16777216,8,1532,87585
1512421166164211,1512421166253706,134217728,16777216,8,1499,89495
1512421167199186,1512421167288418,134217728,16777216,8,1504,89232
1512421168234568,1512421168323747,134217728,16777216,8,1505,89179
1512421169269774,1512421169359182,134217728,16777216,8,1501,89408
1512421170305066,1512421170394462,134217728,16777216,8,1501,89396
1512421171338821,1512421171428205,134217728,16777216,8,1501,89384
1512421172374754,1512421172461979,134217728,16777216,8,1538,87225
1512421173407902,1512421173497300,134217728,16777216,8,1501,89398
1512421174443787,1512421174531283,134217728,16777216,8,1533,87496
1512421175475398,1512421175564711,134217728,16777216,8,1502,89313
1512421176509269,1512421176598437,134217728,16777216,8,1505,89168
1512421177543576,1512421177629056,134217728,16777216,8,1570,85480
1512421178574578,1512421178663968,134217728,16777216,8,1501,89390
1512421179609683,1512421179699109,134217728,16777216,8,1500,89426
1512421180641524,1512421180730869,134217728,16777216,8,1502,89345
1512421181677101,1512421181766497,134217728,16777216,8,1501,89396
1512421182713103,1512421182802557,134217728,16777216,8,1500,89454
1512421183748709,1512421183838026,134217728,16777216,8,1502,89317
1512421184782449,1512421184871595,134217728,16777216,8,1505,89146
1512421185816198,1512421185903505,134217728,16777216,8,1537,87307
1512421186848998,1512421186936307,134217728,16777216,8,1537,87309
1512421187882673,1512421187972324,134217728,16777216,8,1497,89651
1512421188918516,1512421189007824,134217728,16777216,8,1502,89308
1512421189952244,1512421190041525,134217728,16777216,8,1503,89281
1512421190987014,1512421191076254,134217728,16777216,8,1504,89240
1512421192021288,1512421192110688,134217728,16777216,8,1501,89400
1512421193056605,1512421193145868,134217728,16777216,8,1503,89263
1512421194092030,1512421194181389,134217728,16777216,8,1502,89359
1512421195127015,1512421195216230,134217728,16777216,8,1504,89215
1512421196162295,1512421196247795,134217728,16777216,8,1569,85500
1512421197192356,1512421197279694,134217728,16777216,8,1536,87338
1512421198226505,1512421198315823,134217728,16777216,8,1502,89318
1512421199261220,1512421199346490,134217728,16777216,8,1574,85270
1512421200291566,1512421200380772,134217728,16777216,8,1504,89206
1512421201327776,1512421201417013,134217728,16777216,8,1504,89237
1512421202363998,1512421202453355,134217728,16777216,8,1502,89357
1512421203401365,1512421203490513,134217728,16777216,8,1505,89148
1512421204435413,1512421204524816,134217728,16777216,8,1501,89403
1512421205469637,1512421205559131,134217728,16777216,8,1499,89494
1512421206506613,1512421206596072,134217728,16777216,8,1500,89459
1512421207540345,1512421207629500,134217728,16777216,8,1505,89155
1512421208576357,1512421208665795,134217728,16777216,8,1500,89438
1512421209613537,1512421209702921,134217728,16777216,8,1501,89384
1512421210651263,1512421210740758,134217728,16777216,8,1499,89495
1512421211687843,1512421211777080,134217728,16777216,8,1504,89237
1512421212722489,1512421212811661,134217728,16777216,8,1505,89172
1512421213759725,1512421213848931,134217728,16777216,8,1504,89206
1512421214796671,1512421214886100,134217728,16777216,8,1500,89429
1512421215832972,1512421215922451,134217728,16777216,8,1499,89479
1512421216866646,1512421216953946,134217728,16777216,8,1537,87300
1512421217900621,1512421217989867,134217728,16777216,8,1503,89246
1512421218935645,1512421219024896,134217728,16777216,8,1503,89251
1512421219970105,1512421220057554,134217728,16777216,8,1534,87449
1512421221003685,1512421221092908,134217728,16777216,8,1504,89223
1512421222038233,1512421222127478,134217728,16777216,8,1503,89245
1512421223073289,1512421223162827,134217728,16777216,8,1499,89538
1512421224110948,1512421224200360,134217728,16777216,8,1501,89412
1512421225148962,1512421225236251,134217728,16777216,8,1537,87289
1512421226195248,1512421226284645,134217728,16777216,8,1501,89397
1512421227229568,1512421227319023,134217728,16777216,8,1500,89455
1512421228274995,1512421228364633,134217728,16777216,8,1497,89638
1512421229316392,1512421229405942,134217728,16777216,8,1498,89550
1512421230351372,1512421230440650,134217728,16777216,8,1503,89278
1512421231384955,1512421231474561,134217728,16777216,8,1497,89606
1512421232420396,1512421232509904,134217728,16777216,8,1499,89508
1512421233455083,1512421233542709,134217728,16777216,8,1531,87626
1512421234487968,1512421234577351,134217728,16777216,8,1501,89383
1512421235522376,1512421235611894,134217728,16777216,8,1499,89518
1512421236557471,1512421236646904,134217728,16777216,8,1500,89433
1512421237591661,1512421237679131,134217728,16777216,8,1534,87470
1512421238623473,1512421238712605,134217728,16777216,8,1505,89132
1512421239657139,1512421239746441,134217728,16777216,8,1502,89302
1512421240691524,1512421240780955,134217728,16777216,8,1500,89431
1512421241726770,1512421241816332,134217728,16777216,8,1498,89562
1512421242762649,1512421242849958,134217728,16777216,8,1537,87309
1512421243799295,1512421243888591,134217728,16777216,8,1503,89296
1512421244835193,1512421244922582,134217728,16777216,8,1535,87389
1512421245869077,1512421245958376,134217728,16777216,8,1503,89299
1512421246903608,1512421246992891,134217728,16777216,8,1503,89283
1512421247938358,1512421248027617,134217728,16777216,8,1503,89259
1512421248973688,1512421249062990,134217728,16777216,8,1502,89302
1512421250008938,1512421250098301,134217728,16777216,8,1501,89363
1512421251042348,1512421251132030,134217728,16777216,8,1496,89682
1512421252076767,1512421252166010,134217728,16777216,8,1503,89243
1512421253112930,1512421253202198,134217728,16777216,8,1503,89268
1512421254146584,1512421254235846,134217728,16777216,8,1503,89262
1512421255185203,1512421255274478,134217728,16777216,8,1503,89275
1512421256219915,1512421256307226,134217728,16777216,8,1537,87311
1512421257251789,1512421257340996,134217728,16777216,8,1504,89207
1512421258285625,1512421258375059,134217728,16777216,8,1500,89434
1512421259321892,1512421259411500,134217728,16777216,8,1497,89608
1512421260358481,1512421260447860,134217728,16777216,8,1501,89379
1512421261393852,1512421261482916,134217728,16777216,8,1506,89064
1512421262428079,1512421262517171,134217728,16777216,8,1506,89092
1512421263462740,1512421263552006,134217728,16777216,8,1503,89266
1512421264496888,1512421264586201,134217728,16777216,8,1502,89313
1512421265530254,1512421265619537,134217728,16777216,8,1503,89283
1512421266564680,1512421266653934,134217728,16777216,8,1503,89254
1512421267598947,1512421267688446,134217728,16777216,8,1499,89499
1512421268632603,1512421268721942,134217728,16777216,8,1502,89339
1512421269666756,1512421269755899,134217728,16777216,8,1505,89143
1512421270700807,1512421270790334,134217728,16777216,8,1499,89527
1512421271735962,1512421271825290,134217728,16777216,8,1502,89328
1512421272769701,1512421272859078,134217728,16777216,8,1501,89377
1512421273804812,1512421273895039,134217728,16777216,8,1487,90227
1512421274839504,1512421274929603,134217728,16777216,8,1489,90099
1512421275873170,1512421275963518,134217728,16777216,8,1485,90348
1512421276906392,1512421276996420,134217728,16777216,8,1490,90028
1512421277939089,1512421278029436,134217728,16777216,8,1485,90347
1512421278972778,1512421279063009,134217728,16777216,8,1487,90231
1512421280008810,1512421280098904,134217728,16777216,8,1489,90094
1512421281043633,1512421281133697,134217728,16777216,8,1490,90064
1512421282077721,1512421282167861,134217728,16777216,8,1488,90140
1512421283113808,1512421283203811,134217728,16777216,8,1491,90003
1512421284150427,1512421284240658,134217728,16777216,8,1487,90231
1512421285185480,1512421285275537,134217728,16777216,8,1490,90057
1512421286222581,1512421286312716,134217728,16777216,8,1489,90135
1512421287258569,1512421287348635,134217728,16777216,8,1490,90066
1512421288293142,1512421288383337,134217728,16777216,8,1488,90195
1512421289326508,1512421289416375,134217728,16777216,8,1493,89867
1512421290362657,1512421290452861,134217728,16777216,8,1487,90204
1512421291398804,1512421291488784,134217728,16777216,8,1491,89980
1512421292433604,1512421292524147,134217728,16777216,8,1482,90543
1512421293491910,1512421293582224,134217728,16777216,8,1486,90314
1512421294526658,1512421294617053,134217728,16777216,8,1484,90395
1512421295562241,1512421295652632,134217728,16777216,8,1484,90391
1512421296598253,1512421296688292,134217728,16777216,8,1490,90039
1512421297635923,1512421297724223,134217728,16777216,8,1520,88300
1512421298668660,1512421298756858,134217728,16777216,8,1521,88198
1512421299702263,1512421299790557,134217728,16777216,8,1520,88294
1512421300737111,1512421300827315,134217728,16777216,8,1487,90204
1512421301772631,1512421301862775,134217728,16777216,8,1488,90144
1512421302808991,1512421302899247,134217728,16777216,8,1487,90256
1512421303844439,1512421303934571,134217728,16777216,8,1489,90132
1512421304879881,1512421304967961,134217728,16777216,8,1523,88080
1512421305912643,1512421306002810,134217728,16777216,8,1488,90167
1512421306949171,1512421307039335,134217728,16777216,8,1488,90164
1512421307984539,1512421308074860,134217728,16777216,8,1486,90321
1512421309020663,1512421309110996,134217728,16777216,8,1485,90333
1512421310056968,1512421310147007,134217728,16777216,8,1490,90039
1512421311092022,1512421311182179,134217728,16777216,8,1488,90157
1512421312128206,1512421312218274,134217728,16777216,8,1490,90068
1512421313164445,1512421313254565,134217728,16777216,8,1489,90120
1512421314201255,1512421314291265,134217728,16777216,8,1491,90010
1512421315236173,1512421315326218,134217728,16777216,8,1490,90045
1512421316270913,1512421316361126,134217728,16777216,8,1487,90213
1512421317306531,1512421317396682,134217728,16777216,8,1488,90151
1512421318341478,1512421318429585,134217728,16777216,8,1523,88107
1512421319374937,1512421319465037,134217728,16777216,8,1489,90100
1512421320409927,1512421320500113,134217728,16777216,8,1488,90186
1512421321444849,1512421321533824,134217728,16777216,8,1508,88975
1512421322478723,1512421322569646,134217728,16777216,8,1476,90923
1512421323515660,1512421323604464,134217728,16777216,8,1511,88804
1512421324548868,1512421324639740,134217728,16777216,8,1476,90872
1512421325584073,1512421325674795,134217728,16777216,8,1479,90722
1512421326621409,1512421326712388,134217728,16777216,8,1475,90979
1512421327656281,1512421327745114,134217728,16777216,8,1510,88833
1512421328690468,1512421328779552,134217728,16777216,8,1506,89084
1512421329723800,1512421329814509,134217728,16777216,8,1479,90709
1512421330758621,1512421330849741,134217728,16777216,8,1472,91120
1512421331793764,1512421331884648,134217728,16777216,8,1476,90884
1512421332828832,1512421332919960,134217728,16777216,8,1472,91128
1512421333864702,1512421333955653,134217728,16777216,8,1475,90951
1512421334900014,1512421334990872,134217728,16777216,8,1477,90858
1512421335938315,1512421336025308,134217728,16777216,8,1542,86993
1512421336970619,1512421337061611,134217728,16777216,8,1475,90992
1512421338006134,1512421338097059,134217728,16777216,8,1476,90925
1512421339042909,1512421339133701,134217728,16777216,8,1478,90792
1512421340077567,1512421340168563,134217728,16777216,8,1474,90996
1512421341114821,1512421341205748,134217728,16777216,8,1476,90927
1512421342149866,1512421342240817,134217728,16777216,8,1475,90951
1512421343188087,1512421343279149,134217728,16777216,8,1473,91062
1512421344226043,1512421344316905,134217728,16777216,8,1477,90862
1512421345263537,1512421345354421,134217728,16777216,8,1476,90884
1512421346298369,1512421346389303,134217728,16777216,8,1475,90934
1512421347334045,1512421347422940,134217728,16777216,8,1509,88895
1512421348368544,1512421348459511,134217728,16777216,8,1475,90967
1512421349406132,1512421349496952,134217728,16777216,8,1477,90820
1512421350443406,1512421350534374,134217728,16777216,8,1475,90968
1512421351479678,1512421351570587,134217728,16777216,8,1476,90909
1512421352517237,1512421352608125,134217728,16777216,8,1476,90888
1512421353553299,1512421353644241,134217728,16777216,8,1475,90942
1512421354590073,1512421354680816,134217728,16777216,8,1479,90743
1512421355639483,1512421355730797,134217728,16777216,8,1469,91314
1512421356676063,1512421356767357,134217728,16777216,8,1470,91294
1512421357718247,1512421357809418,134217728,16777216,8,1472,91171
1512421358770789,1512421358861798,134217728,16777216,8,1474,91009
1512421359810483,1512421359899754,134217728,16777216,8,1503,89271
1512421360846218,1512421360937513,134217728,16777216,8,1470,91295
1512421361884083,1512421361975511,134217728,16777216,8,1468,91428
1512421362922415,1512421363011662,134217728,16777216,8,1503,89247
1512421363957933,1512421364049320,134217728,16777216,8,1468,91387
1512421364992814,1512421365081640,134217728,16777216,8,1511,88826
1512421366025031,1512421366115396,134217728,16777216,8,1485,90365
1512421367059813,1512421367148319,134217728,16777216,8,1516,88506
1512421368093244,1512421368183633,134217728,16777216,8,1484,90389
1512421369125746,1512421369216300,134217728,16777216,8,1482,90554
1512421370162210,1512421370252907,134217728,16777216,8,1479,90697
1512421371197451,1512421371288033,134217728,16777216,8,1481,90582
1512421372234050,1512421372324582,134217728,16777216,8,1482,90532
1512421373269149,1512421373359744,134217728,16777216,8,1481,90595
1512421374305794,1512421374396234,134217728,16777216,8,1484,90440
1512421375339759,1512421375428302,134217728,16777216,8,1515,88543
1512421376373020,1512421376463494,134217728,16777216,8,1483,90474
1512421377411413,1512421377501806,134217728,16777216,8,1484,90393
1512421378445852,1512421378536194,134217728,16777216,8,1485,90342
1512421379480097,1512421379570658,134217728,16777216,8,1482,90561
1512421380514791,1512421380604840,134217728,16777216,8,1490,90049
1512421381551031,1512421381641316,134217728,16777216,8,1486,90285
1512421382591997,1512421382682004,134217728,16777216,8,1491,90007
1512421383629644,1512421383719661,134217728,16777216,8,1491,90017
1512421384665917,1512421384755893,134217728,16777216,8,1491,89976
1512421385702662,1512421385792730,134217728,16777216,8,1490,90068
1512421386738773,1512421386828754,134217728,16777216,8,1491,89981
1512421387777097,1512421387867187,134217728,16777216,8,1489,90090
1512421388811159,1512421388901083,134217728,16777216,8,1492,89924
1512421389848542,1512421389936548,134217728,16777216,8,1525,88006
1512421390883691,1512421390973881,134217728,16777216,8,1488,90190
1512421391921775,1512421392011852,134217728,16777216,8,1490,90077
1512421392957893,1512421393047623,134217728,16777216,8,1495,89730
1512421393996007,1512421394085924,134217728,16777216,8,1492,89917
1512421395033178,1512421395123089,134217728,16777216,8,1492,89911
1512421396071942,1512421396161814,134217728,16777216,8,1493,89872
1512421397108795,1512421397198692,134217728,16777216,8,1493,89897
1512421398143676,1512421398231588,134217728,16777216,8,1526,87912
1512421399174636,1512421399264628,134217728,16777216,8,1491,89992
1512421400207519,1512421400297476,134217728,16777216,8,1492,89957
1512421401242099,1512421401331959,134217728,16777216,8,1493,89860
1512421402279201,1512421402369248,134217728,16777216,8,1490,90047
1512421403314604,1512421403404533,134217728,16777216,8,1492,89929
1512421404350182,1512421404440308,134217728,16777216,8,1489,90126
1512421405384047,1512421405473889,134217728,16777216,8,1493,89842
1512421406416493,1512421406506503,134217728,16777216,8,1491,90010
1512421407451882,1512421407541929,134217728,16777216,8,1490,90047
1512421408489443,1512421408579381,134217728,16777216,8,1492,89938
1512421409525962,1512421409615965,134217728,16777216,8,1491,90003
1512421410559942,1512421410649792,134217728,16777216,8,1493,89850
1512421411595957,1512421411685904,134217728,16777216,8,1492,89947
1512421412630336,1512421412720294,134217728,16777216,8,1492,89958
1512421413664420,1512421413754362,134217728,16777216,8,1492,89942
1512421414699986,1512421414787938,134217728,16777216,8,1526,87952
1512421415734561,1512421415824532,134217728,16777216,8,1491,89971
1512421416767927,1512421416855971,134217728,16777216,8,1524,88044
1512421417798898,1512421417888956,134217728,16777216,8,1490,90058
1512421418836108,1512421418926002,134217728,16777216,8,1493,89894
1512421419871886,1512421419961865,134217728,16777216,8,1491,89979
1512421420907216,1512421420997489,134217728,16777216,8,1486,90273
1512421421946698,1512421422037421,134217728,16777216,8,1479,90723
1512421422996840,1512421423087690,134217728,16777216,8,1477,90850
1512421424055763,1512421424146178,134217728,16777216,8,1484,90415
1512421425093642,1512421425184166,134217728,16777216,8,1482,90524
1512421426131294,1512421426221799,134217728,16777216,8,1482,90505
1512421427168040,1512421427258473,134217728,16777216,8,1484,90433
1512421428203574,1512421428294086,134217728,16777216,8,1482,90512
1512421429240441,1512421429330939,134217728,16777216,8,1483,90498
1512421430273794,1512421430364173,134217728,16777216,8,1485,90379
1512421431309591,1512421431400261,134217728,16777216,8,1480,90670
1512421432344443,1512421432434971,134217728,16777216,8,1482,90528
1512421433380169,1512421433470927,134217728,16777216,8,1478,90758
1512421434416319,1512421434506972,134217728,16777216,8,1480,90653
1512421435454094,1512421435542744,134217728,16777216,8,1514,88650
1512421436488784,1512421436579318,134217728,16777216,8,1482,90534
1512421437524850,1512421437615475,134217728,16777216,8,1481,90625
1512421438559967,1512421438649756,134217728,16777216,8,1494,89789
1512421439594142,1512421439684189,134217728,16777216,8,1490,90047
1512421440632088,1512421440721756,134217728,16777216,8,1496,89668
1512421441666634,1512421441756761,134217728,16777216,8,1489,90127
1512421442703166,1512421442793471,134217728,16777216,8,1486,90305
1512421443737896,1512421443828010,134217728,16777216,8,1489,90114
1512421444775942,1512421444866216,134217728,16777216,8,1486,90274
1512421445811344,1512421445901614,134217728,16777216,8,1486,90270
1512421446847767,1512421446938062,134217728,16777216,8,1486,90295
1512421447884117,1512421447974439,134217728,16777216,8,1485,90322
1512421448920371,1512421449010515,134217728,16777216,8,1488,90144
1512421449956679,1512421450046855,134217728,16777216,8,1488,90176
1512421450992146,1512421451082494,134217728,16777216,8,1485,90348
1512421452027830,1512421452118093,134217728,16777216,8,1486,90263
1512421453063716,1512421453154083,134217728,16777216,8,1485,90367
1512421454099986,1512421454190205,134217728,16777216,8,1487,90219
1512421455134877,1512421455225124,134217728,16777216,8,1487,90247
1512421456172895,1512421456263110,134217728,16777216,8,1487,90215
1512421457209549,1512421457299776,134217728,16777216,8,1487,90227
1512421458246470,1512421458336684,134217728,16777216,8,1487,90214
1512421459281815,1512421459372204,134217728,16777216,8,1484,90389
1512421460319036,1512421460409243,134217728,16777216,8,1487,90207
1512421461354345,1512421461444635,134217728,16777216,8,1486,90290
1512421462391043,1512421462481337,134217728,16777216,8,1486,90294
1512421463426786,1512421463517047,134217728,16777216,8,1486,90261
1512421464463806,1512421464554152,134217728,16777216,8,1485,90346
1512421465500695,1512421465590819,134217728,16777216,8,1489,90124
1512421466535324,1512421466625649,134217728,16777216,8,1485,90325
1512421467570442,1512421467660752,134217728,16777216,8,1486,90310
1512421468608306,1512421468696711,134217728,16777216,8,1518,88405
1512421469641845,1512421469732127,134217728,16777216,8,1486,90282
1512421470678939,1512421470769063,134217728,16777216,8,1489,90124
1512421471714560,1512421471805002,134217728,16777216,8,1484,90442
1512421472752342,1512421472840684,134217728,16777216,8,1519,88342
1512421473785361,1512421473875625,134217728,16777216,8,1486,90264
1512421474823390,1512421474913535,134217728,16777216,8,1488,90145
1512421475859608,1512421475949835,134217728,16777216,8,1487,90227
1512421476897094,1512421476987451,134217728,16777216,8,1485,90357
1512421477932301,1512421478022461,134217728,16777216,8,1488,90160
1512421478967612,1512421479057882,134217728,16777216,8,1486,90270
1512421480003612,1512421480093885,134217728,16777216,8,1486,90273
1512421481039805,1512421481130147,134217728,16777216,8,1485,90342
1512421482076750,1512421482166973,134217728,16777216,8,1487,90223
1512421483113276,1512421483201670,134217728,16777216,8,1518,88394
1512421484146714,1512421484236928,134217728,16777216,8,1487,90214
1512421485205456,1512421485295976,134217728,16777216,8,1482,90520
1512421486251520,1512421486342007,134217728,16777216,8,1483,90487
1512421487300722,1512421487391128,134217728,16777216,8,1484,90406
1512421488347329,1512421488437910,134217728,16777216,8,1481,90581
1512421489383471,1512421489473951,134217728,16777216,8,1483,90480
1512421490419586,1512421490510180,134217728,16777216,8,1481,90594
1512421491457240,1512421491547703,134217728,16777216,8,1483,90463
1512421492494255,1512421492584747,134217728,16777216,8,1483,90492
1512421493530616,1512421493621095,134217728,16777216,8,1483,90479
1512421494564662,1512421494655045,134217728,16777216,8,1484,90383
1512421495602258,1512421495692929,134217728,16777216,8,1480,90671
1512421496638699,1512421496729101,134217728,16777216,8,1484,90402
1512421497673534,1512421497764250,134217728,16777216,8,1479,90716
1512421498710851,1512421498801411,134217728,16777216,8,1482,90560
1512421499746380,1512421499836903,134217728,16777216,8,1482,90523
1512421500782211,1512421500872346,134217728,16777216,8,1489,90135
1512421501819917,1512421501910078,134217728,16777216,8,1488,90161
1512421502854666,1512421502945006,134217728,16777216,8,1485,90340
1512421503889737,1512421503979987,134217728,16777216,8,1487,90250
1512421504925500,1512421505015772,134217728,16777216,8,1486,90272
1512421505961163,1512421506051347,134217728,16777216,8,1488,90184
1512421506997825,1512421507088041,134217728,16777216,8,1487,90216
1512421508034263,1512421508124606,134217728,16777216,8,1485,90343
1512421509073559,1512421509163820,134217728,16777216,8,1486,90261
1512421510111053,1512421510201328,134217728,16777216,8,1486,90275
1512421511145744,1512421511236027,134217728,16777216,8,1486,90283
1512421512180407,1512421512270649,134217728,16777216,8,1487,90242
1512421513216145,1512421513306286,134217728,16777216,8,1488,90141
1512421514253236,1512421514343493,134217728,16777216,8,1487,90257
1512421515288024,1512421515378209,134217728,16777216,8,1488,90185
1512421516325178,1512421516415427,134217728,16777216,8,1487,90249
1512421517360430,1512421517450705,134217728,16777216,8,1486,90275
1512421518396387,1512421518486557,134217728,16777216,8,1488,90170
1512421519434072,1512421519524338,134217728,16777216,8,1486,90266
1512421520468555,1512421520558782,134217728,16777216,8,1487,90227
1512421521502240,1512421521592470,134217728,16777216,8,1487,90230
1512421522537020,1512421522627164,134217728,16777216,8,1488,90144
1512421523571593,1512421523661942,134217728,16777216,8,1485,90349
1512421524607869,1512421524697997,134217728,16777216,8,1489,90128
1512421525643409,1512421525733670,134217728,16777216,8,1486,90261
1512421526678420,1512421526768595,134217728,16777216,8,1488,90175
1512421527713444,1512421527803771,134217728,16777216,8,1485,90327
1512421528749046,1512421528839456,134217728,16777216,8,1484,90410
1512421529783736,1512421529874107,134217728,16777216,8,1485,90371
1512421530819078,1512421530909245,134217728,16777216,8,1488,90167
1512421531855110,1512421531943412,134217728,16777216,8,1519,88302
1512421532889460,1512421532979795,134217728,16777216,8,1485,90335
1512421533923569,1512421534013894,134217728,16777216,8,1485,90325
1512421534958092,1512421535048335,134217728,16777216,8,1487,90243
1512421535991816,1512421536082088,134217728,16777216,8,1486,90272
1512421537028132,1512421537118312,134217728,16777216,8,1488,90180
1512421538064764,1512421538154904,134217728,16777216,8,1488,90140
1512421539099189,1512421539189386,134217728,16777216,8,1488,90197
1512421540135650,1512421540225963,134217728,16777216,8,1486,90313
1512421541171134,1512421541261299,134217728,16777216,8,1488,90165
1512421542207091,1512421542297367,134217728,16777216,8,1486,90276
1512421543244560,1512421543334718,134217728,16777216,8,1488,90158
1512421544279983,1512421544370325,134217728,16777216,8,1485,90342
1512421545317278,1512421545407507,134217728,16777216,8,1487,90229
1512421546353585,1512421546443716,134217728,16777216,8,1489,90131
1512421547390861,1512421547481276,134217728,16777216,8,1484,90415
1512421548425488,1512421548515661,134217728,16777216,8,1488,90173
1512421549462141,1512421549552393,134217728,16777216,8,1487,90252
1512421550498367,1512421550588682,134217728,16777216,8,1486,90315
1512421551541507,1512421551631988,134217728,16777216,8,1483,90481
1512421552577345,1512421552667777,134217728,16777216,8,1484,90432
1512421553638406,1512421553726865,134217728,16777216,8,1517,88459
1512421554672078,1512421554762343,134217728,16777216,8,1486,90265
1512421555706794,1512421555797099,134217728,16777216,8,1486,90305
1512421556752258,1512421556842848,134217728,16777216,8,1481,90590
1512421557788702,1512421557879092,134217728,16777216,8,1484,90390
1512421558824997,1512421558915527,134217728,16777216,8,1482,90530
1512421559862291,1512421559952248,134217728,16777216,8,1492,89957
1512421560896830,1512421560987424,134217728,16777216,8,1481,90594
1512421561934276,1512421562024378,134217728,16777216,8,1489,90102
1512421562970941,1512421563061125,134217728,16777216,8,1488,90184
1512421564008112,1512421564098127,134217728,16777216,8,1491,90015
1512421565044116,1512421565134373,134217728,16777216,8,1487,90257
1512421566079807,1512421566168115,134217728,16777216,8,1519,88308
1512421567116074,1512421567204036,134217728,16777216,8,1525,87962
1512421568149683,1512421568239711,134217728,16777216,8,1490,90028
1512421569186799,1512421569277111,134217728,16777216,8,1486,90312
1512421570225342,1512421570315670,134217728,16777216,8,1485,90328
1512421571261415,1512421571349747,134217728,16777216,8,1519,88332
1512421572296155,1512421572386228,134217728,16777216,8,1490,90073
1512421573331922,1512421573422066,134217728,16777216,8,1488,90144
1512421574365851,1512421574454143,134217728,16777216,8,1520,88292
1512421575398713,1512421575489227,134217728,16777216,8,1482,90514
1512421576435613,1512421576525608,134217728,16777216,8,1491,89995
1512421577471527,1512421577561773,134217728,16777216,8,1487,90246
1512421578506597,1512421578596832,134217728,16777216,8,1487,90235
1512421579540919,1512421579631073,134217728,16777216,8,1488,90154
1512421580574055,1512421580663968,134217728,16777216,8,1492,89913
1512421581609619,1512421581699606,134217728,16777216,8,1491,89987
1512421582647159,1512421582737459,134217728,16777216,8,1486,90300
1512421583684607,1512421583774858,134217728,16777216,8,1487,90251
1512421584720411,1512421584810563,134217728,16777216,8,1488,90152
1512421585755580,1512421585845690,134217728,16777216,8,1489,90110
1512421586792702,1512421586882814,134217728,16777216,8,1489,90112
1512421587829025,1512421587919169,134217728,16777216,8,1488,90144
1512421588864388,1512421588954463,134217728,16777216,8,1490,90075
1512421589899582,1512421589989852,134217728,16777216,8,1486,90270
1512421590933393,1512421591023531,134217728,16777216,8,1489,90138
1512421591970532,1512421592060875,134217728,16777216,8,1485,90343
1512421593006912,1512421593097162,134217728,16777216,8,1487,90250
1512421594042466,1512421594132572,134217728,16777216,8,1489,90106
1512421595077072,1512421595167292,134217728,16777216,8,1487,90220
1512421596113666,1512421596203676,134217728,16777216,8,1491,90010
1512421597149990,1512421597240012,134217728,16777216,8,1490,90022
1512421598186366,1512421598276306,134217728,16777216,8,1492,89940
1512421599222929,1512421599312965,134217728,16777216,8,1490,90036
1512421600259753,1512421600349696,134217728,16777216,8,1492,89943
1512421601294810,1512421601384834,134217728,16777216,8,1490,90024
1512421602332061,1512421602422124,134217728,16777216,8,1490,90063
1512421603366551,1512421603454489,134217728,16777216,8,1526,87938
1512421604400463,1512421604490433,134217728,16777216,8,1491,89970
1512421605435300,1512421605523220,134217728,16777216,8,1526,87920
1512421606468533,1512421606558727,134217728,16777216,8,1488,90194
1512421607504265,1512421607594119,134217728,16777216,8,1493,89854
1512421608539227,1512421608629270,134217728,16777216,8,1490,90043
1512421609574771,1512421609664795,134217728,16777216,8,1490,90024
1512421610610326,1512421610700246,134217728,16777216,8,1492,89920
1512421611644085,1512421611734060,134217728,16777216,8,1491,89975
1512421612678506,1512421612768387,134217728,16777216,8,1493,89881
1512421613712837,1512421613802832,134217728,16777216,8,1491,89995
1512421614749156,1512421614839302,134217728,16777216,8,1488,90146
1512421615784209,1512421615870081,134217728,16777216,8,1562,85872
1512421616829796,1512421616918337,134217728,16777216,8,1515,88541
1512421617868180,1512421617958683,134217728,16777216,8,1483,90503
1512421618929333,1512421619019595,134217728,16777216,8,1486,90262
1512421619968967,1512421620059671,134217728,16777216,8,1479,90704
1512421621007867,1512421621098117,134217728,16777216,8,1487,90250
1512421622046247,1512421622134327,134217728,16777216,8,1523,88080
1512421623082442,1512421623172713,134217728,16777216,8,1486,90271
1512421624119924,1512421624210132,134217728,16777216,8,1487,90208
1512421625157009,1512421625247142,134217728,16777216,8,1489,90133
1512421626194944,1512421626285187,134217728,16777216,8,1487,90243
1512421627231362,1512421627321626,134217728,16777216,8,1486,90264
1512421628266798,1512421628356917,134217728,16777216,8,1489,90119
1512421629301343,1512421629391606,134217728,16777216,8,1486,90263
1512421630336991,1512421630423252,134217728,16777216,8,1555,86261
1512421631367195,1512421631457254,134217728,16777216,8,1490,90059
1512421632402635,1512421632492727,134217728,16777216,8,1489,90092
1512421633437938,1512421633528220,134217728,16777216,8,1486,90282
1512421634472872,1512421634562943,134217728,16777216,8,1490,90071
1512421635509878,1512421635600021,134217728,16777216,8,1488,90143
1512421636544727,1512421636634691,134217728,16777216,8,1491,89964
1512421637578322,1512421637666610,134217728,16777216,8,1520,88288
1512421638610908,1512421638700978,134217728,16777216,8,1490,90070
1512421639647647,1512421639737787,134217728,16777216,8,1488,90140
1512421640684129,1512421640774339,134217728,16777216,8,1487,90210
1512421641721235,1512421641811418,134217728,16777216,8,1488,90183
1512421642757238,1512421642847393,134217728,16777216,8,1488,90155
1512421643793095,1512421643881293,134217728,16777216,8,1521,88198
1512421644829234,1512421644919386,134217728,16777216,8,1488,90152
1512421645865447,1512421645955669,134217728,16777216,8,1487,90222
1512421646901271,1512421646991194,134217728,16777216,8,1492,89923
1512421647936045,1512421648024330,134217728,16777216,8,1520,88285
1512421648968356,1512421649058407,134217728,16777216,8,1490,90051
1512421650003426,1512421650093769,134217728,16777216,8,1485,90343
1512421651039741,1512421651129862,134217728,16777216,8,1489,90121
1512421652077237,1512421652167534,134217728,16777216,8,1486,90297
1512421653112514,1512421653198591,134217728,16777216,8,1559,86077
1512421654144906,1512421654234974,134217728,16777216,8,1490,90068
1512421655181117,1512421655271257,134217728,16777216,8,1488,90140
1512421656218032,1512421656305795,134217728,16777216,8,1529,87763
1512421657252365,1512421657342370,134217728,16777216,8,1491,90005
1512421658290976,1512421658380836,134217728,16777216,8,1493,89860
1512421659327696,1512421659417581,134217728,16777216,8,1493,89885
1512421660363347,1512421660453056,134217728,16777216,8,1496,89709
1512421661401010,1512421661490914,134217728,16777216,8,1492,89904
1512421662436533,1512421662526488,134217728,16777216,8,1492,89955
1512421663472548,1512421663562439,134217728,16777216,8,1493,89891
1512421664507774,1512421664597607,134217728,16777216,8,1494,89833
1512421665543526,1512421665633450,134217728,16777216,8,1492,89924
1512421666580975,1512421666671088,134217728,16777216,8,1489,90113
1512421667617422,1512421667707358,134217728,16777216,8,1492,89936
1512421668654707,1512421668744566,134217728,16777216,8,1493,89859
1512421669692677,1512421669782618,134217728,16777216,8,1492,89941
1512421670727708,1512421670815916,134217728,16777216,8,1521,88208
1512421671762705,1512421671852748,134217728,16777216,8,1490,90043
1512421672798984,1512421672888846,134217728,16777216,8,1493,89862
1512421673834720,1512421673924526,134217728,16777216,8,1494,89806
1512421674871958,1512421674961872,134217728,16777216,8,1492,89914
1512421675909843,1512421675999845,134217728,16777216,8,1491,90002
1512421676947351,1512421677037061,134217728,16777216,8,1496,89710
1512421677983062,1512421678073085,134217728,16777216,8,1490,90023
1512421679021903,1512421679112094,134217728,16777216,8,1488,90191
1512421680060977,1512421680151038,134217728,16777216,8,1490,90061
1512421681109872,1512421681200119,134217728,16777216,8,1487,90247
1512421682146976,1512421682237181,134217728,16777216,8,1487,90205
1512421683194564,1512421683284847,134217728,16777216,8,1486,90283
1512421684253236,1512421684343732,134217728,16777216,8,1483,90496
1512421685297113,1512421685387556,134217728,16777216,8,1484,90443
1512421686333742,1512421686424198,134217728,16777216,8,1483,90456
1512421687371008,1512421687461361,134217728,16777216,8,1485,90353
1512421688406916,1512421688497178,134217728,16777216,8,1486,90262
1512421689443434,1512421689533679,134217728,16777216,8,1487,90245
1512421690480267,1512421690570665,134217728,16777216,8,1484,90398
1512421691517230,1512421691605558,134217728,16777216,8,1519,88328
1512421692551687,1512421692642015,134217728,16777216,8,1485,90328
1512421693587255,1512421693677505,134217728,16777216,8,1487,90250
1512421694623073,1512421694713367,134217728,16777216,8,1486,90294
1512421695660352,1512421695748447,134217728,16777216,8,1523,88095
1512421696695574,1512421696785836,134217728,16777216,8,1486,90262
1512421697731354,1512421697821719,134217728,16777216,8,1485,90365
1512421698768463,1512421698858781,134217728,16777216,8,1486,90318
1512421699804697,1512421699892902,134217728,16777216,8,1521,88205
1512421700839099,1512421700929431,134217728,16777216,8,1485,90332
1512421701875446,1512421701963774,134217728,16777216,8,1519,88328
1512421702911572,1512421703001751,134217728,16777216,8,1488,90179
1512421703947581,1512421704037866,134217728,16777216,8,1486,90285
1512421704984553,1512421705072851,134217728,16777216,8,1520,88298
1512421706021666,1512421706111957,134217728,16777216,8,1486,90291
1512421707058860,1512421707147232,134217728,16777216,8,1518,88372
1512421708096030,1512421708186321,134217728,16777216,8,1486,90291
1512421709135577,1512421709225942,134217728,16777216,8,1485,90365
1512421710171655,1512421710261797,134217728,16777216,8,1488,90142
1512421711208972,1512421711299277,134217728,16777216,8,1486,90305
1512421712244042,1512421712334128,134217728,16777216,8,1489,90086
1512421713281402,1512421713371653,134217728,16777216,8,1487,90251
1512421714318400,1512421714408670,134217728,16777216,8,1486,90270
1512421715355503,1512421715445697,134217728,16777216,8,1488,90194
1512421716394560,1512421716484477,134217728,16777216,8,1492,89917
1512421717431144,1512421717519144,134217728,16777216,8,1525,88000
1512421718466535,1512421718556558,134217728,16777216,8,1490,90023
1512421719500352,1512421719590589,134217728,16777216,8,1487,90237
1512421720537140,1512421720627169,134217728,16777216,8,1490,90029
1512421721569972,1512421721660171,134217728,16777216,8,1488,90199
1512421722604912,1512421722695032,134217728,16777216,8,1489,90120
1512421723639008,1512421723729114,134217728,16777216,8,1489,90106
1512421724675205,1512421724763426,134217728,16777216,8,1521,88221
1512421725710434,1512421725800598,134217728,16777216,8,1488,90164
1512421726746784,1512421726836936,134217728,16777216,8,1488,90152
1512421727781998,1512421727872313,134217728,16777216,8,1486,90315
1512421728818233,1512421728908355,134217728,16777216,8,1489,90122
1512421729853294,1512421729943450,134217728,16777216,8,1488,90156
1512421730889382,1512421730977272,134217728,16777216,8,1527,87890
1512421731923789,1512421732013970,134217728,16777216,8,1488,90181
1512421732958892,1512421733049046,134217728,16777216,8,1488,90154
1512421733994113,1512421734084195,134217728,16777216,8,1489,90082
1512421735029990,1512421735120065,134217728,16777216,8,1490,90075
1512421736066865,1512421736157265,134217728,16777216,8,1484,90400
1512421737103819,1512421737193994,134217728,16777216,8,1488,90175
1512421738141811,1512421738232142,134217728,16777216,8,1485,90331
1512421739178406,1512421739268607,134217728,16777216,8,1487,90201
1512421740214509,1512421740304555,134217728,16777216,8,1490,90046
1512421741249631,1512421741339632,134217728,16777216,8,1491,90001
1512421742284649,1512421742374640,134217728,16777216,8,1491,89991
1512421743323779,1512421743414297,134217728,16777216,8,1482,90518
1512421744365535,1512421744455898,134217728,16777216,8,1485,90363
1512421745414916,1512421745505182,134217728,16777216,8,1486,90266
1512421746466245,1512421746556649,134217728,16777216,8,1484,90404
1512421747502854,1512421747593097,134217728,16777216,8,1487,90243
1512421748536583,1512421748626888,134217728,16777216,8,1486,90305
1512421749570996,1512421749659310,134217728,16777216,8,1519,88314
1512421750604390,1512421750692860,134217728,16777216,8,1517,88470
1512421751638256,1512421751728636,134217728,16777216,8,1485,90380
1512421752673359,1512421752763758,134217728,16777216,8,1484,90399
1512421753707329,1512421753797694,134217728,16777216,8,1485,90365
1512421754743738,1512421754834262,134217728,16777216,8,1482,90524
1512421755779535,1512421755867939,134217728,16777216,8,1518,88404
1512421756813975,1512421756902549,134217728,16777216,8,1515,88574
1512421757847842,1512421757936194,134217728,16777216,8,1519,88352
1512421758883767,1512421758974242,134217728,16777216,8,1483,90475
1512421759920301,1512421760008781,134217728,16777216,8,1516,88480
1512421760957529,1512421761047914,134217728,16777216,8,1484,90385
1512421761993858,1512421762084089,134217728,16777216,8,1487,90231
1512421763029442,1512421763117893,134217728,16777216,8,1517,88451
1512421764062880,1512421764153197,134217728,16777216,8,1486,90317
1512421765100144,1512421765190588,134217728,16777216,8,1483,90444
1512421766135039,1512421766225343,134217728,16777216,8,1486,90304
1512421767171726,1512421767262178,134217728,16777216,8,1483,90452
1512421768209583,1512421768300041,134217728,16777216,8,1483,90458
1512421769245617,1512421769335965,134217728,16777216,8,1485,90348
1512421770281778,1512421770371889,134217728,16777216,8,1489,90111
1512421771317516,1512421771407991,134217728,16777216,8,1483,90475
1512421772352558,1512421772442853,134217728,16777216,8,1486,90295
1512421773387970,1512421773478443,134217728,16777216,8,1483,90473
1512421774424853,1512421774514966,134217728,16777216,8,1489,90113
1512421775460764,1512421775550884,134217728,16777216,8,1489,90120
1512421776497152,1512421776587128,134217728,16777216,8,1491,89976
1512421777532006,1512421777622021,134217728,16777216,8,1491,90015
1512421778567891,1512421778657985,134217728,16777216,8,1489,90094
1512421779604755,1512421779694842,134217728,16777216,8,1489,90087
1512421780640658,1512421780730679,134217728,16777216,8,1490,90021
1512421781675178,1512421781765177,134217728,16777216,8,1491,89999
1512421782712130,1512421782802128,134217728,16777216,8,1491,89998
1512421783747039,1512421783836982,134217728,16777216,8,1492,89943
1512421784782012,1512421784872155,134217728,16777216,8,1488,90143
1512421785817406,1512421785907601,134217728,16777216,8,1488,90195
1512421786851141,1512421786939185,134217728,16777216,8,1524,88044
1512421787883959,1512421787974031,134217728,16777216,8,1490,90072
1512421788917808,1512421789007902,134217728,16777216,8,1489,90094
1512421789951792,1512421790040156,134217728,16777216,8,1518,88364
1512421790984591,1512421791074770,134217728,16777216,8,1488,90179
1512421792019925,1512421792108237,134217728,16777216,8,1519,88312
1512421793054070,1512421793142185,134217728,16777216,8,1523,88115
1512421794089115,1512421794179349,134217728,16777216,8,1487,90234
1512421795122818,1512421795212870,134217728,16777216,8,1490,90052
1512421796158995,1512421796249101,134217728,16777216,8,1489,90106
1512421797196129,1512421797286180,134217728,16777216,8,1490,90051
1512421798231731,1512421798321993,134217728,16777216,8,1486,90262
1512421799266869,1512421799356875,134217728,16777216,8,1491,90006
1512421800300806,1512421800390948,134217728,16777216,8,1488,90142
1512421801335470,1512421801425433,134217728,16777216,8,1491,89963
1512421802369208,1512421802459267,134217728,16777216,8,1490,90059
1512421803404975,1512421803495707,134217728,16777216,8,1479,90732
1512421804440094,1512421804530934,134217728,16777216,8,1477,90840
1512421805476737,1512421805567413,134217728,16777216,8,1480,90676
1512421806513206,1512421806603850,134217728,16777216,8,1480,90644
1512421807549546,1512421807640195,134217728,16777216,8,1480,90649
1512421808586010,1512421808674645,134217728,16777216,8,1514,88635
1512421809623277,1512421809714327,134217728,16777216,8,1474,91050
1512421810658651,1512421810747582,134217728,16777216,8,1509,88931
1512421811691909,1512421811782810,134217728,16777216,8,1476,90901
1512421812726812,1512421812817964,134217728,16777216,8,1472,91152
1512421813786285,1512421813877236,134217728,16777216,8,1475,90951
1512421814830692,1512421814921718,134217728,16777216,8,1474,91026
1512421815866281,1512421815957170,134217728,16777216,8,1476,90889
1512421816902326,1512421816993199,134217728,16777216,8,1476,90873
1512421817939491,1512421818030359,134217728,16777216,8,1477,90868
1512421818976399,1512421819067370,134217728,16777216,8,1475,90971
1512421820011186,1512421820102043,134217728,16777216,8,1477,90857
1512421821047611,1512421821138602,134217728,16777216,8,1475,90991
1512421822083437,1512421822174424,134217728,16777216,8,1475,90987
1512421823119796,1512421823208759,134217728,16777216,8,1508,88963
1512421824152148,1512421824241031,134217728,16777216,8,1510,88883
1512421825187126,1512421825278080,134217728,16777216,8,1475,90954
1512421826224819,1512421826315706,134217728,16777216,8,1476,90887
1512421827260394,1512421827349412,134217728,16777216,8,1507,89018
1512421828294498,1512421828383364,134217728,16777216,8,1510,88866
1512421829328257,1512421829419174,134217728,16777216,8,1476,90917
1512421830364022,1512421830452900,134217728,16777216,8,1510,88878
1512421831399673,1512421831490621,134217728,16777216,8,1475,90948
1512421832437339,1512421832528130,134217728,16777216,8,1478,90791
1512421833472850,1512421833563766,134217728,16777216,8,1476,90916
1512421834510607,1512421834601433,134217728,16777216,8,1477,90826
1512421835545976,1512421835632854,134217728,16777216,8,1544,86878
1512421836577361,1512421836668061,134217728,16777216,8,1479,90700
1512421837615583,1512421837706342,134217728,16777216,8,1478,90759
1512421838650911,1512421838741692,134217728,16777216,8,1478,90781
1512421839689240,1512421839780000,134217728,16777216,8,1478,90760
1512421840724545,1512421840815333,134217728,16777216,8,1478,90788
1512421841760422,1512421841851158,134217728,16777216,8,1479,90736
1512421842796845,1512421842887606,134217728,16777216,8,1478,90761
1512421843831934,1512421843922663,134217728,16777216,8,1479,90729
1512421844867471,1512421844958042,134217728,16777216,8,1481,90571
1512421845904236,1512421845994806,134217728,16777216,8,1481,90570
1512421846940816,1512421847031548,134217728,16777216,8,1479,90732
1512421847978467,1512421848069259,134217728,16777216,8,1478,90792
1512421849015747,1512421849106440,134217728,16777216,8,1479,90693
1512421850051690,1512421850142472,134217728,16777216,8,1478,90782
1512421851090435,1512421851179037,134217728,16777216,8,1514,88602
1512421852124906,1512421852215751,134217728,16777216,8,1477,90845
1512421853162162,1512421853252900,134217728,16777216,8,1479,90738
1512421854200466,1512421854291107,134217728,16777216,8,1480,90641
1512421855235366,1512421855326123,134217728,16777216,8,1478,90757
1512421856270760,1512421856361502,134217728,16777216,8,1479,90742
1512421857306986,1512421857397696,134217728,16777216,8,1479,90710
1512421858344399,1512421858435202,134217728,16777216,8,1478,90803
1512421859381276,1512421859471896,134217728,16777216,8,1481,90620
1512421860418631,1512421860507305,134217728,16777216,8,1513,88674
1512421861452625,1512421861543363,134217728,16777216,8,1479,90738
1512421862490343,1512421862581144,134217728,16777216,8,1478,90801
1512421863525871,1512421863616563,134217728,16777216,8,1479,90692
1512421864561880,1512421864652646,134217728,16777216,8,1478,90766
1512421865599591,1512421865690245,134217728,16777216,8,1480,90654
1512421866634557,1512421866725332,134217728,16777216,8,1478,90775
1512421867670156,1512421867760930,134217728,16777216,8,1478,90774
1512421868706480,1512421868797254,134217728,16777216,8,1478,90774
1512421869744628,1512421869835308,134217728,16777216,8,1480,90680
1512421870780590,1512421870871279,134217728,16777216,8,1479,90689
1512421871816310,1512421871906928,134217728,16777216,8,1481,90618
1512421872851771,1512421872942468,134217728,16777216,8,1479,90697
1512421873885851,1512421873976527,134217728,16777216,8,1480,90676
1512421874942076,1512421875031113,134217728,16777216,8,1507,89037
1512421875978253,1512421876069317,134217728,16777216,8,1473,91064
1512421877012541,1512421877103513,134217728,16777216,8,1475,90972
1512421878049992,1512421878140885,134217728,16777216,8,1476,90893
1512421879087368,1512421879178251,134217728,16777216,8,1476,90883
1512421880123782,1512421880214593,134217728,16777216,8,1477,90811
1512421881160148,1512421881251095,134217728,16777216,8,1475,90947
1512421882197043,1512421882288000,134217728,16777216,8,1475,90957
1512421883233345,1512421883322283,134217728,16777216,8,1509,88938
1512421884266313,1512421884357121,134217728,16777216,8,1478,90808
1512421885302107,1512421885393087,134217728,16777216,8,1475,90980
1512421886337632,1512421886428519,134217728,16777216,8,1476,90887
1512421887374218,1512421887465237,134217728,16777216,8,1474,91019
1512421888408506,1512421888499550,134217728,16777216,8,1474,91044
1512421889443551,1512421889534571,134217728,16777216,8,1474,91020
1512421890478000,1512421890568905,134217728,16777216,8,1476,90905
1512421891513335,1512421891604382,134217728,16777216,8,1474,91047
1512421892551270,1512421892642199,134217728,16777216,8,1476,90929
1512421893586056,1512421893676929,134217728,16777216,8,1476,90873
1512421894622799,1512421894713565,134217728,16777216,8,1478,90766
1512421895658089,1512421895748863,134217728,16777216,8,1478,90774
1512421896695327,1512421896786005,134217728,16777216,8,1480,90678
1512421897731036,1512421897821810,134217728,16777216,8,1478,90774
1512421898765212,1512421898855883,134217728,16777216,8,1480,90671
1512421899800518,1512421899891236,134217728,16777216,8,1479,90718
1512421900834860,1512421900925522,134217728,16777216,8,1480,90662
1512421901870490,1512421901961203,134217728,16777216,8,1479,90713
1512421902907453,1512421902996337,134217728,16777216,8,1510,88884
1512421903940176,1512421904030950,134217728,16777216,8,1478,90774
1512421904978383,1512421905068984,134217728,16777216,8,1481,90601
1512421906013988,1512421906104774,134217728,16777216,8,1478,90786
1512421907051219,1512421907141786,134217728,16777216,8,1481,90567
1512421908087845,1512421908178521,134217728,16777216,8,1480,90676
1512421909122874,1512421909213579,134217728,16777216,8,1479,90705
1512421910157017,1512421910247792,134217728,16777216,8,1478,90775
1512421911194306,1512421911282878,134217728,16777216,8,1515,88572
1512421912226110,1512421912316685,134217728,16777216,8,1481,90575
1512421913264134,1512421913352822,134217728,16777216,8,1513,88688
1512421914298517,1512421914389287,134217728,16777216,8,1478,90770
1512421915333557,1512421915424242,134217728,16777216,8,1480,90685
1512421916372114,1512421916462986,134217728,16777216,8,1476,90872
1512421917408010,1512421917498919,134217728,16777216,8,1476,90909
1512421918445216,1512421918535940,134217728,16777216,8,1479,90724
1512421919481797,1512421919572638,134217728,16777216,8,1477,90841
1512421920517806,1512421920606480,134217728,16777216,8,1513,88674
1512421921550568,1512421921641273,134217728,16777216,8,1479,90705
1512421922586578,1512421922677346,134217728,16777216,8,1478,90768
1512421923621963,1512421923712602,134217728,16777216,8,1480,90639
1512421924658251,1512421924749032,134217728,16777216,8,1478,90781
1512421925692581,1512421925783215,134217728,16777216,8,1480,90634
1512421926728176,1512421926818882,134217728,16777216,8,1479,90706
1512421927765632,1512421927856293,134217728,16777216,8,1480,90661
1512421928801715,1512421928892408,134217728,16777216,8,1479,90693
1512421929837014,1512421929927583,134217728,16777216,8,1481,90569
1512421930872184,1512421930962951,134217728,16777216,8,1478,90767
1512421931909784,1512421932000471,134217728,16777216,8,1480,90687
1512421932946159,1512421933036947,134217728,16777216,8,1478,90788
1512421933981891,1512421934072443,134217728,16777216,8,1482,90552
1512421935018249,1512421935108961,134217728,16777216,8,1479,90712
1512421936053904,1512421936144581,134217728,16777216,8,1480,90677
1512421937089929,1512421937180635,134217728,16777216,8,1479,90706
1512421938127769,1512421938218460,134217728,16777216,8,1479,90691
1512421939163229,1512421939254057,134217728,16777216,8,1477,90828
1512421940223568,1512421940314364,134217728,16777216,8,1478,90796
1512421941267868,1512421941358959,134217728,16777216,8,1473,91091
1512421942302508,1512421942393424,134217728,16777216,8,1476,90916
1512421943346008,1512421943437022,134217728,16777216,8,1474,91014
1512421944384247,1512421944475176,134217728,16777216,8,1476,90929
1512421945419416,1512421945510497,134217728,16777216,8,1473,91081
1512421946456538,1512421946547470,134217728,16777216,8,1476,90932
1512421947494218,1512421947585119,134217728,16777216,8,1476,90901
1512421948531683,1512421948622575,134217728,16777216,8,1476,90892
1512421949567572,1512421949658480,134217728,16777216,8,1476,90908
1512421950602313,1512421950693142,134217728,16777216,8,1477,90829
1512421951638900,1512421951730047,134217728,16777216,8,1472,91147
1512421952675301,1512421952766217,134217728,16777216,8,1476,90916
1512421953711203,1512421953802172,134217728,16777216,8,1475,90969
1512421954747541,1512421954837854,134217728,16777216,8,1486,90313
1512421955783386,1512421955873307,134217728,16777216,8,1492,89921
1512421956819127,1512421956908974,134217728,16777216,8,1493,89847
1512421957855127,1512421957945080,134217728,16777216,8,1492,89953
1512421958890957,1512421958980733,134217728,16777216,8,1495,89776
1512421959926972,1512421960016838,134217728,16777216,8,1493,89866
1512421960962536,1512421961052369,134217728,16777216,8,1494,89833
1512421961998330,1512421962088330,134217728,16777216,8,1491,90000
1512421963033403,1512421963123287,134217728,16777216,8,1493,89884
1512421964069651,1512421964159587,134217728,16777216,8,1492,89936
1512421965107903,1512421965197752,134217728,16777216,8,1493,89849
1512421966142965,1512421966230741,134217728,16777216,8,1529,87776
1512421967175696,1512421967265680,134217728,16777216,8,1491,89984
1512421968210702,1512421968300362,134217728,16777216,8,1496,89660
1512421969245642,1512421969335563,134217728,16777216,8,1492,89921
1512421970282607,1512421970372405,134217728,16777216,8,1494,89798
1512421971318147,1512421971408056,134217728,16777216,8,1492,89909
1512421972353113,1512421972440889,134217728,16777216,8,1529,87776
1512421973385876,1512421973475649,134217728,16777216,8,1495,89773
1512421974420322,1512421974510064,134217728,16777216,8,1495,89742
1512421975456058,1512421975545771,134217728,16777216,8,1496,89713
1512421976489417,1512421976579247,134217728,16777216,8,1494,89830
1512421977524387,1512421977614065,134217728,16777216,8,1496,89678
1512421978559015,1512421978648672,134217728,16777216,8,1497,89657
1512421979593608,1512421979683307,134217728,16777216,8,1496,89699
1512421980627476,1512421980717363,134217728,16777216,8,1493,89887
1512421981663519,1512421981753514,134217728,16777216,8,1491,89995
1512421982698174,1512421982788151,134217728,16777216,8,1491,89977
1512421983733189,1512421983823212,134217728,16777216,8,1490,90023
1512421984768652,1512421984854744,134217728,16777216,8,1559,86092
1512421985800785,1512421985890910,134217728,16777216,8,1489,90125
1512421986836746,1512421986924781,134217728,16777216,8,1524,88035
1512421987869780,1512421987959872,134217728,16777216,8,1489,90092
1512421988906016,1512421988996131,134217728,16777216,8,1489,90115
1512421989939520,1512421990029644,134217728,16777216,8,1489,90124
1512421990975749,1512421991065675,134217728,16777216,8,1492,89926
1512421992010520,1512421992100769,134217728,16777216,8,1487,90249
1512421993047399,1512421993137364,134217728,16777216,8,1491,89965
1512421994082380,1512421994172382,134217728,16777216,8,1491,90002
1512421995117681,1512421995207599,134217728,16777216,8,1492,89918
1512421996152921,1512421996242956,134217728,16777216,8,1490,90035
1512421997185876,1512421997275756,134217728,16777216,8,1493,89880
1512421998222324,1512421998312327,134217728,16777216,8,1491,90003
1512421999256128,1512421999346279,134217728,16777216,8,1488,90151
1512422000299801,1512422000389917,134217728,16777216,8,1489,90116
1512422001356783,1512422001447068,134217728,16777216,8,1486,90285
1512422002409867,1512422002500041,134217728,16777216,8,1488,90174
1512422003444755,1512422003534981,134217728,16777216,8,1487,90226
1512422004488815,1512422004579181,134217728,16777216,8,1485,90366
1512422005525459,1512422005615727,134217728,16777216,8,1486,90268
1512422006562000,1512422006650533,134217728,16777216,8,1516,88533
1512422007597132,1512422007687468,134217728,16777216,8,1485,90336
1512422008632956,1512422008723348,134217728,16777216,8,1484,90392
1512422009670046,1512422009756298,134217728,16777216,8,1556,86252
1512422010702104,1512422010792307,134217728,16777216,8,1487,90203
1512422011736130,1512422011826428,134217728,16777216,8,1486,90298
1512422012771304,1512422012859452,134217728,16777216,8,1522,88148
1512422013803922,1512422013894248,134217728,16777216,8,1485,90326
1512422014839555,1512422014929740,134217728,16777216,8,1488,90185
1512422015874588,1512422015964509,134217728,16777216,8,1492,89921
1512422016910020,1512422017000045,134217728,16777216,8,1490,90025
1512422017947051,1512422018035225,134217728,16777216,8,1522,88174
1512422018978942,1512422019069333,134217728,16777216,8,1484,90391
1512422020014917,1512422020105127,134217728,16777216,8,1487,90210
1512422021052480,1512422021142765,134217728,16777216,8,1486,90285
1512422022088372,1512422022178686,134217728,16777216,8,1486,90314
1512422023123139,1512422023213577,134217728,16777216,8,1484,90438
1512422024157385,1512422024247780,134217728,16777216,8,1484,90395
1512422025192638,1512422025281142,134217728,16777216,8,1516,88504
1512422026225557,1512422026315922,134217728,16777216,8,1485,90365
1512422027262115,1512422027352426,134217728,16777216,8,1486,90311
1512422028297049,1512422028387259,134217728,16777216,8,1487,90210
1512422029332419,1512422029422758,134217728,16777216,8,1485,90339
1512422030368863,1512422030459199,134217728,16777216,8,1485,90336
1512422031405466,1512422031495732,134217728,16777216,8,1486,90266
1512422032442133,1512422032532416,134217728,16777216,8,1486,90283
1512422033478629,1512422033567064,134217728,16777216,8,1517,88435
1512422034514303,1512422034604508,134217728,16777216,8,1487,90205
1512422035549728,1512422035640120,134217728,16777216,8,1484,90392
1512422036585230,1512422036675576,134217728,16777216,8,1485,90346
1512422037622275,1512422037712633,134217728,16777216,8,1485,90358
1512422038658385,1512422038748631,134217728,16777216,8,1487,90246
1512422039693256,1512422039783629,134217728,16777216,8,1485,90373
1512422040726402,1512422040816424,134217728,16777216,8,1490,90022
1512422041760879,1512422041851097,134217728,16777216,8,1487,90218
1512422042796148,1512422042886242,134217728,16777216,8,1489,90094
