1512464297045163,1512464297046183,1048576,65536,16,1028,1020
1512464297060292,1512464297061291,1048576,65536,16,1049,999
1512464297073489,1512464297074343,1048576,65536,16,1227,854
1512464297085620,1512464297086479,1048576,65536,16,1220,859
1512464297097745,1512464297098589,1048576,65536,16,1242,844
1512464297109878,1512464297110739,1048576,65536,16,1217,861
1512464297122025,1512464297122879,1048576,65536,16,1227,854
1512464297134057,1512464297134922,1048576,65536,16,1212,865
1512464297146029,1512464297146873,1048576,65536,16,1242,844
1512464297157833,1512464297158676,1048576,65536,16,1243,843
1512464297169768,1512464297170609,1048576,65536,16,1246,841
1512464297181666,1512464297182504,1048576,65536,16,1251,838
1512464297193442,1512464297194279,1048576,65536,16,1252,837
1512464297205274,1512464297206110,1048576,65536,16,1254,836
1512464297217140,1512464297217983,1048576,65536,16,1243,843
1512464297228921,1512464297229761,1048576,65536,16,1248,840
1512464297240706,1512464297241540,1048576,65536,16,1257,834
1512464297252510,1512464297253353,1048576,65536,16,1243,843
1512464297264220,1512464297265061,1048576,65536,16,1246,841
1512464297275985,1512464297276825,1048576,65536,16,1248,840
1512464297287863,1512464297288700,1048576,65536,16,1252,837
1512464297299572,1512464297300409,1048576,65536,16,1252,837
1512464297311303,1512464297312138,1048576,65536,16,1255,835
1512464297323165,1512464297324003,1048576,65536,16,1251,838
1512464297334998,1512464297335837,1048576,65536,16,1249,839
1512464297346792,1512464297347621,1048576,65536,16,1264,829
1512464297358618,1512464297359452,1048576,65536,16,1257,834
1512464297370455,1512464297371289,1048576,65536,16,1257,834
1512464297382245,1512464297383084,1048576,65536,16,1249,839
1512464297393990,1512464297394827,1048576,65536,16,1252,837
1512464297405744,1512464297406575,1048576,65536,16,1261,831
1512464297417608,1512464297418439,1048576,65536,16,1261,831
1512464297429341,1512464297430180,1048576,65536,16,1249,839
1512464297441033,1512464297441866,1048576,65536,16,1258,833
1512464297452784,1512464297453616,1048576,65536,16,1260,832
1512464297464562,1512464297465399,1048576,65536,16,1252,837
1512464297476315,1512464297477142,1048576,65536,16,1267,827
1512464297488138,1512464297488975,1048576,65536,16,1252,837
1512464297499949,1512464297500788,1048576,65536,16,1249,839
1512464297511682,1512464297512522,1048576,65536,16,1248,840
1512464297523528,1512464297524359,1048576,65536,16,1261,831
1512464297535394,1512464297536231,1048576,65536,16,1252,837
1512464297547140,1512464297547980,1048576,65536,16,1248,840
1512464297558874,1512464297559710,1048576,65536,16,1254,836
1512464297570575,1512464297571415,1048576,65536,16,1248,840
1512464297582389,1512464297583226,1048576,65536,16,1252,837
1512464297594167,1512464297595002,1048576,65536,16,1255,835
1512464297605979,1512464297606817,1048576,65536,16,1251,838
1512464297617824,1512464297618666,1048576,65536,16,1245,842
1512464297629645,1512464297630484,1048576,65536,16,1249,839
1512464297641406,1512464297642248,1048576,65536,16,1245,842
1512464297653273,1512464297654111,1048576,65536,16,1251,838
1512464297664986,1512464297665824,1048576,65536,16,1251,838
1512464297676818,1512464297677652,1048576,65536,16,1257,834
1512464297688545,1512464297689382,1048576,65536,16,1252,837
1512464297700316,1512464297701153,1048576,65536,16,1252,837
1512464297712056,1512464297712897,1048576,65536,16,1246,841
1512464297723885,1512464297724722,1048576,65536,16,1252,837
1512464297735605,1512464297736445,1048576,65536,16,1248,840
1512464297747371,1512464297748208,1048576,65536,16,1252,837
1512464297759236,1512464297760076,1048576,65536,16,1248,840
1512464297771042,1512464297771881,1048576,65536,16,1249,839
1512464297782956,1512464297783792,1048576,65536,16,1254,836
1512464297794762,1512464297795593,1048576,65536,16,1261,831
1512464297806482,1512464297807320,1048576,65536,16,1251,838
1512464297818344,1512464297819185,1048576,65536,16,1246,841
1512464297830209,1512464297831046,1048576,65536,16,1252,837
1512464297842068,1512464297842905,1048576,65536,16,1252,837
1512464297853853,1512464297854689,1048576,65536,16,1254,836
1512464297865684,1512464297866517,1048576,65536,16,1258,833
1512464297877477,1512464297878310,1048576,65536,16,1258,833
1512464297889233,1512464297890075,1048576,65536,16,1245,842
1512464297901010,1512464297901847,1048576,65536,16,1252,837
1512464297912762,1512464297913604,1048576,65536,16,1245,842
1512464297924529,1512464297925367,1048576,65536,16,1251,838
1512464297936298,1512464297937138,1048576,65536,16,1248,840
1512464297948040,1512464297948884,1048576,65536,16,1242,844
1512464297959784,1512464297960619,1048576,65536,16,1255,835
1512464297971517,1512464297972354,1048576,65536,16,1252,837
1512464297983360,1512464297984194,1048576,65536,16,1257,834
1512464297995127,1512464297995963,1048576,65536,16,1254,836
1512464298007035,1512464298007875,1048576,65536,16,1248,840
1512464298018788,1512464298019623,1048576,65536,16,1255,835
1512464298030572,1512464298031410,1048576,65536,16,1251,838
1512464298042347,1512464298043186,1048576,65536,16,1249,839
1512464298054126,1512464298054963,1048576,65536,16,1252,837
1512464298065897,1512464298066738,1048576,65536,16,1246,841
1512464298077618,1512464298078448,1048576,65536,16,1263,830
1512464298089355,1512464298090195,1048576,65536,16,1248,840
1512464298101174,1512464298102011,1048576,65536,16,1252,837
1512464298112933,1512464298113775,1048576,65536,16,1245,842
1512464298124763,1512464298125601,1048576,65536,16,1251,838
1512464298136506,1512464298137345,1048576,65536,16,1249,839
1512464298148413,1512464298149250,1048576,65536,16,1252,837
1512464298160106,1512464298160935,1048576,65536,16,1264,829
1512464298171847,1512464298172688,1048576,65536,16,1246,841
1512464298183537,1512464298184376,1048576,65536,16,1249,839
1512464298195295,1512464298196132,1048576,65536,16,1252,837
1512464298207155,1512464298207998,1048576,65536,16,1243,843
1512464298218907,1512464298219749,1048576,65536,16,1245,842
1512464298230740,1512464298231576,1048576,65536,16,1254,836
1512464298242502,1512464298243335,1048576,65536,16,1258,833
1512464298254263,1512464298255103,1048576,65536,16,1248,840
1512464298266275,1512464298267115,1048576,65536,16,1248,840
1512464298277998,1512464298278838,1048576,65536,16,1248,840
1512464298289690,1512464298290521,1048576,65536,16,1261,831
1512464298301414,1512464298302253,1048576,65536,16,1249,839
1512464298313234,1512464298314062,1048576,65536,16,1266,828
1512464298325022,1512464298325862,1048576,65536,16,1248,840
1512464298336770,1512464298337608,1048576,65536,16,1251,838
1512464298348503,1512464298349340,1048576,65536,16,1252,837
1512464298360272,1512464298361111,1048576,65536,16,1249,839
1512464298372189,1512464298373031,1048576,65536,16,1245,842
1512464298383951,1512464298384788,1048576,65536,16,1252,837
1512464298395692,1512464298396526,1048576,65536,16,1257,834
1512464298407475,1512464298408307,1048576,65536,16,1260,832
1512464298419287,1512464298420121,1048576,65536,16,1257,834
1512464298431050,1512464298431886,1048576,65536,16,1254,836
1512464298442779,1512464298443608,1048576,65536,16,1264,829
1512464298454517,1512464298455349,1048576,65536,16,1260,832
1512464298466309,1512464298467148,1048576,65536,16,1249,839
1512464298478185,1512464298479019,1048576,65536,16,1257,834
1512464298489953,1512464298490792,1048576,65536,16,1249,839
1512464298501790,1512464298502621,1048576,65536,16,1261,831
1512464298513648,1512464298514483,1048576,65536,16,1255,835
1512464298525377,1512464298526212,1048576,65536,16,1255,835
1512464298537116,1512464298537956,1048576,65536,16,1248,840
1512464298548927,1512464298549765,1048576,65536,16,1251,838
1512464298560711,1512464298561537,1048576,65536,16,1269,826
1512464298572530,1512464298573372,1048576,65536,16,1245,842
1512464298584382,1512464298585229,1048576,65536,16,1237,847
1512464298596120,1512464298596962,1048576,65536,16,1245,842
1512464298607877,1512464298608717,1048576,65536,16,1248,840
1512464298619608,1512464298620450,1048576,65536,16,1245,842
1512464298631327,1512464298632174,1048576,65536,16,1237,847
1512464298643032,1512464298643869,1048576,65536,16,1252,837
1512464298654863,1512464298655711,1048576,65536,16,1236,848
1512464298666635,1512464298667476,1048576,65536,16,1246,841
1512464298678588,1512464298679434,1048576,65536,16,1239,846
1512464298690349,1512464298691196,1048576,65536,16,1237,847
1512464298702191,1512464298703033,1048576,65536,16,1245,842
1512464298713940,1512464298714786,1048576,65536,16,1239,846
1512464298725815,1512464298726650,1048576,65536,16,1255,835
1512464298737620,1512464298738462,1048576,65536,16,1245,842
1512464298749361,1512464298750205,1048576,65536,16,1242,844
1512464298761121,1512464298761964,1048576,65536,16,1243,843
1512464298772986,1512464298773829,1048576,65536,16,1243,843
1512464298784860,1512464298785708,1048576,65536,16,1236,848
1512464298796815,1512464298797656,1048576,65536,16,1246,841
1512464298808585,1512464298809432,1048576,65536,16,1237,847
1512464298820389,1512464298821235,1048576,65536,16,1239,846
1512464298832368,1512464298833217,1048576,65536,16,1235,849
1512464298844182,1512464298845021,1048576,65536,16,1249,839
1512464298855989,1512464298856829,1048576,65536,16,1248,840
1512464298867728,1512464298868565,1048576,65536,16,1252,837
1512464298879556,1512464298880397,1048576,65536,16,1246,841
1512464298891278,1512464298892125,1048576,65536,16,1237,847
1512464298903079,1512464298903923,1048576,65536,16,1242,844
1512464298914791,1512464298915626,1048576,65536,16,1255,835
1512464298926623,1512464298927467,1048576,65536,16,1242,844
1512464298938355,1512464298939195,1048576,65536,16,1248,840
1512464298950104,1512464298950946,1048576,65536,16,1245,842
1512464298961881,1512464298962720,1048576,65536,16,1249,839
1512464298973609,1512464298974451,1048576,65536,16,1245,842
1512464298985375,1512464298986213,1048576,65536,16,1251,838
1512464298997096,1512464298997935,1048576,65536,16,1249,839
1512464299008854,1512464299009700,1048576,65536,16,1239,846
1512464299020551,1512464299021389,1048576,65536,16,1251,838
1512464299032347,1512464299033194,1048576,65536,16,1237,847
1512464299044161,1512464299045004,1048576,65536,16,1243,843
1512464299055988,1512464299056833,1048576,65536,16,1240,845
1512464299067834,1512464299068677,1048576,65536,16,1243,843
1512464299079585,1512464299080429,1048576,65536,16,1242,844
1512464299091387,1512464299092231,1048576,65536,16,1242,844
1512464299103139,1512464299103977,1048576,65536,16,1251,838
1512464299114904,1512464299115747,1048576,65536,16,1243,843
1512464299126624,1512464299127462,1048576,65536,16,1251,838
1512464299138410,1512464299139252,1048576,65536,16,1245,842
1512464299150252,1512464299151096,1048576,65536,16,1242,844
1512464299162096,1512464299162940,1048576,65536,16,1242,844
1512464299173852,1512464299174695,1048576,65536,16,1243,843
1512464299185572,1512464299186419,1048576,65536,16,1237,847
1512464299197365,1512464299198212,1048576,65536,16,1237,847
1512464299209121,1512464299209960,1048576,65536,16,1249,839
1512464299220858,1512464299221701,1048576,65536,16,1243,843
1512464299232553,1512464299233399,1048576,65536,16,1239,846
1512464299244290,1512464299245136,1048576,65536,16,1239,846
1512464299256070,1512464299256918,1048576,65536,16,1236,848
1512464299267941,1512464299268791,1048576,65536,16,1233,850
1512464299279705,1512464299280550,1048576,65536,16,1240,845
1512464299291438,1512464299292286,1048576,65536,16,1236,848
1512464299303153,1512464299303999,1048576,65536,16,1239,846
1512464299315016,1512464299315862,1048576,65536,16,1239,846
1512464299326789,1512464299327629,1048576,65536,16,1248,840
1512464299338734,1512464299339577,1048576,65536,16,1243,843
1512464299350528,1512464299351373,1048576,65536,16,1240,845
1512464299362330,1512464299363178,1048576,65536,16,1236,848
1512464299374117,1512464299374962,1048576,65536,16,1240,845
1512464299385864,1512464299386708,1048576,65536,16,1242,844
1512464299397757,1512464299398601,1048576,65536,16,1242,844
1512464299409573,1512464299410418,1048576,65536,16,1240,845
1512464299421433,1512464299422281,1048576,65536,16,1236,848
1512464299433257,1512464299434102,1048576,65536,16,1240,845
1512464299445031,1512464299445878,1048576,65536,16,1237,847
1512464299456899,1512464299457738,1048576,65536,16,1249,839
1512464299468624,1512464299469466,1048576,65536,16,1245,842
1512464299480359,1512464299481207,1048576,65536,16,1236,848
1512464299492213,1512464299493052,1048576,65536,16,1249,839
1512464299503940,1512464299504787,1048576,65536,16,1237,847
1512464299515731,1512464299516573,1048576,65536,16,1245,842
1512464299527456,1512464299528301,1048576,65536,16,1240,845
1512464299539188,1512464299540029,1048576,65536,16,1246,841
1512464299550993,1512464299551830,1048576,65536,16,1252,837
1512464299562800,1512464299563641,1048576,65536,16,1246,841
1512464299574582,1512464299575425,1048576,65536,16,1243,843
1512464299586407,1512464299587244,1048576,65536,16,1252,837
1512464299598131,1512464299598968,1048576,65536,16,1252,837
1512464299609915,1512464299610763,1048576,65536,16,1236,848
1512464299621727,1512464299622573,1048576,65536,16,1239,846
1512464299633649,1512464299634497,1048576,65536,16,1236,848
1512464299645438,1512464299646278,1048576,65536,16,1248,840
1512464299657288,1512464299658137,1048576,65536,16,1235,849
1512464299669096,1512464299669941,1048576,65536,16,1240,845
1512464299680807,1512464299681649,1048576,65536,16,1245,842
1512464299692811,1512464299693658,1048576,65536,16,1237,847
1512464299704579,1512464299705427,1048576,65536,16,1236,848
1512464299716288,1512464299717135,1048576,65536,16,1237,847
1512464299728126,1512464299728975,1048576,65536,16,1235,849
1512464299739894,1512464299740741,1048576,65536,16,1237,847
1512464299751715,1512464299752558,1048576,65536,16,1243,843
1512464299763446,1512464299764294,1048576,65536,16,1236,848
1512464299775256,1512464299776105,1048576,65536,16,1235,849
1512464299787159,1512464299788006,1048576,65536,16,1237,847
1512464299798995,1512464299799844,1048576,65536,16,1235,849
1512464299810761,1512464299811607,1048576,65536,16,1239,846
1512464299822562,1512464299823404,1048576,65536,16,1245,842
1512464299834296,1512464299835140,1048576,65536,16,1242,844
1512464299846077,1512464299846926,1048576,65536,16,1235,849
1512464299857890,1512464299858734,1048576,65536,16,1242,844
1512464299869639,1512464299870486,1048576,65536,16,1237,847
1512464299881372,1512464299882217,1048576,65536,16,1240,845
1512464299893146,1512464299893988,1048576,65536,16,1245,842
1512464299904887,1512464299905736,1048576,65536,16,1235,849
1512464299916665,1512464299917512,1048576,65536,16,1237,847
1512464299928561,1512464299929409,1048576,65536,16,1236,848
1512464299940343,1512464299941182,1048576,65536,16,1249,839
1512464299952082,1512464299952924,1048576,65536,16,1245,842
1512464299963810,1512464299964645,1048576,65536,16,1255,835
1512464299975677,1512464299976522,1048576,65536,16,1240,845
1512464299987508,1512464299988352,1048576,65536,16,1242,844
1512464299999330,1512464300000177,1048576,65536,16,1237,847
1512464300011110,1512464300011954,1048576,65536,16,1242,844
1512464300022921,1512464300023766,1048576,65536,16,1240,845
1512464300034628,1512464300035472,1048576,65536,16,1242,844
1512464300046382,1512464300047224,1048576,65536,16,1245,842
1512464300058087,1512464300058931,1048576,65536,16,1242,844
1512464300069954,1512464300070798,1048576,65536,16,1242,844
1512464300081829,1512464300082669,1048576,65536,16,1248,840
1512464300093652,1512464300094488,1048576,65536,16,1254,836
1512464300105383,1512464300106213,1048576,65536,16,1263,830
1512464300117280,1512464300118120,1048576,65536,16,1248,840
1512464300129112,1512464300129954,1048576,65536,16,1245,842
1512464300141052,1512464300141896,1048576,65536,16,1242,844
1512464300152872,1512464300153712,1048576,65536,16,1248,840
1512464300164669,1512464300165511,1048576,65536,16,1245,842
1512464300176453,1512464300177286,1048576,65536,16,1258,833
1512464300188290,1512464300189133,1048576,65536,16,1243,843
1512464300200115,1512464300200952,1048576,65536,16,1252,837
1512464300212023,1512464300212859,1048576,65536,16,1254,836
1512464300223816,1512464300224650,1048576,65536,16,1257,834
1512464300235604,1512464300236441,1048576,65536,16,1252,837
1512464300247322,1512464300248159,1048576,65536,16,1252,837
1512464300259068,1512464300259904,1048576,65536,16,1254,836
1512464300270769,1512464300271598,1048576,65536,16,1264,829
1512464300282561,1512464300283395,1048576,65536,16,1257,834
1512464300294306,1512464300295150,1048576,65536,16,1242,844
1512464300306130,1512464300306968,1048576,65536,16,1251,838
1512464300317886,1512464300318723,1048576,65536,16,1252,837
1512464300329653,1512464300330490,1048576,65536,16,1252,837
1512464300341348,1512464300342181,1048576,65536,16,1258,833
1512464300353086,1512464300353920,1048576,65536,16,1257,834
1512464300364854,1512464300365683,1048576,65536,16,1264,829
1512464300376756,1512464300377595,1048576,65536,16,1249,839
1512464300388570,1512464300389404,1048576,65536,16,1257,834
1512464300400387,1512464300401219,1048576,65536,16,1260,832
1512464300412169,1512464300413010,1048576,65536,16,1246,841
1512464300424034,1512464300424874,1048576,65536,16,1248,840
1512464300435851,1512464300436690,1048576,65536,16,1249,839
1512464300447670,1512464300448511,1048576,65536,16,1246,841
1512464300459412,1512464300460251,1048576,65536,16,1249,839
1512464300471260,1512464300472099,1048576,65536,16,1249,839
1512464300483037,1512464300483873,1048576,65536,16,1254,836
1512464300494782,1512464300495620,1048576,65536,16,1251,838
1512464300506546,1512464300507372,1048576,65536,16,1269,826
1512464300518306,1512464300519133,1048576,65536,16,1267,827
1512464300530046,1512464300530883,1048576,65536,16,1252,837
1512464300541848,1512464300542691,1048576,65536,16,1243,843
1512464300553610,1512464300554449,1048576,65536,16,1249,839
1512464300565388,1512464300566230,1048576,65536,16,1245,842
1512464300577154,1512464300577993,1048576,65536,16,1249,839
1512464300589093,1512464300589936,1048576,65536,16,1243,843
1512464300600796,1512464300601634,1048576,65536,16,1251,838
1512464300612612,1512464300613430,1048576,65536,16,1281,818
1512464300624402,1512464300625233,1048576,65536,16,1261,831
1512464300636194,1512464300637022,1048576,65536,16,1266,828
1512464300647912,1512464300648748,1048576,65536,16,1254,836
1512464300659669,1512464300660499,1048576,65536,16,1263,830
1512464300671531,1512464300672365,1048576,65536,16,1257,834
1512464300683403,1512464300684234,1048576,65536,16,1261,831
1512464300695194,1512464300696020,1048576,65536,16,1269,826
1512464300706984,1512464300707809,1048576,65536,16,1271,825
1512464300718756,1512464300719586,1048576,65536,16,1263,830
1512464300730500,1512464300731333,1048576,65536,16,1258,833
1512464300742233,1512464300743059,1048576,65536,16,1269,826
1512464300753983,1512464300754811,1048576,65536,16,1266,828
1512464300765696,1512464300766515,1048576,65536,16,1280,819
1512464300777460,1512464300778294,1048576,65536,16,1257,834
1512464300789263,1512464300790098,1048576,65536,16,1255,835
1512464300801082,1512464300801920,1048576,65536,16,1251,838
1512464300812875,1512464300813711,1048576,65536,16,1254,836
1512464300824680,1512464300825516,1048576,65536,16,1254,836
1512464300836594,1512464300837436,1048576,65536,16,1245,842
1512464300848428,1512464300849270,1048576,65536,16,1245,842
1512464300860232,1512464300861064,1048576,65536,16,1260,832
1512464300872085,1512464300872924,1048576,65536,16,1249,839
1512464300883957,1512464300884794,1048576,65536,16,1252,837
1512464300895662,1512464300896502,1048576,65536,16,1248,840
1512464300907348,1512464300908188,1048576,65536,16,1248,840
1512464300919122,1512464300919964,1048576,65536,16,1245,842
1512464300930882,1512464300931717,1048576,65536,16,1255,835
1512464300942576,1512464300943421,1048576,65536,16,1240,845
1512464300954525,1512464300955356,1048576,65536,16,1261,831
1512464300966311,1512464300967151,1048576,65536,16,1248,840
1512464300978045,1512464300978881,1048576,65536,16,1254,836
1512464300989744,1512464300990583,1048576,65536,16,1249,839
1512464301001537,1512464301002380,1048576,65536,16,1243,843
1512464301013297,1512464301014133,1048576,65536,16,1254,836
1512464301025181,1512464301026021,1048576,65536,16,1248,840
1512464301037163,1512464301037995,1048576,65536,16,1260,832
1512464301049073,1512464301049908,1048576,65536,16,1255,835
1512464301060933,1512464301061773,1048576,65536,16,1248,840
1512464301072835,1512464301073669,1048576,65536,16,1257,834
1512464301084608,1512464301085450,1048576,65536,16,1245,842
1512464301096420,1512464301097262,1048576,65536,16,1245,842
1512464301108271,1512464301109112,1048576,65536,16,1246,841
1512464301120112,1512464301120950,1048576,65536,16,1251,838
1512464301132043,1512464301132884,1048576,65536,16,1246,841
1512464301143711,1512464301144547,1048576,65536,16,1254,836
1512464301155653,1512464301156491,1048576,65536,16,1251,838
1512464301167658,1512464301168495,1048576,65536,16,1252,837
1512464301179422,1512464301180262,1048576,65536,16,1248,840
1512464301191292,1512464301192131,1048576,65536,16,1249,839
1512464301203108,1512464301203947,1048576,65536,16,1249,839
1512464301214977,1512464301215820,1048576,65536,16,1243,843
1512464301226836,1512464301227677,1048576,65536,16,1246,841
1512464301238752,1512464301239592,1048576,65536,16,1248,840
1512464301250485,1512464301251327,1048576,65536,16,1245,842
1512464301262259,1512464301263101,1048576,65536,16,1245,842
1512464301274065,1512464301274904,1048576,65536,16,1249,839
1512464301285866,1512464301286711,1048576,65536,16,1240,845
1512464301297617,1512464301298453,1048576,65536,16,1254,836
1512464301309346,1512464301310189,1048576,65536,16,1243,843
1512464301321105,1512464301321946,1048576,65536,16,1246,841
1512464301333121,1512464301333967,1048576,65536,16,1239,846
1512464301344938,1512464301345782,1048576,65536,16,1242,844
1512464301356692,1512464301357527,1048576,65536,16,1255,835
1512464301368528,1512464301369370,1048576,65536,16,1245,842
1512464301380264,1512464301381108,1048576,65536,16,1242,844
1512464301392039,1512464301392881,1048576,65536,16,1245,842
1512464301403844,1512464301404685,1048576,65536,16,1246,841
1512464301415577,1512464301416417,1048576,65536,16,1248,840
1512464301427268,1512464301428108,1048576,65536,16,1248,840
1512464301439030,1512464301439866,1048576,65536,16,1254,836
1512464301450812,1512464301451648,1048576,65536,16,1254,836
1512464301462595,1512464301463438,1048576,65536,16,1243,843
1512464301474354,1512464301475195,1048576,65536,16,1246,841
1512464301486105,1512464301486943,1048576,65536,16,1251,838
1512464301497794,1512464301498631,1048576,65536,16,1252,837
1512464301509590,1512464301510432,1048576,65536,16,1245,842
1512464301521397,1512464301522230,1048576,65536,16,1258,833
1512464301533233,1512464301534077,1048576,65536,16,1242,844
1512464301545134,1512464301545973,1048576,65536,16,1249,839
1512464301557019,1512464301557855,1048576,65536,16,1254,836
1512464301568818,1512464301569660,1048576,65536,16,1245,842
1512464301580538,1512464301581374,1048576,65536,16,1254,836
1512464301592253,1512464301593089,1048576,65536,16,1254,836
1512464301604017,1512464301604856,1048576,65536,16,1249,839
1512464301615793,1512464301616615,1048576,65536,16,1275,822
1512464301627517,1512464301628352,1048576,65536,16,1255,835
1512464301639380,1512464301640218,1048576,65536,16,1251,838
1512464301651147,1512464301651984,1048576,65536,16,1252,837
1512464301662917,1512464301663754,1048576,65536,16,1252,837
1512464301674892,1512464301675732,1048576,65536,16,1248,840
1512464301686639,1512464301687476,1048576,65536,16,1252,837
1512464301698390,1512464301699229,1048576,65536,16,1249,839
1512464301710202,1512464301711040,1048576,65536,16,1251,838
1512464301721925,1512464301722760,1048576,65536,16,1255,835
1512464301733680,1512464301734516,1048576,65536,16,1254,836
1512464301745493,1512464301746336,1048576,65536,16,1243,843
1512464301757229,1512464301758069,1048576,65536,16,1248,840
1512464301769006,1512464301769845,1048576,65536,16,1249,839
1512464301780778,1512464301781616,1048576,65536,16,1251,838
1512464301792492,1512464301793334,1048576,65536,16,1245,842
1512464301804240,1512464301805078,1048576,65536,16,1251,838
1512464301815965,1512464301816803,1048576,65536,16,1251,838
1512464301827659,1512464301828498,1048576,65536,16,1249,839
1512464301839434,1512464301840273,1048576,65536,16,1249,839
1512464301851156,1512464301851992,1048576,65536,16,1254,836
1512464301863076,1512464301863917,1048576,65536,16,1246,841
1512464301874862,1512464301875704,1048576,65536,16,1245,842
1512464301886630,1512464301887463,1048576,65536,16,1258,833
1512464301898355,1512464301899197,1048576,65536,16,1245,842
1512464301910190,1512464301911031,1048576,65536,16,1246,841
1512464301922096,1512464301922936,1048576,65536,16,1248,840
1512464301933915,1512464301934755,1048576,65536,16,1248,840
1512464301945641,1512464301946478,1048576,65536,16,1252,837
1512464301957493,1512464301958332,1048576,65536,16,1249,839
1512464301969235,1512464301970075,1048576,65536,16,1248,840
1512464301981011,1512464301981848,1048576,65536,16,1252,837
1512464301992789,1512464301993631,1048576,65536,16,1245,842
1512464302004576,1512464302005413,1048576,65536,16,1252,837
1512464302016546,1512464302017385,1048576,65536,16,1249,839
1512464302028343,1512464302029180,1048576,65536,16,1252,837
1512464302040090,1512464302040928,1048576,65536,16,1251,838
1512464302051867,1512464302052702,1048576,65536,16,1255,835
1512464302063578,1512464302064411,1048576,65536,16,1258,833
1512464302075396,1512464302076236,1048576,65536,16,1248,840
1512464302087078,1512464302087913,1048576,65536,16,1255,835
1512464302098748,1512464302099581,1048576,65536,16,1258,833
1512464302110503,1512464302111343,1048576,65536,16,1248,840
1512464302122344,1512464302123182,1048576,65536,16,1251,838
1512464302134071,1512464302134908,1048576,65536,16,1252,837
1512464302145792,1512464302146630,1048576,65536,16,1251,838
1512464302157581,1512464302158408,1048576,65536,16,1267,827
1512464302169311,1512464302170144,1048576,65536,16,1258,833
1512464302181127,1512464302181969,1048576,65536,16,1245,842
1512464302192878,1512464302193712,1048576,65536,16,1257,834
1512464302204665,1512464302205502,1048576,65536,16,1252,837
1512464302216499,1512464302217332,1048576,65536,16,1258,833
1512464302228195,1512464302229030,1048576,65536,16,1255,835
1512464302239908,1512464302240742,1048576,65536,16,1257,834
1512464302251627,1512464302252468,1048576,65536,16,1246,841
1512464302263444,1512464302264280,1048576,65536,16,1254,836
1512464302275151,1512464302275990,1048576,65536,16,1249,839
1512464302286938,1512464302287778,1048576,65536,16,1248,840
1512464302298934,1512464302299774,1048576,65536,16,1248,840
1512464302310707,1512464302311546,1048576,65536,16,1249,839
1512464302322472,1512464302323308,1048576,65536,16,1254,836
1512464302334241,1512464302335085,1048576,65536,16,1242,844
1512464302345982,1512464302346823,1048576,65536,16,1246,841
1512464302357759,1512464302358596,1048576,65536,16,1252,837
1512464302369496,1512464302370326,1048576,65536,16,1263,830
1512464302381256,1512464302382096,1048576,65536,16,1248,840
1512464302392996,1512464302393825,1048576,65536,16,1264,829
1512464302404827,1512464302405671,1048576,65536,16,1242,844
1512464302416558,1512464302417399,1048576,65536,16,1246,841
1512464302428421,1512464302429264,1048576,65536,16,1243,843
1512464302440263,1512464302441103,1048576,65536,16,1248,840
1512464302452078,1512464302452917,1048576,65536,16,1249,839
1512464302463853,1512464302464692,1048576,65536,16,1249,839
1512464302475672,1512464302476512,1048576,65536,16,1248,840
1512464302487427,1512464302488267,1048576,65536,16,1248,840
1512464302499277,1512464302500120,1048576,65536,16,1243,843
1512464302511058,1512464302511903,1048576,65536,16,1240,845
1512464302522919,1512464302523761,1048576,65536,16,1245,842
1512464302534639,1512464302535477,1048576,65536,16,1251,838
1512464302546431,1512464302547268,1048576,65536,16,1252,837
1512464302558186,1512464302559024,1048576,65536,16,1251,838
1512464302569933,1512464302570773,1048576,65536,16,1248,840
1512464302581639,1512464302582477,1048576,65536,16,1251,838
1512464302593405,1512464302594245,1048576,65536,16,1248,840
1512464302605161,1512464302606004,1048576,65536,16,1243,843
1512464302616854,1512464302617696,1048576,65536,16,1245,842
1512464302628660,1512464302629497,1048576,65536,16,1252,837
1512464302640366,1512464302641209,1048576,65536,16,1243,843
1512464302652073,1512464302652911,1048576,65536,16,1251,838
1512464302663858,1512464302664694,1048576,65536,16,1254,836
1512464302675665,1512464302676499,1048576,65536,16,1257,834
1512464302687474,1512464302688314,1048576,65536,16,1248,840
1512464302699418,1512464302700256,1048576,65536,16,1251,838
1512464302711147,1512464302711991,1048576,65536,16,1242,844
1512464302722824,1512464302723662,1048576,65536,16,1251,838
1512464302734705,1512464302735538,1048576,65536,16,1258,833
1512464302746436,1512464302747279,1048576,65536,16,1243,843
1512464302758258,1512464302759094,1048576,65536,16,1254,836
1512464302769952,1512464302770795,1048576,65536,16,1243,843
1512464302781750,1512464302782589,1048576,65536,16,1249,839
1512464302793457,1512464302794294,1048576,65536,16,1252,837
1512464302805298,1512464302806136,1048576,65536,16,1251,838
1512464302817034,1512464302817877,1048576,65536,16,1243,843
1512464302828797,1512464302829634,1048576,65536,16,1252,837
1512464302840530,1512464302841371,1048576,65536,16,1246,841
1512464302852273,1512464302853114,1048576,65536,16,1246,841
1512464302864062,1512464302864900,1048576,65536,16,1251,838
1512464302875917,1512464302876756,1048576,65536,16,1249,839
1512464302887651,1512464302888489,1048576,65536,16,1251,838
1512464302899426,1512464302900264,1048576,65536,16,1251,838
1512464302911184,1512464302912017,1048576,65536,16,1258,833
1512464302922979,1512464302923816,1048576,65536,16,1252,837
1512464302934659,1512464302935491,1048576,65536,16,1260,832
1512464302946373,1512464302947205,1048576,65536,16,1260,832
1512464302958111,1512464302958944,1048576,65536,16,1258,833
1512464302969901,1512464302970736,1048576,65536,16,1255,835
1512464302981658,1512464302982492,1048576,65536,16,1257,834
1512464302993423,1512464302994259,1048576,65536,16,1254,836
1512464303005229,1512464303006061,1048576,65536,16,1260,832
1512464303016975,1512464303017811,1048576,65536,16,1254,836
1512464303028947,1512464303029783,1048576,65536,16,1254,836
1512464303040742,1512464303041572,1048576,65536,16,1263,830
1512464303052486,1512464303053322,1048576,65536,16,1254,836
1512464303064172,1512464303065009,1048576,65536,16,1252,837
1512464303075920,1512464303076756,1048576,65536,16,1254,836
1512464303087749,1512464303088579,1048576,65536,16,1263,830
1512464303099532,1512464303100371,1048576,65536,16,1249,839
1512464303111377,1512464303112217,1048576,65536,16,1248,840
1512464303123174,1512464303124012,1048576,65536,16,1251,838
1512464303135028,1512464303135861,1048576,65536,16,1258,833
1512464303146819,1512464303147657,1048576,65536,16,1251,838
1512464303158669,1512464303159505,1048576,65536,16,1254,836
1512464303170460,1512464303171288,1048576,65536,16,1266,828
1512464303182217,1512464303183052,1048576,65536,16,1255,835
1512464303194105,1512464303194944,1048576,65536,16,1249,839
1512464303205999,1512464303206837,1048576,65536,16,1251,838
1512464303217715,1512464303218549,1048576,65536,16,1257,834
1512464303229508,1512464303230343,1048576,65536,16,1255,835
1512464303241311,1512464303242151,1048576,65536,16,1248,840
1512464303253058,1512464303253887,1048576,65536,16,1264,829
1512464303264901,1512464303265741,1048576,65536,16,1248,840
1512464303276608,1512464303277449,1048576,65536,16,1246,841
1512464303288344,1512464303289183,1048576,65536,16,1249,839
1512464303300095,1512464303300931,1048576,65536,16,1254,836
1512464303311869,1512464303312708,1048576,65536,16,1249,839
1512464303323672,1512464303324510,1048576,65536,16,1251,838
1512464303335438,1512464303336279,1048576,65536,16,1246,841
1512464303347269,1512464303348105,1048576,65536,16,1254,836
1512464303359007,1512464303359850,1048576,65536,16,1243,843
1512464303370729,1512464303371570,1048576,65536,16,1246,841
1512464303382450,1512464303383283,1048576,65536,16,1258,833
1512464303394229,1512464303395065,1048576,65536,16,1254,836
1512464303406017,1512464303406854,1048576,65536,16,1252,837
1512464303417742,1512464303418577,1048576,65536,16,1255,835
1512464303429478,1512464303430319,1048576,65536,16,1246,841
1512464303441211,1512464303442045,1048576,65536,16,1257,834
1512464303453032,1512464303453870,1048576,65536,16,1251,838
1512464303464873,1512464303465712,1048576,65536,16,1249,839
1512464303476580,1512464303477416,1048576,65536,16,1254,836
1512464303488355,1512464303489192,1048576,65536,16,1252,837
1512464303500205,1512464303501047,1048576,65536,16,1245,842
1512464303512208,1512464303513048,1048576,65536,16,1248,840
1512464303523958,1512464303524798,1048576,65536,16,1248,840
1512464303535633,1512464303536460,1048576,65536,16,1267,827
1512464303547315,1512464303548163,1048576,65536,16,1236,848
1512464303559127,1512464303559960,1048576,65536,16,1258,833
1512464303570871,1512464303571703,1048576,65536,16,1260,832
1512464303582656,1512464303583486,1048576,65536,16,1263,830
1512464303594385,1512464303595216,1048576,65536,16,1261,831
1512464303606164,1512464303607000,1048576,65536,16,1254,836
1512464303617958,1512464303618796,1048576,65536,16,1251,838
1512464303629762,1512464303630601,1048576,65536,16,1249,839
1512464303641586,1512464303642416,1048576,65536,16,1263,830
1512464303653407,1512464303654247,1048576,65536,16,1248,840
1512464303665182,1512464303666017,1048576,65536,16,1255,835
1512464303677027,1512464303677863,1048576,65536,16,1254,836
1512464303688735,1512464303689565,1048576,65536,16,1263,830
1512464303700536,1512464303701376,1048576,65536,16,1248,840
1512464303712282,1512464303713122,1048576,65536,16,1248,840
1512464303724092,1512464303724930,1048576,65536,16,1251,838
1512464303735872,1512464303736712,1048576,65536,16,1248,840
1512464303747647,1512464303748485,1048576,65536,16,1251,838
1512464303759334,1512464303760171,1048576,65536,16,1252,837
1512464303771110,1512464303771945,1048576,65536,16,1255,835
1512464303783086,1512464303783913,1048576,65536,16,1267,827
1512464303794927,1512464303795767,1048576,65536,16,1248,840
1512464303806610,1512464303807448,1048576,65536,16,1251,838
1512464303818426,1512464303819267,1048576,65536,16,1246,841
1512464303830119,1512464303830954,1048576,65536,16,1255,835
1512464303841972,1512464303842812,1048576,65536,16,1248,840
1512464303853759,1512464303854598,1048576,65536,16,1249,839
1512464303865658,1512464303866495,1048576,65536,16,1252,837
1512464303877450,1512464303878290,1048576,65536,16,1248,840
1512464303889341,1512464303890181,1048576,65536,16,1248,840
1512464303901098,1512464303901939,1048576,65536,16,1246,841
1512464303912864,1512464303913702,1048576,65536,16,1251,838
1512464303924628,1512464303925465,1048576,65536,16,1252,837
1512464303936381,1512464303937217,1048576,65536,16,1254,836
1512464303948159,1512464303948996,1048576,65536,16,1252,837
1512464303960025,1512464303960865,1048576,65536,16,1248,840
1512464303971836,1512464303972677,1048576,65536,16,1246,841
1512464303983661,1512464303984499,1048576,65536,16,1251,838
1512464303995461,1512464303996300,1048576,65536,16,1249,839
1512464304007173,1512464304008009,1048576,65536,16,1254,836
1512464304018975,1512464304019816,1048576,65536,16,1246,841
1512464304030811,1512464304031651,1048576,65536,16,1248,840
1512464304042535,1512464304043372,1048576,65536,16,1252,837
1512464304054273,1512464304055109,1048576,65536,16,1254,836
1512464304066095,1512464304066932,1048576,65536,16,1252,837
1512464304077884,1512464304078721,1048576,65536,16,1252,837
1512464304089665,1512464304090503,1048576,65536,16,1251,838
1512464304101488,1512464304102330,1048576,65536,16,1245,842
1512464304113326,1512464304114158,1048576,65536,16,1260,832
1512464304125112,1512464304125952,1048576,65536,16,1248,840
1512464304136857,1512464304137693,1048576,65536,16,1254,836
1512464304148792,1512464304149624,1048576,65536,16,1260,832
1512464304160509,1512464304161340,1048576,65536,16,1261,831
1512464304172458,1512464304173287,1048576,65536,16,1264,829
1512464304184271,1512464304185105,1048576,65536,16,1257,834
1512464304196101,1512464304196935,1048576,65536,16,1257,834
1512464304207961,1512464304208796,1048576,65536,16,1255,835
1512464304219746,1512464304220584,1048576,65536,16,1251,838
1512464304231551,1512464304232386,1048576,65536,16,1255,835
1512464304243328,1512464304244158,1048576,65536,16,1263,830
1512464304255147,1512464304255979,1048576,65536,16,1260,832
1512464304267063,1512464304267900,1048576,65536,16,1252,837
1512464304278977,1512464304279810,1048576,65536,16,1258,833
1512464304290857,1512464304291700,1048576,65536,16,1243,843
1512464304302589,1512464304303426,1048576,65536,16,1252,837
1512464304314311,1512464304315146,1048576,65536,16,1255,835
1512464304326075,1512464304326916,1048576,65536,16,1246,841
1512464304337810,1512464304338641,1048576,65536,16,1261,831
1512464304349702,1512464304350539,1048576,65536,16,1252,837
1512464304361474,1512464304362309,1048576,65536,16,1255,835
1512464304373259,1512464304374101,1048576,65536,16,1245,842
1512464304385098,1512464304385936,1048576,65536,16,1251,838
1512464304396857,1512464304397697,1048576,65536,16,1248,840
1512464304408554,1512464304409389,1048576,65536,16,1255,835
1512464304420369,1512464304421208,1048576,65536,16,1249,839
1512464304432118,1512464304432959,1048576,65536,16,1246,841
1512464304443869,1512464304444703,1048576,65536,16,1257,834
1512464304455764,1512464304456596,1048576,65536,16,1260,832
1512464304467580,1512464304468418,1048576,65536,16,1251,838
1512464304479296,1512464304480131,1048576,65536,16,1255,835
1512464304491090,1512464304491931,1048576,65536,16,1246,841
1512464304502840,1512464304503673,1048576,65536,16,1258,833
1512464304514708,1512464304515543,1048576,65536,16,1255,835
1512464304526466,1512464304527303,1048576,65536,16,1252,837
1512464304538230,1512464304539072,1048576,65536,16,1245,842
1512464304550058,1512464304550896,1048576,65536,16,1251,838
1512464304561895,1512464304562734,1048576,65536,16,1249,839
1512464304573666,1512464304574505,1048576,65536,16,1249,839
1512464304585399,1512464304586234,1048576,65536,16,1255,835
1512464304597209,1512464304598035,1048576,65536,16,1269,826
1512464304609064,1512464304609904,1048576,65536,16,1248,840
1512464304620869,1512464304621705,1048576,65536,16,1254,836
1512464304632635,1512464304633469,1048576,65536,16,1257,834
1512464304644349,1512464304645185,1048576,65536,16,1254,836
1512464304656174,1512464304657012,1048576,65536,16,1251,838
1512464304667993,1512464304668832,1048576,65536,16,1249,839
1512464304679781,1512464304680612,1048576,65536,16,1261,831
1512464304691612,1512464304692453,1048576,65536,16,1246,841
1512464304703446,1512464304704286,1048576,65536,16,1248,840
1512464304715279,1512464304716110,1048576,65536,16,1261,831
1512464304727107,1512464304727949,1048576,65536,16,1245,842
1512464304738821,1512464304739653,1048576,65536,16,1260,832
1512464304750485,1512464304751327,1048576,65536,16,1245,842
1512464304762277,1512464304763119,1048576,65536,16,1245,842
1512464304773964,1512464304774805,1048576,65536,16,1246,841
1512464304785739,1512464304786577,1048576,65536,16,1251,838
1512464304797516,1512464304798356,1048576,65536,16,1248,840
1512464304809247,1512464304810085,1048576,65536,16,1251,838
1512464304821062,1512464304821899,1048576,65536,16,1252,837
1512464304833079,1512464304833921,1048576,65536,16,1245,842
1512464304844792,1512464304845632,1048576,65536,16,1248,840
1512464304856582,1512464304857425,1048576,65536,16,1243,843
1512464304868381,1512464304869217,1048576,65536,16,1254,836
1512464304880176,1512464304881017,1048576,65536,16,1246,841
1512464304892088,1512464304892925,1048576,65536,16,1252,837
1512464304903878,1512464304904720,1048576,65536,16,1245,842
1512464304915625,1512464304916472,1048576,65536,16,1237,847
1512464304927506,1512464304928346,1048576,65536,16,1248,840
1512464304939254,1512464304940095,1048576,65536,16,1246,841
1512464304951165,1512464304952008,1048576,65536,16,1243,843
1512464304962951,1512464304963794,1048576,65536,16,1243,843
1512464304974830,1512464304975671,1048576,65536,16,1246,841
1512464304986617,1512464304987454,1048576,65536,16,1252,837
1512464304998455,1512464304999288,1048576,65536,16,1258,833
1512464305010191,1512464305011029,1048576,65536,16,1251,838
1512464305021989,1512464305022826,1048576,65536,16,1252,837
1512464305033721,1512464305034559,1048576,65536,16,1251,838
1512464305045480,1512464305046320,1048576,65536,16,1248,840
1512464305057260,1512464305058097,1048576,65536,16,1252,837
1512464305069061,1512464305069902,1048576,65536,16,1246,841
1512464305080858,1512464305081695,1048576,65536,16,1252,837
1512464305092581,1512464305093420,1048576,65536,16,1249,839
1512464305104316,1512464305105156,1048576,65536,16,1248,840
1512464305116112,1512464305116954,1048576,65536,16,1245,842
1512464305127875,1512464305128712,1048576,65536,16,1252,837
1512464305139668,1512464305140508,1048576,65536,16,1248,840
1512464305151460,1512464305152296,1048576,65536,16,1254,836
1512464305163231,1512464305164069,1048576,65536,16,1251,838
1512464305175014,1512464305175852,1048576,65536,16,1251,838
1512464305186842,1512464305187682,1048576,65536,16,1248,840
1512464305198623,1512464305199457,1048576,65536,16,1257,834
1512464305210373,1512464305211218,1048576,65536,16,1240,845
1512464305222192,1512464305223027,1048576,65536,16,1255,835
1512464305233971,1512464305234810,1048576,65536,16,1249,839
1512464305245808,1512464305246649,1048576,65536,16,1246,841
1512464305257717,1512464305258561,1048576,65536,16,1242,844
1512464305269444,1512464305270283,1048576,65536,16,1249,839
1512464305281196,1512464305282034,1048576,65536,16,1251,838
1512464305293085,1512464305293928,1048576,65536,16,1243,843
1512464305304916,1512464305305759,1048576,65536,16,1243,843
1512464305316639,1512464305317479,1048576,65536,16,1248,840
1512464305328399,1512464305329236,1048576,65536,16,1252,837
1512464305340271,1512464305341106,1048576,65536,16,1255,835
1512464305352061,1512464305352906,1048576,65536,16,1240,845
1512464305363921,1512464305364764,1048576,65536,16,1243,843
1512464305375798,1512464305376630,1048576,65536,16,1260,832
1512464305387551,1512464305388391,1048576,65536,16,1248,840
1512464305399458,1512464305400299,1048576,65536,16,1246,841
1512464305411325,1512464305412166,1048576,65536,16,1246,841
1512464305423057,1512464305423899,1048576,65536,16,1245,842
1512464305434864,1512464305435702,1048576,65536,16,1251,838
1512464305446587,1512464305447427,1048576,65536,16,1248,840
1512464305458435,1512464305459270,1048576,65536,16,1255,835
1512464305470218,1512464305471058,1048576,65536,16,1248,840
1512464305481966,1512464305482805,1048576,65536,16,1249,839
1512464305493885,1512464305494728,1048576,65536,16,1243,843
1512464305505819,1512464305506651,1048576,65536,16,1260,832
1512464305517510,1512464305518349,1048576,65536,16,1249,839
1512464305529422,1512464305530265,1048576,65536,16,1243,843
1512464305541368,1512464305542208,1048576,65536,16,1248,840
1512464305553340,1512464305554184,1048576,65536,16,1242,844
1512464305565165,1512464305566006,1048576,65536,16,1246,841
1512464305576964,1512464305577805,1048576,65536,16,1246,841
1512464305588797,1512464305589640,1048576,65536,16,1243,843
1512464305600552,1512464305601395,1048576,65536,16,1243,843
1512464305612370,1512464305613211,1048576,65536,16,1246,841
1512464305624100,1512464305624940,1048576,65536,16,1248,840
1512464305635933,1512464305636770,1048576,65536,16,1252,837
1512464305647638,1512464305648473,1048576,65536,16,1255,835
1512464305659437,1512464305660278,1048576,65536,16,1246,841
1512464305671221,1512464305672055,1048576,65536,16,1257,834
1512464305683038,1512464305683876,1048576,65536,16,1251,838
1512464305694866,1512464305695709,1048576,65536,16,1243,843
1512464305706749,1512464305707587,1048576,65536,16,1251,838
1512464305718536,1512464305719374,1048576,65536,16,1251,838
1512464305730312,1512464305731147,1048576,65536,16,1255,835
1512464305742223,1512464305743068,1048576,65536,16,1240,845
1512464305754065,1512464305754907,1048576,65536,16,1245,842
1512464305765832,1512464305766665,1048576,65536,16,1258,833
1512464305777669,1512464305778504,1048576,65536,16,1255,835
1512464305789544,1512464305790386,1048576,65536,16,1245,842
1512464305801270,1512464305802115,1048576,65536,16,1240,845
1512464305813110,1512464305813952,1048576,65536,16,1245,842
1512464305824901,1512464305825734,1048576,65536,16,1258,833
1512464305836748,1512464305837580,1048576,65536,16,1260,832
1512464305848619,1512464305849456,1048576,65536,16,1252,837
1512464305860460,1512464305861300,1048576,65536,16,1248,840
1512464305872302,1512464305873142,1048576,65536,16,1248,840
1512464305884081,1512464305884919,1048576,65536,16,1251,838
1512464305895929,1512464305896770,1048576,65536,16,1246,841
1512464305907807,1512464305908641,1048576,65536,16,1257,834
1512464305919581,1512464305920419,1048576,65536,16,1251,838
1512464305931436,1512464305932278,1048576,65536,16,1245,842
1512464305943169,1512464305944010,1048576,65536,16,1246,841
1512464305955012,1512464305955848,1048576,65536,16,1254,836
1512464305966750,1512464305967594,1048576,65536,16,1242,844
1512464305978539,1512464305979380,1048576,65536,16,1246,841
1512464305990346,1512464305991185,1048576,65536,16,1249,839
1512464306002149,1512464306002989,1048576,65536,16,1248,840
1512464306013907,1512464306014748,1048576,65536,16,1246,841
1512464306025680,1512464306026520,1048576,65536,16,1248,840
1512464306037440,1512464306038283,1048576,65536,16,1243,843
1512464306049142,1512464306049985,1048576,65536,16,1243,843
1512464306060980,1512464306061816,1048576,65536,16,1254,836
1512464306072703,1512464306073543,1048576,65536,16,1248,840
1512464306084609,1512464306085449,1048576,65536,16,1248,840
1512464306096388,1512464306097229,1048576,65536,16,1246,841
1512464306108223,1512464306109058,1048576,65536,16,1255,835
1512464306119987,1512464306120827,1048576,65536,16,1248,840
1512464306131846,1512464306132684,1048576,65536,16,1251,838
1512464306143668,1512464306144502,1048576,65536,16,1257,834
1512464306155448,1512464306156280,1048576,65536,16,1260,832
1512464306167362,1512464306168204,1048576,65536,16,1245,842
1512464306179224,1512464306180064,1048576,65536,16,1248,840
1512464306191042,1512464306191874,1048576,65536,16,1260,832
1512464306202909,1512464306203745,1048576,65536,16,1254,836
1512464306214634,1512464306215471,1048576,65536,16,1252,837
1512464306226368,1512464306227206,1048576,65536,16,1251,838
1512464306238315,1512464306239155,1048576,65536,16,1248,840
1512464306250091,1512464306250928,1048576,65536,16,1252,837
1512464306261851,1512464306262695,1048576,65536,16,1242,844
1512464306273680,1512464306274511,1048576,65536,16,1261,831
1512464306285435,1512464306286276,1048576,65536,16,1246,841
1512464306297196,1512464306298033,1048576,65536,16,1252,837
1512464306309004,1512464306309841,1048576,65536,16,1252,837
1512464306320793,1512464306321633,1048576,65536,16,1248,840
1512464306332514,1512464306333356,1048576,65536,16,1245,842
1512464306344389,1512464306345229,1048576,65536,16,1248,840
1512464306356116,1512464306356957,1048576,65536,16,1246,841
1512464306367921,1512464306368753,1048576,65536,16,1260,832
1512464306379628,1512464306380467,1048576,65536,16,1249,839
1512464306391397,1512464306392234,1048576,65536,16,1252,837
1512464306403247,1512464306404081,1048576,65536,16,1257,834
1512464306415120,1512464306415963,1048576,65536,16,1243,843
1512464306426900,1512464306427737,1048576,65536,16,1252,837
1512464306438711,1512464306439548,1048576,65536,16,1252,837
1512464306450433,1512464306451269,1048576,65536,16,1254,836
1512464306462184,1512464306463020,1048576,65536,16,1254,836
1512464306474003,1512464306474841,1048576,65536,16,1251,838
1512464306485753,1512464306486588,1048576,65536,16,1255,835
1512464306497470,1512464306498306,1048576,65536,16,1254,836
1512464306509292,1512464306510131,1048576,65536,16,1249,839
1512464306521086,1512464306521928,1048576,65536,16,1245,842
1512464306532900,1512464306533740,1048576,65536,16,1248,840
1512464306544702,1512464306545533,1048576,65536,16,1261,831
1512464306556499,1512464306557335,1048576,65536,16,1254,836
1512464306568249,1512464306569080,1048576,65536,16,1261,831
1512464306580044,1512464306580877,1048576,65536,16,1258,833
1512464306591832,1512464306592673,1048576,65536,16,1246,841
1512464306603595,1512464306604429,1048576,65536,16,1257,834
1512464306615416,1512464306616248,1048576,65536,16,1260,832
1512464306627212,1512464306628052,1048576,65536,16,1248,840
1512464306639074,1512464306639912,1048576,65536,16,1251,838
1512464306650946,1512464306651779,1048576,65536,16,1258,833
1512464306662643,1512464306663479,1048576,65536,16,1254,836
1512464306674718,1512464306675548,1048576,65536,16,1263,830
1512464306686513,1512464306687351,1048576,65536,16,1251,838
1512464306698266,1512464306699103,1048576,65536,16,1252,837
1512464306710097,1512464306710935,1048576,65536,16,1251,838
1512464306722013,1512464306722849,1048576,65536,16,1254,836
1512464306733910,1512464306734749,1048576,65536,16,1249,839
1512464306745764,1512464306746603,1048576,65536,16,1249,839
1512464306757652,1512464306758469,1048576,65536,16,1283,817
1512464306769350,1512464306770179,1048576,65536,16,1264,829
1512464306781096,1512464306781931,1048576,65536,16,1255,835
1512464306792795,1512464306793635,1048576,65536,16,1248,840
1512464306804515,1512464306805351,1048576,65536,16,1254,836
1512464306816463,1512464306817303,1048576,65536,16,1248,840
1512464306828303,1512464306829136,1048576,65536,16,1258,833
1512464306840141,1512464306840975,1048576,65536,16,1257,834
1512464306851842,1512464306852676,1048576,65536,16,1257,834
1512464306863543,1512464306864377,1048576,65536,16,1257,834
1512464306875308,1512464306876143,1048576,65536,16,1255,835
1512464306887085,1512464306887919,1048576,65536,16,1257,834
1512464306898928,1512464306899761,1048576,65536,16,1258,833
1512464306910787,1512464306911620,1048576,65536,16,1258,833
1512464306922547,1512464306923390,1048576,65536,16,1243,843
1512464306934299,1512464306935125,1048576,65536,16,1269,826
1512464306946258,1512464306947095,1048576,65536,16,1252,837
1512464306958036,1512464306958878,1048576,65536,16,1245,842
1512464306969883,1512464306970721,1048576,65536,16,1251,838
1512464306981627,1512464306982465,1048576,65536,16,1251,838
1512464306993409,1512464306994241,1048576,65536,16,1260,832
1512464307005242,1512464307006079,1048576,65536,16,1252,837
1512464307017003,1512464307017842,1048576,65536,16,1249,839
1512464307028923,1512464307029765,1048576,65536,16,1245,842
1512464307040700,1512464307041534,1048576,65536,16,1257,834
1512464307052550,1512464307053389,1048576,65536,16,1249,839
1512464307064302,1512464307065140,1048576,65536,16,1251,838
1512464307076115,1512464307076956,1048576,65536,16,1246,841
1512464307087800,1512464307088639,1048576,65536,16,1249,839
1512464307099505,1512464307100343,1048576,65536,16,1251,838
1512464307111259,1512464307112091,1048576,65536,16,1260,832
1512464307123164,1512464307124000,1048576,65536,16,1254,836
1512464307135013,1512464307135848,1048576,65536,16,1255,835
1512464307146960,1512464307147801,1048576,65536,16,1246,841
1512464307158662,1512464307159496,1048576,65536,16,1257,834
1512464307170394,1512464307171235,1048576,65536,16,1246,841
1512464307182110,1512464307182951,1048576,65536,16,1246,841
1512464307193807,1512464307194645,1048576,65536,16,1251,838
1512464307205519,1512464307206359,1048576,65536,16,1248,840
1512464307217316,1512464307218156,1048576,65536,16,1248,840
1512464307229066,1512464307229902,1048576,65536,16,1254,836
1512464307240869,1512464307241712,1048576,65536,16,1243,843
1512464307252614,1512464307253452,1048576,65536,16,1251,838
1512464307264461,1512464307265294,1048576,65536,16,1258,833
1512464307276151,1512464307276990,1048576,65536,16,1249,839
1512464307287944,1512464307288778,1048576,65536,16,1257,834
1512464307299734,1512464307300573,1048576,65536,16,1249,839
1512464307311593,1512464307312429,1048576,65536,16,1254,836
1512464307323335,1512464307324176,1048576,65536,16,1246,841
1512464307335187,1512464307336032,1048576,65536,16,1240,845
1512464307347144,1512464307347982,1048576,65536,16,1251,838
1512464307358866,1512464307359705,1048576,65536,16,1249,839
1512464307370780,1512464307371618,1048576,65536,16,1251,838
1512464307382654,1512464307383497,1048576,65536,16,1243,843
1512464307394597,1512464307395437,1048576,65536,16,1248,840
1512464307406556,1512464307407399,1048576,65536,16,1243,843
1512464307418473,1512464307419312,1048576,65536,16,1249,839
1512464307430266,1512464307431102,1048576,65536,16,1254,836
1512464307441994,1512464307442826,1048576,65536,16,1260,832
1512464307453761,1512464307454592,1048576,65536,16,1261,831
1512464307465497,1512464307466333,1048576,65536,16,1254,836
1512464307477191,1512464307478025,1048576,65536,16,1257,834
1512464307488866,1512464307489706,1048576,65536,16,1248,840
1512464307500626,1512464307501462,1048576,65536,16,1254,836
1512464307512432,1512464307513267,1048576,65536,16,1255,835
1512464307524276,1512464307525117,1048576,65536,16,1246,841
1512464307536096,1512464307536935,1048576,65536,16,1249,839
1512464307547979,1512464307548809,1048576,65536,16,1263,830
1512464307559782,1512464307560623,1048576,65536,16,1246,841
1512464307571638,1512464307572474,1048576,65536,16,1254,836
1512464307583392,1512464307584225,1048576,65536,16,1258,833
1512464307595113,1512464307595941,1048576,65536,16,1266,828
1512464307606897,1512464307607736,1048576,65536,16,1249,839
1512464307618667,1512464307619499,1048576,65536,16,1260,832
1512464307630488,1512464307631320,1048576,65536,16,1260,832
1512464307642281,1512464307643115,1048576,65536,16,1257,834
1512464307654108,1512464307654935,1048576,65536,16,1267,827
1512464307665833,1512464307666665,1048576,65536,16,1260,832
1512464307677565,1512464307678403,1048576,65536,16,1251,838
1512464307689273,1512464307690112,1048576,65536,16,1249,839
1512464307700999,1512464307701834,1048576,65536,16,1255,835
1512464307712789,1512464307713628,1048576,65536,16,1249,839
1512464307724544,1512464307725373,1048576,65536,16,1264,829
1512464307736327,1512464307737167,1048576,65536,16,1248,840
1512464307748110,1512464307748943,1048576,65536,16,1258,833
1512464307759902,1512464307760736,1048576,65536,16,1257,834
1512464307771731,1512464307772559,1048576,65536,16,1266,828
1512464307783561,1512464307784404,1048576,65536,16,1243,843
1512464307795370,1512464307796208,1048576,65536,16,1251,838
1512464307807231,1512464307808070,1048576,65536,16,1249,839
1512464307818996,1512464307819819,1048576,65536,16,1274,823
1512464307830784,1512464307831617,1048576,65536,16,1258,833
1512464307842478,1512464307843316,1048576,65536,16,1251,838
1512464307854304,1512464307855139,1048576,65536,16,1255,835
1512464307866053,1512464307866884,1048576,65536,16,1261,831
1512464307877949,1512464307878791,1048576,65536,16,1245,842
1512464307889737,1512464307890575,1048576,65536,16,1251,838
1512464307901534,1512464307902370,1048576,65536,16,1254,836
1512464307913320,1512464307914154,1048576,65536,16,1257,834
1512464307925113,1512464307925956,1048576,65536,16,1243,843
1512464307936914,1512464307937761,1048576,65536,16,1237,847
1512464307948724,1512464307949568,1048576,65536,16,1242,844
1512464307960599,1512464307961444,1048576,65536,16,1240,845
1512464307972455,1512464307973294,1048576,65536,16,1249,839
1512464307984248,1512464307985090,1048576,65536,16,1245,842
1512464307996015,1512464307996859,1048576,65536,16,1242,844
1512464308007787,1512464308008626,1048576,65536,16,1249,839
1512464308019566,1512464308020409,1048576,65536,16,1243,843
1512464308031344,1512464308032183,1048576,65536,16,1249,839
1512464308043096,1512464308043932,1048576,65536,16,1254,836
1512464308054810,1512464308055647,1048576,65536,16,1252,837
1512464308066695,1512464308067529,1048576,65536,16,1257,834
1512464308078535,1512464308079375,1048576,65536,16,1248,840
1512464308090480,1512464308091312,1048576,65536,16,1260,832
1512464308102280,1512464308103114,1048576,65536,16,1257,834
1512464308114023,1512464308114855,1048576,65536,16,1260,832
1512464308125788,1512464308126627,1048576,65536,16,1249,839
1512464308137524,1512464308138364,1048576,65536,16,1248,840
1512464308149327,1512464308150166,1048576,65536,16,1249,839
1512464308161226,1512464308162054,1048576,65536,16,1266,828
1512464308173129,1512464308173969,1048576,65536,16,1248,840
1512464308184882,1512464308185718,1048576,65536,16,1254,836
1512464308196608,1512464308197448,1048576,65536,16,1248,840
1512464308208395,1512464308209226,1048576,65536,16,1261,831
1512464308220169,1512464308221014,1048576,65536,16,1240,845
1512464308232066,1512464308232902,1048576,65536,16,1254,836
1512464308243877,1512464308244721,1048576,65536,16,1242,844
1512464308255587,1512464308256424,1048576,65536,16,1252,837
1512464308267417,1512464308268256,1048576,65536,16,1249,839
1512464308279212,1512464308280052,1048576,65536,16,1248,840
1512464308290969,1512464308291803,1048576,65536,16,1257,834
1512464308302873,1512464308303714,1048576,65536,16,1246,841
1512464308314678,1512464308315518,1048576,65536,16,1248,840
1512464308326505,1512464308327349,1048576,65536,16,1242,844
1512464308338225,1512464308339062,1048576,65536,16,1252,837
1512464308350059,1512464308350901,1048576,65536,16,1245,842
1512464308361775,1512464308362617,1048576,65536,16,1245,842
1512464308373533,1512464308374382,1048576,65536,16,1235,849
1512464308385417,1512464308386260,1048576,65536,16,1243,843
1512464308397441,1512464308398285,1048576,65536,16,1242,844
1512464308409254,1512464308410097,1048576,65536,16,1243,843
1512464308421076,1512464308421920,1048576,65536,16,1242,844
1512464308432844,1512464308433681,1048576,65536,16,1252,837
1512464308444691,1512464308445531,1048576,65536,16,1248,840
1512464308456609,1512464308457447,1048576,65536,16,1251,838
1512464308468450,1512464308469281,1048576,65536,16,1261,831
1512464308480208,1512464308481051,1048576,65536,16,1243,843
1512464308492076,1512464308492914,1048576,65536,16,1251,838
1512464308503782,1512464308504624,1048576,65536,16,1245,842
1512464308515626,1512464308516471,1048576,65536,16,1240,845
1512464308527439,1512464308528278,1048576,65536,16,1249,839
1512464308539148,1512464308539990,1048576,65536,16,1245,842
1512464308550881,1512464308551726,1048576,65536,16,1240,845
1512464308562666,1512464308563504,1048576,65536,16,1251,838
1512464308574446,1512464308575290,1048576,65536,16,1242,844
1512464308586312,1512464308587147,1048576,65536,16,1255,835
1512464308598035,1512464308598860,1048576,65536,16,1271,825
1512464308609772,1512464308610612,1048576,65536,16,1248,840
1512464308621519,1512464308622362,1048576,65536,16,1243,843
1512464308633303,1512464308634145,1048576,65536,16,1245,842
1512464308645028,1512464308645863,1048576,65536,16,1255,835
1512464308656844,1512464308657678,1048576,65536,16,1257,834
1512464308668624,1512464308669465,1048576,65536,16,1246,841
1512464308680377,1512464308681218,1048576,65536,16,1246,841
1512464308692147,1512464308692988,1048576,65536,16,1246,841
1512464308703896,1512464308704738,1048576,65536,16,1245,842
1512464308715724,1512464308716557,1048576,65536,16,1258,833
1512464308727471,1512464308728310,1048576,65536,16,1249,839
1512464308739339,1512464308740180,1048576,65536,16,1246,841
1512464308751125,1512464308751964,1048576,65536,16,1249,839
1512464308762940,1512464308763780,1048576,65536,16,1248,840
1512464308774707,1512464308775546,1048576,65536,16,1249,839
1512464308786455,1512464308787294,1048576,65536,16,1249,839
1512464308798137,1512464308798981,1048576,65536,16,1242,844
1512464308809907,1512464308810746,1048576,65536,16,1249,839
1512464308821663,1512464308822506,1048576,65536,16,1243,843
1512464308833495,1512464308834335,1048576,65536,16,1248,840
