1512779064963429,1512779064966871,10485760,327680,32,3046,3442
1512779065043441,1512779065046784,10485760,327680,32,3136,3343
1512779065123236,1512779065126560,10485760,327680,32,3154,3324
1512779065203014,1512779065206287,10485760,327680,32,3203,3273
1512779065282448,1512779065285737,10485760,327680,32,3188,3289
1512779065361780,1512779065365063,10485760,327680,32,3193,3283
1512779065440976,1512779065444309,10485760,327680,32,3146,3333
1512779065520380,1512779065523716,10485760,327680,32,3143,3336
1512779065600062,1512779065603340,10485760,327680,32,3198,3278
1512779065679697,1512779065683030,10485760,327680,32,3146,3333
1512779065759055,1512779065762369,10485760,327680,32,3164,3314
1512779065838411,1512779065841652,10485760,327680,32,3235,3241
1512779065917934,1512779065921250,10485760,327680,32,3162,3316
1512779065997348,1512779066000664,10485760,327680,32,3162,3316
1512779066076573,1512779066079890,10485760,327680,32,3161,3317
1512779066156756,1512779066160050,10485760,327680,32,3183,3294
1512779066236397,1512779066239754,10485760,327680,32,3123,3357
1512779066316291,1512779066319623,10485760,327680,32,3146,3332
1512779066395789,1512779066399134,10485760,327680,32,3134,3345
1512779066475419,1512779066478697,10485760,327680,32,3198,3278
1512779066554836,1512779066558113,10485760,327680,32,3199,3277
1512779066634481,1512779066637755,10485760,327680,32,3202,3274
1512779066714620,1512779066717995,10485760,327680,32,3106,3375
1512779066794507,1512779066797866,10485760,327680,32,3121,3359
1512779066874248,1512779066877569,10485760,327680,32,3157,3321
1512779066953626,1512779066956920,10485760,327680,32,3183,3294
1512779067033293,1512779067036610,10485760,327680,32,3161,3317
1512779067112640,1512779067115980,10485760,327680,32,3139,3340
1512779067192492,1512779067195787,10485760,327680,32,3182,3295
1512779067272069,1512779067275354,10485760,327680,32,3192,3285
1512779067351628,1512779067354966,10485760,327680,32,3141,3338
1512779067431247,1512779067434551,10485760,327680,32,3173,3304
1512779067510931,1512779067514228,10485760,327680,32,3180,3297
1512779067590504,1512779067593878,10485760,327680,32,3107,3374
1512779067670061,1512779067673364,10485760,327680,32,3174,3303
1512779067749990,1512779067753270,10485760,327680,32,3196,3280
1512779067829435,1512779067832742,10485760,327680,32,3170,3307
1512779067908798,1512779067912125,10485760,327680,32,3151,3327
1512779067988607,1512779067991893,10485760,327680,32,3191,3286
1512779068067919,1512779068071237,10485760,327680,32,3160,3318
1512779068147484,1512779068150793,10485760,327680,32,3168,3309
1512779068227071,1512779068230395,10485760,327680,32,3154,3324
1512779068306303,1512779068309562,10485760,327680,32,3217,3259
1512779068385936,1512779068389278,10485760,327680,32,3137,3342
1512779068465428,1512779068468765,10485760,327680,32,3142,3337
1512779068544814,1512779068548172,10485760,327680,32,3122,3358
1512779068624346,1512779068627597,10485760,327680,32,3225,3251
1512779068703794,1512779068707097,10485760,327680,32,3174,3303
1512779068783155,1512779068786438,10485760,327680,32,3193,3283
1512779068862720,1512779068866102,10485760,327680,32,3100,3382
1512779068942061,1512779068945367,10485760,327680,32,3171,3306
1512779069022212,1512779069025532,10485760,327680,32,3158,3320
1512779069101942,1512779069105196,10485760,327680,32,3222,3254
1512779069181212,1512779069184489,10485760,327680,32,3199,3277
1512779069260637,1512779069263994,10485760,327680,32,3123,3357
1512779069340729,1512779069344011,10485760,327680,32,3194,3282
1512779069420220,1512779069423565,10485760,327680,32,3134,3345
1512779069499749,1512779069503098,10485760,327680,32,3131,3349
1512779069579339,1512779069582715,10485760,327680,32,3105,3376
1512779069658671,1512779069662008,10485760,327680,32,3142,3337
1512779069738526,1512779069741827,10485760,327680,32,3176,3301
1512779069818488,1512779069821825,10485760,327680,32,3142,3337
1512779069898361,1512779069901687,10485760,327680,32,3152,3326
1512779069978269,1512779069981605,10485760,327680,32,3143,3336
1512779070058087,1512779070061430,10485760,327680,32,3136,3343
1512779070137773,1512779070141105,10485760,327680,32,3146,3332
1512779070217620,1512779070220950,10485760,327680,32,3148,3330
1512779070297088,1512779070300432,10485760,327680,32,3135,3344
1512779070376822,1512779070380175,10485760,327680,32,3127,3353
1512779070456226,1512779070459577,10485760,327680,32,3129,3351
1512779070535680,1512779070539030,10485760,327680,32,3130,3350
1512779070615064,1512779070618411,10485760,327680,32,3132,3347
1512779070694555,1512779070697832,10485760,327680,32,3199,3277
1512779070773766,1512779070777137,10485760,327680,32,3110,3371
1512779070853507,1512779070856755,10485760,327680,32,3228,3248
1512779070932799,1512779070936139,10485760,327680,32,3139,3340
1512779071012527,1512779071015928,10485760,327680,32,3083,3401
1512779071092218,1512779071095580,10485760,327680,32,3118,3362
1512779071171749,1512779071175078,10485760,327680,32,3149,3329
1512779071251288,1512779071254597,10485760,327680,32,3168,3309
1512779071330645,1512779071333955,10485760,327680,32,3167,3310
1512779071410348,1512779071413662,10485760,327680,32,3164,3314
1512779071489819,1512779071493223,10485760,327680,32,3080,3404
1512779071569283,1512779071572640,10485760,327680,32,3123,3357
1512779071649388,1512779071652778,10485760,327680,32,3093,3390
1512779071729164,1512779071732486,10485760,327680,32,3156,3322
1512779071808752,1512779071812121,10485760,327680,32,3112,3369
1512779071888313,1512779071891616,10485760,327680,32,3174,3303
1512779071967451,1512779071970822,10485760,327680,32,3110,3371
1512779072047299,1512779072050674,10485760,327680,32,3106,3375
1512779072126955,1512779072130258,10485760,327680,32,3174,3303
1512779072206507,1512779072209834,10485760,327680,32,3151,3327
1512779072286107,1512779072289456,10485760,327680,32,3131,3349
1512779072365615,1512779072368930,10485760,327680,32,3163,3315
1512779072444843,1512779072448195,10485760,327680,32,3128,3352
1512779072524327,1512779072527719,10485760,327680,32,3091,3392
1512779072604204,1512779072607580,10485760,327680,32,3105,3376
1512779072683761,1512779072687130,10485760,327680,32,3112,3369
1512779072763741,1512779072767097,10485760,327680,32,3124,3356
1512779072843229,1512779072846554,10485760,327680,32,3153,3325
1512779072923040,1512779072926377,10485760,327680,32,3142,3337
1512779073002301,1512779073005662,10485760,327680,32,3119,3361
1512779073082206,1512779073085521,10485760,327680,32,3163,3315
1512779073161816,1512779073165213,10485760,327680,32,3086,3397
1512779073241380,1512779073244735,10485760,327680,32,3125,3355
1512779073321268,1512779073324588,10485760,327680,32,3158,3320
1512779073400873,1512779073404142,10485760,327680,32,3207,3269
1512779073480058,1512779073483400,10485760,327680,32,3137,3342
1512779073559682,1512779073563065,10485760,327680,32,3099,3383
1512779073639325,1512779073642694,10485760,327680,32,3112,3369
1512779073719059,1512779073722421,10485760,327680,32,3118,3362
1512779073798945,1512779073802239,10485760,327680,32,3183,3294
1512779073878296,1512779073881623,10485760,327680,32,3151,3327
1512779073957671,1512779073961064,10485760,327680,32,3090,3393
1512779074036982,1512779074040352,10485760,327680,32,3111,3370
1512779074116733,1512779074120120,10485760,327680,32,3095,3387
1512779074196519,1512779074199938,10485760,327680,32,3066,3419
1512779074276166,1512779074279458,10485760,327680,32,3185,3292
1512779074355405,1512779074358791,10485760,327680,32,3096,3386
1512779074435987,1512779074439409,10485760,327680,32,3064,3422
1512779074517655,1512779074521067,10485760,327680,32,3073,3412
1512779074599288,1512779074602725,10485760,327680,32,3050,3437
1512779074680840,1512779074684256,10485760,327680,32,3069,3416
1512779074762347,1512779074765759,10485760,327680,32,3073,3412
1512779074844111,1512779074847546,10485760,327680,32,3052,3435
1512779074926222,1512779074929584,10485760,327680,32,3118,3362
1512779075007435,1512779075010850,10485760,327680,32,3070,3415
1512779075088842,1512779075092236,10485760,327680,32,3089,3394
1512779075168105,1512779075171489,10485760,327680,32,3098,3384
1512779075247922,1512779075251304,10485760,327680,32,3100,3382
1512779075327674,1512779075331000,10485760,327680,32,3152,3326
1512779075407430,1512779075410827,10485760,327680,32,3086,3397
1512779075487237,1512779075490620,10485760,327680,32,3099,3383
1512779075567335,1512779075570713,10485760,327680,32,3104,3378
1512779075646682,1512779075650053,10485760,327680,32,3110,3371
1512779075726290,1512779075729615,10485760,327680,32,3153,3325
1512779075806170,1512779075809479,10485760,327680,32,3168,3309
1512779075885906,1512779075889253,10485760,327680,32,3132,3347
1512779075965799,1512779075969137,10485760,327680,32,3141,3338
1512779076045199,1512779076048618,10485760,327680,32,3066,3419
1512779076125122,1512779076128509,10485760,327680,32,3095,3387
1512779076205063,1512779076208411,10485760,327680,32,3131,3348
1512779076284877,1512779076288256,10485760,327680,32,3103,3379
1512779076364555,1512779076367947,10485760,327680,32,3091,3392
1512779076444593,1512779076447949,10485760,327680,32,3124,3356
1512779076524465,1512779076527847,10485760,327680,32,3100,3382
1512779076603951,1512779076607286,10485760,327680,32,3144,3335
1512779076683836,1512779076687209,10485760,327680,32,3108,3373
1512779076763497,1512779076766839,10485760,327680,32,3137,3342
1512779076843221,1512779076846541,10485760,327680,32,3158,3320
1512779076923024,1512779076926361,10485760,327680,32,3142,3337
1512779077002432,1512779077005840,10485760,327680,32,3076,3408
1512779077082337,1512779077085745,10485760,327680,32,3076,3408
1512779077162129,1512779077165469,10485760,327680,32,3139,3340
1512779077241737,1512779077245048,10485760,327680,32,3166,3311
1512779077321449,1512779077324834,10485760,327680,32,3097,3385
1512779077401533,1512779077404868,10485760,327680,32,3144,3335
1512779077481142,1512779077484451,10485760,327680,32,3168,3309
1512779077560484,1512779077563850,10485760,327680,32,3115,3366
1512779077640120,1512779077643408,10485760,327680,32,3189,3288
1512779077719512,1512779077722760,10485760,327680,32,3228,3248
1512779077798919,1512779077802269,10485760,327680,32,3130,3350
1512779077879023,1512779077882334,10485760,327680,32,3166,3311
1512779077958606,1512779077961986,10485760,327680,32,3102,3380
1512779078038581,1512779078041866,10485760,327680,32,3192,3285
1512779078118470,1512779078121801,10485760,327680,32,3147,3331
1512779078198133,1512779078201492,10485760,327680,32,3121,3359
1512779078278011,1512779078281365,10485760,327680,32,3126,3354
1512779078357641,1512779078361015,10485760,327680,32,3107,3374
1512779078437150,1512779078440517,10485760,327680,32,3114,3367
1512779078517342,1512779078520720,10485760,327680,32,3104,3378
1512779078597219,1512779078600570,10485760,327680,32,3129,3351
1512779078676931,1512779078680331,10485760,327680,32,3084,3400
1512779078756710,1512779078760084,10485760,327680,32,3107,3374
1512779078836307,1512779078839639,10485760,327680,32,3146,3332
1512779078916110,1512779078919443,10485760,327680,32,3146,3333
1512779078995833,1512779078999184,10485760,327680,32,3129,3351
1512779079075659,1512779079078992,10485760,327680,32,3146,3333
1512779079155629,1512779079158970,10485760,327680,32,3138,3341
1512779079235689,1512779079238943,10485760,327680,32,3222,3254
1512779079315192,1512779079318518,10485760,327680,32,3152,3326
1512779079395440,1512779079398849,10485760,327680,32,3075,3409
1512779079474991,1512779079478353,10485760,327680,32,3118,3362
1512779079554387,1512779079557779,10485760,327680,32,3091,3392
1512779079633799,1512779079637145,10485760,327680,32,3133,3346
1512779079713541,1512779079716854,10485760,327680,32,3165,3313
1512779079792933,1512779079796276,10485760,327680,32,3136,3343
1512779079872206,1512779079875517,10485760,327680,32,3166,3311
1512779079952027,1512779079955351,10485760,327680,32,3154,3324
1512779080031748,1512779080035114,10485760,327680,32,3115,3366
1512779080111511,1512779080114848,10485760,327680,32,3142,3337
1512779080191470,1512779080194819,10485760,327680,32,3131,3349
1512779080271378,1512779080274635,10485760,327680,32,3219,3257
1512779080351043,1512779080354323,10485760,327680,32,3196,3280
1512779080430472,1512779080433827,10485760,327680,32,3125,3355
1512779080510078,1512779080513423,10485760,327680,32,3134,3345
1512779080589574,1512779080592854,10485760,327680,32,3196,3280
1512779080669160,1512779080672491,10485760,327680,32,3147,3331
1512779080748738,1512779080752017,10485760,327680,32,3197,3279
1512779080828243,1512779080831558,10485760,327680,32,3163,3315
1512779080907896,1512779080911186,10485760,327680,32,3187,3290
1512779080987583,1512779080990944,10485760,327680,32,3119,3361
1512779081067220,1512779081070646,10485760,327680,32,3060,3426
1512779081146991,1512779081150316,10485760,327680,32,3153,3325
1512779081226789,1512779081230141,10485760,327680,32,3128,3352
1512779081306406,1512779081309740,10485760,327680,32,3145,3334
1512779081386560,1512779081389863,10485760,327680,32,3174,3303
1512779081466347,1512779081469677,10485760,327680,32,3148,3330
1512779081546182,1512779081549494,10485760,327680,32,3165,3312
1512779081626156,1512779081629483,10485760,327680,32,3151,3327
1512779081705877,1512779081709286,10485760,327680,32,3075,3409
1512779081785547,1512779081788914,10485760,327680,32,3114,3367
1512779081865839,1512779081869257,10485760,327680,32,3067,3418
1512779081945742,1512779081949094,10485760,327680,32,3128,3352
1512779082025114,1512779082028501,10485760,327680,32,3095,3387
1512779082104747,1512779082108116,10485760,327680,32,3112,3369
1512779082184246,1512779082187629,10485760,327680,32,3099,3383
1512779082263964,1512779082267275,10485760,327680,32,3166,3311
1512779082343407,1512779082346833,10485760,327680,32,3060,3426
1512779082423442,1512779082426853,10485760,327680,32,3074,3411
1512779082503877,1512779082507200,10485760,327680,32,3155,3323
1512779082584273,1512779082587687,10485760,327680,32,3071,3414
1512779082664139,1512779082667540,10485760,327680,32,3083,3401
1512779082743913,1512779082747236,10485760,327680,32,3155,3323
1512779082823928,1512779082827235,10485760,327680,32,3170,3307
1512779082903665,1512779082906954,10485760,327680,32,3188,3289
1512779082983317,1512779082986620,10485760,327680,32,3174,3303
1512779083063248,1512779083066615,10485760,327680,32,3114,3367
1512779083142637,1512779083145951,10485760,327680,32,3164,3314
1512779083222699,1512779083226012,10485760,327680,32,3165,3313
1512779083303026,1512779083306352,10485760,327680,32,3152,3326
1512779083382879,1512779083386197,10485760,327680,32,3160,3318
1512779083462816,1512779083466159,10485760,327680,32,3136,3343
1512779083542551,1512779083545889,10485760,327680,32,3141,3338
1512779083621995,1512779083625354,10485760,327680,32,3121,3359
1512779083701853,1512779083705193,10485760,327680,32,3139,3340
1512779083781524,1512779083784758,10485760,327680,32,3242,3234
1512779083860776,1512779083864194,10485760,327680,32,3067,3418
1512779083940102,1512779083943428,10485760,327680,32,3152,3326
1512779084020066,1512779084023346,10485760,327680,32,3196,3280
1512779084100264,1512779084103612,10485760,327680,32,3131,3348
1512779084180093,1512779084183467,10485760,327680,32,3107,3374
1512779084259945,1512779084263316,10485760,327680,32,3110,3371
1512779084339518,1512779084342877,10485760,327680,32,3121,3359
1512779084419430,1512779084422825,10485760,327680,32,3088,3395
1512779084498975,1512779084502318,10485760,327680,32,3136,3343
1512779084578691,1512779084581963,10485760,327680,32,3204,3272
1512779084657973,1512779084661301,10485760,327680,32,3150,3328
1512779084737868,1512779084741233,10485760,327680,32,3116,3365
1512779084817160,1512779084820507,10485760,327680,32,3132,3347
1512779084896640,1512779084899916,10485760,327680,32,3200,3276
1512779084976181,1512779084979522,10485760,327680,32,3138,3341
1512779085055421,1512779085058766,10485760,327680,32,3134,3345
1512779085134898,1512779085138209,10485760,327680,32,3166,3311
1512779085214937,1512779085218262,10485760,327680,32,3153,3325
1512779085294879,1512779085298206,10485760,327680,32,3151,3327
1512779085374335,1512779085377635,10485760,327680,32,3177,3300
1512779085454244,1512779085457553,10485760,327680,32,3168,3309
1512779085534145,1512779085537413,10485760,327680,32,3208,3268
1512779085613885,1512779085617242,10485760,327680,32,3123,3357
1512779085693613,1512779085696940,10485760,327680,32,3151,3327
1512779085773539,1512779085776860,10485760,327680,32,3157,3321
1512779085853110,1512779085856391,10485760,327680,32,3195,3281
1512779085932793,1512779085936159,10485760,327680,32,3115,3366
1512779086012200,1512779086015480,10485760,327680,32,3196,3280
1512779086091891,1512779086095185,10485760,327680,32,3183,3294
1512779086171322,1512779086174605,10485760,327680,32,3193,3283
1512779086250900,1512779086254237,10485760,327680,32,3142,3337
1512779086330407,1512779086333723,10485760,327680,32,3162,3316
1512779086410048,1512779086413357,10485760,327680,32,3168,3309
1512779086489941,1512779086493269,10485760,327680,32,3150,3328
1512779086569511,1512779086572877,10485760,327680,32,3115,3366
1512779086649382,1512779086652661,10485760,327680,32,3197,3279
1512779086729242,1512779086732565,10485760,327680,32,3155,3323
1512779086809130,1512779086812448,10485760,327680,32,3160,3318
1512779086888754,1512779086892098,10485760,327680,32,3135,3344
1512779086968140,1512779086971457,10485760,327680,32,3161,3317
1512779087047917,1512779087051269,10485760,327680,32,3128,3352
1512779087127733,1512779087131051,10485760,327680,32,3160,3318
1512779087207244,1512779087210526,10485760,327680,32,3194,3282
1512779087287223,1512779087290468,10485760,327680,32,3231,3245
1512779087366730,1512779087370079,10485760,327680,32,3131,3349
1512779087446489,1512779087449806,10485760,327680,32,3161,3317
1512779087525858,1512779087529212,10485760,327680,32,3126,3354
1512779087605515,1512779087608842,10485760,327680,32,3151,3327
1512779087685250,1512779087688542,10485760,327680,32,3185,3292
1512779087765722,1512779087769041,10485760,327680,32,3159,3319
1512779087845409,1512779087848844,10485760,327680,32,3052,3435
1512779087924772,1512779087928099,10485760,327680,32,3151,3327
1512779088004171,1512779088007480,10485760,327680,32,3168,3309
1512779088083495,1512779088086856,10485760,327680,32,3119,3361
1512779088163572,1512779088166832,10485760,327680,32,3216,3260
1512779088243411,1512779088246764,10485760,327680,32,3127,3353
1512779088322887,1512779088326205,10485760,327680,32,3160,3318
1512779088402556,1512779088405865,10485760,327680,32,3168,3309
1512779088482393,1512779088485723,10485760,327680,32,3148,3330
1512779088562323,1512779088565629,10485760,327680,32,3171,3306
1512779088642019,1512779088645366,10485760,327680,32,3132,3347
1512779088721385,1512779088724618,10485760,327680,32,3243,3233
1512779088800873,1512779088804119,10485760,327680,32,3230,3246
1512779088880227,1512779088883512,10485760,327680,32,3192,3285
1512779088960113,1512779088963481,10485760,327680,32,3113,3368
1512779089039982,1512779089043284,10485760,327680,32,3175,3302
1512779089120099,1512779089123397,10485760,327680,32,3179,3298
1512779089200025,1512779089203352,10485760,327680,32,3151,3327
1512779089280411,1512779089283645,10485760,327680,32,3242,3234
1512779089359759,1512779089363106,10485760,327680,32,3132,3347
1512779089439194,1512779089442547,10485760,327680,32,3127,3353
1512779089519245,1512779089522634,10485760,327680,32,3094,3389
1512779089598653,1512779089601952,10485760,327680,32,3178,3299
1512779089678211,1512779089681592,10485760,327680,32,3101,3381
1512779089758314,1512779089761596,10485760,327680,32,3194,3282
1512779089837487,1512779089840764,10485760,327680,32,3199,3277
1512779089917502,1512779089920815,10485760,327680,32,3165,3313
1512779089997180,1512779090000485,10485760,327680,32,3172,3305
1512779090076521,1512779090079811,10485760,327680,32,3187,3290
1512779090155725,1512779090159021,10485760,327680,32,3181,3296
1512779090235195,1512779090238511,10485760,327680,32,3162,3316
1512779090314611,1512779090317951,10485760,327680,32,3139,3340
1512779090394690,1512779090398037,10485760,327680,32,3132,3347
1512779090474268,1512779090477587,10485760,327680,32,3159,3319
1512779090554057,1512779090557337,10485760,327680,32,3196,3280
1512779090633694,1512779090637032,10485760,327680,32,3141,3338
1512779090713401,1512779090716798,10485760,327680,32,3086,3397
1512779090793161,1512779090796511,10485760,327680,32,3130,3350
1512779090872978,1512779090876303,10485760,327680,32,3153,3325
1512779090952531,1512779090955850,10485760,327680,32,3159,3319
1512779091032330,1512779091035686,10485760,327680,32,3124,3356
1512779091112560,1512779091115889,10485760,327680,32,3149,3329
1512779091192268,1512779091195557,10485760,327680,32,3188,3289
1512779091271598,1512779091274976,10485760,327680,32,3104,3378
1512779091351409,1512779091354684,10485760,327680,32,3201,3275
1512779091430750,1512779091434095,10485760,327680,32,3134,3345
1512779091510153,1512779091513499,10485760,327680,32,3133,3346
1512779091589652,1512779091592920,10485760,327680,32,3208,3268
1512779091669199,1512779091672493,10485760,327680,32,3183,3294
1512779091749200,1512779091752483,10485760,327680,32,3193,3283
1512779091829118,1512779091832434,10485760,327680,32,3162,3316
1512779091908947,1512779091912286,10485760,327680,32,3140,3339
1512779091988568,1512779091991900,10485760,327680,32,3146,3332
1512779092068372,1512779092071701,10485760,327680,32,3149,3329
1512779092147972,1512779092151283,10485760,327680,32,3166,3311
1512779092227732,1512779092231089,10485760,327680,32,3123,3357
1512779092307590,1512779092310861,10485760,327680,32,3205,3271
1512779092387359,1512779092390726,10485760,327680,32,3114,3367
1512779092466759,1512779092470044,10485760,327680,32,3192,3285
1512779092546314,1512779092549614,10485760,327680,32,3177,3300
1512779092626347,1512779092629593,10485760,327680,32,3230,3246
1512779092705762,1512779092709105,10485760,327680,32,3136,3343
1512779092785504,1512779092788803,10485760,327680,32,3178,3299
1512779092865453,1512779092868790,10485760,327680,32,3142,3337
1512779092945049,1512779092948345,10485760,327680,32,3181,3296
1512779093025250,1512779093028526,10485760,327680,32,3200,3276
1512779093104981,1512779093108320,10485760,327680,32,3140,3339
1512779093184685,1512779093187990,10485760,327680,32,3172,3305
1512779093264022,1512779093267353,10485760,327680,32,3147,3331
1512779093344046,1512779093347345,10485760,327680,32,3178,3299
1512779093423958,1512779093427274,10485760,327680,32,3162,3316
1512779093503492,1512779093506754,10485760,327680,32,3214,3262
1512779093583314,1512779093586647,10485760,327680,32,3146,3333
1512779093663509,1512779093666725,10485760,327680,32,3260,3216
1512779093743791,1512779093747055,10485760,327680,32,3212,3264
1512779093823330,1512779093826663,10485760,327680,32,3146,3333
1512779093903043,1512779093906295,10485760,327680,32,3224,3252
1512779093982761,1512779093986077,10485760,327680,32,3162,3316
1512779094062327,1512779094065541,10485760,327680,32,3262,3214
1512779094141789,1512779094145104,10485760,327680,32,3163,3315
1512779094221460,1512779094224785,10485760,327680,32,3153,3325
1512779094301590,1512779094304925,10485760,327680,32,3144,3335
1512779094381667,1512779094385001,10485760,327680,32,3145,3334
1512779094461156,1512779094464427,10485760,327680,32,3205,3271
1512779094540825,1512779094544148,10485760,327680,32,3155,3323
1512779094620484,1512779094623813,10485760,327680,32,3149,3329
1512779094700004,1512779094703317,10485760,327680,32,3165,3313
1512779094779691,1512779094783005,10485760,327680,32,3164,3314
1512779094859585,1512779094862871,10485760,327680,32,3191,3286
1512779094939118,1512779094942346,10485760,327680,32,3248,3228
1512779095019271,1512779095022583,10485760,327680,32,3165,3312
1512779095099189,1512779095102492,10485760,327680,32,3174,3303
1512779095179050,1512779095182392,10485760,327680,32,3137,3342
1512779095258556,1512779095261875,10485760,327680,32,3159,3319
1512779095337876,1512779095341209,10485760,327680,32,3146,3333
1512779095417797,1512779095421173,10485760,327680,32,3105,3376
1512779095497662,1512779095500998,10485760,327680,32,3143,3336
1512779095577442,1512779095580730,10485760,327680,32,3189,3288
1512779095656766,1512779095660109,10485760,327680,32,3136,3343
1512779095736275,1512779095739607,10485760,327680,32,3146,3332
1512779095815666,1512779095819015,10485760,327680,32,3131,3349
1512779095894932,1512779095898201,10485760,327680,32,3207,3269
1512779095974225,1512779095977562,10485760,327680,32,3142,3337
1512779096053706,1512779096057022,10485760,327680,32,3162,3316
1512779096133606,1512779096136900,10485760,327680,32,3183,3294
1512779096212911,1512779096216275,10485760,327680,32,3117,3364
1512779096292440,1512779096295756,10485760,327680,32,3162,3316
1512779096371794,1512779096375127,10485760,327680,32,3146,3333
1512779096451247,1512779096454541,10485760,327680,32,3183,3294
1512779096530772,1512779096534079,10485760,327680,32,3170,3307
1512779096610113,1512779096613438,10485760,327680,32,3153,3325
1512779096689829,1512779096693127,10485760,327680,32,3179,3298
1512779096769388,1512779096772736,10485760,327680,32,3131,3348
1512779096848982,1512779096852304,10485760,327680,32,3156,3322
1512779096928798,1512779096932145,10485760,327680,32,3132,3347
1512779097008380,1512779097011705,10485760,327680,32,3153,3325
1512779097088539,1512779097091862,10485760,327680,32,3155,3323
1512779097168215,1512779097171546,10485760,327680,32,3147,3331
1512779097248142,1512779097251468,10485760,327680,32,3152,3326
1512779097327499,1512779097330863,10485760,327680,32,3117,3364
1512779097407736,1512779097410976,10485760,327680,32,3236,3240
1512779097487595,1512779097490901,10485760,327680,32,3171,3306
1512779097567344,1512779097570633,10485760,327680,32,3188,3289
1512779097646645,1512779097649936,10485760,327680,32,3186,3291
1512779097726293,1512779097729571,10485760,327680,32,3198,3278
1512779097805949,1512779097809244,10485760,327680,32,3182,3295
1512779097885356,1512779097888637,10485760,327680,32,3195,3281
1512779097964897,1512779097968157,10485760,327680,32,3216,3260
1512779098044186,1512779098047554,10485760,327680,32,3113,3368
1512779098123574,1512779098126904,10485760,327680,32,3148,3330
1512779098203290,1512779098206612,10485760,327680,32,3156,3322
1512779098282745,1512779098286105,10485760,327680,32,3120,3360
1512779098362957,1512779098366283,10485760,327680,32,3152,3326
1512779098442521,1512779098445860,10485760,327680,32,3140,3339
1512779098522323,1512779098525601,10485760,327680,32,3198,3278
1512779098601969,1512779098605310,10485760,327680,32,3138,3341
1512779098681889,1512779098685186,10485760,327680,32,3180,3297
1512779098761409,1512779098764712,10485760,327680,32,3174,3303
1512779098841192,1512779098844553,10485760,327680,32,3119,3361
1512779098920858,1512779098924159,10485760,327680,32,3176,3301
1512779099000680,1512779099003975,10485760,327680,32,3182,3295
1512779099080113,1512779099083430,10485760,327680,32,3161,3317
1512779099160197,1512779099163487,10485760,327680,32,3187,3290
1512779099239882,1512779099243204,10485760,327680,32,3156,3322
1512779099319713,1512779099323024,10485760,327680,32,3166,3311
1512779099399342,1512779099402718,10485760,327680,32,3105,3376
1512779099479100,1512779099482469,10485760,327680,32,3112,3369
1512779099558844,1512779099562171,10485760,327680,32,3151,3327
1512779099638819,1512779099642129,10485760,327680,32,3167,3310
1512779099718440,1512779099721798,10485760,327680,32,3122,3358
1512779099798302,1512779099801575,10485760,327680,32,3203,3273
1512779099877866,1512779099881139,10485760,327680,32,3203,3273
1512779099957287,1512779099960617,10485760,327680,32,3148,3330
1512779100037580,1512779100040866,10485760,327680,32,3191,3286
1512779100116998,1512779100120299,10485760,327680,32,3176,3301
1512779100196216,1512779100199498,10485760,327680,32,3194,3282
1512779100275883,1512779100279258,10485760,327680,32,3106,3375
1512779100355826,1512779100359080,10485760,327680,32,3222,3254
1512779100435211,1512779100438567,10485760,327680,32,3124,3356
1512779100515526,1512779100518827,10485760,327680,32,3176,3301
1512779100594950,1512779100598274,10485760,327680,32,3154,3324
1512779100675047,1512779100678335,10485760,327680,32,3189,3288
1512779100754960,1512779100758241,10485760,327680,32,3195,3281
1512779100834500,1512779100837860,10485760,327680,32,3120,3360
1512779100915121,1512779100918445,10485760,327680,32,3154,3324
1512779100994673,1512779100998011,10485760,327680,32,3141,3338
1512779101074383,1512779101077701,10485760,327680,32,3160,3318
1512779101153936,1512779101157315,10485760,327680,32,3103,3379
1512779101233427,1512779101236738,10485760,327680,32,3166,3311
1512779101313038,1512779101316296,10485760,327680,32,3218,3258
1512779101392580,1512779101395934,10485760,327680,32,3126,3354
1512779101471820,1512779101475150,10485760,327680,32,3148,3330
1512779101551811,1512779101555174,10485760,327680,32,3117,3363
1512779101631254,1512779101634607,10485760,327680,32,3127,3353
1512779101710733,1512779101714104,10485760,327680,32,3110,3371
1512779101790351,1512779101793625,10485760,327680,32,3202,3274
1512779101870095,1512779101873423,10485760,327680,32,3150,3328
1512779101950132,1512779101953489,10485760,327680,32,3123,3357
1512779102029540,1512779102032800,10485760,327680,32,3216,3260
1512779102108791,1512779102112092,10485760,327680,32,3176,3301
1512779102188215,1512779102191519,10485760,327680,32,3173,3304
1512779102268352,1512779102271689,10485760,327680,32,3142,3337
1512779102348258,1512779102351603,10485760,327680,32,3134,3345
1512779102428072,1512779102431395,10485760,327680,32,3155,3323
1512779102507873,1512779102511250,10485760,327680,32,3105,3377
1512779102587405,1512779102590676,10485760,327680,32,3205,3271
1512779102667282,1512779102670602,10485760,327680,32,3158,3320
1512779102746744,1512779102750035,10485760,327680,32,3186,3291
1512779102826301,1512779102829647,10485760,327680,32,3133,3346
1512779102905594,1512779102908937,10485760,327680,32,3136,3343
1512779102985202,1512779102988519,10485760,327680,32,3161,3317
1512779103065234,1512779103068565,10485760,327680,32,3147,3331
1512779103144694,1512779103148009,10485760,327680,32,3163,3315
1512779103224386,1512779103227713,10485760,327680,32,3151,3327
1512779103304457,1512779103307738,10485760,327680,32,3195,3281
1512779103384319,1512779103387604,10485760,327680,32,3192,3285
1512779103464554,1512779103467884,10485760,327680,32,3148,3330
1512779103543903,1512779103547195,10485760,327680,32,3185,3292
1512779103624154,1512779103627503,10485760,327680,32,3131,3349
1512779103703564,1512779103706900,10485760,327680,32,3143,3336
1512779103783546,1512779103786837,10485760,327680,32,3186,3291
1512779103863023,1512779103866392,10485760,327680,32,3112,3369
1512779103942961,1512779103946239,10485760,327680,32,3198,3278
1512779104022500,1512779104025871,10485760,327680,32,3110,3371
1512779104102726,1512779104106073,10485760,327680,32,3132,3347
1512779104182243,1512779104185567,10485760,327680,32,3154,3324
1512779104262042,1512779104265371,10485760,327680,32,3149,3329
1512779104341507,1512779104344844,10485760,327680,32,3142,3337
1512779104421226,1512779104424562,10485760,327680,32,3143,3336
1512779104501033,1512779104504356,10485760,327680,32,3155,3323
1512779104580645,1512779104583957,10485760,327680,32,3165,3312
1512779104660294,1512779104663628,10485760,327680,32,3145,3334
1512779104740422,1512779104743756,10485760,327680,32,3145,3334
1512779104819808,1512779104823148,10485760,327680,32,3139,3340
1512779104899617,1512779104902971,10485760,327680,32,3126,3354
1512779104979287,1512779104982556,10485760,327680,32,3207,3269
1512779105058977,1512779105062222,10485760,327680,32,3231,3245
1512779105138490,1512779105141830,10485760,327680,32,3139,3340
1512779105218454,1512779105221777,10485760,327680,32,3155,3323
1512779105298254,1512779105301564,10485760,327680,32,3167,3310
1512779105377614,1512779105380945,10485760,327680,32,3147,3331
1512779105457201,1512779105460580,10485760,327680,32,3103,3379
1512779105536507,1512779105539835,10485760,327680,32,3150,3328
1512779105616107,1512779105619463,10485760,327680,32,3124,3356
1512779105696081,1512779105699421,10485760,327680,32,3139,3340
1512779105775704,1512779105778992,10485760,327680,32,3189,3288
1512779105855051,1512779105858364,10485760,327680,32,3165,3313
1512779105934501,1512779105937761,10485760,327680,32,3216,3260
1512779106014289,1512779106017634,10485760,327680,32,3134,3345
1512779106094141,1512779106097483,10485760,327680,32,3137,3342
1512779106173868,1512779106177175,10485760,327680,32,3170,3307
1512779106253065,1512779106256402,10485760,327680,32,3142,3337
1512779106333127,1512779106336413,10485760,327680,32,3191,3286
1512779106412661,1512779106415968,10485760,327680,32,3170,3307
1512779106492560,1512779106495882,10485760,327680,32,3156,3322
1512779106572220,1512779106575562,10485760,327680,32,3137,3342
1512779106651995,1512779106655267,10485760,327680,32,3204,3272
1512779106731299,1512779106734644,10485760,327680,32,3134,3345
1512779106810766,1512779106814040,10485760,327680,32,3202,3274
1512779106890281,1512779106893623,10485760,327680,32,3137,3342
1512779106969884,1512779106973135,10485760,327680,32,3225,3251
1512779107049483,1512779107052869,10485760,327680,32,3096,3386
1512779107129000,1512779107132290,10485760,327680,32,3187,3290
1512779107208333,1512779107211679,10485760,327680,32,3133,3346
1512779107288210,1512779107291479,10485760,327680,32,3207,3269
1512779107367757,1512779107371097,10485760,327680,32,3139,3340
1512779107447105,1512779107450436,10485760,327680,32,3147,3331
1512779107526812,1512779107530136,10485760,327680,32,3154,3324
1512779107606397,1512779107609693,10485760,327680,32,3181,3296
1512779107686279,1512779107689585,10485760,327680,32,3171,3306
1512779107765967,1512779107769327,10485760,327680,32,3120,3360
1512779107845971,1512779107849343,10485760,327680,32,3109,3372
1512779107925574,1512779107928908,10485760,327680,32,3145,3334
1512779108005686,1512779108009030,10485760,327680,32,3135,3344
1512779108085421,1512779108088786,10485760,327680,32,3116,3365
1512779108164956,1512779108168165,10485760,327680,32,3267,3209
1512779108244445,1512779108247727,10485760,327680,32,3194,3282
1512779108324373,1512779108327691,10485760,327680,32,3160,3318
1512779108404106,1512779108407394,10485760,327680,32,3189,3288
1512779108483660,1512779108487000,10485760,327680,32,3139,3340
1512779108563742,1512779108567069,10485760,327680,32,3151,3327
1512779108643134,1512779108646459,10485760,327680,32,3153,3325
1512779108722519,1512779108725835,10485760,327680,32,3162,3316
1512779108802229,1512779108805523,10485760,327680,32,3183,3294
1512779108881926,1512779108885260,10485760,327680,32,3145,3334
1512779108961777,1512779108965105,10485760,327680,32,3150,3328
1512779109041632,1512779109044974,10485760,327680,32,3137,3342
1512779109121862,1512779109125226,10485760,327680,32,3117,3364
1512779109201266,1512779109204603,10485760,327680,32,3142,3337
1512779109280756,1512779109284043,10485760,327680,32,3190,3287
1512779109360217,1512779109363486,10485760,327680,32,3207,3269
1512779109440118,1512779109443435,10485760,327680,32,3161,3317
1512779109519941,1512779109523269,10485760,327680,32,3150,3328
1512779109599677,1512779109603010,10485760,327680,32,3146,3333
1512779109679248,1512779109682569,10485760,327680,32,3157,3321
1512779109759100,1512779109762413,10485760,327680,32,3165,3313
1512779109838577,1512779109841920,10485760,327680,32,3136,3343
1512779109918065,1512779109921420,10485760,327680,32,3125,3355
1512779109997814,1512779110001151,10485760,327680,32,3142,3337
1512779110077541,1512779110080886,10485760,327680,32,3134,3345
1512779110157369,1512779110160682,10485760,327680,32,3165,3313
1512779110237151,1512779110240505,10485760,327680,32,3126,3354
1512779110317109,1512779110320405,10485760,327680,32,3181,3296
1512779110396888,1512779110400234,10485760,327680,32,3133,3346
1512779110476956,1512779110480236,10485760,327680,32,3196,3280
1512779110556452,1512779110559729,10485760,327680,32,3199,3277
1512779110635761,1512779110639034,10485760,327680,32,3203,3273
1512779110715423,1512779110718659,10485760,327680,32,3240,3236
1512779110795114,1512779110798360,10485760,327680,32,3230,3246
1512779110874722,1512779110878055,10485760,327680,32,3146,3333
1512779110954188,1512779110957503,10485760,327680,32,3163,3315
1512779111033636,1512779111036986,10485760,327680,32,3130,3350
1512779111112995,1512779111116312,10485760,327680,32,3161,3317
1512779111192529,1512779111195849,10485760,327680,32,3158,3320
1512779111272239,1512779111275514,10485760,327680,32,3201,3275
1512779111351769,1512779111355151,10485760,327680,32,3100,3382
1512779111432069,1512779111435411,10485760,327680,32,3137,3342
1512779111511685,1512779111514962,10485760,327680,32,3199,3277
1512779111591197,1512779111594563,10485760,327680,32,3115,3366
1512779111670944,1512779111674270,10485760,327680,32,3152,3326
1512779111750844,1512779111754197,10485760,327680,32,3127,3353
1512779111830730,1512779111834069,10485760,327680,32,3140,3339
1512779111910582,1512779111913877,10485760,327680,32,3182,3295
1512779111990178,1512779111993433,10485760,327680,32,3221,3255
1512779112069864,1512779112073106,10485760,327680,32,3234,3242
1512779112149355,1512779112152642,10485760,327680,32,3190,3287
1512779112229008,1512779112232343,10485760,327680,32,3144,3335
1512779112308734,1512779112312087,10485760,327680,32,3127,3353
1512779112388353,1512779112391648,10485760,327680,32,3182,3295
1512779112468082,1512779112471435,10485760,327680,32,3127,3353
1512779112547839,1512779112551207,10485760,327680,32,3113,3368
1512779112627476,1512779112630779,10485760,327680,32,3174,3303
1512779112707527,1512779112710853,10485760,327680,32,3152,3326
1512779112787348,1512779112790653,10485760,327680,32,3172,3305
1512779112866806,1512779112870077,10485760,327680,32,3205,3271
1512779112946397,1512779112949683,10485760,327680,32,3191,3286
1512779113025814,1512779113029170,10485760,327680,32,3124,3356
1512779113105511,1512779113108845,10485760,327680,32,3145,3334
1512779113184801,1512779113188107,10485760,327680,32,3171,3306
1512779113264579,1512779113267882,10485760,327680,32,3174,3303
1512779113344227,1512779113347533,10485760,327680,32,3171,3306
1512779113423691,1512779113427023,10485760,327680,32,3146,3332
1512779113503328,1512779113506674,10485760,327680,32,3133,3346
1512779113582617,1512779113585962,10485760,327680,32,3134,3345
1512779113662433,1512779113665753,10485760,327680,32,3158,3320
1512779113742124,1512779113745434,10485760,327680,32,3167,3310
1512779113822455,1512779113825762,10485760,327680,32,3170,3307
1512779113902371,1512779113905687,10485760,327680,32,3162,3316
1512779113982498,1512779113985811,10485760,327680,32,3165,3313
1512779114062516,1512779114065869,10485760,327680,32,3127,3353
1512779114142001,1512779114145303,10485760,327680,32,3175,3302
1512779114221558,1512779114224840,10485760,327680,32,3194,3282
1512779114301888,1512779114305213,10485760,327680,32,3153,3325
1512779114381416,1512779114384725,10485760,327680,32,3168,3309
1512779114461190,1512779114464512,10485760,327680,32,3156,3322
1512779114540641,1512779114543908,10485760,327680,32,3209,3267
1512779114620154,1512779114623510,10485760,327680,32,3124,3356
1512779114699957,1512779114703221,10485760,327680,32,3212,3264
1512779114779703,1512779114782996,10485760,327680,32,3184,3293
1512779114859439,1512779114862738,10485760,327680,32,3178,3299
1512779114938978,1512779114942266,10485760,327680,32,3189,3288
1512779115018776,1512779115022049,10485760,327680,32,3203,3273
1512779115098471,1512779115101799,10485760,327680,32,3150,3328
1512779115178133,1512779115181472,10485760,327680,32,3140,3339
1512779115257539,1512779115260864,10485760,327680,32,3153,3325
1512779115337031,1512779115340306,10485760,327680,32,3201,3275
1512779115416481,1512779115419717,10485760,327680,32,3240,3236
1512779115496007,1512779115499332,10485760,327680,32,3153,3325
1512779115575281,1512779115578585,10485760,327680,32,3173,3304
1512779115654652,1512779115657930,10485760,327680,32,3198,3278
1512779115734326,1512779115737644,10485760,327680,32,3160,3318
1512779115814262,1512779115817560,10485760,327680,32,3179,3298
1512779115893858,1512779115897171,10485760,327680,32,3165,3313
1512779115973467,1512779115976787,10485760,327680,32,3158,3320
1512779116053047,1512779116056355,10485760,327680,32,3169,3308
1512779116132679,1512779116136032,10485760,327680,32,3127,3353
1512779116212171,1512779116215495,10485760,327680,32,3154,3324
1512779116292083,1512779116295425,10485760,327680,32,3137,3342
1512779116371936,1512779116375272,10485760,327680,32,3143,3336
1512779116451870,1512779116455239,10485760,327680,32,3112,3369
1512779116531879,1512779116535191,10485760,327680,32,3165,3312
1512779116611523,1512779116614810,10485760,327680,32,3190,3287
1512779116691189,1512779116694507,10485760,327680,32,3160,3318
1512779116770427,1512779116773804,10485760,327680,32,3105,3377
1512779116849960,1512779116853269,10485760,327680,32,3168,3309
1512779116929435,1512779116932805,10485760,327680,32,3111,3370
1512779117009084,1512779117012392,10485760,327680,32,3169,3308
1512779117088524,1512779117091837,10485760,327680,32,3165,3313
1512779117168308,1512779117171599,10485760,327680,32,3186,3291
1512779117248506,1512779117251867,10485760,327680,32,3119,3361
1512779117328151,1512779117331475,10485760,327680,32,3154,3324
1512779117407823,1512779117411177,10485760,327680,32,3126,3354
1512779117487821,1512779117491159,10485760,327680,32,3141,3338
1512779117567452,1512779117570769,10485760,327680,32,3161,3317
1512779117647290,1512779117650615,10485760,327680,32,3153,3325
1512779117727119,1512779117730404,10485760,327680,32,3192,3285
1512779117806842,1512779117810121,10485760,327680,32,3197,3279
1512779117886714,1512779117890068,10485760,327680,32,3126,3354
1512779117966361,1512779117969669,10485760,327680,32,3169,3308
1512779118046025,1512779118049307,10485760,327680,32,3194,3282
1512779118125453,1512779118128811,10485760,327680,32,3122,3358
1512779118204983,1512779118208290,10485760,327680,32,3170,3307
1512779118284596,1512779118287887,10485760,327680,32,3186,3291
1512779118364046,1512779118367376,10485760,327680,32,3148,3330
1512779118443537,1512779118446861,10485760,327680,32,3154,3324
1512779118523226,1512779118526586,10485760,327680,32,3120,3360
1512779118602759,1512779118606025,10485760,327680,32,3210,3266
1512779118682764,1512779118686073,10485760,327680,32,3168,3309
1512779118762203,1512779118765496,10485760,327680,32,3184,3293
1512779118841670,1512779118845026,10485760,327680,32,3124,3356
1512779118921559,1512779118924859,10485760,327680,32,3177,3300
1512779119001324,1512779119004691,10485760,327680,32,3114,3367
1512779119081417,1512779119084721,10485760,327680,32,3173,3304
1512779119161238,1512779119164571,10485760,327680,32,3146,3333
1512779119241039,1512779119244361,10485760,327680,32,3156,3322
1512779119320403,1512779119323702,10485760,327680,32,3178,3299
1512779119400305,1512779119403552,10485760,327680,32,3229,3247
1512779119480212,1512779119483520,10485760,327680,32,3169,3308
1512779119559562,1512779119562891,10485760,327680,32,3149,3329
1512779119639068,1512779119642389,10485760,327680,32,3157,3321
1512779119718658,1512779119721983,10485760,327680,32,3153,3325
1512779119798736,1512779119802065,10485760,327680,32,3149,3329
1512779119878417,1512779119881732,10485760,327680,32,3163,3315
1512779119958143,1512779119961413,10485760,327680,32,3206,3270
1512779120037671,1512779120040966,10485760,327680,32,3182,3295
1512779120116988,1512779120120239,10485760,327680,32,3225,3251
1512779120197075,1512779120200423,10485760,327680,32,3131,3348
1512779120276468,1512779120279794,10485760,327680,32,3152,3326
1512779120355839,1512779120359171,10485760,327680,32,3146,3332
1512779120435342,1512779120438571,10485760,327680,32,3247,3229
1512779120515049,1512779120518321,10485760,327680,32,3204,3272
1512779120594548,1512779120597850,10485760,327680,32,3175,3302
1512779120673985,1512779120677312,10485760,327680,32,3151,3327
1512779120753215,1512779120756535,10485760,327680,32,3158,3320
1512779120832929,1512779120836244,10485760,327680,32,3163,3315
1512779120912414,1512779120915719,10485760,327680,32,3172,3305
1512779120991773,1512779120995100,10485760,327680,32,3151,3327
1512779121071795,1512779121075106,10485760,327680,32,3166,3311
1512779121151173,1512779121154508,10485760,327680,32,3144,3335
1512779121230680,1512779121234025,10485760,327680,32,3134,3345
1512779121310448,1512779121313668,10485760,327680,32,3256,3220
1512779121389724,1512779121392984,10485760,327680,32,3216,3260
1512779121469603,1512779121472849,10485760,327680,32,3230,3246
1512779121549082,1512779121552389,10485760,327680,32,3170,3307
1512779121628406,1512779121631651,10485760,327680,32,3231,3245
1512779121707925,1512779121711227,10485760,327680,32,3175,3302
1512779121787364,1512779121790667,10485760,327680,32,3174,3303
1512779121867153,1512779121870504,10485760,327680,32,3129,3351
1512779121946433,1512779121949805,10485760,327680,32,3109,3372
1512779122026407,1512779122029758,10485760,327680,32,3129,3351
1512779122106165,1512779122109471,10485760,327680,32,3171,3306
1512779122186210,1512779122189493,10485760,327680,32,3193,3283
1512779122265735,1512779122268995,10485760,327680,32,3216,3260
1512779122345117,1512779122348430,10485760,327680,32,3165,3313
1512779122424571,1512779122427934,10485760,327680,32,3117,3363
1512779122503947,1512779122507284,10485760,327680,32,3142,3337
1512779122583252,1512779122586572,10485760,327680,32,3158,3320
1512779122662608,1512779122665920,10485760,327680,32,3165,3312
1512779122742438,1512779122745774,10485760,327680,32,3143,3336
1512779122822094,1512779122825456,10485760,327680,32,3118,3362
1512779122901820,1512779122905142,10485760,327680,32,3156,3322
1512779122981202,1512779122984472,10485760,327680,32,3206,3270
1512779123061198,1512779123064549,10485760,327680,32,3129,3351
1512779123140665,1512779123144054,10485760,327680,32,3094,3389
1512779123220344,1512779123223613,10485760,327680,32,3207,3269
1512779123299997,1512779123303270,10485760,327680,32,3203,3273
1512779123379773,1512779123383068,10485760,327680,32,3182,3295
1512779123459446,1512779123462802,10485760,327680,32,3124,3356
1512779123539544,1512779123542865,10485760,327680,32,3157,3321
1512779123619256,1512779123622570,10485760,327680,32,3164,3314
1512779123698976,1512779123702268,10485760,327680,32,3185,3292
1512779123778584,1512779123781885,10485760,327680,32,3176,3301
1512779123858712,1512779123862043,10485760,327680,32,3147,3331
1512779123938576,1512779123941892,10485760,327680,32,3162,3316
1512779124018170,1512779124021481,10485760,327680,32,3166,3311
1512779124097741,1512779124101097,10485760,327680,32,3124,3356
1512779124177258,1512779124180521,10485760,327680,32,3213,3263
1512779124257023,1512779124260307,10485760,327680,32,3192,3284
1512779124336686,1512779124340004,10485760,327680,32,3160,3318
1512779124416295,1512779124419585,10485760,327680,32,3187,3290
1512779124496123,1512779124499420,10485760,327680,32,3180,3297
1512779124576288,1512779124579660,10485760,327680,32,3109,3372
1512779124656041,1512779124659391,10485760,327680,32,3130,3350
1512779124735880,1512779124739218,10485760,327680,32,3141,3338
1512779124815928,1512779124819206,10485760,327680,32,3198,3278
1512779124896017,1512779124899343,10485760,327680,32,3152,3326
1512779124975434,1512779124978707,10485760,327680,32,3203,3273
1512779125055528,1512779125058848,10485760,327680,32,3158,3320
1512779125134996,1512779125138263,10485760,327680,32,3209,3267
1512779125214746,1512779125218068,10485760,327680,32,3156,3322
1512779125294584,1512779125297864,10485760,327680,32,3196,3280
1512779125374265,1512779125377533,10485760,327680,32,3208,3268
1512779125453948,1512779125457289,10485760,327680,32,3138,3341
1512779125534051,1512779125537407,10485760,327680,32,3124,3356
1512779125613912,1512779125617268,10485760,327680,32,3124,3356
1512779125693658,1512779125697021,10485760,327680,32,3117,3363
1512779125773153,1512779125776526,10485760,327680,32,3108,3373
1512779125852683,1512779125856002,10485760,327680,32,3159,3319
1512779125932047,1512779125935357,10485760,327680,32,3167,3310
1512779126011851,1512779126015203,10485760,327680,32,3128,3352
1512779126091582,1512779126094916,10485760,327680,32,3145,3334
1512779126171669,1512779126174973,10485760,327680,32,3173,3304
1512779126251508,1512779126254843,10485760,327680,32,3144,3335
1512779126330738,1512779126334042,10485760,327680,32,3173,3304
1512779126410652,1512779126414000,10485760,327680,32,3131,3348
1512779126490547,1512779126493925,10485760,327680,32,3104,3378
1512779126570259,1512779126573595,10485760,327680,32,3143,3336
1512779126649971,1512779126653257,10485760,327680,32,3191,3286
1512779126729707,1512779126733024,10485760,327680,32,3161,3317
1512779126809476,1512779126812785,10485760,327680,32,3168,3309
1512779126889058,1512779126892400,10485760,327680,32,3137,3342
1512779126969018,1512779126972275,10485760,327680,32,3219,3257
1512779127048776,1512779127052083,10485760,327680,32,3170,3307
1512779127128225,1512779127131606,10485760,327680,32,3101,3381
1512779127208064,1512779127211392,10485760,327680,32,3150,3328
1512779127287771,1512779127291096,10485760,327680,32,3153,3325
1512779127367172,1512779127370413,10485760,327680,32,3235,3241
1512779127447338,1512779127450615,10485760,327680,32,3199,3277
1512779127527096,1512779127530423,10485760,327680,32,3151,3327
1512779127606674,1512779127609934,10485760,327680,32,3216,3260
1512779127686313,1512779127689565,10485760,327680,32,3224,3252
1512779127765938,1512779127769268,10485760,327680,32,3148,3330
1512779127845412,1512779127848749,10485760,327680,32,3142,3337
1512779127924851,1512779127928163,10485760,327680,32,3165,3312
1512779128004501,1512779128007792,10485760,327680,32,3186,3291
1512779128084021,1512779128087364,10485760,327680,32,3136,3343
1512779128163492,1512779128166748,10485760,327680,32,3220,3256
1512779128243312,1512779128246582,10485760,327680,32,3206,3270
1512779128323447,1512779128326703,10485760,327680,32,3220,3256
1512779128403650,1512779128406955,10485760,327680,32,3172,3305
1512779128483540,1512779128486864,10485760,327680,32,3154,3324
1512779128563384,1512779128566701,10485760,327680,32,3161,3317
1512779128643267,1512779128646579,10485760,327680,32,3165,3312
1512779128722829,1512779128726151,10485760,327680,32,3156,3322
1512779128802546,1512779128805835,10485760,327680,32,3188,3289
1512779128881960,1512779128885237,10485760,327680,32,3199,3277
1512779128961863,1512779128965234,10485760,327680,32,3110,3371
1512779129041455,1512779129044856,10485760,327680,32,3083,3401
1512779129121006,1512779129124303,10485760,327680,32,3180,3297
1512779129200785,1512779129204151,10485760,327680,32,3115,3366
1512779129280292,1512779129283611,10485760,327680,32,3159,3319
1512779129360049,1512779129363399,10485760,327680,32,3130,3350
1512779129439662,1512779129443019,10485760,327680,32,3123,3357
1512779129519169,1512779129522484,10485760,327680,32,3163,3315
1512779129598845,1512779129602209,10485760,327680,32,3117,3364
1512779129678207,1512779129681518,10485760,327680,32,3166,3311
1512779129757848,1512779129761184,10485760,327680,32,3143,3336
1512779129837681,1512779129841033,10485760,327680,32,3128,3352
1512779129917294,1512779129920631,10485760,327680,32,3142,3337
1512779129996684,1512779129999990,10485760,327680,32,3171,3306
1512779130076496,1512779130079828,10485760,327680,32,3146,3332
1512779130156340,1512779130159668,10485760,327680,32,3150,3328
1512779130236282,1512779130239529,10485760,327680,32,3229,3247
1512779130316045,1512779130319385,10485760,327680,32,3139,3340
1512779130395456,1512779130398775,10485760,327680,32,3159,3319
1512779130474930,1512779130478243,10485760,327680,32,3165,3313
1512779130554273,1512779130557571,10485760,327680,32,3179,3298
1512779130633831,1512779130637142,10485760,327680,32,3166,3311
1512779130713638,1512779130716898,10485760,327680,32,3216,3260
1512779130793087,1512779130796409,10485760,327680,32,3156,3322
1512779130872685,1512779130876003,10485760,327680,32,3160,3318
1512779130952502,1512779130955813,10485760,327680,32,3166,3311
1512779131032091,1512779131035387,10485760,327680,32,3181,3296
1512779131111643,1512779131114997,10485760,327680,32,3126,3354
1512779131191366,1512779131194727,10485760,327680,32,3119,3361
1512779131271215,1512779131274505,10485760,327680,32,3187,3290
1512779131350634,1512779131353996,10485760,327680,32,3118,3362
1512779131430153,1512779131433459,10485760,327680,32,3171,3306
1512779131509936,1512779131513211,10485760,327680,32,3201,3275
1512779131589355,1512779131592700,10485760,327680,32,3134,3345
1512779131668992,1512779131672320,10485760,327680,32,3150,3328
1512779131748544,1512779131751888,10485760,327680,32,3135,3344
1512779131827883,1512779131831133,10485760,327680,32,3226,3250
1512779131907242,1512779131910572,10485760,327680,32,3148,3330
1512779131986580,1512779131989897,10485760,327680,32,3161,3317
1512779132066373,1512779132069729,10485760,327680,32,3124,3356
1512779132145758,1512779132149096,10485760,327680,32,3141,3338
1512779132225428,1512779132228766,10485760,327680,32,3141,3338
1512779132305508,1512779132308812,10485760,327680,32,3173,3304
1512779132385148,1512779132388503,10485760,327680,32,3125,3355
1512779132464800,1512779132468123,10485760,327680,32,3155,3323
1512779132544404,1512779132547774,10485760,327680,32,3111,3370
1512779132624704,1512779132627996,10485760,327680,32,3185,3292
1512779132704261,1512779132707578,10485760,327680,32,3161,3317
1512779132784196,1512779132787520,10485760,327680,32,3154,3324
1512779132863926,1512779132867242,10485760,327680,32,3162,3316
1512779132943970,1512779132947324,10485760,327680,32,3126,3354
1512779133023824,1512779133027101,10485760,327680,32,3199,3277
1512779133103475,1512779133106806,10485760,327680,32,3147,3331
1512779133183402,1512779133186711,10485760,327680,32,3168,3309
1512779133263202,1512779133266503,10485760,327680,32,3176,3301
1512779133342984,1512779133346329,10485760,327680,32,3134,3345
1512779133422753,1512779133426041,10485760,327680,32,3189,3288
1512779133502051,1512779133505340,10485760,327680,32,3188,3289
1512779133582009,1512779133585307,10485760,327680,32,3179,3298
1512779133661309,1512779133664574,10485760,327680,32,3211,3265
1512779133741073,1512779133744401,10485760,327680,32,3150,3328
1512779133820727,1512779133824115,10485760,327680,32,3094,3388
1512779133900432,1512779133903719,10485760,327680,32,3190,3287
1512779133980071,1512779133983394,10485760,327680,32,3155,3323
1512779134059978,1512779134063297,10485760,327680,32,3159,3319
1512779134139666,1512779134142929,10485760,327680,32,3213,3263
1512779134219097,1512779134222448,10485760,327680,32,3129,3351
1512779134298793,1512779134302076,10485760,327680,32,3193,3283
1512779134378290,1512779134381585,10485760,327680,32,3182,3295
1512779134457831,1512779134461129,10485760,327680,32,3179,3298
1512779134537607,1512779134540952,10485760,327680,32,3134,3345
1512779134617859,1512779134621162,10485760,327680,32,3174,3303
1512779134697766,1512779134701164,10485760,327680,32,3085,3398
1512779134777763,1512779134781092,10485760,327680,32,3149,3329
1512779134856989,1512779134860303,10485760,327680,32,3164,3314
1512779134937231,1512779134940524,10485760,327680,32,3184,3293
1512779135017256,1512779135020630,10485760,327680,32,3107,3374
1512779135096589,1512779135099944,10485760,327680,32,3125,3355
1512779135176320,1512779135179599,10485760,327680,32,3197,3279
1512779135255985,1512779135259234,10485760,327680,32,3227,3249
1512779135335524,1512779135338885,10485760,327680,32,3119,3361
1512779135415035,1512779135418372,10485760,327680,32,3142,3337
1512779135494557,1512779135497903,10485760,327680,32,3133,3346
1512779135574873,1512779135578223,10485760,327680,32,3130,3350
1512779135654674,1512779135658028,10485760,327680,32,3126,3354
1512779135734404,1512779135737720,10485760,327680,32,3162,3316
1512779135813872,1512779135817157,10485760,327680,32,3192,3285
1512779135893291,1512779135896616,10485760,327680,32,3153,3325
1512779135972643,1512779135975964,10485760,327680,32,3157,3321
1512779136052308,1512779136055551,10485760,327680,32,3233,3243
1512779136131930,1512779136135221,10485760,327680,32,3186,3291
1512779136211262,1512779136214532,10485760,327680,32,3206,3270
1512779136291165,1512779136294475,10485760,327680,32,3167,3310
1512779136370738,1512779136374053,10485760,327680,32,3163,3315
1512779136450189,1512779136453495,10485760,327680,32,3171,3306
1512779136529764,1512779136533041,10485760,327680,32,3199,3277
1512779136609059,1512779136612406,10485760,327680,32,3132,3347
1512779136688937,1512779136692297,10485760,327680,32,3120,3360
1512779136768410,1512779136771682,10485760,327680,32,3204,3272
1512779136847665,1512779136850983,10485760,327680,32,3160,3318
1512779136927574,1512779136930864,10485760,327680,32,3187,3290
1512779137007464,1512779137010848,10485760,327680,32,3098,3384
1512779137087005,1512779137090354,10485760,327680,32,3131,3349
1512779137166480,1512779137169801,10485760,327680,32,3157,3321
1512779137245963,1512779137249195,10485760,327680,32,3244,3232
1512779137325340,1512779137328703,10485760,327680,32,3117,3363
1512779137404722,1512779137408071,10485760,327680,32,3131,3349
1512779137484689,1512779137488015,10485760,327680,32,3152,3326
1512779137564493,1512779137567752,10485760,327680,32,3217,3259
1512779137644364,1512779137647620,10485760,327680,32,3220,3256
1512779137723793,1512779137727165,10485760,327680,32,3109,3372
1512779137803708,1512779137807018,10485760,327680,32,3167,3310
1512779137883602,1512779137886949,10485760,327680,32,3132,3347
1512779137963103,1512779137966411,10485760,327680,32,3169,3308
1512779138042579,1512779138045898,10485760,327680,32,3159,3319
1512779138122126,1512779138125365,10485760,327680,32,3237,3239
1512779138201562,1512779138204879,10485760,327680,32,3161,3317
1512779138281524,1512779138284858,10485760,327680,32,3145,3334
1512779138361249,1512779138364565,10485760,327680,32,3162,3316
1512779138440921,1512779138444195,10485760,327680,32,3202,3274
1512779138520662,1512779138524062,10485760,327680,32,3084,3400
1512779138600417,1512779138603706,10485760,327680,32,3188,3289
1512779138679973,1512779138683250,10485760,327680,32,3199,3277
1512779138759632,1512779138762936,10485760,327680,32,3173,3304
1512779138839335,1512779138842693,10485760,327680,32,3122,3358
1512779138919038,1512779138922348,10485760,327680,32,3167,3310
1512779138998471,1512779139001782,10485760,327680,32,3166,3311
1512779139077787,1512779139081043,10485760,327680,32,3220,3256
1512779139157284,1512779139160599,10485760,327680,32,3163,3315
1512779139236827,1512779139240194,10485760,327680,32,3114,3367
1512779139316551,1512779139319878,10485760,327680,32,3151,3327
1512779139395888,1512779139399222,10485760,327680,32,3145,3334
1512779139475782,1512779139479036,10485760,327680,32,3222,3254
1512779139555360,1512779139558689,10485760,327680,32,3149,3329
1512779139634924,1512779139638257,10485760,327680,32,3146,3333
1512779139714529,1512779139717883,10485760,327680,32,3126,3354
1512779139794301,1512779139797549,10485760,327680,32,3228,3248
1512779139873808,1512779139877146,10485760,327680,32,3141,3338
1512779139953747,1512779139957039,10485760,327680,32,3185,3292
1512779140033519,1512779140036867,10485760,327680,32,3131,3348
1512779140113046,1512779140116353,10485760,327680,32,3170,3307
1512779140192290,1512779140195572,10485760,327680,32,3194,3282
1512779140271651,1512779140274973,10485760,327680,32,3156,3322
1512779140350888,1512779140354236,10485760,327680,32,3131,3348
1512779140430527,1512779140433884,10485760,327680,32,3123,3357
1512779140510091,1512779140513403,10485760,327680,32,3165,3312
1512779140589667,1512779140592983,10485760,327680,32,3162,3316
1512779140669461,1512779140672741,10485760,327680,32,3196,3280
1512779140749056,1512779140752368,10485760,327680,32,3165,3312
1512779140828503,1512779140831822,10485760,327680,32,3159,3319
1512779140907871,1512779140911234,10485760,327680,32,3117,3363
1512779140987544,1512779140990810,10485760,327680,32,3210,3266
1512779141066855,1512779141070199,10485760,327680,32,3135,3344
1512779141146194,1512779141149580,10485760,327680,32,3096,3386
1512779141225600,1512779141228908,10485760,327680,32,3169,3308
1512779141305286,1512779141308598,10485760,327680,32,3165,3312
1512779141385160,1512779141388451,10485760,327680,32,3186,3291
1512779141465114,1512779141468381,10485760,327680,32,3209,3267
1512779141545658,1512779141548953,10485760,327680,32,3182,3295
1512779141625372,1512779141628658,10485760,327680,32,3191,3286
1512779141704552,1512779141707855,10485760,327680,32,3174,3303
1512779141783750,1512779141787086,10485760,327680,32,3143,3336
1512779141863261,1512779141866592,10485760,327680,32,3147,3331
1512779141942845,1512779141946123,10485760,327680,32,3198,3278
1512779142022193,1512779142025475,10485760,327680,32,3194,3282
1512779142101850,1512779142105211,10485760,327680,32,3119,3361
1512779142181562,1512779142184860,10485760,327680,32,3179,3298
1512779142261257,1512779142264600,10485760,327680,32,3136,3343
1512779142341265,1512779142344582,10485760,327680,32,3161,3317
1512779142421010,1512779142424323,10485760,327680,32,3165,3313
1512779142500376,1512779142503704,10485760,327680,32,3150,3328
1512779142579874,1512779142583180,10485760,327680,32,3171,3306
1512779142660083,1512779142663425,10485760,327680,32,3137,3342
1512779142739974,1512779142743284,10485760,327680,32,3167,3310
1512779142819667,1512779142822942,10485760,327680,32,3201,3275
1512779142899446,1512779142902816,10485760,327680,32,3111,3370
1512779142979072,1512779142982377,10485760,327680,32,3172,3305
1512779143058793,1512779143062122,10485760,327680,32,3149,3329
1512779143138512,1512779143141826,10485760,327680,32,3164,3314
1512779143218290,1512779143221637,10485760,327680,32,3132,3347
1512779143297796,1512779143301148,10485760,327680,32,3128,3352
1512779143377062,1512779143380410,10485760,327680,32,3131,3348
1512779143456399,1512779143459669,10485760,327680,32,3206,3270
1512779143536021,1512779143539359,10485760,327680,32,3141,3338
1512779143615480,1512779143618765,10485760,327680,32,3192,3285
1512779143695174,1512779143698497,10485760,327680,32,3155,3323
1512779143774639,1512779143777959,10485760,327680,32,3158,3320
1512779143854128,1512779143857490,10485760,327680,32,3118,3362
1512779143933671,1512779143937005,10485760,327680,32,3145,3334
1512779144013616,1512779144016898,10485760,327680,32,3194,3282
1512779144093269,1512779144096571,10485760,327680,32,3175,3302
1512779144173184,1512779144176465,10485760,327680,32,3195,3281
1512779144252986,1512779144256292,10485760,327680,32,3171,3306
1512779144332651,1512779144336031,10485760,327680,32,3102,3380
1512779144412447,1512779144415755,10485760,327680,32,3169,3308
1512779144492167,1512779144495461,10485760,327680,32,3183,3294
1512779144571973,1512779144575317,10485760,327680,32,3135,3344
