1512466914383627,1512466914603996,134217728,8388608,16,609,220369
1512466915557670,1512466915777412,134217728,8388608,16,610,219742
1512466916729228,1512466916947058,134217728,8388608,16,616,217830
1512466917896934,1512466918117434,134217728,8388608,16,608,220500
1512466919069096,1512466919287697,134217728,8388608,16,613,218601
1512466920240678,1512466920460893,134217728,8388608,16,609,220215
1512466921412445,1512466921631787,134217728,8388608,16,611,219342
1512466922583530,1512466922801153,134217728,8388608,16,616,217623
1512466923752074,1512466923969930,134217728,8388608,16,616,217856
1512466924921209,1512466925139671,134217728,8388608,16,614,218462
1512466926092848,1512466926311458,134217728,8388608,16,613,218610
1512466927262849,1512466927482408,134217728,8388608,16,611,219559
1512466928435250,1512466928651382,134217728,8388608,16,620,216132
1512466929604606,1512466929825045,134217728,8388608,16,608,220439
1512466930778147,1512466930994960,134217728,8388608,16,619,216813
1512466931946100,1512466932164479,134217728,8388608,16,614,218379
1512466933115131,1512466933333563,134217728,8388608,16,614,218432
1512466934286637,1512466934504331,134217728,8388608,16,616,217694
1512466935457449,1512466935677029,134217728,8388608,16,611,219580
1512466936628029,1512466936846566,134217728,8388608,16,614,218537
1512466937797677,1512466938015030,134217728,8388608,16,617,217353
1512466938967397,1512466939185263,134217728,8388608,16,616,217866
1512466940137843,1512466940356401,134217728,8388608,16,614,218558
1512466941306698,1512466941523832,134217728,8388608,16,618,217134
1512466942474423,1512466942692202,134217728,8388608,16,616,217779
1512466943644747,1512466943865235,134217728,8388608,16,608,220488
1512466944816562,1512466945035548,134217728,8388608,16,612,218986
1512466945987277,1512466946206378,134217728,8388608,16,612,219101
1512466947157191,1512466947376344,134217728,8388608,16,612,219153
1512466948328831,1512466948546588,134217728,8388608,16,616,217757
1512466949498926,1512466949718036,134217728,8388608,16,612,219110
1512466950669901,1512466950888659,134217728,8388608,16,613,218758
1512466951840497,1512466952058991,134217728,8388608,16,614,218494
1512466953009779,1512466953229375,134217728,8388608,16,611,219596
1512466954182349,1512466954400320,134217728,8388608,16,615,217971
1512466955352314,1512466955571539,134217728,8388608,16,612,219225
1512466956524399,1512466956742406,134217728,8388608,16,615,218007
1512466957694571,1512466957913376,134217728,8388608,16,613,218805
1512466958865217,1512466959084239,134217728,8388608,16,612,219022
1512466960033327,1512466960252594,134217728,8388608,16,612,219267
1512466961205817,1512466961424260,134217728,8388608,16,614,218443
1512466962376902,1512466962594053,134217728,8388608,16,618,217151
1512466963547765,1512466963765275,134217728,8388608,16,617,217510
1512466964719213,1512466964940653,134217728,8388608,16,606,221440
1512466965917476,1512466966137728,134217728,8388608,16,609,220252
1512466967092189,1512466967310430,134217728,8388608,16,614,218241
1512466968262903,1512466968482265,134217728,8388608,16,611,219362
1512466969433789,1512466969653485,134217728,8388608,16,610,219696
1512466970603088,1512466970821009,134217728,8388608,16,615,217921
1512466971776043,1512466971996280,134217728,8388608,16,609,220237
1512466972947174,1512466973166678,134217728,8388608,16,611,219504
1512466974117891,1512466974337753,134217728,8388608,16,610,219862
1512466975291022,1512466975508520,134217728,8388608,16,617,217498
1512466976460987,1512466976679202,134217728,8388608,16,615,218215
1512466977631433,1512466977851036,134217728,8388608,16,611,219603
1512466978805622,1512466979026089,134217728,8388608,16,608,220467
1512466979979541,1512466980200055,134217728,8388608,16,608,220514
1512466981154084,1512466981374110,134217728,8388608,16,610,220026
1512466982328133,1512466982548641,134217728,8388608,16,608,220508
1512466983502004,1512466983720330,134217728,8388608,16,614,218326
1512466984674589,1512466984894439,134217728,8388608,16,610,219850
1512466985847310,1512466986068131,134217728,8388608,16,607,220821
1512466987019506,1512466987238972,134217728,8388608,16,611,219466
1512466988190739,1512466988410246,134217728,8388608,16,611,219507
1512466989363844,1512466989583676,134217728,8388608,16,610,219832
1512466990535635,1512466990754864,134217728,8388608,16,612,219229
1512466991705833,1512466991926426,134217728,8388608,16,608,220593
1512466992880725,1512466993100397,134217728,8388608,16,610,219672
1512466994055724,1512466994276545,134217728,8388608,16,607,220821
1512466995230041,1512466995450896,134217728,8388608,16,607,220855
1512466996405401,1512466996624535,134217728,8388608,16,612,219134
1512466997594462,1512466997815561,134217728,8388608,16,607,221099
1512466998769906,1512466998991482,134217728,8388608,16,605,221576
1512466999946613,1512467000166279,134217728,8388608,16,611,219666
1512467001118778,1512467001339812,134217728,8388608,16,607,221034
1512467002292767,1512467002512157,134217728,8388608,16,611,219390
1512467003462981,1512467003683565,134217728,8388608,16,608,220584
1512467004636402,1512467004855528,134217728,8388608,16,612,219126
1512467005808195,1512467006028007,134217728,8388608,16,610,219812
1512467006980969,1512467007201505,134217728,8388608,16,608,220536
1512467008154182,1512467008373358,134217728,8388608,16,612,219176
1512467009326731,1512467009544321,134217728,8388608,16,616,217590
1512467010497636,1512467010717817,134217728,8388608,16,609,220181
1512467011671393,1512467011891529,134217728,8388608,16,609,220136
1512467012846260,1512467013065595,134217728,8388608,16,611,219335
1512467014017584,1512467014237823,134217728,8388608,16,609,220239
1512467015191046,1512467015409719,134217728,8388608,16,613,218673
1512467016363014,1512467016583580,134217728,8388608,16,608,220566
1512467017535515,1512467017753350,134217728,8388608,16,616,217835
1512467018707639,1512467018926613,134217728,8388608,16,612,218974
1512467019878480,1512467020095958,134217728,8388608,16,617,217478
1512467021047785,1512467021264813,134217728,8388608,16,618,217028
1512467022216819,1512467022433935,134217728,8388608,16,618,217116
1512467023384453,1512467023604327,134217728,8388608,16,610,219874
1512467024558222,1512467024776548,134217728,8388608,16,614,218326
1512467025728823,1512467025947375,134217728,8388608,16,614,218552
1512467026898384,1512467027115512,134217728,8388608,16,618,217128
1512467028067578,1512467028286404,134217728,8388608,16,613,218826
1512467029237202,1512467029455124,134217728,8388608,16,615,217922
1512467030406947,1512467030626349,134217728,8388608,16,611,219402
1512467031577031,1512467031794428,134217728,8388608,16,617,217397
1512467032746333,1512467032964313,134217728,8388608,16,615,217980
1512467033916040,1512467034134485,134217728,8388608,16,614,218445
1512467035087524,1512467035304975,134217728,8388608,16,617,217451
1512467036256459,1512467036475385,134217728,8388608,16,613,218926
1512467037426568,1512467037645295,134217728,8388608,16,613,218727
1512467038598402,1512467038816642,134217728,8388608,16,615,218240
1512467039767475,1512467039986040,134217728,8388608,16,614,218565
1512467040939120,1512467041157251,134217728,8388608,16,615,218131
1512467042111125,1512467042329721,134217728,8388608,16,613,218596
1512467043280640,1512467043500512,134217728,8388608,16,610,219872
1512467044452496,1512467044670485,134217728,8388608,16,615,217989
1512467045623034,1512467045841707,134217728,8388608,16,613,218673
1512467046794376,1512467047011557,134217728,8388608,16,617,217181
1512467047965097,1512467048184244,134217728,8388608,16,612,219147
1512467049135742,1512467049354673,134217728,8388608,16,613,218931
1512467050305364,1512467050524799,134217728,8388608,16,611,219435
1512467051476801,1512467051694502,134217728,8388608,16,616,217701
1512467052646289,1512467052865633,134217728,8388608,16,611,219344
1512467053819237,1512467054037620,134217728,8388608,16,614,218383
1512467054991610,1512467055211100,134217728,8388608,16,611,219490
1512467056164082,1512467056381978,134217728,8388608,16,615,217896
1512467057334310,1512467057554445,134217728,8388608,16,609,220135
1512467058506158,1512467058725138,134217728,8388608,16,612,218980
1512467059676405,1512467059895009,134217728,8388608,16,613,218604
1512467060847871,1512467061065627,134217728,8388608,16,616,217756
1512467062017664,1512467062236230,134217728,8388608,16,614,218566
1512467063188066,1512467063406983,134217728,8388608,16,613,218917
1512467064359035,1512467064577205,134217728,8388608,16,615,218170
1512467065529492,1512467065746030,134217728,8388608,16,619,216538
1512467066699207,1512467066916220,134217728,8388608,16,618,217013
1512467067869691,1512467068086653,134217728,8388608,16,618,216962
1512467069039626,1512467069256108,134217728,8388608,16,619,216482
1512467070208861,1512467070427147,134217728,8388608,16,614,218286
1512467071381715,1512467071599585,134217728,8388608,16,616,217870
1512467072550074,1512467072767792,134217728,8388608,16,616,217718
1512467073723006,1512467073941298,134217728,8388608,16,614,218292
1512467074895283,1512467075112579,134217728,8388608,16,617,217296
1512467076065556,1512467076283155,134217728,8388608,16,616,217599
1512467077235876,1512467077452887,134217728,8388608,16,618,217011
1512467078403771,1512467078621408,134217728,8388608,16,616,217637
1512467079573246,1512467079789877,134217728,8388608,16,619,216631
1512467080742836,1512467080960237,134217728,8388608,16,617,217401
1512467081912784,1512467082129848,134217728,8388608,16,618,217064
1512467083084451,1512467083301495,134217728,8388608,16,618,217044
1512467084251760,1512467084469555,134217728,8388608,16,616,217795
1512467085422706,1512467085638816,134217728,8388608,16,621,216110
1512467086591082,1512467086809350,134217728,8388608,16,614,218268
1512467087761441,1512467087977534,134217728,8388608,16,621,216093
1512467088926630,1512467089143557,134217728,8388608,16,618,216927
1512467090095175,1512467090312882,134217728,8388608,16,616,217707
1512467091262543,1512467091479689,134217728,8388608,16,618,217146
1512467092433764,1512467092650986,134217728,8388608,16,617,217222
1512467093610156,1512467093831965,134217728,8388608,16,605,221809
1512467094807976,1512467095029435,134217728,8388608,16,606,221459
1512467095982587,1512467096201680,134217728,8388608,16,612,219093
1512467097155391,1512467097374713,134217728,8388608,16,611,219322
1512467098328647,1512467098547522,134217728,8388608,16,613,218875
1512467099499518,1512467099718633,134217728,8388608,16,612,219115
1512467100673830,1512467100893193,134217728,8388608,16,611,219363
1512467101845648,1512467102064990,134217728,8388608,16,611,219342
1512467103017178,1512467103234974,134217728,8388608,16,616,217796
1512467104186875,1512467104405928,134217728,8388608,16,612,219053
1512467105359872,1512467105578433,134217728,8388608,16,614,218561
1512467106532120,1512467106751663,134217728,8388608,16,611,219543
1512467107706334,1512467107925323,134217728,8388608,16,612,218989
1512467108880366,1512467109098249,134217728,8388608,16,616,217883
1512467110051543,1512467110270583,134217728,8388608,16,612,219040
1512467111221665,1512467111440918,134217728,8388608,16,612,219253
1512467112394845,1512467112613592,134217728,8388608,16,613,218747
1512467113567411,1512467113785469,134217728,8388608,16,615,218058
1512467114740781,1512467114959421,134217728,8388608,16,613,218640
1512467115913683,1512467116133217,134217728,8388608,16,611,219534
1512467117087366,1512467117304576,134217728,8388608,16,617,217210
1512467118257442,1512467118475896,134217728,8388608,16,614,218454
1512467119429552,1512467119648734,134217728,8388608,16,612,219182
1512467120601512,1512467120820572,134217728,8388608,16,612,219060
1512467121774882,1512467121992991,134217728,8388608,16,615,218109
1512467122947057,1512467123166550,134217728,8388608,16,611,219493
1512467124121273,1512467124338151,134217728,8388608,16,618,216878
1512467125290377,1512467125508323,134217728,8388608,16,615,217946
1512467126462105,1512467126681185,134217728,8388608,16,612,219080
1512467127633914,1512467127854493,134217728,8388608,16,608,220579
1512467128808406,1512467129026770,134217728,8388608,16,614,218364
1512467129981940,1512467130201264,134217728,8388608,16,611,219324
1512467131154754,1512467131373228,134217728,8388608,16,614,218474
1512467132325568,1512467132544834,134217728,8388608,16,612,219266
1512467133496914,1512467133714500,134217728,8388608,16,616,217586
1512467134669768,1512467134887865,134217728,8388608,16,615,218097
1512467135840266,1512467136058119,134217728,8388608,16,616,217853
1512467137011002,1512467137230142,134217728,8388608,16,612,219140
1512467138181211,1512467138399330,134217728,8388608,16,615,218119
1512467139353322,1512467139570883,134217728,8388608,16,616,217561
1512467140525052,1512467140742552,134217728,8388608,16,617,217500
1512467141693004,1512467141910354,134217728,8388608,16,617,217350
1512467142863536,1512467143079835,134217728,8388608,16,620,216299
1512467144034318,1512467144251657,134217728,8388608,16,617,217339
1512467145205016,1512467145422685,134217728,8388608,16,616,217669
1512467146375506,1512467146593190,134217728,8388608,16,616,217684
1512467147545772,1512467147760978,134217728,8388608,16,623,215206
1512467148714295,1512467148930092,134217728,8388608,16,621,215797
1512467149883733,1512467150100359,134217728,8388608,16,619,216626
1512467151052183,1512467151268837,134217728,8388608,16,619,216654
1512467152222040,1512467152439502,134217728,8388608,16,617,217462
1512467153390960,1512467153608037,134217728,8388608,16,618,217077
1512467154561905,1512467154779417,134217728,8388608,16,617,217512
1512467155731249,1512467155948238,134217728,8388608,16,618,216989
1512467156901458,1512467157118864,134217728,8388608,16,617,217406
1512467158070546,1512467158288745,134217728,8388608,16,615,218199
1512467159241390,1512467159455504,134217728,8388608,16,626,214114
1512467160408834,1512467160624803,134217728,8388608,16,621,215969
1512467161578435,1512467161793701,134217728,8388608,16,623,215266
1512467162746709,1512467162965246,134217728,8388608,16,614,218537
1512467163918701,1512467164135501,134217728,8388608,16,619,216800
1512467165086957,1512467165304798,134217728,8388608,16,616,217841
1512467166257451,1512467166475076,134217728,8388608,16,616,217625
1512467167428559,1512467167646937,134217728,8388608,16,614,218378
1512467168599812,1512467168817303,134217728,8388608,16,617,217491
1512467169768843,1512467169986895,134217728,8388608,16,615,218052
1512467170940965,1512467171158571,134217728,8388608,16,616,217606
1512467172111718,1512467172328463,134217728,8388608,16,619,216745
1512467173281904,1512467173499943,134217728,8388608,16,615,218039
1512467174453413,1512467174670534,134217728,8388608,16,618,217121
1512467175622834,1512467175839133,134217728,8388608,16,620,216299
1512467176793207,1512467177011431,134217728,8388608,16,615,218224
1512467177963413,1512467178180777,134217728,8388608,16,617,217364
1512467179134065,1512467179350132,134217728,8388608,16,621,216067
1512467180302184,1512467180520063,134217728,8388608,16,616,217879
1512467181470475,1512467181688060,134217728,8388608,16,616,217585
1512467182642046,1512467182859443,134217728,8388608,16,617,217397
1512467183814389,1512467184032539,134217728,8388608,16,615,218150
1512467184985305,1512467185202339,134217728,8388608,16,618,217034
1512467186154366,1512467186371956,134217728,8388608,16,616,217590
1512467187324830,1512467187541438,134217728,8388608,16,619,216608
1512467188494382,1512467188711080,134217728,8388608,16,619,216698
1512467189661597,1512467189879840,134217728,8388608,16,614,218243
1512467190831732,1512467191049498,134217728,8388608,16,616,217766
1512467192003608,1512467192219435,134217728,8388608,16,621,215827
1512467193173572,1512467193390990,134217728,8388608,16,617,217418
1512467194343921,1512467194561361,134217728,8388608,16,617,217440
1512467195517856,1512467195734802,134217728,8388608,16,618,216946
1512467196688326,1512467196907183,134217728,8388608,16,613,218857
1512467197860759,1512467198076285,134217728,8388608,16,622,215526
1512467199029135,1512467199247371,134217728,8388608,16,615,218236
1512467200200270,1512467200415955,134217728,8388608,16,622,215685
1512467201370654,1512467201588029,134217728,8388608,16,617,217375
1512467202542815,1512467202759582,134217728,8388608,16,619,216767
1512467203715023,1512467203930591,134217728,8388608,16,622,215568
1512467204885212,1512467205101366,134217728,8388608,16,620,216154
1512467206051660,1512467206269759,134217728,8388608,16,615,218099
1512467207222007,1512467207437243,134217728,8388608,16,623,215236
1512467208390322,1512467208607981,134217728,8388608,16,616,217659
1512467209562831,1512467209779925,134217728,8388608,16,618,217094
1512467210733162,1512467210950354,134217728,8388608,16,617,217192
1512467211903513,1512467212121108,134217728,8388608,16,616,217595
1512467213075829,1512467213292856,134217728,8388608,16,618,217027
1512467214244837,1512467214462591,134217728,8388608,16,616,217754
1512467215415517,1512467215634143,134217728,8388608,16,613,218626
1512467216586550,1512467216806250,134217728,8388608,16,610,219700
1512467217759457,1512467217980057,134217728,8388608,16,608,220600
1512467218930284,1512467219149459,134217728,8388608,16,612,219175
1512467220100968,1512467220320460,134217728,8388608,16,611,219492
1512467221270769,1512467221488638,134217728,8388608,16,616,217869
1512467222442428,1512467222661759,134217728,8388608,16,611,219331
1512467223620982,1512467223844403,134217728,8388608,16,600,223421
1512467224799633,1512467225024010,134217728,8388608,16,598,224377
1512467225977970,1512467226199343,134217728,8388608,16,606,221373
1512467227154685,1512467227375783,134217728,8388608,16,607,221098
1512467228329883,1512467228550281,134217728,8388608,16,608,220398
1512467229504220,1512467229726039,134217728,8388608,16,605,221819
1512467230681856,1512467230899468,134217728,8388608,16,616,217612
1512467231854358,1512467232074236,134217728,8388608,16,610,219878
1512467233024516,1512467233243718,134217728,8388608,16,612,219202
1512467234198250,1512467234417778,134217728,8388608,16,611,219528
1512467235372449,1512467235592296,134217728,8388608,16,610,219847
1512467236546433,1512467236765627,134217728,8388608,16,612,219194
1512467237719536,1512467237938739,134217728,8388608,16,612,219203
1512467238889882,1512467239110269,134217728,8388608,16,609,220387
1512467240062948,1512467240282180,134217728,8388608,16,612,219232
1512467241233348,1512467241451882,134217728,8388608,16,614,218534
1512467242404858,1512467242625118,134217728,8388608,16,609,220260
1512467243577422,1512467243796206,134217728,8388608,16,613,218784
1512467244748885,1512467244966830,134217728,8388608,16,615,217945
1512467245920582,1512467246138341,134217728,8388608,16,616,217759
1512467247092241,1512467247311404,134217728,8388608,16,612,219163
1512467248263799,1512467248480903,134217728,8388608,16,618,217104
1512467249432377,1512467249649344,134217728,8388608,16,618,216967
1512467250601611,1512467250818420,134217728,8388608,16,619,216809
1512467251771661,1512467251991642,134217728,8388608,16,610,219981
1512467252944177,1512467253163037,134217728,8388608,16,613,218860
1512467254116399,1512467254335605,134217728,8388608,16,612,219206
1512467255289207,1512467255507798,134217728,8388608,16,614,218591
1512467256458859,1512467256678555,134217728,8388608,16,610,219696
1512467257630081,1512467257849131,134217728,8388608,16,612,219050
1512467258802750,1512467259021639,134217728,8388608,16,613,218889
1512467259975251,1512467260193801,134217728,8388608,16,614,218550
1512467261144697,1512467261362418,134217728,8388608,16,616,217721
1512467262313201,1512467262533411,134217728,8388608,16,609,220210
1512467263486252,1512467263704803,134217728,8388608,16,614,218551
1512467264656840,1512467264876124,134217728,8388608,16,612,219284
1512467265826097,1512467266044992,134217728,8388608,16,613,218895
1512467266998720,1512467267217447,134217728,8388608,16,613,218727
1512467268167075,1512467268386810,134217728,8388608,16,610,219735
1512467269338917,1512467269558218,134217728,8388608,16,612,219301
1512467270509149,1512467270727483,134217728,8388608,16,614,218334
1512467271677851,1512467271896187,134217728,8388608,16,614,218336
1512467272847653,1512467273066614,134217728,8388608,16,612,218961
1512467274016664,1512467274234950,134217728,8388608,16,614,218286
1512467275185734,1512467275404237,134217728,8388608,16,614,218503
1512467276356013,1512467276575431,134217728,8388608,16,611,219418
1512467277526661,1512467277746118,134217728,8388608,16,611,219457
1512467278699598,1512467278918894,134217728,8388608,16,612,219296
1512467279870130,1512467280089675,134217728,8388608,16,611,219545
1512467281038430,1512467281258373,134217728,8388608,16,610,219943
1512467282210998,1512467282430355,134217728,8388608,16,611,219357
1512467283383186,1512467283602251,134217728,8388608,16,612,219065
1512467284555028,1512467284772835,134217728,8388608,16,616,217807
1512467285723753,1512467285942046,134217728,8388608,16,614,218293
1512467286896777,1512467287114581,134217728,8388608,16,616,217804
1512467288066686,1512467288286540,134217728,8388608,16,610,219854
1512467289241771,1512467289460605,134217728,8388608,16,613,218834
1512467290412744,1512467290631873,134217728,8388608,16,612,219129
1512467291585906,1512467291804527,134217728,8388608,16,613,218621
1512467292758353,1512467292976312,134217728,8388608,16,615,217959
1512467293928999,1512467294147577,134217728,8388608,16,614,218578
1512467295100249,1512467295319000,134217728,8388608,16,613,218751
1512467296272736,1512467296491774,134217728,8388608,16,612,219038
1512467297444890,1512467297664086,134217728,8388608,16,612,219196
1512467298614497,1512467298833767,134217728,8388608,16,612,219270
1512467299783250,1512467300003229,134217728,8388608,16,610,219979
1512467300955823,1512467301175029,134217728,8388608,16,612,219206
1512467302129689,1512467302347405,134217728,8388608,16,616,217716
1512467303297615,1512467303515698,134217728,8388608,16,615,218083
1512467304467745,1512467304685554,134217728,8388608,16,616,217809
1512467305638269,1512467305857192,134217728,8388608,16,613,218923
1512467306811215,1512467307030269,134217728,8388608,16,612,219054
1512467307983022,1512467308202351,134217728,8388608,16,611,219329
1512467309155247,1512467309373543,134217728,8388608,16,614,218296
1512467310327036,1512467310545254,134217728,8388608,16,615,218218
1512467311498195,1512467311716944,134217728,8388608,16,613,218749
1512467312670258,1512467312888539,134217728,8388608,16,614,218281
1512467313840624,1512467314059440,134217728,8388608,16,613,218816
1512467315011492,1512467315228528,134217728,8388608,16,618,217036
1512467316180712,1512467316400052,134217728,8388608,16,611,219340
1512467317352769,1512467317572113,134217728,8388608,16,611,219344
1512467318525988,1512467318744308,134217728,8388608,16,614,218320
1512467319693685,1512467319912992,134217728,8388608,16,612,219307
1512467320864844,1512467321082638,134217728,8388608,16,616,217794
1512467322034738,1512467322253615,134217728,8388608,16,613,218877
1512467323206451,1512467323424838,134217728,8388608,16,614,218387
1512467324377670,1512467324596693,134217728,8388608,16,612,219023
1512467325548421,1512467325767031,134217728,8388608,16,613,218610
1512467326720775,1512467326937172,134217728,8388608,16,620,216397
1512467327891672,1512467328109976,134217728,8388608,16,614,218304
1512467329063618,1512467329281909,134217728,8388608,16,614,218291
1512467330234267,1512467330452401,134217728,8388608,16,615,218134
1512467331406751,1512467331625038,134217728,8388608,16,614,218287
1512467332579795,1512467332797157,134217728,8388608,16,617,217362
1512467333749870,1512467333969182,134217728,8388608,16,611,219312
1512467334923465,1512467335141863,134217728,8388608,16,614,218398
1512467336094646,1512467336312157,134217728,8388608,16,617,217511
1512467337266001,1512467337482802,134217728,8388608,16,619,216801
1512467338436146,1512467338653507,134217728,8388608,16,617,217361
1512467339609050,1512467339826933,134217728,8388608,16,616,217883
1512467340777484,1512467340995970,134217728,8388608,16,614,218486
1512467341948443,1512467342167782,134217728,8388608,16,611,219339
1512467343120437,1512467343338829,134217728,8388608,16,614,218392
1512467344291961,1512467344509532,134217728,8388608,16,616,217571
1512467345461596,1512467345681801,134217728,8388608,16,609,220205
1512467346634247,1512467346851916,134217728,8388608,16,616,217669
1512467347805166,1512467348025375,134217728,8388608,16,609,220209
1512467348976030,1512467349193922,134217728,8388608,16,615,217892
1512467350147569,1512467350366822,134217728,8388608,16,612,219253
1512467351319888,1512467351538451,134217728,8388608,16,614,218563
1512467352501192,1512467352724129,134217728,8388608,16,602,222937
1512467353702268,1512467353925633,134217728,8388608,16,600,223365
1512467354882811,1512467355106484,134217728,8388608,16,600,223673
1512467356060350,1512467356280977,134217728,8388608,16,608,220627
1512467357235196,1512467357455005,134217728,8388608,16,610,219809
1512467358407618,1512467358626410,134217728,8388608,16,613,218792
1512467359579037,1512467359799945,134217728,8388608,16,607,220908
1512467360753823,1512467360971239,134217728,8388608,16,617,217416
1512467361924305,1512467362145419,134217728,8388608,16,607,221114
1512467363098935,1512467363318114,134217728,8388608,16,612,219179
1512467364271613,1512467364489740,134217728,8388608,16,615,218127
1512467365442445,1512467365660865,134217728,8388608,16,614,218420
1512467366614460,1512467366834549,134217728,8388608,16,609,220089
1512467367789237,1512467368010236,134217728,8388608,16,607,220999
1512467368965449,1512467369183509,134217728,8388608,16,615,218060
1512467370136709,1512467370357208,134217728,8388608,16,608,220499
1512467371309860,1512467371529917,134217728,8388608,16,609,220057
1512467372482873,1512467372702742,134217728,8388608,16,610,219869
1512467373655490,1512467373875625,134217728,8388608,16,609,220135
1512467374830375,1512467375049672,134217728,8388608,16,612,219297
1512467376002457,1512467376222774,134217728,8388608,16,609,220317
1512467377175815,1512467377395526,134217728,8388608,16,610,219711
1512467378348671,1512467378570264,134217728,8388608,16,605,221593
1512467379523401,1512467379742018,134217728,8388608,16,613,218617
1512467380694557,1512467380912574,134217728,8388608,16,615,218017
1512467381866629,1512467382084973,134217728,8388608,16,614,218344
1512467383036543,1512467383255325,134217728,8388608,16,613,218782
1512467384206948,1512467384424814,134217728,8388608,16,616,217866
1512467385379075,1512467385598270,134217728,8388608,16,612,219195
1512467386551082,1512467386769098,134217728,8388608,16,615,218016
1512467387722147,1512467387941998,134217728,8388608,16,610,219851
1512467388894230,1512467389112731,134217728,8388608,16,614,218501
1512467390065415,1512467390284615,134217728,8388608,16,612,219200
1512467391237053,1512467391455793,134217728,8388608,16,613,218740
1512467392408122,1512467392627129,134217728,8388608,16,612,219007
1512467393578057,1512467393797383,134217728,8388608,16,611,219326
1512467394748642,1512467394965354,134217728,8388608,16,619,216712
1512467395917231,1512467396136116,134217728,8388608,16,613,218885
1512467397088055,1512467397305453,134217728,8388608,16,617,217398
1512467398256734,1512467398474545,134217728,8388608,16,616,217811
1512467399426067,1512467399644775,134217728,8388608,16,613,218708
1512467400598472,1512467400817215,134217728,8388608,16,613,218743
1512467401770522,1512467401989568,134217728,8388608,16,612,219046
1512467402941158,1512467403158485,134217728,8388608,16,617,217327
1512467404109613,1512467404328554,134217728,8388608,16,613,218941
1512467405280691,1512467405498953,134217728,8388608,16,614,218262
1512467406451737,1512467406669953,134217728,8388608,16,615,218216
1512467407620422,1512467407839885,134217728,8388608,16,611,219463
1512467408791710,1512467409010465,134217728,8388608,16,613,218755
1512467409963511,1512467410181796,134217728,8388608,16,614,218285
1512467411135117,1512467411354554,134217728,8388608,16,611,219437
1512467412307456,1512467412525734,134217728,8388608,16,614,218278
1512467413478050,1512467413695409,134217728,8388608,16,617,217359
1512467414648141,1512467414867510,134217728,8388608,16,611,219369
1512467415823157,1512467416041967,134217728,8388608,16,613,218810
1512467416993480,1512467417213396,134217728,8388608,16,610,219916
1512467418166190,1512467418383726,134217728,8388608,16,616,217536
1512467419336103,1512467419555723,134217728,8388608,16,611,219620
1512467420509179,1512467420726247,134217728,8388608,16,618,217068
1512467421679558,1512467421898081,134217728,8388608,16,614,218523
1512467422852370,1512467423069507,134217728,8388608,16,618,217137
1512467424021814,1512467424240387,134217728,8388608,16,614,218573
1512467425192854,1512467425411287,134217728,8388608,16,614,218433
1512467426363046,1512467426581626,134217728,8388608,16,614,218580
1512467427532595,1512467427750719,134217728,8388608,16,615,218124
1512467428703784,1512467428921725,134217728,8388608,16,615,217941
1512467429872126,1512467430088011,134217728,8388608,16,621,215885
1512467431040304,1512467431258059,134217728,8388608,16,616,217755
1512467432208069,1512467432428174,134217728,8388608,16,609,220105
1512467433378676,1512467433598845,134217728,8388608,16,609,220169
1512467434552842,1512467434769550,134217728,8388608,16,619,216708
1512467435722211,1512467435938733,134217728,8388608,16,619,216522
1512467436890310,1512467437110584,134217728,8388608,16,609,220274
1512467438063769,1512467438281813,134217728,8388608,16,615,218044
1512467439234187,1512467439452900,134217728,8388608,16,613,218713
1512467440405238,1512467440624900,134217728,8388608,16,611,219662
1512467441578452,1512467441798520,134217728,8388608,16,609,220068
1512467442750632,1512467442970041,134217728,8388608,16,611,219409
1512467443924121,1512467444142180,134217728,8388608,16,615,218059
1512467445093752,1512467445310498,134217728,8388608,16,619,216746
1512467446264179,1512467446482760,134217728,8388608,16,614,218581
1512467447437025,1512467447655901,134217728,8388608,16,613,218876
1512467448608296,1512467448827461,134217728,8388608,16,612,219165
1512467449781744,1512467449998934,134217728,8388608,16,617,217190
1512467450952548,1512467451170979,134217728,8388608,16,614,218431
1512467452122807,1512467452341713,134217728,8388608,16,613,218906
1512467453291365,1512467453510757,134217728,8388608,16,611,219392
1512467454462160,1512467454680912,134217728,8388608,16,613,218752
1512467455636393,1512467455855641,134217728,8388608,16,612,219248
1512467456809027,1512467457026345,134217728,8388608,16,617,217318
1512467457979813,1512467458197678,134217728,8388608,16,616,217865
1512467459151298,1512467459370222,134217728,8388608,16,613,218924
1512467460322435,1512467460540592,134217728,8388608,16,615,218157
1512467461492146,1512467461710957,134217728,8388608,16,613,218811
1512467462665437,1512467462884874,134217728,8388608,16,611,219437
1512467463837330,1512467464055665,134217728,8388608,16,614,218335
1512467465009646,1512467465228505,134217728,8388608,16,613,218859
1512467466181128,1512467466400227,134217728,8388608,16,612,219099
1512467467352149,1512467467571453,134217728,8388608,16,612,219304
1512467468523510,1512467468741230,134217728,8388608,16,616,217720
1512467469693596,1512467469911646,134217728,8388608,16,615,218050
1512467470864946,1512467471083637,134217728,8388608,16,613,218691
1512467472036625,1512467472255348,134217728,8388608,16,613,218723
1512467473208628,1512467473428366,134217728,8388608,16,610,219738
1512467474382413,1512467474600562,134217728,8388608,16,615,218149
1512467475553242,1512467475772298,134217728,8388608,16,612,219056
1512467476726216,1512467476944728,134217728,8388608,16,614,218512
1512467477898010,1512467478118355,134217728,8388608,16,609,220345
1512467479072873,1512467479290371,134217728,8388608,16,617,217498
1512467480242257,1512467480460576,134217728,8388608,16,614,218319
1512467481413236,1512467481631842,134217728,8388608,16,613,218606
1512467482604039,1512467482825853,134217728,8388608,16,605,221814
1512467483799970,1512467484018617,134217728,8388608,16,613,218647
1512467484969703,1512467485191303,134217728,8388608,16,605,221600
1512467486144529,1512467486365891,134217728,8388608,16,606,221362
1512467487319541,1512467487541209,134217728,8388608,16,605,221668
1512467488494062,1512467488714811,134217728,8388608,16,608,220749
1512467489667136,1512467489889245,134217728,8388608,16,604,222109
1512467490843840,1512467491064966,134217728,8388608,16,606,221126
1512467492018997,1512467492238896,134217728,8388608,16,610,219899
1512467493192024,1512467493412122,134217728,8388608,16,609,220098
1512467494365197,1512467494586239,134217728,8388608,16,607,221042
1512467495539987,1512467495759101,134217728,8388608,16,612,219114
1512467496713924,1512467496932008,134217728,8388608,16,615,218084
1512467497884194,1512467498105339,134217728,8388608,16,606,221145
1512467499058365,1512467499277528,134217728,8388608,16,612,219163
1512467500230836,1512467500450497,134217728,8388608,16,611,219661
1512467501402551,1512467501622415,134217728,8388608,16,610,219864
1512467502575908,1512467502794378,134217728,8388608,16,614,218470
1512467503745165,1512467503963862,134217728,8388608,16,613,218697
1512467504916263,1512467505135261,134217728,8388608,16,612,218998
1512467506088690,1512467506305861,134217728,8388608,16,618,217171
1512467507257776,1512467507476619,134217728,8388608,16,613,218843
1512467508428949,1512467508646676,134217728,8388608,16,616,217727
1512467509598537,1512467509817203,134217728,8388608,16,613,218666
1512467510769422,1512467510987288,134217728,8388608,16,616,217866
1512467511939132,1512467512158068,134217728,8388608,16,613,218936
1512467513108930,1512467513327971,134217728,8388608,16,612,219041
1512467514287296,1512467514511390,134217728,8388608,16,598,224094
1512467515472458,1512467515695959,134217728,8388608,16,600,223501
1512467516650316,1512467516872156,134217728,8388608,16,605,221840
1512467517826200,1512467518045595,134217728,8388608,16,611,219395
1512467518997571,1512467519218789,134217728,8388608,16,606,221218
1512467520171425,1512467520392625,134217728,8388608,16,606,221200
1512467521347208,1512467521567154,134217728,8388608,16,610,219946
1512467522522336,1512467522744312,134217728,8388608,16,604,221976
1512467523698066,1512467523918574,134217728,8388608,16,608,220508
1512467524873358,1512467525094198,134217728,8388608,16,607,220840
1512467526047922,1512467526266979,134217728,8388608,16,612,219057
1512467527219496,1512467527441306,134217728,8388608,16,605,221810
1512467528396839,1512467528618237,134217728,8388608,16,606,221398
1512467529570652,1512467529790852,134217728,8388608,16,609,220200
1512467530744250,1512467530966570,134217728,8388608,16,603,222320
1512467531920866,1512467532142717,134217728,8388608,16,604,221851
1512467533095575,1512467533315075,134217728,8388608,16,611,219500
1512467534268226,1512467534490736,134217728,8388608,16,603,222510
1512467535443615,1512467535665096,134217728,8388608,16,606,221481
1512467536620332,1512467536842047,134217728,8388608,16,605,221715
1512467537795661,1512467538015912,134217728,8388608,16,609,220251
1512467538968762,1512467539189660,134217728,8388608,16,607,220898
1512467540141552,1512467540363185,134217728,8388608,16,605,221633
1512467541315711,1512467541535760,134217728,8388608,16,609,220049
1512467542490249,1512467542709999,134217728,8388608,16,610,219750
1512467543662586,1512467543884088,134217728,8388608,16,605,221502
1512467544838119,1512467545059663,134217728,8388608,16,605,221544
1512467546011836,1512467546234421,134217728,8388608,16,602,222585
1512467547186916,1512467547407133,134217728,8388608,16,609,220217
1512467548359884,1512467548581281,134217728,8388608,16,606,221397
1512467549535934,1512467549756549,134217728,8388608,16,608,220615
1512467550710787,1512467550931789,134217728,8388608,16,607,221002
1512467551887000,1512467552108031,134217728,8388608,16,607,221031
1512467553062143,1512467553282395,134217728,8388608,16,609,220252
1512467554237085,1512467554457879,134217728,8388608,16,607,220794
1512467555412678,1512467555633611,134217728,8388608,16,607,220933
1512467556589016,1512467556808484,134217728,8388608,16,611,219468
1512467557763453,1512467557984567,134217728,8388608,16,607,221114
1512467558938139,1512467559157387,134217728,8388608,16,612,219248
1512467560111032,1512467560329554,134217728,8388608,16,614,218522
1512467561283763,1512467561503091,134217728,8388608,16,611,219328
1512467562456218,1512467562673695,134217728,8388608,16,617,217477
1512467563625996,1512467563845963,134217728,8388608,16,610,219967
1512467564799788,1512467565018482,134217728,8388608,16,613,218694
1512467565970081,1512467566189095,134217728,8388608,16,612,219014
1512467567142102,1512467567362547,134217728,8388608,16,608,220445
1512467568317071,1512467568535694,134217728,8388608,16,613,218623
1512467569489392,1512467569709700,134217728,8388608,16,609,220308
1512467570662293,1512467570882502,134217728,8388608,16,609,220209
1512467571832858,1512467572053390,134217728,8388608,16,608,220532
1512467573008318,1512467573228914,134217728,8388608,16,608,220596
1512467574181128,1512467574401973,134217728,8388608,16,607,220845
1512467575356222,1512467575575790,134217728,8388608,16,611,219568
1512467576529383,1512467576748708,134217728,8388608,16,611,219325
1512467577702015,1512467577922716,134217728,8388608,16,608,220701
1512467578876855,1512467579096223,134217728,8388608,16,611,219368
1512467580049992,1512467580270374,134217728,8388608,16,609,220382
1512467581221994,1512467581441113,134217728,8388608,16,612,219119
1512467582395018,1512467582612722,134217728,8388608,16,616,217704
1512467583566625,1512467583786603,134217728,8388608,16,610,219978
1512467584739253,1512467584959081,134217728,8388608,16,610,219828
1512467585910948,1512467586129653,134217728,8388608,16,613,218705
1512467587082791,1512467587302326,134217728,8388608,16,611,219535
1512467588254901,1512467588473412,134217728,8388608,16,614,218511
1512467589424852,1512467589644337,134217728,8388608,16,611,219485
1512467590596426,1512467590816330,134217728,8388608,16,610,219904
1512467591769005,1512467591987479,134217728,8388608,16,614,218474
1512467592939909,1512467593158195,134217728,8388608,16,614,218286
1512467594112432,1512467594332233,134217728,8388608,16,610,219801
1512467595284810,1512467595502849,134217728,8388608,16,615,218039
1512467596455708,1512467596673320,134217728,8388608,16,616,217612
1512467597624235,1512467597841881,134217728,8388608,16,616,217646
1512467598796075,1512467599014638,134217728,8388608,16,614,218563
1512467599965873,1512467600185043,134217728,8388608,16,612,219170
1512467601136527,1512467601354863,134217728,8388608,16,614,218336
1512467602309181,1512467602526961,134217728,8388608,16,616,217780
1512467603480104,1512467603699063,134217728,8388608,16,612,218959
1512467604651858,1512467604871459,134217728,8388608,16,611,219601
1512467605823673,1512467606043535,134217728,8388608,16,610,219862
1512467606996854,1512467607215872,134217728,8388608,16,612,219018
1512467608167576,1512467608387190,134217728,8388608,16,611,219614
1512467609339640,1512467609557966,134217728,8388608,16,614,218326
1512467610512566,1512467610731806,134217728,8388608,16,612,219240
1512467611685007,1512467611904285,134217728,8388608,16,612,219278
1512467612857276,1512467613079326,134217728,8388608,16,604,222050
1512467614033505,1512467614255648,134217728,8388608,16,604,222143
1512467615209106,1512467615429806,134217728,8388608,16,608,220700
1512467616381514,1512467616599530,134217728,8388608,16,615,218016
1512467617553659,1512467617772525,134217728,8388608,16,613,218866
1512467618723715,1512467618945092,134217728,8388608,16,606,221377
1512467619898394,1512467620118858,134217728,8388608,16,608,220464
1512467621072333,1512467621291219,134217728,8388608,16,613,218886
1512467622243554,1512467622462847,134217728,8388608,16,612,219293
1512467623415494,1512467623635409,134217728,8388608,16,610,219915
1512467624587080,1512467624804909,134217728,8388608,16,616,217829
1512467625755742,1512467625974395,134217728,8388608,16,613,218653
1512467626929176,1512467627148271,134217728,8388608,16,612,219095
1512467628101915,1512467628320000,134217728,8388608,16,615,218085
1512467629271637,1512467629491295,134217728,8388608,16,611,219658
1512467630442540,1512467630660011,134217728,8388608,16,617,217471
1512467631609444,1512467631828934,134217728,8388608,16,611,219490
1512467632781543,1512467633000380,134217728,8388608,16,613,218837
1512467633952209,1512467634170929,134217728,8388608,16,613,218720
1512467635121181,1512467635340423,134217728,8388608,16,612,219242
1512467636293411,1512467636510488,134217728,8388608,16,618,217077
1512467637466127,1512467637682323,134217728,8388608,16,620,216196
1512467638635451,1512467638855842,134217728,8388608,16,608,220391
1512467639810661,1512467640029949,134217728,8388608,16,612,219288
1512467640983493,1512467641202692,134217728,8388608,16,612,219199
1512467642154900,1512467642374542,134217728,8388608,16,611,219642
1512467643328505,1512467643546745,134217728,8388608,16,615,218240
1512467644500086,1512467644719324,134217728,8388608,16,612,219238
1512467645669199,1512467645886560,134217728,8388608,16,617,217361
1512467646840659,1512467647060171,134217728,8388608,16,611,219512
1512467648015738,1512467648235494,134217728,8388608,16,610,219756
1512467649186795,1512467649405011,134217728,8388608,16,615,218216
1512467650357141,1512467650574487,134217728,8388608,16,617,217346
1512467651526423,1512467651745923,134217728,8388608,16,611,219500
1512467652698017,1512467652914509,134217728,8388608,16,619,216492
1512467653866803,1512467654086158,134217728,8388608,16,611,219355
1512467655038959,1512467655256087,134217728,8388608,16,618,217128
1512467656210379,1512467656425198,134217728,8388608,16,624,214819
1512467657380157,1512467657595797,134217728,8388608,16,622,215640
1512467658549519,1512467658765874,134217728,8388608,16,620,216355
1512467659718061,1512467659934959,134217728,8388608,16,618,216898
1512467660886239,1512467661104431,134217728,8388608,16,615,218192
1512467662057028,1512467662274501,134217728,8388608,16,617,217473
1512467663225789,1512467663445332,134217728,8388608,16,611,219543
1512467664398802,1512467664617377,134217728,8388608,16,614,218575
1512467665568990,1512467665788884,134217728,8388608,16,610,219894
1512467666742188,1512467666958784,134217728,8388608,16,619,216596
1512467667909960,1512467668128299,134217728,8388608,16,614,218339
1512467669080768,1512467669300073,134217728,8388608,16,612,219305
1512467670251549,1512467670470656,134217728,8388608,16,612,219107
1512467671425018,1512467671643183,134217728,8388608,16,615,218165
1512467672595246,1512467672815198,134217728,8388608,16,610,219952
1512467673767226,1512467673986907,134217728,8388608,16,610,219681
1512467674940504,1512467675159367,134217728,8388608,16,613,218863
1512467676113422,1512467676331301,134217728,8388608,16,616,217879
1512467677282075,1512467677500828,134217728,8388608,16,613,218753
1512467678453825,1512467678671004,134217728,8388608,16,618,217179
1512467679623201,1512467679842252,134217728,8388608,16,612,219051
1512467680794417,1512467681012841,134217728,8388608,16,614,218424
1512467681965536,1512467682185714,134217728,8388608,16,609,220178
1512467683138726,1512467683357559,134217728,8388608,16,613,218833
1512467684312738,1512467684532326,134217728,8388608,16,611,219588
1512467685485869,1512467685704983,134217728,8388608,16,612,219114
1512467686658488,1512467686878533,134217728,8388608,16,609,220045
1512467687830787,1512467688050599,134217728,8388608,16,610,219812
1512467689002834,1512467689222150,134217728,8388608,16,611,219316
1512467690175481,1512467690394518,134217728,8388608,16,612,219037
1512467691348319,1512467691565819,134217728,8388608,16,617,217500
1512467692518990,1512467692737854,134217728,8388608,16,613,218864
1512467693692191,1512467693911273,134217728,8388608,16,612,219082
1512467694864515,1512467695083824,134217728,8388608,16,612,219309
1512467696036155,1512467696254166,134217728,8388608,16,615,218011
1512467697207421,1512467697427403,134217728,8388608,16,610,219982
1512467698381347,1512467698599912,134217728,8388608,16,614,218565
1512467699552785,1512467699771741,134217728,8388608,16,612,218956
1512467700725616,1512467700944620,134217728,8388608,16,612,219004
1512467701896770,1512467702116074,134217728,8388608,16,612,219304
1512467703071302,1512467703291181,134217728,8388608,16,610,219879
1512467704246013,1512467704465814,134217728,8388608,16,610,219801
1512467705417789,1512467705637908,134217728,8388608,16,609,220119
1512467706592657,1512467706812458,134217728,8388608,16,610,219801
1512467707764869,1512467707982618,134217728,8388608,16,616,217749
1512467708935416,1512467709154781,134217728,8388608,16,611,219365
1512467710107656,1512467710326836,134217728,8388608,16,612,219180
1512467711278313,1512467711498018,134217728,8388608,16,610,219705
1512467712450785,1512467712668992,134217728,8388608,16,615,218207
1512467713621875,1512467713840739,134217728,8388608,16,613,218864
1512467714794276,1512467715011364,134217728,8388608,16,618,217088
1512467715966039,1512467716186239,134217728,8388608,16,609,220200
1512467717139911,1512467717359728,134217728,8388608,16,610,219817
1512467718313503,1512467718531502,134217728,8388608,16,615,217999
1512467719486328,1512467719705124,134217728,8388608,16,613,218796
1512467720659033,1512467720878784,134217728,8388608,16,610,219751
1512467721833491,1512467722052738,134217728,8388608,16,612,219247
1512467723008271,1512467723226074,134217728,8388608,16,616,217803
1512467724181128,1512467724400115,134217728,8388608,16,612,218987
1512467725355356,1512467725574783,134217728,8388608,16,611,219427
1512467726529799,1512467726747960,134217728,8388608,16,615,218161
1512467727701408,1512467727919390,134217728,8388608,16,615,217982
1512467728871371,1512467729091251,134217728,8388608,16,610,219880
1512467730044038,1512467730262975,134217728,8388608,16,613,218937
1512467731216915,1512467731436882,134217728,8388608,16,610,219967
1512467732389962,1512467732608571,134217728,8388608,16,613,218609
1512467733562159,1512467733782135,134217728,8388608,16,610,219976
1512467734735727,1512467734954568,134217728,8388608,16,613,218841
1512467735908959,1512467736128360,134217728,8388608,16,611,219401
1512467737083262,1512467737300400,134217728,8388608,16,618,217138
1512467738254910,1512467738474507,134217728,8388608,16,611,219597
1512467739427352,1512467739645422,134217728,8388608,16,615,218070
1512467740614374,1512467740838428,134217728,8388608,16,599,224054
1512467741803859,1512467742028218,134217728,8388608,16,598,224359
1512467742982222,1512467743205709,134217728,8388608,16,600,223487
1512467744159084,1512467744379280,134217728,8388608,16,609,220196
1512467745332128,1512467745553549,134217728,8388608,16,606,221421
1512467746505588,1512467746725228,134217728,8388608,16,611,219640
1512467747679403,1512467747900302,134217728,8388608,16,607,220899
1512467748853816,1512467749073006,134217728,8388608,16,612,219190
1512467750025647,1512467750245979,134217728,8388608,16,609,220332
1512467751200567,1512467751419640,134217728,8388608,16,612,219073
1512467752372483,1512467752593774,134217728,8388608,16,606,221291
1512467753546765,1512467753766695,134217728,8388608,16,610,219930
1512467754720184,1512467754940407,134217728,8388608,16,609,220223
1512467755893499,1512467756113445,134217728,8388608,16,610,219946
1512467757067203,1512467757288392,134217728,8388608,16,606,221189
1512467758240471,1512467758460585,134217728,8388608,16,609,220114
1512467759412136,1512467759633452,134217728,8388608,16,606,221316
1512467760587356,1512467760809158,134217728,8388608,16,605,221802
1512467761762343,1512467761983343,134217728,8388608,16,607,221000
1512467762937506,1512467763159391,134217728,8388608,16,604,221885
1512467764115350,1512467764336808,134217728,8388608,16,606,221458
1512467765290406,1512467765511159,134217728,8388608,16,607,220753
1512467766464619,1512467766686912,134217728,8388608,16,603,222293
1512467767641035,1512467767862986,134217728,8388608,16,604,221951
1512467768816564,1512467769036544,134217728,8388608,16,610,219980
1512467769989273,1512467770210035,134217728,8388608,16,607,220762
1512467771166022,1512467771387678,134217728,8388608,16,605,221656
1512467772339580,1512467772560733,134217728,8388608,16,606,221153
1512467773514053,1512467773733960,134217728,8388608,16,610,219907
1512467774686231,1512467774906338,134217728,8388608,16,609,220107
1512467775860377,1512467776080541,134217728,8388608,16,609,220164
1512467777035168,1512467777255742,134217728,8388608,16,608,220574
1512467778208552,1512467778428455,134217728,8388608,16,610,219903
1512467779382487,1512467779603886,134217728,8388608,16,606,221399
1512467780560369,1512467780782165,134217728,8388608,16,605,221796
1512467781735983,1512467781957037,134217728,8388608,16,607,221054
1512467782909719,1512467783131303,134217728,8388608,16,605,221584
1512467784085212,1512467784305050,134217728,8388608,16,610,219838
1512467785261925,1512467785482288,134217728,8388608,16,609,220363
1512467786435922,1512467786657170,134217728,8388608,16,606,221248
1512467787610058,1512467787830291,134217728,8388608,16,609,220233
1512467788784553,1512467789003168,134217728,8388608,16,613,218615
1512467789955099,1512467790175615,134217728,8388608,16,608,220516
1512467791131124,1512467791350827,134217728,8388608,16,610,219703
1512467792304611,1512467792524193,134217728,8388608,16,611,219582
1512467793477624,1512467793698101,134217728,8388608,16,608,220477
1512467794652874,1512467794874924,134217728,8388608,16,604,222050
1512467795828809,1512467796049531,134217728,8388608,16,608,220722
1512467797002966,1512467797223872,134217728,8388608,16,607,220906
1512467798177199,1512467798397027,134217728,8388608,16,610,219828
1512467799349422,1512467799569567,134217728,8388608,16,609,220145
1512467800519800,1512467800739845,134217728,8388608,16,609,220045
1512467801691316,1512467801909440,134217728,8388608,16,615,218124
1512467802864802,1512467803083660,134217728,8388608,16,613,218858
1512467804037797,1512467804256952,134217728,8388608,16,612,219155
1512467805210012,1512467805430223,134217728,8388608,16,609,220211
1512467806383578,1512467806603773,134217728,8388608,16,609,220195
1512467807554598,1512467807774456,134217728,8388608,16,610,219858
1512467808728156,1512467808947187,134217728,8388608,16,612,219031
1512467809898793,1512467810116462,134217728,8388608,16,616,217669
1512467811069201,1512467811289246,134217728,8388608,16,609,220045
1512467812247743,1512467812472651,134217728,8388608,16,596,224908
1512467813425938,1512467813648721,134217728,8388608,16,602,222783
1512467814603858,1512467814827947,134217728,8388608,16,598,224089
1512467815781837,1512467816001811,134217728,8388608,16,610,219974
1512467816954875,1512467817175454,134217728,8388608,16,608,220579
1512467818127104,1512467818347833,134217728,8388608,16,608,220729
1512467819302205,1512467819522537,134217728,8388608,16,609,220332
1512467820476359,1512467820697064,134217728,8388608,16,608,220705
1512467821651346,1512467821871472,134217728,8388608,16,609,220126
1512467822825919,1512467823047299,134217728,8388608,16,606,221380
1512467824003820,1512467824224133,134217728,8388608,16,609,220313
1512467825178289,1512467825398165,134217728,8388608,16,610,219876
1512467826352360,1512467826575131,134217728,8388608,16,602,222771
1512467827527778,1512467827748372,134217728,8388608,16,608,220594
1512467828702359,1512467828924226,134217728,8388608,16,604,221867
1512467829878452,1512467830099853,134217728,8388608,16,606,221401
1512467831053238,1512467831275843,134217728,8388608,16,602,222605
1512467832231648,1512467832452953,134217728,8388608,16,606,221305
1512467833406630,1512467833628242,134217728,8388608,16,605,221612
1512467834582425,1512467834803139,134217728,8388608,16,608,220714
1512467835755498,1512467835975594,134217728,8388608,16,609,220096
1512467836929752,1512467837150847,134217728,8388608,16,607,221095
1512467838103521,1512467838322926,134217728,8388608,16,611,219405
1512467839277863,1512467839498501,134217728,8388608,16,608,220638
1512467840451714,1512467840671485,134217728,8388608,16,610,219771
1512467841624772,1512467841844163,134217728,8388608,16,611,219391
1512467842799442,1512467843019241,134217728,8388608,16,610,219799
1512467843973221,1512467844195678,134217728,8388608,16,603,222457
1512467845150147,1512467845370275,134217728,8388608,16,609,220128
1512467846324358,1512467846545107,134217728,8388608,16,608,220749
1512467847497497,1512467847718972,134217728,8388608,16,606,221475
1512467848671152,1512467848892385,134217728,8388608,16,606,221233
1512467849846503,1512467850067704,134217728,8388608,16,606,221201
1512467851022551,1512467851242912,134217728,8388608,16,609,220361
1512467852196171,1512467852417136,134217728,8388608,16,607,220965
1512467853371576,1512467853591159,134217728,8388608,16,611,219583
1512467854543285,1512467854763575,134217728,8388608,16,609,220290
1512467855718249,1512467855939827,134217728,8388608,16,605,221578
1512467856895734,1512467857116830,134217728,8388608,16,607,221096
1512467858070131,1512467858289152,134217728,8388608,16,612,219021
1512467859240835,1512467859459016,134217728,8388608,16,615,218181
1512467860411351,1512467860630605,134217728,8388608,16,612,219254
1512467861582860,1512467861802653,134217728,8388608,16,610,219793
1512467862754340,1512467862971909,134217728,8388608,16,616,217569
1512467863926360,1512467864146165,134217728,8388608,16,610,219805
1512467865098872,1512467865317692,134217728,8388608,16,613,218820
1512467866270440,1512467866488871,134217728,8388608,16,614,218431
1512467867441949,1512467867661740,134217728,8388608,16,610,219791
1512467868615647,1512467868835938,134217728,8388608,16,609,220291
1512467869812464,1512467870035676,134217728,8388608,16,601,223212
1512467870993135,1512467871213229,134217728,8388608,16,609,220094
1512467872167278,1512467872387623,134217728,8388608,16,609,220345
1512467873340242,1512467873559783,134217728,8388608,16,611,219541
1512467874512212,1512467874730679,134217728,8388608,16,614,218467
1512467875684100,1512467875905342,134217728,8388608,16,606,221242
1512467876857657,1512467877078591,134217728,8388608,16,607,220934
1512467878032234,1512467878251428,134217728,8388608,16,612,219194
1512467879203571,1512467879424573,134217728,8388608,16,607,221002
1512467880379778,1512467880600180,134217728,8388608,16,608,220402
1512467881553414,1512467881774208,134217728,8388608,16,607,220794
1512467882728255,1512467882948422,134217728,8388608,16,609,220167
1512467883901380,1512467884122567,134217728,8388608,16,606,221187
1512467885074272,1512467885294530,134217728,8388608,16,609,220258
1512467886246562,1512467886467985,134217728,8388608,16,606,221423
1512467887422869,1512467887643376,134217728,8388608,16,608,220507
1512467888596448,1512467888817492,134217728,8388608,16,607,221044
1512467889771687,1512467889992701,134217728,8388608,16,607,221014
1512467890944402,1512467891165468,134217728,8388608,16,607,221066
1512467892119351,1512467892340481,134217728,8388608,16,606,221130
1512467893294207,1512467893514078,134217728,8388608,16,610,219871
1512467894467996,1512467894688578,134217728,8388608,16,608,220582
1512467895642256,1512467895861831,134217728,8388608,16,611,219575
1512467896815122,1512467897033856,134217728,8388608,16,613,218734
1512467897987401,1512467898207706,134217728,8388608,16,609,220305
1512467899160642,1512467899380312,134217728,8388608,16,610,219670
1512467900333307,1512467900553843,134217728,8388608,16,608,220536
1512467901506180,1512467901726241,134217728,8388608,16,609,220061
1512467902679122,1512467902899644,134217728,8388608,16,608,220522
1512467903852551,1512467904072960,134217728,8388608,16,608,220409
1512467905027792,1512467905249010,134217728,8388608,16,606,221218
1512467906203146,1512467906424243,134217728,8388608,16,607,221097
1512467907376021,1512467907595425,134217728,8388608,16,611,219404
1512467908550105,1512467908772214,134217728,8388608,16,604,222109
1512467909725000,1512467909946469,134217728,8388608,16,606,221469
1512467910898901,1512467911120288,134217728,8388608,16,606,221387
1512467912071975,1512467912293182,134217728,8388608,16,606,221207
1512467913245895,1512467913467007,134217728,8388608,16,607,221112
1512467914421454,1512467914643867,134217728,8388608,16,603,222413
1512467915597431,1512467915818126,134217728,8388608,16,608,220695
1512467916772006,1512467916992972,134217728,8388608,16,607,220966
1512467917946299,1512467918166766,134217728,8388608,16,608,220467
1512467919119999,1512467919337732,134217728,8388608,16,616,217733
1512467920290864,1512467920510337,134217728,8388608,16,611,219473
1512467921464153,1512467921683433,134217728,8388608,16,612,219280
1512467922638231,1512467922856675,134217728,8388608,16,614,218444
1512467923810919,1512467924029173,134217728,8388608,16,614,218254
1512467924983404,1512467925202361,134217728,8388608,16,612,218957
1512467926154701,1512467926371808,134217728,8388608,16,618,217107
1512467927326030,1512467927545983,134217728,8388608,16,610,219953
1512467928499153,1512467928719410,134217728,8388608,16,609,220257
1512467929671466,1512467929888492,134217728,8388608,16,618,217026
1512467930842325,1512467931061804,134217728,8388608,16,611,219479
1512467932015387,1512467932231695,134217728,8388608,16,620,216308
1512467933184253,1512467933402962,134217728,8388608,16,613,218709
1512467934356184,1512467934574229,134217728,8388608,16,615,218045
1512467935525789,1512467935743556,134217728,8388608,16,616,217767
1512467936697616,1512467936915905,134217728,8388608,16,614,218289
1512467937868991,1512467938087663,134217728,8388608,16,613,218672
1512467939041773,1512467939261328,134217728,8388608,16,611,219555
1512467940214077,1512467940432538,134217728,8388608,16,614,218461
1512467941385390,1512467941602960,134217728,8388608,16,616,217570
1512467942557112,1512467942776450,134217728,8388608,16,611,219338
1512467943727885,1512467943947468,134217728,8388608,16,611,219583
1512467944899240,1512467945118030,134217728,8388608,16,613,218790
1512467946070510,1512467946289441,134217728,8388608,16,613,218931
1512467947240820,1512467947460310,134217728,8388608,16,611,219490
1512467948413396,1512467948632105,134217728,8388608,16,613,218709
1512467949584642,1512467949801850,134217728,8388608,16,617,217208
1512467950756597,1512467950975957,134217728,8388608,16,611,219360
1512467951932617,1512467952151437,134217728,8388608,16,613,218820
1512467953107224,1512467953326956,134217728,8388608,16,610,219732
1512467954279094,1512467954498982,134217728,8388608,16,610,219888
1512467955450942,1512467955671221,134217728,8388608,16,609,220279
1512467956622879,1512467956841514,134217728,8388608,16,613,218635
1512467957795691,1512467958015189,134217728,8388608,16,611,219498
1512467958968278,1512467959187097,134217728,8388608,16,613,218819
1512467960140900,1512467960359196,134217728,8388608,16,614,218296
1512467961311348,1512467961529351,134217728,8388608,16,615,218003
1512467962484628,1512467962703906,134217728,8388608,16,612,219278
1512467963657317,1512467963875666,134217728,8388608,16,614,218349
1512467964829928,1512467965048957,134217728,8388608,16,612,219029
1512467966002573,1512467966220296,134217728,8388608,16,616,217723
1512467967175872,1512467967395345,134217728,8388608,16,611,219473
1512467968350374,1512467968569010,134217728,8388608,16,613,218636
1512467969522850,1512467969742309,134217728,8388608,16,611,219459
1512467970696435,1512467970914859,134217728,8388608,16,614,218424
1512467971867614,1512467972087084,134217728,8388608,16,611,219470
1512467973039232,1512467973256854,134217728,8388608,16,616,217622
1512467974210111,1512467974430217,134217728,8388608,16,609,220106
1512467975382915,1512467975602589,134217728,8388608,16,610,219674
1512467976555341,1512467976774426,134217728,8388608,16,612,219085
1512467977725545,1512467977945846,134217728,8388608,16,609,220301
1512467978899250,1512467979118801,134217728,8388608,16,611,219551
1512467980073569,1512467980292102,134217728,8388608,16,614,218533
1512467981245458,1512467981465279,134217728,8388608,16,610,219821
1512467982418610,1512467982636664,134217728,8388608,16,615,218054
1512467983589038,1512467983807058,134217728,8388608,16,615,218020
1512467984759290,1512467984977746,134217728,8388608,16,614,218456
1512467985930833,1512467986150400,134217728,8388608,16,611,219567
1512467987104918,1512467987323445,134217728,8388608,16,614,218527
1512467988276276,1512467988496388,134217728,8388608,16,609,220112
1512467989448362,1512467989666699,134217728,8388608,16,614,218337
1512467990619247,1512467990837987,134217728,8388608,16,613,218740
1512467991790156,1512467992009262,134217728,8388608,16,612,219106
1512467992962106,1512467993181897,134217728,8388608,16,610,219791
1512467994133680,1512467994354035,134217728,8388608,16,609,220355
1512467995306878,1512467995526815,134217728,8388608,16,610,219937
1512467996479451,1512467996698652,134217728,8388608,16,612,219201
1512467997650755,1512467997871153,134217728,8388608,16,608,220398
1512467998826438,1512467999045165,134217728,8388608,16,613,218727
1512468000011649,1512468000233328,134217728,8388608,16,605,221679
1512468001194711,1512468001417904,134217728,8388608,16,601,223193
1512468002383660,1512468002608615,134217728,8388608,16,596,224955
1512468003562392,1512468003785123,134217728,8388608,16,602,222731
1512468004738245,1512468004959117,134217728,8388608,16,607,220872
1512468005911817,1512468006132542,134217728,8388608,16,608,220725
1512468007085786,1512468007305644,134217728,8388608,16,610,219858
1512468008259382,1512468008477929,134217728,8388608,16,614,218547
1512468009430262,1512468009650286,134217728,8388608,16,610,220024
1512468010604071,1512468010824094,134217728,8388608,16,610,220023
1512468011777136,1512468011997696,134217728,8388608,16,608,220560
1512468012948715,1512468013169961,134217728,8388608,16,606,221246
1512468014122876,1512468014343614,134217728,8388608,16,608,220738
1512468015296081,1512468015516970,134217728,8388608,16,607,220889
1512468016469107,1512468016690734,134217728,8388608,16,605,221627
1512468017644350,1512468017865502,134217728,8388608,16,606,221152
1512468018820545,1512468019040333,134217728,8388608,16,610,219788
1512468019993143,1512468020213839,134217728,8388608,16,608,220696
1512468021168694,1512468021389644,134217728,8388608,16,607,220950
1512468022342798,1512468022563036,134217728,8388608,16,609,220238
1512468023514989,1512468023736230,134217728,8388608,16,606,221241
1512468024690721,1512468024910803,134217728,8388608,16,609,220082
1512468025862202,1512468026083021,134217728,8388608,16,607,220819
1512468027041673,1512468027265158,134217728,8388608,16,600,223485
1512468028217670,1512468028440752,134217728,8388608,16,601,223082
1512468029395181,1512468029619584,134217728,8388608,16,598,224403
1512468030573806,1512468030794183,134217728,8388608,16,609,220377
1512468031746009,1512468031967261,134217728,8388608,16,606,221252
1512468032920535,1512468033141257,134217728,8388608,16,608,220722
1512468034094875,1512468034315264,134217728,8388608,16,609,220389
1512468035268649,1512468035489600,134217728,8388608,16,607,220951
1512468036442608,1512468036663044,134217728,8388608,16,608,220436
1512468037615556,1512468037837021,134217728,8388608,16,606,221465
1512468038789133,1512468039006838,134217728,8388608,16,616,217705
1512468039959337,1512468040178412,134217728,8388608,16,612,219075
1512468041127495,1512468041346642,134217728,8388608,16,612,219147
1512468042299025,1512468042516933,134217728,8388608,16,615,217908
1512468043467970,1512468043685912,134217728,8388608,16,615,217942
1512468044640356,1512468044857343,134217728,8388608,16,618,216987
1512468045811702,1512468046029695,134217728,8388608,16,615,217993
1512468046982847,1512468047201757,134217728,8388608,16,613,218910
1512468048154188,1512468048373147,134217728,8388608,16,612,218959
1512468049325607,1512468049544179,134217728,8388608,16,614,218572
1512468050496687,1512468050714599,134217728,8388608,16,615,217912
1512468051667730,1512468051886584,134217728,8388608,16,613,218854
1512468052839978,1512468053059781,134217728,8388608,16,610,219803
1512468054014677,1512468054233315,134217728,8388608,16,613,218638
1512468055187119,1512468055406271,134217728,8388608,16,612,219152
1512468056359097,1512468056576674,134217728,8388608,16,616,217577
1512468057530937,1512468057749635,134217728,8388608,16,613,218698
1512468058703030,1512468058921956,134217728,8388608,16,613,218926
1512468059875851,1512468060096484,134217728,8388608,16,608,220633
1512468061049808,1512468061267136,134217728,8388608,16,617,217328
1512468062221458,1512468062441382,134217728,8388608,16,610,219924
1512468063393662,1512468063615093,134217728,8388608,16,606,221431
1512468064567420,1512468064788810,134217728,8388608,16,606,221390
1512468065741606,1512468065961815,134217728,8388608,16,609,220209
1512468066915111,1512468067136263,134217728,8388608,16,606,221152
1512468068089070,1512468068307119,134217728,8388608,16,615,218049
1512468069259470,1512468069478941,134217728,8388608,16,611,219471
1512468070432761,1512468070651079,134217728,8388608,16,614,218318
1512468071603578,1512468071822987,134217728,8388608,16,611,219409
1512468072776914,1512468072996805,134217728,8388608,16,610,219891
1512468073951393,1512468074172238,134217728,8388608,16,607,220845
1512468075126303,1512468075346361,134217728,8388608,16,609,220058
1512468076299052,1512468076517292,134217728,8388608,16,615,218240
1512468077467397,1512468077686391,134217728,8388608,16,612,218994
1512468078640162,1512468078858950,134217728,8388608,16,613,218788
1512468079811347,1512468080027854,134217728,8388608,16,619,216507
1512468080979484,1512468081199495,134217728,8388608,16,610,220011
1512468082152666,1512468082372034,134217728,8388608,16,611,219368
1512468083326658,1512468083547073,134217728,8388608,16,608,220415
1512468084501757,1512468084721614,134217728,8388608,16,610,219857
1512468085675365,1512468085894542,134217728,8388608,16,612,219177
