1512552532532703,1512552532589063,134217728,4194304,32,2381,56360
1512552533604148,1512552533659212,134217728,4194304,32,2437,55064
1512552534674149,1512552534729175,134217728,4194304,32,2439,55026
1512552535745376,1512552535800553,134217728,4194304,32,2432,55177
1512552536815271,1512552536870367,134217728,4194304,32,2436,55096
1512552537883615,1512552537938399,134217728,4194304,32,2449,54784
1512552538952398,1512552539007503,134217728,4194304,32,2435,55105
1512552540026318,1512552540080830,134217728,4194304,32,2462,54512
1512552541095381,1512552541150462,134217728,4194304,32,2436,55081
1512552542169266,1512552542224399,134217728,4194304,32,2434,55133
1512552543239737,1512552543294679,134217728,4194304,32,2442,54942
1512552544311292,1512552544366540,134217728,4194304,32,2429,55248
1512552545383897,1512552545438787,134217728,4194304,32,2445,54890
1512552546454008,1512552546509221,134217728,4194304,32,2430,55213
1512552547525034,1512552547579473,134217728,4194304,32,2465,54439
1512552548596584,1512552548651344,134217728,4194304,32,2451,54760
1512552549668021,1512552549723144,134217728,4194304,32,2434,55123
1512552550738419,1512552550793375,134217728,4194304,32,2442,54956
1512552551811695,1512552551866863,134217728,4194304,32,2432,55168
1512552552883821,1512552552938953,134217728,4194304,32,2434,55132
1512552553957513,1512552554012709,134217728,4194304,32,2431,55196
1512552555031904,1512552555087104,134217728,4194304,32,2431,55200
1512552556105462,1512552556160205,134217728,4194304,32,2451,54743
1512552557175794,1512552557231006,134217728,4194304,32,2430,55212
1512552558249824,1512552558305056,134217728,4194304,32,2430,55232
1512552559322763,1512552559377824,134217728,4194304,32,2437,55061
1512552560394376,1512552560449462,134217728,4194304,32,2436,55086
1512552561466915,1512552561522192,134217728,4194304,32,2428,55277
1512552562538797,1512552562593757,134217728,4194304,32,2442,54960
1512552563608844,1512552563664035,134217728,4194304,32,2431,55191
1512552564678934,1512552564734021,134217728,4194304,32,2436,55087
1512552565774192,1512552565829523,134217728,4194304,32,2425,55331
1512552566859210,1512552566914598,134217728,4194304,32,2423,55388
1512552567930994,1512552567986182,134217728,4194304,32,2432,55188
1512552569004108,1512552569059384,134217728,4194304,32,2428,55276
1512552570075854,1512552570130920,134217728,4194304,32,2437,55066
1512552571146122,1512552571201181,134217728,4194304,32,2437,55059
1512552572216169,1512552572270726,134217728,4194304,32,2460,54557
1512552573285418,1512552573340757,134217728,4194304,32,2425,55339
1512552574355219,1512552574410202,134217728,4194304,32,2441,54983
1512552575424836,1512552575479956,134217728,4194304,32,2435,55120
1512552576494149,1512552576549511,134217728,4194304,32,2424,55362
1512552577563525,1512552577619011,134217728,4194304,32,2418,55486
1512552578633301,1512552578688420,134217728,4194304,32,2435,55119
1512552579705118,1512552579760635,134217728,4194304,32,2417,55517
1512552580777181,1512552580832519,134217728,4194304,32,2425,55338
1512552581849671,1512552581905020,134217728,4194304,32,2424,55349
1512552582920841,1512552582975793,134217728,4194304,32,2442,54952
1512552583991366,1512552584046647,134217728,4194304,32,2427,55281
1512552585061724,1512552585116768,134217728,4194304,32,2438,55044
1512552586132107,1512552586187442,134217728,4194304,32,2425,55335
1512552587203545,1512552587258949,134217728,4194304,32,2422,55404
1512552588273627,1512552588329118,134217728,4194304,32,2418,55491
1512552589344839,1512552589399838,134217728,4194304,32,2440,54999
1512552590415023,1512552590470093,134217728,4194304,32,2437,55070
1512552591485567,1512552591540552,134217728,4194304,32,2440,54985
1512552592555746,1512552592610833,134217728,4194304,32,2436,55087
1512552593626352,1512552593681275,134217728,4194304,32,2443,54923
1512552594695888,1512552594750988,134217728,4194304,32,2435,55100
1512552595766834,1512552595822046,134217728,4194304,32,2430,55212
1512552596837630,1512552596892633,134217728,4194304,32,2440,55003
1512552597908484,1512552597963554,134217728,4194304,32,2437,55070
1512552598981156,1512552599036899,134217728,4194304,32,2407,55743
1512552600069922,1512552600124856,134217728,4194304,32,2443,54934
1512552601139970,1512552601195433,134217728,4194304,32,2419,55463
1512552602211064,1512552602266444,134217728,4194304,32,2423,55380
1512552603281078,1512552603336315,134217728,4194304,32,2429,55237
1512552604351012,1512552604406162,134217728,4194304,32,2433,55150
1512552605421572,1512552605476935,134217728,4194304,32,2424,55363
1512552606491406,1512552606546469,134217728,4194304,32,2437,55063
1512552607561044,1512552607616463,134217728,4194304,32,2421,55419
1512552608631918,1512552608687364,134217728,4194304,32,2420,55446
1512552609701873,1512552609757262,134217728,4194304,32,2423,55389
1512552610771388,1512552610826537,134217728,4194304,32,2433,55149
1512552611842305,1512552611897718,134217728,4194304,32,2422,55413
1512552612912815,1512552612968248,134217728,4194304,32,2421,55433
1512552613983929,1512552614039491,134217728,4194304,32,2415,55562
1512552615054768,1512552615109928,134217728,4194304,32,2433,55160
1512552616124610,1512552616180147,134217728,4194304,32,2416,55537
1512552617193748,1512552617249083,134217728,4194304,32,2425,55335
1512552618264901,1512552618320265,134217728,4194304,32,2424,55364
1512552619336510,1512552619392042,134217728,4194304,32,2416,55532
1512552620406651,1512552620461926,134217728,4194304,32,2428,55275
1512552621479428,1512552621534945,134217728,4194304,32,2417,55517
1512552622549443,1512552622604662,134217728,4194304,32,2430,55219
1512552623620289,1512552623675708,134217728,4194304,32,2421,55419
1512552624692165,1512552624747704,134217728,4194304,32,2416,55539
1512552625762114,1512552625817524,134217728,4194304,32,2422,55410
1512552626832783,1512552626888282,134217728,4194304,32,2418,55499
1512552627903478,1512552627958881,134217728,4194304,32,2422,55403
1512552628973942,1512552629029114,134217728,4194304,32,2432,55172
1512552630044577,1512552630099393,134217728,4194304,32,2448,54816
1512552631113930,1512552631169331,134217728,4194304,32,2422,55401
1512552632183317,1512552632238862,134217728,4194304,32,2416,55545
1512552633253344,1512552633308478,134217728,4194304,32,2434,55134
1512552634323968,1512552634379302,134217728,4194304,32,2425,55334
1512552635394511,1512552635450022,134217728,4194304,32,2417,55511
1512552636464614,1512552636520022,134217728,4194304,32,2422,55408
1512552637535830,1512552637590923,134217728,4194304,32,2436,55093
1512552638605847,1512552638661393,134217728,4194304,32,2416,55546
1512552639676886,1512552639732391,134217728,4194304,32,2418,55505
1512552640747396,1512552640802069,134217728,4194304,32,2454,54673
1512552641818414,1512552641873770,134217728,4194304,32,2424,55356
1512552642889467,1512552642944705,134217728,4194304,32,2429,55238
1512552643960172,1512552644015652,134217728,4194304,32,2419,55480
1512552645030448,1512552645085639,134217728,4194304,32,2431,55191
1512552646103568,1512552646158964,134217728,4194304,32,2422,55396
1512552647193537,1512552647249232,134217728,4194304,32,2409,55695
1512552648266332,1512552648321307,134217728,4194304,32,2441,54975
1512552649342005,1512552649397528,134217728,4194304,32,2417,55523
1512552650416648,1512552650472165,134217728,4194304,32,2417,55517
1512552651494336,1512552651549809,134217728,4194304,32,2419,55473
1512552652572420,1512552652628024,134217728,4194304,32,2413,55604
1512552653657476,1512552653712631,134217728,4194304,32,2433,55155
1512552654737451,1512552654792559,134217728,4194304,32,2435,55108
1512552655818653,1512552655873927,134217728,4194304,32,2428,55274
1512552656896619,1512552656952094,134217728,4194304,32,2419,55475
1512552657973205,1512552658028299,134217728,4194304,32,2436,55094
1512552659051363,1512552659106838,134217728,4194304,32,2419,55475
1512552660137575,1512552660192608,134217728,4194304,32,2438,55033
1512552661209490,1512552661265020,134217728,4194304,32,2417,55530
1512552662281215,1512552662335395,134217728,4194304,32,2477,54180
1512552663351183,1512552663406155,134217728,4194304,32,2441,54972
1512552664421448,1512552664476991,134217728,4194304,32,2416,55543
1512552665495562,1512552665550723,134217728,4194304,32,2433,55161
1512552666568613,1512552666623860,134217728,4194304,32,2429,55247
1512552667641657,1512552667697208,134217728,4194304,32,2416,55551
1512552668722433,1512552668777673,134217728,4194304,32,2429,55240
1512552669796414,1512552669851850,134217728,4194304,32,2421,55436
1512552670868073,1512552670923151,134217728,4194304,32,2436,55078
1512552671938928,1512552671994380,134217728,4194304,32,2420,55452
1512552673012531,1512552673067920,134217728,4194304,32,2423,55389
1512552674084630,1512552674140008,134217728,4194304,32,2423,55378
1512552675156969,1512552675211795,134217728,4194304,32,2448,54826
1512552676226741,1512552676281950,134217728,4194304,32,2431,55209
1512552677297709,1512552677352859,134217728,4194304,32,2433,55150
1512552678368429,1512552678423931,134217728,4194304,32,2418,55502
1512552679439494,1512552679495006,134217728,4194304,32,2417,55512
1512552680511076,1512552680566559,134217728,4194304,32,2419,55483
1512552681581280,1512552681636649,134217728,4194304,32,2424,55369
1512552682655411,1512552682710897,134217728,4194304,32,2418,55486
1512552683727952,1512552683783436,134217728,4194304,32,2419,55484
1512552684798886,1512552684854064,134217728,4194304,32,2432,55178
1512552685869611,1512552685924462,134217728,4194304,32,2446,54851
1512552686940513,1512552686995956,134217728,4194304,32,2420,55443
1512552688011754,1512552688067269,134217728,4194304,32,2417,55515
1512552689084908,1512552689140305,134217728,4194304,32,2422,55397
1512552690157818,1512552690213232,134217728,4194304,32,2422,55414
1512552691228569,1512552691284135,134217728,4194304,32,2415,55566
1512552692299871,1512552692355359,134217728,4194304,32,2418,55488
1512552693370810,1512552693426269,134217728,4194304,32,2420,55459
1512552694440196,1512552694495178,134217728,4194304,32,2441,54982
1512552695510402,1512552695566046,134217728,4194304,32,2412,55644
1512552696580986,1512552696636322,134217728,4194304,32,2425,55336
1512552697652697,1512552697707624,134217728,4194304,32,2443,54927
1512552698722853,1512552698777544,134217728,4194304,32,2454,54691
1512552699792672,1512552699847775,134217728,4194304,32,2435,55103
1512552700862337,1512552700917582,134217728,4194304,32,2429,55245
1512552701933510,1512552701988586,134217728,4194304,32,2436,55076
1512552703004426,1512552703059516,134217728,4194304,32,2436,55090
1512552704075303,1512552704130229,134217728,4194304,32,2443,54926
1512552705145638,1512552705201013,134217728,4194304,32,2423,55375
1512552706215776,1512552706271224,134217728,4194304,32,2420,55448
1512552707286640,1512552707342000,134217728,4194304,32,2424,55360
1512552708357262,1512552708412684,134217728,4194304,32,2421,55422
1512552709428077,1512552709483410,134217728,4194304,32,2425,55333
1512552710500904,1512552710556236,134217728,4194304,32,2425,55332
1512552711572636,1512552711627874,134217728,4194304,32,2429,55238
1512552712642624,1512552712697870,134217728,4194304,32,2429,55246
1512552713715703,1512552713770998,134217728,4194304,32,2427,55295
1512552714785780,1512552714841090,134217728,4194304,32,2426,55310
1512552715856940,1512552715911925,134217728,4194304,32,2440,54985
1512552716928968,1512552716983948,134217728,4194304,32,2441,54980
1512552718001182,1512552718056454,134217728,4194304,32,2428,55272
1512552719071494,1512552719126808,134217728,4194304,32,2426,55314
1512552720147260,1512552720202478,134217728,4194304,32,2430,55218
1512552721217772,1512552721272435,134217728,4194304,32,2455,54663
1512552722288021,1512552722343351,134217728,4194304,32,2425,55330
1512552723361282,1512552723416641,134217728,4194304,32,2424,55359
1512552724436377,1512552724491598,134217728,4194304,32,2430,55221
1512552725506105,1512552725561362,134217728,4194304,32,2428,55257
1512552726578308,1512552726633520,134217728,4194304,32,2430,55212
1512552727649990,1512552727705416,134217728,4194304,32,2421,55426
1512552728724784,1512552728779386,134217728,4194304,32,2458,54602
1512552729797486,1512552729852811,134217728,4194304,32,2425,55325
1512552730871383,1512552730926675,134217728,4194304,32,2427,55292
1512552731943375,1512552731998712,134217728,4194304,32,2425,55337
1512552733016498,1512552733071668,134217728,4194304,32,2432,55170
1512552734087561,1512552734142819,134217728,4194304,32,2428,55258
1512552735158039,1512552735213259,134217728,4194304,32,2430,55220
1512552736230904,1512552736286195,134217728,4194304,32,2427,55291
1512552737302069,1512552737357022,134217728,4194304,32,2442,54953
1512552738373310,1512552738428637,134217728,4194304,32,2425,55327
1512552739443016,1512552739498132,134217728,4194304,32,2435,55116
1512552740512851,1512552740568085,134217728,4194304,32,2429,55234
1512552741585433,1512552741640670,134217728,4194304,32,2429,55237
1512552742655792,1512552742710715,134217728,4194304,32,2443,54923
1512552743725592,1512552743780624,134217728,4194304,32,2438,55032
1512552744795731,1512552744851032,134217728,4194304,32,2427,55301
1512552745866728,1512552745921888,134217728,4194304,32,2433,55160
1512552746937583,1512552746992529,134217728,4194304,32,2442,54946
1512552748008108,1512552748063310,134217728,4194304,32,2431,55202
1512552749079215,1512552749134489,134217728,4194304,32,2428,55274
1512552750148720,1512552750204090,134217728,4194304,32,2424,55370
1512552751219665,1512552751274838,134217728,4194304,32,2432,55173
1512552752291215,1512552752346180,134217728,4194304,32,2441,54965
1512552753362421,1512552753417610,134217728,4194304,32,2431,55189
1512552754434098,1512552754489226,134217728,4194304,32,2434,55128
1512552755505852,1512552755561113,134217728,4194304,32,2428,55261
1512552756576646,1512552756631867,134217728,4194304,32,2430,55221
1512552757647520,1512552757702382,134217728,4194304,32,2446,54862
1512552758717461,1512552758772559,134217728,4194304,32,2435,55098
1512552759788893,1512552759844061,134217728,4194304,32,2432,55168
1512552760860261,1512552760915231,134217728,4194304,32,2441,54970
1512552761934528,1512552761989880,134217728,4194304,32,2424,55352
1512552763005607,1512552763060377,134217728,4194304,32,2450,54770
1512552764078951,1512552764134208,134217728,4194304,32,2428,55257
1512552765149504,1512552765204750,134217728,4194304,32,2429,55246
1512552766220172,1512552766275128,134217728,4194304,32,2442,54956
1512552767291285,1512552767346487,134217728,4194304,32,2431,55202
1512552768361571,1512552768416532,134217728,4194304,32,2442,54961
1512552769431233,1512552769486449,134217728,4194304,32,2430,55216
1512552770501885,1512552770556940,134217728,4194304,32,2437,55055
1512552771571330,1512552771626503,134217728,4194304,32,2432,55173
1512552772642105,1512552772697403,134217728,4194304,32,2427,55298
1512552773715465,1512552773770348,134217728,4194304,32,2445,54883
1512552774786163,1512552774841588,134217728,4194304,32,2421,55425
1512552775858113,1512552775913107,134217728,4194304,32,2440,54994
1512552776929692,1512552776984652,134217728,4194304,32,2442,54960
1512552778000117,1512552778055075,134217728,4194304,32,2442,54958
1512552779071984,1512552779126913,134217728,4194304,32,2443,54929
1512552780145146,1512552780200371,134217728,4194304,32,2430,55225
1512552781215861,1512552781271191,134217728,4194304,32,2425,55330
1512552782289844,1512552782344961,134217728,4194304,32,2435,55117
1512552783365261,1512552783420517,134217728,4194304,32,2429,55256
1512552784437948,1512552784492844,134217728,4194304,32,2444,54896
1512552785513566,1512552785568478,134217728,4194304,32,2444,54912
1512552786586816,1512552786642041,134217728,4194304,32,2430,55225
1512552787659073,1512552787714352,134217728,4194304,32,2428,55279
1512552788734159,1512552788789430,134217728,4194304,32,2428,55271
1512552789809838,1512552789865139,134217728,4194304,32,2427,55301
1512552790882294,1512552790937585,134217728,4194304,32,2427,55291
1512552791955153,1512552792010310,134217728,4194304,32,2433,55157
1512552793025861,1512552793080704,134217728,4194304,32,2447,54843
1512552794096348,1512552794151627,134217728,4194304,32,2428,55279
1512552795166668,1512552795221760,134217728,4194304,32,2436,55092
1512552796238211,1512552796293220,134217728,4194304,32,2439,55009
1512552797312110,1512552797367277,134217728,4194304,32,2432,55167
1512552798382818,1512552798437735,134217728,4194304,32,2444,54917
1512552799453817,1512552799509074,134217728,4194304,32,2428,55257
1512552800525336,1512552800580531,134217728,4194304,32,2431,55195
1512552801597801,1512552801653016,134217728,4194304,32,2430,55215
1512552802668441,1512552802723621,134217728,4194304,32,2432,55180
1512552803739645,1512552803794895,134217728,4194304,32,2429,55250
1512552804809757,1512552804864300,134217728,4194304,32,2460,54543
1512552805879840,1512552805935050,134217728,4194304,32,2431,55210
1512552806949908,1512552807005133,134217728,4194304,32,2430,55225
1512552808019948,1512552808075253,134217728,4194304,32,2426,55305
1512552809089520,1512552809144792,134217728,4194304,32,2428,55272
1512552810161223,1512552810216531,134217728,4194304,32,2426,55308
1512552811232139,1512552811287399,134217728,4194304,32,2428,55260
1512552812304052,1512552812359131,134217728,4194304,32,2436,55079
1512552813374576,1512552813429999,134217728,4194304,32,2421,55423
1512552814444642,1512552814499591,134217728,4194304,32,2442,54949
1512552815515500,1512552815570882,134217728,4194304,32,2423,55382
1512552816586460,1512552816641434,134217728,4194304,32,2441,54974
1512552817656670,1512552817711882,134217728,4194304,32,2430,55212
1512552818728097,1512552818783482,134217728,4194304,32,2423,55385
1512552819799051,1512552819854298,134217728,4194304,32,2429,55247
1512552820871382,1512552820926820,134217728,4194304,32,2421,55438
1512552821945874,1512552822000895,134217728,4194304,32,2439,55021
1512552823018409,1512552823073680,134217728,4194304,32,2428,55271
1512552824089211,1512552824144490,134217728,4194304,32,2428,55279
1512552825160619,1512552825215988,134217728,4194304,32,2424,55369
1512552826231203,1512552826286497,134217728,4194304,32,2427,55294
1512552827303551,1512552827358896,134217728,4194304,32,2425,55345
1512552828374336,1512552828429628,134217728,4194304,32,2427,55292
1512552829444582,1512552829499916,134217728,4194304,32,2425,55334
1512552830514817,1512552830570226,134217728,4194304,32,2422,55409
1512552831586742,1512552831641984,134217728,4194304,32,2429,55242
1512552832656723,1512552832712094,134217728,4194304,32,2423,55371
1512552833728579,1512552833783632,134217728,4194304,32,2437,55053
1512552834799463,1512552834854704,134217728,4194304,32,2429,55241
1512552835873913,1512552835929202,134217728,4194304,32,2427,55289
1512552836948482,1512552837003651,134217728,4194304,32,2432,55169
1512552838018570,1512552838073485,134217728,4194304,32,2444,54915
1512552839090589,1512552839145985,134217728,4194304,32,2422,55396
1512552840166162,1512552840221349,134217728,4194304,32,2432,55187
1512552841237737,1512552841293103,134217728,4194304,32,2424,55366
1512552842312082,1512552842366988,134217728,4194304,32,2444,54906
1512552843383075,1512552843438497,134217728,4194304,32,2421,55422
1512552844453647,1512552844508935,134217728,4194304,32,2427,55288
1512552845525858,1512552845580912,134217728,4194304,32,2437,55054
1512552846597074,1512552846651674,134217728,4194304,32,2458,54600
1512552847669466,1512552847724706,134217728,4194304,32,2429,55240
1512552848740229,1512552848795524,134217728,4194304,32,2427,55295
1512552849812473,1512552849867679,134217728,4194304,32,2431,55206
1512552850882186,1512552850937526,134217728,4194304,32,2425,55340
1512552851954515,1512552852009906,134217728,4194304,32,2423,55391
1512552853025075,1512552853080284,134217728,4194304,32,2431,55209
1512552854099040,1512552854154185,134217728,4194304,32,2433,55145
1512552855172474,1512552855227741,134217728,4194304,32,2428,55267
1512552856246760,1512552856302017,134217728,4194304,32,2428,55257
1512552857319534,1512552857374861,134217728,4194304,32,2425,55327
1512552858390732,1512552858445677,134217728,4194304,32,2442,54945
1512552859463533,1512552859518455,134217728,4194304,32,2443,54922
1512552860536223,1512552860591392,134217728,4194304,32,2432,55169
1512552861608209,1512552861663430,134217728,4194304,32,2430,55221
1512552862677657,1512552862732705,134217728,4194304,32,2438,55048
1512552863748242,1512552863803501,134217728,4194304,32,2428,55259
1512552864818989,1512552864874191,134217728,4194304,32,2431,55202
1512552865889233,1512552865944460,134217728,4194304,32,2430,55227
1512552866960359,1512552867015669,134217728,4194304,32,2426,55310
1512552868032052,1512552868087390,134217728,4194304,32,2425,55338
1512552869103585,1512552869158901,134217728,4194304,32,2426,55316
1512552870176529,1512552870231660,134217728,4194304,32,2434,55131
1512552871247929,1512552871303335,134217728,4194304,32,2422,55406
1512552872321532,1512552872376373,134217728,4194304,32,2447,54841
1512552873392405,1512552873447061,134217728,4194304,32,2455,54656
1512552874462336,1512552874517554,134217728,4194304,32,2430,55218
1512552875534176,1512552875589474,134217728,4194304,32,2427,55298
1512552876603537,1512552876657956,134217728,4194304,32,2466,54419
1512552877673075,1512552877728079,134217728,4194304,32,2440,55004
1512552878742859,1512552878798108,134217728,4194304,32,2429,55249
1512552879816365,1512552879871377,134217728,4194304,32,2439,55012
1512552880886367,1512552880941401,134217728,4194304,32,2438,55034
1512552881956346,1512552882011622,134217728,4194304,32,2428,55276
1512552883028099,1512552883083117,134217728,4194304,32,2439,55018
1512552884099920,1512552884155266,134217728,4194304,32,2425,55346
1512552885172897,1512552885227933,134217728,4194304,32,2438,55036
1512552886243471,1512552886298832,134217728,4194304,32,2424,55361
1512552887313573,1512552887368827,134217728,4194304,32,2429,55254
1512552888385915,1512552888441201,134217728,4194304,32,2427,55286
1512552889457088,1512552889512355,134217728,4194304,32,2428,55267
1512552890528711,1512552890583407,134217728,4194304,32,2453,54696
1512552891597726,1512552891652569,134217728,4194304,32,2447,54843
1512552892668344,1512552892723645,134217728,4194304,32,2427,55301
1512552893737915,1512552893793084,134217728,4194304,32,2432,55169
1512552894808701,1512552894863769,134217728,4194304,32,2437,55068
1512552895880682,1512552895935980,134217728,4194304,32,2427,55298
1512552896952383,1512552897007565,134217728,4194304,32,2432,55182
1512552898021672,1512552898076861,134217728,4194304,32,2431,55189
1512552899094197,1512552899149428,134217728,4194304,32,2430,55231
1512552900169428,1512552900224324,134217728,4194304,32,2444,54896
1512552901240215,1512552901295135,134217728,4194304,32,2443,54920
1512552902311672,1512552902366596,134217728,4194304,32,2443,54924
1512552903383399,1512552903438317,134217728,4194304,32,2443,54918
1512552904454256,1512552904508926,134217728,4194304,32,2455,54670
1512552905524219,1512552905579521,134217728,4194304,32,2426,55302
1512552906596873,1512552906652188,134217728,4194304,32,2426,55315
1512552907669735,1512552907724956,134217728,4194304,32,2430,55221
1512552908741971,1512552908797012,134217728,4194304,32,2438,55041
1512552909814809,1512552909869987,134217728,4194304,32,2432,55178
1512552910890549,1512552910945637,134217728,4194304,32,2436,55088
1512552911963436,1512552912018456,134217728,4194304,32,2439,55020
1512552913034963,1512552913089878,134217728,4194304,32,2444,54915
1512552914106141,1512552914161421,134217728,4194304,32,2427,55280
1512552915178426,1512552915233716,134217728,4194304,32,2427,55290
1512552916252518,1512552916307462,134217728,4194304,32,2442,54944
1512552917322935,1512552917377762,134217728,4194304,32,2448,54827
1512552918392488,1512552918447683,134217728,4194304,32,2431,55195
1512552919462584,1512552919517883,134217728,4194304,32,2427,55299
1512552920534530,1512552920589612,134217728,4194304,32,2436,55082
1512552921604680,1512552921659936,134217728,4194304,32,2429,55256
1512552922675261,1512552922730132,134217728,4194304,32,2446,54871
1512552923746191,1512552923801420,134217728,4194304,32,2430,55229
1512552924816555,1512552924871900,134217728,4194304,32,2425,55345
1512552925888019,1512552925943050,134217728,4194304,32,2438,55031
1512552926958926,1512552927013866,134217728,4194304,32,2442,54940
1512552928030130,1512552928085278,134217728,4194304,32,2433,55148
1512552929100968,1512552929156229,134217728,4194304,32,2428,55261
1512552930171559,1512552930226822,134217728,4194304,32,2428,55263
1512552931242993,1512552931298331,134217728,4194304,32,2425,55338
1512552932313533,1512552932368748,134217728,4194304,32,2430,55215
1512552933384690,1512552933439645,134217728,4194304,32,2442,54955
1512552934479691,1512552934535133,134217728,4194304,32,2420,55442
1512552935552783,1512552935608021,134217728,4194304,32,2429,55238
1512552936625662,1512552936681269,134217728,4194304,32,2413,55607
1512552937699015,1512552937754382,134217728,4194304,32,2424,55367
1512552938771333,1512552938826936,134217728,4194304,32,2413,55603
1512552939844895,1512552939900395,134217728,4194304,32,2418,55500
1512552940916049,1512552940971182,134217728,4194304,32,2434,55133
1512552941987518,1512552942042603,134217728,4194304,32,2436,55085
1512552943056822,1512552943111869,134217728,4194304,32,2438,55047
1512552944130831,1512552944186271,134217728,4194304,32,2420,55440
1512552945201013,1512552945256419,134217728,4194304,32,2422,55406
1512552946273779,1512552946329339,134217728,4194304,32,2415,55560
1512552947345178,1512552947400342,134217728,4194304,32,2433,55164
1512552948416623,1512552948471971,134217728,4194304,32,2424,55348
1512552949488148,1512552949543673,134217728,4194304,32,2417,55525
1512552950559294,1512552950614450,134217728,4194304,32,2433,55156
1512552951631919,1512552951687021,134217728,4194304,32,2435,55102
1512552952703034,1512552952758539,134217728,4194304,32,2418,55505
1512552953774333,1512552953829645,134217728,4194304,32,2426,55312
1512552954846092,1512552954901580,134217728,4194304,32,2418,55488
1512552955919946,1512552955975478,134217728,4194304,32,2416,55532
1512552956992775,1512552957048458,134217728,4194304,32,2410,55683
1512552958066772,1512552958122023,134217728,4194304,32,2429,55251
1512552959137377,1512552959192951,134217728,4194304,32,2415,55574
1512552960211449,1512552960266657,134217728,4194304,32,2431,55208
1512552961283097,1512552961339409,134217728,4194304,32,2383,56312
1512552962355158,1512552962410765,134217728,4194304,32,2413,55607
1512552963428005,1512552963483552,134217728,4194304,32,2416,55547
1512552964499003,1512552964554001,134217728,4194304,32,2440,54998
1512552965572337,1512552965628102,134217728,4194304,32,2406,55765
1512552966647662,1512552966702876,134217728,4194304,32,2430,55214
1512552967721262,1512552967776844,134217728,4194304,32,2414,55582
1512552968793383,1512552968848850,134217728,4194304,32,2419,55467
1512552969864681,1512552969919877,134217728,4194304,32,2431,55196
1512552970934495,1512552970989683,134217728,4194304,32,2432,55188
1512552972006530,1512552972061788,134217728,4194304,32,2428,55258
1512552973078606,1512552973134231,134217728,4194304,32,2412,55625
1512552974150773,1512552974205746,134217728,4194304,32,2441,54973
1512552975224367,1512552975279941,134217728,4194304,32,2415,55574
1512552976296707,1512552976352320,134217728,4194304,32,2413,55613
1512552977368962,1512552977424558,134217728,4194304,32,2414,55596
1512552978439095,1512552978494677,134217728,4194304,32,2414,55582
1512552979512150,1512552979567778,134217728,4194304,32,2412,55628
1512552980587771,1512552980643142,134217728,4194304,32,2423,55371
1512552981661022,1512552981716556,134217728,4194304,32,2416,55534
1512552982737044,1512552982792734,134217728,4194304,32,2410,55690
1512552983811040,1512552983866596,134217728,4194304,32,2415,55556
1512552984883287,1512552984938160,134217728,4194304,32,2445,54873
1512552985954361,1512552986009907,134217728,4194304,32,2416,55546
1512552987027447,1512552987083060,134217728,4194304,32,2413,55613
1512552988099337,1512552988154315,134217728,4194304,32,2441,54978
1512552989169210,1512552989224507,134217728,4194304,32,2427,55297
1512552990242271,1512552990297783,134217728,4194304,32,2417,55512
1512552991313534,1512552991369178,134217728,4194304,32,2412,55644
1512552992384398,1512552992439562,134217728,4194304,32,2433,55164
1512552993455085,1512552993510636,134217728,4194304,32,2416,55551
1512552994527023,1512552994582534,134217728,4194304,32,2417,55511
1512552995600550,1512552995656142,134217728,4194304,32,2414,55592
1512552996673542,1512552996728782,134217728,4194304,32,2429,55240
1512552997744225,1512552997799492,134217728,4194304,32,2428,55267
1512552998816845,1512552998872032,134217728,4194304,32,2432,55187
1512552999888201,1512552999943575,134217728,4194304,32,2423,55374
1512553000960200,1512553001015517,134217728,4194304,32,2426,55317
1512553002030472,1512553002085810,134217728,4194304,32,2425,55338
1512553003102566,1512553003158081,134217728,4194304,32,2417,55515
1512553004173526,1512553004229066,134217728,4194304,32,2416,55540
1512553005244666,1512553005299854,134217728,4194304,32,2432,55188
1512553006316046,1512553006371343,134217728,4194304,32,2427,55297
1512553007388482,1512553007444063,134217728,4194304,32,2414,55581
1512553008460200,1512553008515588,134217728,4194304,32,2423,55388
1512553009531846,1512553009587138,134217728,4194304,32,2427,55292
1512553010602852,1512553010658530,134217728,4194304,32,2410,55678
1512553011673601,1512553011728944,134217728,4194304,32,2425,55343
1512553012743463,1512553012799144,134217728,4194304,32,2410,55681
1512553013817706,1512553013873376,134217728,4194304,32,2410,55670
1512553014889892,1512553014945477,134217728,4194304,32,2414,55585
1512553015963491,1512553016018757,134217728,4194304,32,2428,55266
1512553017034356,1512553017089664,134217728,4194304,32,2426,55308
1512553018108477,1512553018164094,134217728,4194304,32,2413,55617
1512553019180054,1512553019235657,134217728,4194304,32,2413,55603
1512553020254169,1512553020309723,134217728,4194304,32,2415,55554
1512553021326448,1512553021382276,134217728,4194304,32,2404,55828
1512553022399121,1512553022454451,134217728,4194304,32,2425,55330
1512553023471544,1512553023526854,134217728,4194304,32,2426,55310
1512553024542569,1512553024598190,134217728,4194304,32,2413,55621
1512553025613774,1512553025669376,134217728,4194304,32,2413,55602
1512553026685989,1512553026741537,134217728,4194304,32,2416,55548
1512553027756904,1512553027812616,134217728,4194304,32,2409,55712
1512553028829731,1512553028885261,134217728,4194304,32,2417,55530
1512553029901559,1512553029957182,134217728,4194304,32,2412,55623
1512553030975214,1512553031030599,134217728,4194304,32,2423,55385
1512553032049496,1512553032105150,134217728,4194304,32,2411,55654
1512553033120996,1512553033176027,134217728,4194304,32,2438,55031
1512553034192750,1512553034248375,134217728,4194304,32,2412,55625
1512553035263173,1512553035318783,134217728,4194304,32,2413,55610
1512553036334579,1512553036390250,134217728,4194304,32,2410,55671
1512553037407337,1512553037462886,134217728,4194304,32,2416,55549
1512553038478847,1512553038534336,134217728,4194304,32,2418,55489
1512553039551443,1512553039606673,134217728,4194304,32,2430,55230
1512553040622500,1512553040678157,134217728,4194304,32,2411,55657
1512553041694239,1512553041749758,134217728,4194304,32,2417,55519
1512553042767385,1512553042823162,134217728,4194304,32,2406,55777
1512553043839481,1512553043894392,134217728,4194304,32,2444,54911
1512553044909890,1512553044965506,134217728,4194304,32,2413,55616
1512553045979742,1512553046035230,134217728,4194304,32,2418,55488
1512553047051366,1512553047106879,134217728,4194304,32,2417,55513
1512553048123430,1512553048178902,134217728,4194304,32,2419,55472
1512553049195217,1512553049250522,134217728,4194304,32,2426,55305
1512553050266374,1512553050321894,134217728,4194304,32,2417,55520
1512553051337252,1512553051392928,134217728,4194304,32,2410,55676
1512553052407853,1512553052463415,134217728,4194304,32,2415,55562
1512553053480993,1512553053536273,134217728,4194304,32,2427,55280
1512553054550710,1512553054605940,134217728,4194304,32,2430,55230
1512553055623497,1512553055679171,134217728,4194304,32,2410,55674
1512553056695584,1512553056750939,134217728,4194304,32,2424,55355
1512553057768547,1512553057824013,134217728,4194304,32,2419,55466
1512553058840477,1512553058895310,134217728,4194304,32,2447,54833
1512553059912060,1512553059967335,134217728,4194304,32,2428,55275
1512553060989548,1512553061044671,134217728,4194304,32,2434,55123
1512553062059979,1512553062115452,134217728,4194304,32,2419,55473
1512553063132965,1512553063188351,134217728,4194304,32,2423,55386
1512553064204857,1512553064260356,134217728,4194304,32,2418,55499
1512553065276054,1512553065331435,134217728,4194304,32,2423,55381
1512553066348417,1512553066403866,134217728,4194304,32,2420,55449
1512553067421574,1512553067476564,134217728,4194304,32,2440,54990
1512553068493340,1512553068548832,134217728,4194304,32,2418,55492
1512553069569084,1512553069624559,134217728,4194304,32,2419,55475
1512553070639591,1512553070695027,134217728,4194304,32,2421,55436
1512553071714437,1512553071769836,134217728,4194304,32,2422,55399
1512553072787593,1512553072843142,134217728,4194304,32,2416,55549
1512553073861574,1512553073916982,134217728,4194304,32,2422,55408
1512553074932202,1512553074987584,134217728,4194304,32,2423,55382
1512553076006390,1512553076061733,134217728,4194304,32,2425,55343
1512553077077209,1512553077132487,134217728,4194304,32,2428,55278
1512553078148743,1512553078204086,134217728,4194304,32,2425,55343
1512553079218501,1512553079273979,134217728,4194304,32,2419,55478
1512553080291857,1512553080347182,134217728,4194304,32,2425,55325
1512553081363505,1512553081418867,134217728,4194304,32,2424,55362
1512553082434501,1512553082489586,134217728,4194304,32,2436,55085
1512553083506560,1512553083561945,134217728,4194304,32,2423,55385
1512553084577564,1512553084632879,134217728,4194304,32,2426,55315
1512553085648545,1512553085703824,134217728,4194304,32,2428,55279
1512553086718684,1512553086774014,134217728,4194304,32,2425,55330
1512553087790412,1512553087845823,134217728,4194304,32,2422,55411
1512553088862334,1512553088917339,134217728,4194304,32,2440,55005
1512553089933612,1512553089988905,134217728,4194304,32,2427,55293
1512553091005334,1512553091060690,134217728,4194304,32,2424,55356
1512553092079189,1512553092134490,134217728,4194304,32,2427,55301
1512553093151103,1512553093205839,134217728,4194304,32,2452,54736
1512553094222826,1512553094278202,134217728,4194304,32,2423,55376
1512553095294793,1512553095349879,134217728,4194304,32,2436,55086
1512553096366653,1512553096420911,134217728,4194304,32,2473,54258
1512553097438103,1512553097493073,134217728,4194304,32,2441,54970
1512553098510287,1512553098565602,134217728,4194304,32,2426,55315
1512553099582187,1512553099637630,134217728,4194304,32,2420,55443
1512553100653419,1512553100708593,134217728,4194304,32,2432,55174
1512553101724891,1512553101780305,134217728,4194304,32,2422,55414
1512553102796202,1512553102851601,134217728,4194304,32,2422,55399
1512553103868197,1512553103923545,134217728,4194304,32,2424,55348
1512553104941859,1512553104997201,134217728,4194304,32,2425,55342
1512553106012202,1512553106067255,134217728,4194304,32,2437,55053
1512553107085547,1512553107140817,134217728,4194304,32,2428,55270
1512553108155709,1512553108210718,134217728,4194304,32,2439,55009
1512553109225579,1512553109279999,134217728,4194304,32,2466,54420
1512553110296529,1512553110351872,134217728,4194304,32,2425,55343
1512553111369359,1512553111424401,134217728,4194304,32,2438,55042
1512553112441858,1512553112497273,134217728,4194304,32,2422,55415
1512553113514147,1512553113569000,134217728,4194304,32,2446,54853
1512553114584686,1512553114640078,134217728,4194304,32,2423,55392
1512553115656889,1512553115712302,134217728,4194304,32,2422,55413
1512553116727342,1512553116782820,134217728,4194304,32,2419,55478
1512553117800345,1512553117855759,134217728,4194304,32,2422,55414
1512553118871373,1512553118926706,134217728,4194304,32,2425,55333
1512553119944342,1512553119999288,134217728,4194304,32,2442,54946
1512553121015080,1512553121070423,134217728,4194304,32,2425,55343
1512553122086389,1512553122141626,134217728,4194304,32,2429,55237
1512553123156685,1512553123212054,134217728,4194304,32,2424,55369
1512553124227705,1512553124282943,134217728,4194304,32,2429,55238
1512553125298032,1512553125353366,134217728,4194304,32,2425,55334
1512553126370932,1512553126425597,134217728,4194304,32,2455,54665
1512553127443941,1512553127499296,134217728,4194304,32,2424,55355
1512553128515791,1512553128571133,134217728,4194304,32,2425,55342
1512553129592740,1512553129647771,134217728,4194304,32,2438,55031
1512553130663804,1512553130719194,134217728,4194304,32,2423,55390
1512553131736036,1512553131791512,134217728,4194304,32,2419,55476
1512553132807650,1512553132862969,134217728,4194304,32,2426,55319
1512553133879321,1512553133934659,134217728,4194304,32,2425,55338
1512553134950932,1512553135006166,134217728,4194304,32,2429,55234
1512553136026223,1512553136081223,134217728,4194304,32,2440,55000
1512553137098795,1512553137154142,134217728,4194304,32,2425,55347
1512553138171174,1512553138226573,134217728,4194304,32,2422,55399
1512553139242034,1512553139297365,134217728,4194304,32,2425,55331
1512553140317823,1512553140372833,134217728,4194304,32,2439,55010
1512553141393033,1512553141448351,134217728,4194304,32,2426,55318
1512553142463121,1512553142518493,134217728,4194304,32,2423,55372
1512553143538072,1512553143593262,134217728,4194304,32,2431,55190
1512553144609020,1512553144664335,134217728,4194304,32,2426,55315
1512553145680491,1512553145735473,134217728,4194304,32,2441,54982
1512553146750792,1512553146806194,134217728,4194304,32,2422,55402
1512553147822019,1512553147877051,134217728,4194304,32,2438,55032
1512553148891826,1512553148947064,134217728,4194304,32,2429,55238
1512553149963151,1512553150018621,134217728,4194304,32,2419,55470
1512553151034852,1512553151090203,134217728,4194304,32,2424,55351
1512553152109582,1512553152164819,134217728,4194304,32,2429,55237
1512553153180449,1512553153235823,134217728,4194304,32,2423,55374
1512553154250715,1512553154305952,134217728,4194304,32,2429,55237
1512553155322332,1512553155377407,134217728,4194304,32,2436,55075
1512553156394248,1512553156449595,134217728,4194304,32,2425,55347
1512553157464759,1512553157520213,134217728,4194304,32,2420,55454
1512553158536180,1512553158590437,134217728,4194304,32,2473,54257
1512553159607022,1512553159662882,134217728,4194304,32,2402,55860
1512553160688893,1512553160744330,134217728,4194304,32,2421,55437
1512553161759564,1512553161815078,134217728,4194304,32,2417,55514
1512553162829879,1512553162885323,134217728,4194304,32,2420,55444
1512553163901896,1512553163957521,134217728,4194304,32,2412,55625
1512553164971579,1512553165026775,134217728,4194304,32,2431,55196
1512553166041168,1512553166096611,134217728,4194304,32,2420,55443
1512553167112899,1512553167168328,134217728,4194304,32,2421,55429
1512553168183797,1512553168239210,134217728,4194304,32,2422,55413
1512553169254879,1512553169310244,134217728,4194304,32,2424,55365
1512553170326052,1512553170381473,134217728,4194304,32,2421,55421
1512553171396800,1512553171452034,134217728,4194304,32,2429,55234
1512553172467865,1512553172522910,134217728,4194304,32,2438,55045
1512553173537530,1512553173592907,134217728,4194304,32,2423,55377
1512553174608631,1512553174663995,134217728,4194304,32,2424,55364
1512553175680145,1512553175735473,134217728,4194304,32,2425,55328
1512553176750578,1512553176806078,134217728,4194304,32,2418,55500
1512553177821540,1512553177876296,134217728,4194304,32,2451,54756
1512553178890869,1512553178946278,134217728,4194304,32,2422,55409
1512553179962033,1512553180017339,134217728,4194304,32,2426,55306
1512553181032477,1512553181087627,134217728,4194304,32,2433,55150
1512553182102887,1512553182158266,134217728,4194304,32,2423,55379
1512553183174374,1512553183229671,134217728,4194304,32,2427,55297
1512553184245191,1512553184300621,134217728,4194304,32,2421,55430
1512553185315122,1512553185370449,134217728,4194304,32,2425,55327
1512553186386544,1512553186441885,134217728,4194304,32,2425,55341
1512553187456346,1512553187511706,134217728,4194304,32,2424,55360
1512553188526432,1512553188581745,134217728,4194304,32,2426,55313
1512553189596421,1512553189651499,134217728,4194304,32,2436,55078
1512553190666939,1512553190722417,134217728,4194304,32,2419,55478
1512553191737871,1512553191793205,134217728,4194304,32,2425,55334
1512553192808499,1512553192863955,134217728,4194304,32,2420,55456
1512553193879387,1512553193934769,134217728,4194304,32,2423,55382
1512553194949639,1512553195004934,134217728,4194304,32,2427,55295
1512553196021296,1512553196076701,134217728,4194304,32,2422,55405
1512553197092775,1512553197148065,134217728,4194304,32,2427,55290
1512553198163566,1512553198218750,134217728,4194304,32,2432,55184
1512553199233711,1512553199289066,134217728,4194304,32,2424,55355
1512553200306465,1512553200361644,134217728,4194304,32,2432,55179
1512553201379180,1512553201434553,134217728,4194304,32,2423,55373
1512553202448642,1512553202503986,134217728,4194304,32,2425,55344
1512553203519270,1512553203574610,134217728,4194304,32,2425,55340
1512553204589594,1512553204644958,134217728,4194304,32,2424,55364
1512553205661244,1512553205716584,134217728,4194304,32,2425,55340
1512553206730540,1512553206785939,134217728,4194304,32,2422,55399
1512553207800887,1512553207856312,134217728,4194304,32,2421,55425
1512553208871603,1512553208926963,134217728,4194304,32,2424,55360
1512553209941652,1512553209997018,134217728,4194304,32,2424,55366
1512553211015214,1512553211070258,134217728,4194304,32,2438,55044
1512553212086440,1512553212141524,134217728,4194304,32,2436,55084
1512553213156501,1512553213211878,134217728,4194304,32,2423,55377
1512553214233538,1512553214288622,134217728,4194304,32,2436,55084
1512553215304498,1512553215359817,134217728,4194304,32,2426,55319
1512553216376173,1512553216431474,134217728,4194304,32,2427,55301
1512553217447468,1512553217502754,134217728,4194304,32,2427,55286
1512553218518569,1512553218573950,134217728,4194304,32,2423,55381
1512553219588801,1512553219643883,134217728,4194304,32,2436,55082
1512553220659352,1512553220714818,134217728,4194304,32,2419,55466
1512553221730778,1512553221786294,134217728,4194304,32,2417,55516
1512553222801749,1512553222856758,134217728,4194304,32,2439,55009
1512553223871428,1512553223926869,134217728,4194304,32,2420,55441
1512553224941831,1512553224997153,134217728,4194304,32,2426,55322
1512553226011778,1512553226067142,134217728,4194304,32,2424,55364
1512553227083275,1512553227138664,134217728,4194304,32,2423,55389
1512553228154386,1512553228209810,134217728,4194304,32,2421,55424
1512553229224457,1512553229279117,134217728,4194304,32,2455,54660
1512553230294136,1512553230349542,134217728,4194304,32,2422,55406
1512553231364994,1512553231420302,134217728,4194304,32,2426,55308
1512553232435127,1512553232490538,134217728,4194304,32,2422,55411
1512553233506029,1512553233561076,134217728,4194304,32,2438,55047
1512553234578077,1512553234633219,134217728,4194304,32,2434,55142
1512553235648402,1512553235703145,134217728,4194304,32,2451,54743
1512553236719582,1512553236774588,134217728,4194304,32,2440,55006
1512553237790568,1512553237845933,134217728,4194304,32,2424,55365
1512553238860870,1512553238916166,134217728,4194304,32,2427,55296
1512553239932075,1512553239987112,134217728,4194304,32,2438,55037
1512553241003054,1512553241058357,134217728,4194304,32,2426,55303
1512553242073844,1512553242129276,134217728,4194304,32,2421,55432
1512553243143614,1512553243198904,134217728,4194304,32,2427,55290
1512553244215205,1512553244270598,134217728,4194304,32,2423,55393
1512553245286027,1512553245341470,134217728,4194304,32,2420,55443
1512553246357090,1512553246412433,134217728,4194304,32,2425,55343
1512553247428631,1512553247484009,134217728,4194304,32,2423,55378
1512553248500506,1512553248555864,134217728,4194304,32,2424,55358
1512553249571978,1512553249627372,134217728,4194304,32,2422,55394
1512553250643285,1512553250698693,134217728,4194304,32,2422,55408
1512553251715496,1512553251770688,134217728,4194304,32,2431,55192
1512553252786665,1512553252841407,134217728,4194304,32,2451,54742
1512553253857980,1512553253913182,134217728,4194304,32,2431,55202
1512553254927815,1512553254983127,134217728,4194304,32,2426,55312
1512553255998422,1512553256053771,134217728,4194304,32,2424,55349
1512553257069066,1512553257124349,134217728,4194304,32,2427,55283
1512553258139139,1512553258194127,134217728,4194304,32,2440,54988
1512553259210123,1512553259265503,134217728,4194304,32,2423,55380
1512553260284322,1512553260339584,134217728,4194304,32,2428,55262
1512553261357070,1512553261412439,134217728,4194304,32,2424,55369
1512553262428761,1512553262484115,134217728,4194304,32,2424,55354
1512553263499657,1512553263555084,134217728,4194304,32,2421,55427
1512553264570846,1512553264626165,134217728,4194304,32,2426,55319
1512553265641421,1512553265696781,134217728,4194304,32,2424,55360
1512553266711961,1512553266766625,134217728,4194304,32,2455,54664
1512553267781839,1512553267837137,134217728,4194304,32,2427,55298
1512553268852445,1512553268907303,134217728,4194304,32,2446,54858
1512553269922380,1512553269977811,134217728,4194304,32,2421,55431
1512553270993449,1512553271048548,134217728,4194304,32,2435,55099
1512553272063881,1512553272119218,134217728,4194304,32,2425,55337
1512553273134164,1512553273189537,134217728,4194304,32,2423,55373
1512553274204172,1512553274259378,134217728,4194304,32,2431,55206
1512553275274383,1512553275329773,134217728,4194304,32,2423,55390
1512553276345276,1512553276400293,134217728,4194304,32,2439,55017
1512553277416416,1512553277471696,134217728,4194304,32,2427,55280
1512553278487471,1512553278542855,134217728,4194304,32,2423,55384
1512553279559125,1512553279614230,134217728,4194304,32,2435,55105
1512553280629519,1512553280684851,134217728,4194304,32,2425,55332
1512553281701416,1512553281756675,134217728,4194304,32,2428,55259
1512553282771233,1512553282826616,134217728,4194304,32,2423,55383
1512553283841887,1512553283896978,134217728,4194304,32,2436,55091
1512553284913492,1512553284968750,134217728,4194304,32,2428,55258
1512553285983941,1512553286039184,134217728,4194304,32,2429,55243
1512553287055196,1512553287110221,134217728,4194304,32,2439,55025
1512553288125087,1512553288180607,134217728,4194304,32,2417,55520
1512553289195191,1512553289250638,134217728,4194304,32,2420,55447
1512553290264400,1512553290319941,134217728,4194304,32,2416,55541
1512553291335320,1512553291390333,134217728,4194304,32,2439,55013
1512553292404742,1512553292460056,134217728,4194304,32,2426,55314
1512553293475037,1512553293530405,134217728,4194304,32,2424,55368
1512553294546666,1512553294602072,134217728,4194304,32,2422,55406
1512553295616017,1512553295670977,134217728,4194304,32,2442,54960
1512553296686175,1512553296741234,134217728,4194304,32,2437,55059
1512553297756204,1512553297811571,134217728,4194304,32,2424,55367
1512553298825616,1512553298880926,134217728,4194304,32,2426,55310
1512553299896626,1512553299952011,134217728,4194304,32,2423,55385
1512553300967124,1512553301022582,134217728,4194304,32,2420,55458
1512553302037611,1512553302092661,134217728,4194304,32,2438,55050
1512553303107092,1512553303162491,134217728,4194304,32,2422,55399
1512553304177828,1512553304233197,134217728,4194304,32,2424,55369
1512553305248348,1512553305303777,134217728,4194304,32,2421,55429
1512553306317568,1512553306373024,134217728,4194304,32,2420,55456
1512553307389151,1512553307444639,134217728,4194304,32,2418,55488
1512553308459496,1512553308514748,134217728,4194304,32,2429,55252
1512553309530305,1512553309585354,134217728,4194304,32,2438,55049
1512553310600416,1512553310655825,134217728,4194304,32,2422,55409
1512553311671120,1512553311726485,134217728,4194304,32,2424,55365
1512553312741698,1512553312797087,134217728,4194304,32,2423,55389
1512553313813031,1512553313868455,134217728,4194304,32,2421,55424
1512553314883703,1512553314939061,134217728,4194304,32,2424,55358
1512553315955364,1512553316010834,134217728,4194304,32,2419,55470
1512553317026510,1512553317081792,134217728,4194304,32,2427,55282
1512553318097070,1512553318152156,134217728,4194304,32,2436,55086
1512553319169342,1512553319224693,134217728,4194304,32,2424,55351
1512553320243732,1512553320299056,134217728,4194304,32,2426,55324
1512553321317534,1512553321373132,134217728,4194304,32,2414,55598
1512553322389028,1512553322444252,134217728,4194304,32,2430,55224
1512553323460202,1512553323515598,134217728,4194304,32,2422,55396
1512553324534893,1512553324589933,134217728,4194304,32,2438,55040
1512553325606927,1512553325662385,134217728,4194304,32,2420,55458
1512553326677644,1512553326732660,134217728,4194304,32,2439,55016
1512553327749137,1512553327804519,134217728,4194304,32,2423,55382
1512553328821007,1512553328876104,134217728,4194304,32,2436,55097
1512553329891333,1512553329946803,134217728,4194304,32,2419,55470
1512553330964146,1512553331019465,134217728,4194304,32,2426,55319
1512553332036739,1512553332091716,134217728,4194304,32,2441,54977
1512553333110598,1512553333165895,134217728,4194304,32,2427,55297
1512553334183344,1512553334238716,134217728,4194304,32,2423,55372
1512553335253738,1512553335308789,134217728,4194304,32,2438,55051
1512553336324155,1512553336379597,134217728,4194304,32,2420,55442
1512553337395678,1512553337451097,134217728,4194304,32,2421,55419
1512553338466996,1512553338521965,134217728,4194304,32,2441,54969
1512553339537446,1512553339592617,134217728,4194304,32,2432,55171
1512553340608157,1512553340663442,134217728,4194304,32,2427,55285
1512553341678558,1512553341733940,134217728,4194304,32,2423,55382
1512553342749127,1512553342804243,134217728,4194304,32,2435,55116
1512553343819365,1512553343874814,134217728,4194304,32,2420,55449
1512553344890113,1512553344945126,134217728,4194304,32,2439,55013
1512553345960301,1512553346015685,134217728,4194304,32,2423,55384
1512553347031408,1512553347086824,134217728,4194304,32,2422,55416
1512553348102131,1512553348157265,134217728,4194304,32,2434,55134
1512553349173599,1512553349229060,134217728,4194304,32,2420,55461
1512553350243350,1512553350298793,134217728,4194304,32,2420,55443
1512553351315469,1512553351370894,134217728,4194304,32,2421,55425
1512553352386110,1512553352440908,134217728,4194304,32,2449,54798
1512553353456279,1512553353511705,134217728,4194304,32,2421,55426
1512553354526806,1512553354582369,134217728,4194304,32,2415,55563
1512553355597826,1512553355652993,134217728,4194304,32,2432,55167
1512553356669002,1512553356724325,134217728,4194304,32,2426,55323
1512553357738958,1512553357794271,134217728,4194304,32,2426,55313
1512553358809099,1512553358864244,134217728,4194304,32,2433,55145
1512553359879624,1512553359934646,134217728,4194304,32,2439,55022
1512553360950432,1512553361005449,134217728,4194304,32,2439,55017
1512553362020290,1512553362075742,134217728,4194304,32,2420,55452
1512553363090605,1512553363145751,134217728,4194304,32,2433,55146
1512553364161272,1512553364216362,134217728,4194304,32,2436,55090
1512553365232203,1512553365287520,134217728,4194304,32,2426,55317
1512553366302782,1512553366358211,134217728,4194304,32,2421,55429
1512553367373550,1512553367428962,134217728,4194304,32,2422,55412
1512553368444691,1512553368500199,134217728,4194304,32,2417,55508
1512553369515223,1512553369570634,134217728,4194304,32,2422,55411
1512553370585589,1512553370640728,134217728,4194304,32,2434,55139
1512553371656117,1512553371711192,134217728,4194304,32,2436,55075
1512553372727441,1512553372782486,134217728,4194304,32,2438,55045
1512553373797437,1512553373852962,134217728,4194304,32,2417,55525
1512553374868121,1512553374923599,134217728,4194304,32,2419,55478
1512553375938125,1512553375993552,134217728,4194304,32,2421,55427
1512553377009225,1512553377064220,134217728,4194304,32,2440,54995
1512553378079274,1512553378134314,134217728,4194304,32,2438,55040
1512553379149861,1512553379205312,134217728,4194304,32,2420,55451
1512553380224251,1512553380279637,134217728,4194304,32,2423,55386
1512553381295403,1512553381350736,134217728,4194304,32,2425,55333
1512553382366687,1512553382422096,134217728,4194304,32,2422,55409
1512553383436931,1512553383492427,134217728,4194304,32,2418,55496
1512553384508374,1512553384563774,134217728,4194304,32,2422,55400
1512553385578668,1512553385634077,134217728,4194304,32,2422,55409
1512553386649587,1512553386704982,134217728,4194304,32,2422,55395
1512553387721437,1512553387776939,134217728,4194304,32,2418,55502
1512553388791336,1512553388846668,134217728,4194304,32,2425,55332
1512553389862152,1512553389917530,134217728,4194304,32,2423,55378
1512553390933218,1512553390988574,134217728,4194304,32,2424,55356
1512553392004561,1512553392059234,134217728,4194304,32,2454,54673
1512553393073494,1512553393128723,134217728,4194304,32,2430,55229
1512553394143141,1512553394198423,134217728,4194304,32,2427,55282
1512553395213285,1512553395267954,134217728,4194304,32,2455,54669
1512553396283671,1512553396338628,134217728,4194304,32,2442,54957
1512553397354623,1512553397409930,134217728,4194304,32,2426,55307
1512553398425887,1512553398481089,134217728,4194304,32,2431,55202
1512553399496499,1512553399551773,134217728,4194304,32,2428,55274
1512553400568321,1512553400623682,134217728,4194304,32,2424,55361
1512553401639333,1512553401694724,134217728,4194304,32,2423,55391
1512553402709774,1512553402764864,134217728,4194304,32,2436,55090
1512553403779980,1512553403835326,134217728,4194304,32,2425,55346
1512553404849890,1512553404904872,134217728,4194304,32,2441,54982
1512553405919620,1512553405975099,134217728,4194304,32,2419,55479
1512553406990975,1512553407046333,134217728,4194304,32,2424,55358
1512553408062242,1512553408117393,134217728,4194304,32,2433,55151
1512553409133590,1512553409189013,134217728,4194304,32,2421,55423
1512553410202626,1512553410257996,134217728,4194304,32,2424,55370
1512553411274108,1512553411329476,134217728,4194304,32,2424,55368
1512553412347273,1512553412402266,134217728,4194304,32,2440,54993
1512553413418171,1512553413473427,134217728,4194304,32,2429,55256
1512553414489143,1512553414544486,134217728,4194304,32,2425,55343
1512553415561598,1512553415616613,134217728,4194304,32,2439,55015
1512553416633820,1512553416689192,134217728,4194304,32,2423,55372
1512553417705224,1512553417760313,134217728,4194304,32,2436,55089
1512553418775659,1512553418830708,134217728,4194304,32,2438,55049
1512553419847199,1512553419902358,134217728,4194304,32,2433,55159
1512553420917424,1512553420972826,134217728,4194304,32,2422,55402
1512553421989045,1512553422044285,134217728,4194304,32,2429,55240
1512553423059819,1512553423115165,134217728,4194304,32,2425,55346
1512553424131458,1512553424186638,134217728,4194304,32,2432,55180
1512553425202074,1512553425257529,134217728,4194304,32,2420,55455
1512553426274592,1512553426329696,134217728,4194304,32,2435,55104
1512553427344578,1512553427399891,134217728,4194304,32,2426,55313
1512553428415722,1512553428470665,134217728,4194304,32,2442,54943
1512553429487584,1512553429542880,134217728,4194304,32,2427,55296
1512553430559019,1512553430614361,134217728,4194304,32,2425,55342
1512553431631029,1512553431686296,134217728,4194304,32,2428,55267
1512553432701505,1512553432756856,134217728,4194304,32,2424,55351
1512553433773092,1512553433828354,134217728,4194304,32,2428,55262
1512553434843866,1512553434899121,134217728,4194304,32,2429,55255
1512553435914032,1512553435969366,134217728,4194304,32,2425,55334
1512553436985480,1512553437040434,134217728,4194304,32,2442,54954
1512553438056073,1512553438111484,134217728,4194304,32,2422,55411
1512553439125808,1512553439180901,134217728,4194304,32,2436,55093
1512553440199244,1512553440254494,134217728,4194304,32,2429,55250
1512553441273653,1512553441329094,134217728,4194304,32,2420,55441
1512553442346977,1512553442402343,134217728,4194304,32,2424,55366
1512553443418761,1512553443474203,134217728,4194304,32,2420,55442
1512553444491582,1512553444546754,134217728,4194304,32,2432,55172
1512553445564471,1512553445619917,134217728,4194304,32,2420,55446
1512553446636052,1512553446691492,134217728,4194304,32,2420,55440
1512553447706907,1512553447761939,134217728,4194304,32,2438,55032
1512553448776952,1512553448832137,134217728,4194304,32,2432,55185
1512553449849337,1512553449904815,134217728,4194304,32,2419,55478
1512553450922229,1512553450977630,134217728,4194304,32,2422,55401
1512553451992009,1512553452047249,134217728,4194304,32,2429,55240
1512553453062530,1512553453117534,134217728,4194304,32,2440,55004
1512553454134550,1512553454189970,134217728,4194304,32,2421,55420
1512553455208032,1512553455263437,134217728,4194304,32,2422,55405
1512553456280269,1512553456335578,134217728,4194304,32,2426,55309
1512553457352379,1512553457407832,134217728,4194304,32,2420,55453
1512553458422740,1512553458478124,134217728,4194304,32,2423,55384
1512553459495297,1512553459550288,134217728,4194304,32,2440,54991
1512553460565584,1512553460620963,134217728,4194304,32,2423,55379
1512553461637039,1512553461692476,134217728,4194304,32,2421,55437
1512553462709711,1512553462765023,134217728,4194304,32,2426,55312
1512553463780833,1512553463836294,134217728,4194304,32,2420,55461
1512553464853075,1512553464908381,134217728,4194304,32,2426,55306
1512553465924160,1512553465979430,134217728,4194304,32,2428,55270
1512553466995554,1512553467050533,134217728,4194304,32,2441,54979
1512553468068296,1512553468123574,134217728,4194304,32,2428,55278
1512553469140587,1512553469195631,134217728,4194304,32,2438,55044
1512553470211001,1512553470266259,134217728,4194304,32,2428,55258
1512553471282606,1512553471337934,134217728,4194304,32,2425,55328
1512553472353316,1512553472408600,134217728,4194304,32,2427,55284
1512553473424777,1512553473480126,134217728,4194304,32,2424,55349
1512553474495445,1512553474550705,134217728,4194304,32,2428,55260
1512553475568407,1512553475623784,134217728,4194304,32,2423,55377
1512553476639617,1512553476694754,134217728,4194304,32,2434,55137
1512553477712074,1512553477767458,134217728,4194304,32,2423,55384
1512553478783489,1512553478838562,134217728,4194304,32,2437,55073
1512553479857262,1512553479912604,134217728,4194304,32,2425,55342
1512553480929149,1512553480984568,134217728,4194304,32,2421,55419
1512553482000781,1512553482055799,134217728,4194304,32,2439,55018
1512553483071566,1512553483126796,134217728,4194304,32,2430,55230
1512553484144664,1512553484200011,134217728,4194304,32,2425,55347
1512553485215625,1512553485270996,134217728,4194304,32,2423,55371
1512553486286627,1512553486342025,134217728,4194304,32,2422,55398
1512553487357725,1512553487413019,134217728,4194304,32,2427,55294
1512553488429396,1512553488484651,134217728,4194304,32,2429,55255
1512553489500382,1512553489555337,134217728,4194304,32,2442,54955
1512553490570337,1512553490625484,134217728,4194304,32,2433,55147
1512553491641269,1512553491695966,134217728,4194304,32,2453,54697
1512553492712578,1512553492767595,134217728,4194304,32,2439,55017
1512553493783416,1512553493838728,134217728,4194304,32,2426,55312
1512553494854532,1512553494909518,134217728,4194304,32,2440,54986
1512553495925476,1512553495980528,134217728,4194304,32,2438,55052
1512553496995798,1512553497051276,134217728,4194304,32,2419,55478
1512553498066201,1512553498121586,134217728,4194304,32,2423,55385
1512553499136960,1512553499192295,134217728,4194304,32,2425,55335
1512553500211451,1512553500266417,134217728,4194304,32,2441,54966
1512553501280591,1512553501335591,134217728,4194304,32,2440,55000
1512553502350699,1512553502406122,134217728,4194304,32,2421,55423
1512553503421211,1512553503476447,134217728,4194304,32,2429,55236
1512553504490609,1512553504545936,134217728,4194304,32,2425,55327
1512553505560329,1512553505615607,134217728,4194304,32,2428,55278
1512553506631751,1512553506686179,134217728,4194304,32,2465,54428
1512553507701773,1512553507757001,134217728,4194304,32,2430,55228
1512553508772678,1512553508827599,134217728,4194304,32,2443,54921
1512553509841729,1512553509897078,134217728,4194304,32,2424,55349
1512553510915583,1512553510970933,134217728,4194304,32,2424,55350
1512553511988549,1512553512043180,134217728,4194304,32,2456,54631
1512553513058179,1512553513112888,134217728,4194304,32,2453,54709
1512553514128431,1512553514183747,134217728,4194304,32,2426,55316
1512553515201808,1512553515256898,134217728,4194304,32,2436,55090
1512553516276569,1512553516331906,134217728,4194304,32,2425,55337
1512553517348789,1512553517403916,134217728,4194304,32,2434,55127
1512553518421805,1512553518477083,134217728,4194304,32,2428,55278
1512553519493335,1512553519548719,134217728,4194304,32,2423,55384
1512553520564857,1512553520620139,134217728,4194304,32,2427,55282
1512553521636507,1512553521691907,134217728,4194304,32,2422,55400
1512553522708623,1512553522764010,134217728,4194304,32,2423,55387
1512553523781631,1512553523836965,134217728,4194304,32,2425,55334
1512553524852792,1512553524907832,134217728,4194304,32,2438,55040
1512553525924990,1512553525980450,134217728,4194304,32,2420,55460
1512553526996759,1512553527051935,134217728,4194304,32,2432,55176
1512553528070517,1512553528125886,134217728,4194304,32,2424,55369
1512553529142178,1512553529197608,134217728,4194304,32,2421,55430
1512553530215250,1512553530270707,134217728,4194304,32,2420,55457
1512553531288500,1512553531343907,134217728,4194304,32,2422,55407
1512553532361325,1512553532416412,134217728,4194304,32,2436,55087
1512553533436506,1512553533491400,134217728,4194304,32,2445,54894
1512553534509084,1512553534564075,134217728,4194304,32,2440,54991
1512553535584701,1512553535640050,134217728,4194304,32,2424,55349
1512553536655884,1512553536710973,134217728,4194304,32,2436,55089
1512553537728630,1512553537783999,134217728,4194304,32,2424,55369
1512553538802711,1512553538858079,134217728,4194304,32,2424,55368
1512553539874070,1512553539929132,134217728,4194304,32,2437,55062
1512553540946723,1512553541002096,134217728,4194304,32,2423,55373
1512553542021125,1512553542076475,134217728,4194304,32,2424,55350
1512553543094275,1512553543149601,134217728,4194304,32,2425,55326
1512553544167391,1512553544222717,134217728,4194304,32,2425,55326
1512553545238856,1512553545294331,134217728,4194304,32,2419,55475
1512553546311193,1512553546366510,134217728,4194304,32,2426,55317
1512553547382616,1512553547437927,134217728,4194304,32,2426,55311
1512553548454041,1512553548509332,134217728,4194304,32,2427,55291
1512553549524469,1512553549579445,134217728,4194304,32,2441,54976
1512553550594504,1512553550649913,134217728,4194304,32,2422,55409
1512553551665645,1512553551720395,134217728,4194304,32,2451,54750
1512553552735545,1512553552790591,134217728,4194304,32,2438,55046
1512553553808023,1512553553863001,134217728,4194304,32,2441,54978
1512553554877543,1512553554932930,134217728,4194304,32,2423,55387
1512553555949319,1512553556004418,134217728,4194304,32,2435,55099
1512553557019943,1512553557075240,134217728,4194304,32,2427,55297
1512553558090280,1512553558145363,134217728,4194304,32,2436,55083
1512553559161857,1512553559217176,134217728,4194304,32,2426,55319
1512553560236270,1512553560291615,134217728,4194304,32,2425,55345
1512553561310396,1512553561366306,134217728,4194304,32,2400,55910
1512553562381139,1512553562435181,134217728,4194304,32,2483,54042
1512553563450018,1512553563505420,134217728,4194304,32,2422,55402
1512553564521449,1512553564576709,134217728,4194304,32,2428,55260
1512553565591969,1512553565646677,134217728,4194304,32,2453,54708
1512553566662168,1512553566717214,134217728,4194304,32,2438,55046
1512553567732461,1512553567787872,134217728,4194304,32,2422,55411
1512553568802662,1512553568857601,134217728,4194304,32,2443,54939
1512553569873618,1512553569929126,134217728,4194304,32,2417,55508
1512553570945046,1512553571000355,134217728,4194304,32,2426,55309
1512553572016245,1512553572071666,134217728,4194304,32,2421,55421
1512553573086339,1512553573141634,134217728,4194304,32,2427,55295
1512553574156074,1512553574211321,134217728,4194304,32,2429,55247
1512553575227629,1512553575283133,134217728,4194304,32,2418,55504
1512553576298332,1512553576353678,134217728,4194304,32,2425,55346
1512553577368746,1512553577424190,134217728,4194304,32,2420,55444
1512553578439202,1512553578494492,134217728,4194304,32,2427,55290
1512553579509346,1512553579564815,134217728,4194304,32,2419,55469
1512553580579886,1512553580634570,134217728,4194304,32,2454,54684
1512553581650342,1512553581705125,134217728,4194304,32,2449,54783
1512553582720928,1512553582776368,134217728,4194304,32,2420,55440
1512553583793530,1512553583848347,134217728,4194304,32,2448,54817
1512553584863909,1512553584919297,134217728,4194304,32,2423,55388
1512553585934434,1512553585989652,134217728,4194304,32,2430,55218
1512553587005673,1512553587061018,134217728,4194304,32,2425,55345
1512553588077845,1512553588133272,134217728,4194304,32,2421,55427
1512553589152335,1512553589207031,134217728,4194304,32,2453,54696
1512553590221745,1512553590276819,134217728,4194304,32,2437,55074
1512553591291593,1512553591346994,134217728,4194304,32,2422,55401
1512553592361833,1512553592417183,134217728,4194304,32,2424,55350
1512553593442529,1512553593497924,134217728,4194304,32,2422,55395
1512553594532651,1512553594588340,134217728,4194304,32,2410,55689
1512553595603994,1512553595659560,134217728,4194304,32,2415,55566
1512553596673590,1512553596728796,134217728,4194304,32,2431,55206
1512553597743739,1512553597798894,134217728,4194304,32,2433,55155
1512553598813770,1512553598869213,134217728,4194304,32,2420,55443
1512553599883600,1512553599939093,134217728,4194304,32,2418,55493
1512553600953880,1512553601009355,134217728,4194304,32,2419,55475
1512553602025179,1512553602080639,134217728,4194304,32,2420,55460
1512553603096544,1512553603151936,134217728,4194304,32,2423,55392
