1512477258291790,1512477258341502,20971520,655360,32,421,49712
1512477258494630,1512477258541200,20971520,655360,32,450,46570
1512477258690395,1512477258737032,20971520,655360,32,449,46637
1512477258886365,1512477258932711,20971520,655360,32,452,46346
1512477259080997,1512477259127643,20971520,655360,32,449,46646
1512477259275062,1512477259321220,20971520,655360,32,454,46158
1512477259468684,1512477259515184,20971520,655360,32,451,46500
1512477259662970,1512477259709372,20971520,655360,32,451,46402
1512477259856944,1512477259903450,20971520,655360,32,450,46506
1512477260051274,1512477260097844,20971520,655360,32,450,46570
1512477260245479,1512477260292038,20971520,655360,32,450,46559
1512477260439268,1512477260485805,20971520,655360,32,450,46537
1512477260631579,1512477260678133,20971520,655360,32,450,46554
1512477260824481,1512477260870657,20971520,655360,32,454,46176
1512477261016839,1512477261063374,20971520,655360,32,450,46535
1512477261209358,1512477261255956,20971520,655360,32,450,46598
1512477261402120,1512477261448619,20971520,655360,32,451,46499
1512477261594939,1512477261641367,20971520,655360,32,451,46428
1512477261787411,1512477261833872,20971520,655360,32,451,46461
1512477261979934,1512477262026472,20971520,655360,32,450,46538
1512477262172762,1512477262219146,20971520,655360,32,452,46384
1512477262365741,1512477262412234,20971520,655360,32,451,46493
1512477262558682,1512477262604698,20971520,655360,32,455,46016
1512477262751071,1512477262797247,20971520,655360,32,454,46176
1512477262943054,1512477262989242,20971520,655360,32,454,46188
1512477263135266,1512477263181540,20971520,655360,32,453,46274
1512477263327725,1512477263374028,20971520,655360,32,452,46303
1512477263520256,1512477263566413,20971520,655360,32,454,46157
1512477263713279,1512477263759555,20971520,655360,32,453,46276
1512477263906321,1512477263952890,20971520,655360,32,450,46569
1512477264098853,1512477264145044,20971520,655360,32,454,46191
1512477264291031,1512477264337209,20971520,655360,32,454,46178
1512477264483446,1512477264529677,20971520,655360,32,453,46231
1512477264676057,1512477264722496,20971520,655360,32,451,46439
1512477264868569,1512477264914771,20971520,655360,32,453,46202
1512477265061569,1512477265107923,20971520,655360,32,452,46354
1512477265254166,1512477265300522,20971520,655360,32,452,46356
1512477265446833,1512477265493125,20971520,655360,32,453,46292
1512477265638939,1512477265684987,20971520,655360,32,455,46048
1512477265830800,1512477265877232,20971520,655360,32,451,46432
1512477266023771,1512477266069870,20971520,655360,32,454,46099
1512477266215818,1512477266262201,20971520,655360,32,452,46383
1512477266408707,1512477266455079,20971520,655360,32,452,46372
1512477266601116,1512477266647373,20971520,655360,32,453,46257
1512477266793569,1512477266840106,20971520,655360,32,450,46537
1512477266986355,1512477267032771,20971520,655360,32,451,46416
1512477267178550,1512477267224509,20971520,655360,32,456,45959
1512477267370684,1512477267416949,20971520,655360,32,453,46265
1512477267563337,1512477267609838,20971520,655360,32,450,46501
1512477267756442,1512477267802766,20971520,655360,32,452,46324
1512477267948785,1512477267995061,20971520,655360,32,453,46276
1512477268141421,1512477268187694,20971520,655360,32,453,46273
1512477268334000,1512477268380171,20971520,655360,32,454,46171
1512477268526340,1512477268572543,20971520,655360,32,453,46203
1512477268718787,1512477268765054,20971520,655360,32,453,46267
1512477268911389,1512477268957743,20971520,655360,32,452,46354
1512477269104194,1512477269150446,20971520,655360,32,453,46252
1512477269297137,1512477269343338,20971520,655360,32,453,46201
1512477269489508,1512477269535653,20971520,655360,32,454,46145
1512477269682244,1512477269728447,20971520,655360,32,453,46203
1512477269875211,1512477269921619,20971520,655360,32,451,46408
1512477270067584,1512477270113898,20971520,655360,32,452,46314
1512477270260233,1512477270306415,20971520,655360,32,454,46182
1512477270452711,1512477270498929,20971520,655360,32,453,46218
1512477270645427,1512477270691893,20971520,655360,32,451,46466
1512477270838336,1512477270884785,20971520,655360,32,451,46449
1512477271031096,1512477271077553,20971520,655360,32,451,46457
1512477271223700,1512477271270048,20971520,655360,32,452,46348
1512477271416595,1512477271462821,20971520,655360,32,453,46226
1512477271609002,1512477271655442,20971520,655360,32,451,46440
1512477271801815,1512477271848274,20971520,655360,32,451,46459
1512477271994291,1512477272040573,20971520,655360,32,453,46282
1512477272186993,1512477272233363,20971520,655360,32,452,46370
1512477272379236,1512477272425460,20971520,655360,32,453,46224
1512477272572107,1512477272618404,20971520,655360,32,452,46297
1512477272764699,1512477272811147,20971520,655360,32,451,46448
1512477272957055,1512477273003303,20971520,655360,32,453,46248
1512477273148979,1512477273195078,20971520,655360,32,454,46099
1512477273341187,1512477273387685,20971520,655360,32,451,46498
1512477273534446,1512477273580739,20971520,655360,32,453,46293
1512477273726715,1512477273773116,20971520,655360,32,451,46401
1512477273919606,1512477273966024,20971520,655360,32,451,46418
1512477274112369,1512477274158628,20971520,655360,32,453,46259
1512477274305106,1512477274351405,20971520,655360,32,452,46299
1512477274497383,1512477274543723,20971520,655360,32,452,46340
1512477274689826,1512477274736072,20971520,655360,32,453,46246
1512477274882642,1512477274928942,20971520,655360,32,452,46300
1512477275075452,1512477275121721,20971520,655360,32,453,46269
1512477275267968,1512477275314361,20971520,655360,32,452,46393
1512477275460483,1512477275506628,20971520,655360,32,454,46145
1512477275652920,1512477275699271,20971520,655360,32,452,46351
1512477275845204,1512477275891506,20971520,655360,32,452,46302
1512477276037547,1512477276083737,20971520,655360,32,454,46190
1512477276229793,1512477276276105,20971520,655360,32,452,46312
1512477276423108,1512477276469280,20971520,655360,32,454,46172
1512477276615090,1512477276661181,20971520,655360,32,455,46091
1512477276807052,1512477276853401,20971520,655360,32,452,46349
1512477276999560,1512477277045829,20971520,655360,32,453,46269
1512477277192052,1512477277238420,20971520,655360,32,452,46368
1512477277384555,1512477277430435,20971520,655360,32,457,45880
1512477277576423,1512477277622803,20971520,655360,32,452,46380
1512477277768939,1512477277815397,20971520,655360,32,451,46458
1512477277961464,1512477278007786,20971520,655360,32,452,46322
1512477278153732,1512477278199873,20971520,655360,32,454,46141
1512477278346054,1512477278392161,20971520,655360,32,454,46107
1512477278538056,1512477278584140,20971520,655360,32,455,46084
1512477278729845,1512477278776062,20971520,655360,32,453,46217
1512477278922155,1512477278968689,20971520,655360,32,450,46534
1512477279115211,1512477279161771,20971520,655360,32,450,46560
1512477279308277,1512477279354633,20971520,655360,32,452,46356
1512477279500875,1512477279547152,20971520,655360,32,453,46277
1512477279693996,1512477279740505,20971520,655360,32,450,46509
1512477279887150,1512477279933642,20971520,655360,32,451,46492
1512477280079721,1512477280125733,20971520,655360,32,455,46012
1512477280272458,1512477280318846,20971520,655360,32,452,46388
1512477280465509,1512477280512045,20971520,655360,32,450,46536
1512477280658710,1512477280705141,20971520,655360,32,451,46431
1512477280851924,1512477280898425,20971520,655360,32,450,46501
1512477281045083,1512477281091533,20971520,655360,32,451,46450
1512477281237884,1512477281283977,20971520,655360,32,454,46093
1512477281431500,1512477281478120,20971520,655360,32,449,46620
1512477281624322,1512477281670822,20971520,655360,32,451,46500
1512477281816926,1512477281863405,20971520,655360,32,451,46479
1512477282009940,1512477282056451,20971520,655360,32,450,46511
1512477282202735,1512477282249297,20971520,655360,32,450,46562
1512477282395968,1512477282442432,20971520,655360,32,451,46464
1512477282588277,1512477282634743,20971520,655360,32,451,46466
1512477282781128,1512477282827750,20971520,655360,32,449,46622
1512477282974737,1512477283021275,20971520,655360,32,450,46538
1512477283168101,1512477283213925,20971520,655360,32,457,45824
1512477283360313,1512477283406200,20971520,655360,32,457,45887
1512477283552677,1512477283598301,20971520,655360,32,459,45624
1512477283744395,1512477283790368,20971520,655360,32,456,45973
1512477283936525,1512477283982215,20971520,655360,32,458,45690
1512477284129371,1512477284175437,20971520,655360,32,455,46066
1512477284321656,1512477284367408,20971520,655360,32,458,45752
1512477284514077,1512477284559681,20971520,655360,32,459,45604
1512477284706389,1512477284752408,20971520,655360,32,455,46019
1512477284899544,1512477284945328,20971520,655360,32,458,45784
1512477285091863,1512477285137517,20971520,655360,32,459,45654
1512477285283593,1512477285329373,20971520,655360,32,458,45780
1512477285475831,1512477285521869,20971520,655360,32,455,46038
1512477285668055,1512477285714086,20971520,655360,32,455,46031
1512477285860838,1512477285906677,20971520,655360,32,457,45839
1512477286053026,1512477286099029,20971520,655360,32,455,46003
1512477286245012,1512477286290847,20971520,655360,32,457,45835
1512477286437539,1512477286483513,20971520,655360,32,456,45974
1512477286629822,1512477286675652,20971520,655360,32,457,45830
1512477286822006,1512477286867874,20971520,655360,32,457,45868
1512477287014486,1512477287060371,20971520,655360,32,457,45885
1512477287207103,1512477287253030,20971520,655360,32,456,45927
1512477287399219,1512477287445177,20971520,655360,32,456,45958
1512477287591597,1512477287637284,20971520,655360,32,459,45687
1512477287783855,1512477287829747,20971520,655360,32,456,45892
1512477287975791,1512477288021851,20971520,655360,32,455,46060
1512477288168066,1512477288214016,20971520,655360,32,456,45950
1512477288360713,1512477288406413,20971520,655360,32,458,45700
1512477288552685,1512477288598651,20971520,655360,32,456,45966
1512477288744676,1512477288790578,20971520,655360,32,456,45902
1512477288936903,1512477288982957,20971520,655360,32,455,46054
1512477289129197,1512477289175222,20971520,655360,32,455,46025
1512477289321851,1512477289367665,20971520,655360,32,457,45814
1512477289514247,1512477289560224,20971520,655360,32,456,45977
1512477289707125,1512477289753054,20971520,655360,32,456,45929
1512477289899755,1512477289945679,20971520,655360,32,456,45924
1512477290092044,1512477290137878,20971520,655360,32,457,45834
1512477290284370,1512477290330236,20971520,655360,32,457,45866
1512477290476607,1512477290522115,20971520,655360,32,460,45508
1512477290669068,1512477290715029,20971520,655360,32,456,45961
1512477290862105,1512477290907935,20971520,655360,32,457,45830
1512477291054667,1512477291100686,20971520,655360,32,455,46019
1512477291247344,1512477291293560,20971520,655360,32,453,46216
1512477291440072,1512477291486278,20971520,655360,32,453,46206
1512477291633067,1512477291679259,20971520,655360,32,454,46192
1512477291826018,1512477291871836,20971520,655360,32,457,45818
1512477292018562,1512477292064400,20971520,655360,32,457,45838
1512477292211289,1512477292257192,20971520,655360,32,456,45903
1512477292403525,1512477292449281,20971520,655360,32,458,45756
1512477292595202,1512477292641119,20971520,655360,32,456,45917
1512477292787943,1512477292833856,20971520,655360,32,456,45913
1512477292980432,1512477293026400,20971520,655360,32,456,45968
1512477293173376,1512477293219296,20971520,655360,32,456,45920
1512477293365971,1512477293411760,20971520,655360,32,458,45789
1512477293558394,1512477293604110,20971520,655360,32,458,45716
1512477293751246,1512477293797165,20971520,655360,32,456,45919
1512477293943701,1512477293989594,20971520,655360,32,456,45893
1512477294136149,1512477294181701,20971520,655360,32,460,45552
1512477294328111,1512477294373854,20971520,655360,32,458,45743
1512477294520330,1512477294566363,20971520,655360,32,455,46033
1512477294713129,1512477294759089,20971520,655360,32,456,45960
1512477294905509,1512477294951458,20971520,655360,32,456,45949
1512477295098398,1512477295144445,20971520,655360,32,455,46047
1512477295291315,1512477295337064,20971520,655360,32,458,45749
1512477295484135,1512477295529996,20971520,655360,32,457,45861
1512477295677287,1512477295723119,20971520,655360,32,457,45832
1512477295869834,1512477295915699,20971520,655360,32,457,45865
1512477296062194,1512477296107936,20971520,655360,32,458,45742
1512477296254957,1512477296300837,20971520,655360,32,457,45880
1512477296448501,1512477296494289,20971520,655360,32,458,45788
1512477296641381,1512477296687263,20971520,655360,32,457,45882
1512477296834680,1512477296880595,20971520,655360,32,456,45915
1512477297027239,1512477297073209,20971520,655360,32,456,45970
1512477297219813,1512477297265587,20971520,655360,32,458,45774
1512477297412109,1512477297458015,20971520,655360,32,456,45906
1512477297604810,1512477297650612,20971520,655360,32,457,45802
1512477297797256,1512477297843023,20971520,655360,32,458,45767
1512477297989699,1512477298035631,20971520,655360,32,456,45932
1512477298182423,1512477298228156,20971520,655360,32,458,45733
1512477298374915,1512477298420947,20971520,655360,32,455,46032
1512477298567906,1512477298613825,20971520,655360,32,456,45919
1512477298760999,1512477298807113,20971520,655360,32,454,46114
1512477298954289,1512477299000092,20971520,655360,32,457,45803
1512477299147236,1512477299193278,20971520,655360,32,455,46042
1512477299340368,1512477299386308,20971520,655360,32,456,45940
1512477299532986,1512477299578883,20971520,655360,32,456,45897
1512477299725119,1512477299770859,20971520,655360,32,458,45740
1512477299917773,1512477299963424,20971520,655360,32,459,45651
1512477300110858,1512477300156711,20971520,655360,32,457,45853
1512477300303735,1512477300349605,20971520,655360,32,457,45870
1512477300496744,1512477300542710,20971520,655360,32,456,45966
1512477300689685,1512477300735448,20971520,655360,32,458,45763
1512477300882152,1512477300928052,20971520,655360,32,456,45900
1512477301074907,1512477301120867,20971520,655360,32,456,45960
1512477301267680,1512477301313787,20971520,655360,32,454,46107
1512477301460510,1512477301506098,20971520,655360,32,460,45588
1512477301652949,1512477301698803,20971520,655360,32,457,45854
1512477301845700,1512477301891630,20971520,655360,32,456,45930
1512477302037893,1512477302083653,20971520,655360,32,458,45760
1512477302230073,1512477302276037,20971520,655360,32,456,45964
1512477302422894,1512477302468792,20971520,655360,32,456,45898
1512477302615361,1512477302661186,20971520,655360,32,457,45825
1512477302807761,1512477302853311,20971520,655360,32,460,45550
1512477303000059,1512477303045842,20971520,655360,32,458,45783
1512477303192616,1512477303238590,20971520,655360,32,456,45974
1512477303385218,1512477303431034,20971520,655360,32,457,45816
1512477303577423,1512477303623000,20971520,655360,32,460,45577
1512477303770109,1512477303816065,20971520,655360,32,456,45956
1512477303962988,1512477304008838,20971520,655360,32,457,45850
1512477304155307,1512477304201317,20971520,655360,32,455,46010
1512477304348096,1512477304393932,20971520,655360,32,457,45836
1512477304540873,1512477304586817,20971520,655360,32,456,45944
1512477304733551,1512477304779495,20971520,655360,32,456,45944
1512477304926071,1512477304971978,20971520,655360,32,456,45907
1512477305118806,1512477305164769,20971520,655360,32,456,45963
1512477305311990,1512477305357832,20971520,655360,32,457,45842
1512477305505092,1512477305550858,20971520,655360,32,458,45766
1512477305697554,1512477305743460,20971520,655360,32,456,45906
1512477305890165,1512477305936168,20971520,655360,32,455,46003
1512477306082698,1512477306128525,20971520,655360,32,457,45827
1512477306275824,1512477306321726,20971520,655360,32,456,45902
1512477306468594,1512477306514527,20971520,655360,32,456,45933
1512477306661089,1512477306707045,20971520,655360,32,456,45956
1512477306853640,1512477306899622,20971520,655360,32,456,45982
1512477307046291,1512477307092226,20971520,655360,32,456,45935
1512477307238950,1512477307285004,20971520,655360,32,455,46054
1512477307431895,1512477307477792,20971520,655360,32,456,45897
1512477307624702,1512477307670600,20971520,655360,32,456,45898
1512477307817821,1512477307864445,20971520,655360,32,449,46624
1512477308011135,1512477308057490,20971520,655360,32,452,46355
1512477308204271,1512477308250852,20971520,655360,32,450,46581
1512477308397426,1512477308443644,20971520,655360,32,453,46218
1512477308590423,1512477308636654,20971520,655360,32,453,46231
1512477308783388,1512477308830024,20971520,655360,32,449,46636
1512477308977357,1512477309023787,20971520,655360,32,451,46430
1512477309170626,1512477309216988,20971520,655360,32,452,46362
1512477309363536,1512477309409800,20971520,655360,32,453,46264
1512477309556490,1512477309602708,20971520,655360,32,453,46218
1512477309749484,1512477309795828,20971520,655360,32,452,46344
1512477309942512,1512477309988967,20971520,655360,32,451,46455
1512477310135568,1512477310182110,20971520,655360,32,450,46542
1512477310328827,1512477310375328,20971520,655360,32,450,46501
1512477310521839,1512477310568358,20971520,655360,32,450,46519
1512477310715063,1512477310761348,20971520,655360,32,453,46285
1512477310908126,1512477310954536,20971520,655360,32,451,46410
1512477311101673,1512477311148274,20971520,655360,32,450,46601
1512477311294926,1512477311341425,20971520,655360,32,451,46499
1512477311488518,1512477311535104,20971520,655360,32,450,46586
1512477311682206,1512477311728695,20971520,655360,32,451,46489
1512477311875806,1512477311922269,20971520,655360,32,451,46463
1512477312069557,1512477312116185,20971520,655360,32,449,46628
1512477312262809,1512477312309215,20971520,655360,32,451,46406
1512477312455963,1512477312502276,20971520,655360,32,452,46313
1512477312648909,1512477312695532,20971520,655360,32,449,46623
1512477312842940,1512477312889367,20971520,655360,32,451,46427
1512477313036089,1512477313082531,20971520,655360,32,451,46442
1512477313229180,1512477313275601,20971520,655360,32,451,46421
1512477313421883,1512477313468220,20971520,655360,32,452,46337
1512477313614940,1512477313661204,20971520,655360,32,453,46264
1512477313808257,1512477313854776,20971520,655360,32,450,46519
1512477314002111,1512477314048546,20971520,655360,32,451,46435
1512477314194108,1512477314240356,20971520,655360,32,453,46248
1512477314386815,1512477314433311,20971520,655360,32,451,46496
1512477314579809,1512477314626318,20971520,655360,32,450,46509
1512477314773041,1512477314819534,20971520,655360,32,451,46493
1512477314966536,1512477315012619,20971520,655360,32,455,46083
1512477315161556,1512477315208094,20971520,655360,32,450,46538
1512477315357753,1512477315404314,20971520,655360,32,450,46561
1512477315553574,1512477315600154,20971520,655360,32,450,46580
1512477315750698,1512477315797373,20971520,655360,32,449,46675
1512477315944519,1512477315990865,20971520,655360,32,452,46346
1512477316136830,1512477316183242,20971520,655360,32,451,46412
1512477316329802,1512477316376318,20971520,655360,32,450,46516
1512477316522810,1512477316569256,20971520,655360,32,451,46446
1512477316716024,1512477316762150,20971520,655360,32,454,46126
1512477316908529,1512477316954997,20971520,655360,32,451,46468
1512477317101866,1512477317148414,20971520,655360,32,450,46548
1512477317295229,1512477317341541,20971520,655360,32,452,46312
1512477317488246,1512477317534786,20971520,655360,32,450,46540
1512477317681163,1512477317727758,20971520,655360,32,450,46595
1512477317874165,1512477317920684,20971520,655360,32,450,46519
1512477318067058,1512477318113515,20971520,655360,32,451,46457
1512477318260061,1512477318306520,20971520,655360,32,451,46459
1512477318453018,1512477318499521,20971520,655360,32,450,46503
1512477318646215,1512477318692421,20971520,655360,32,453,46206
1512477318838854,1512477318885314,20971520,655360,32,451,46460
1512477319031930,1512477319078362,20971520,655360,32,451,46432
1512477319224291,1512477319270837,20971520,655360,32,450,46546
1512477319417279,1512477319463938,20971520,655360,32,449,46659
1512477319609909,1512477319656026,20971520,655360,32,454,46117
1512477319802661,1512477319848915,20971520,655360,32,453,46254
1512477319994969,1512477320041665,20971520,655360,32,449,46696
1512477320187450,1512477320233916,20971520,655360,32,451,46466
1512477320379916,1512477320426163,20971520,655360,32,453,46247
1512477320572331,1512477320618638,20971520,655360,32,452,46307
1512477320765029,1512477320811485,20971520,655360,32,451,46456
1512477320957852,1512477321004248,20971520,655360,32,452,46396
1512477321150641,1512477321197005,20971520,655360,32,452,46364
1512477321342572,1512477321389034,20971520,655360,32,451,46462
1512477321535314,1512477321581400,20971520,655360,32,455,46086
1512477321727761,1512477321774023,20971520,655360,32,453,46262
1512477321920373,1512477321966877,20971520,655360,32,450,46504
1512477322113552,1512477322159996,20971520,655360,32,451,46444
1512477322306558,1512477322352941,20971520,655360,32,452,46383
1512477322499005,1512477322545414,20971520,655360,32,451,46409
1512477322691670,1512477322738088,20971520,655360,32,451,46418
1512477322884109,1512477322930743,20971520,655360,32,449,46634
1512477323076942,1512477323123331,20971520,655360,32,452,46389
1512477323269521,1512477323315963,20971520,655360,32,451,46442
1512477323462310,1512477323508747,20971520,655360,32,451,46437
1512477323654951,1512477323701487,20971520,655360,32,450,46536
1512477323847446,1512477323893949,20971520,655360,32,450,46503
1512477324040422,1512477324087034,20971520,655360,32,449,46612
1512477324233062,1512477324279513,20971520,655360,32,451,46451
1512477324425862,1512477324472414,20971520,655360,32,450,46552
1512477324618145,1512477324664707,20971520,655360,32,450,46562
1512477324814190,1512477324860975,20971520,655360,32,448,46785
1512477325011188,1512477325057796,20971520,655360,32,449,46608
1512477325208201,1512477325254630,20971520,655360,32,451,46429
1512477325404310,1512477325450889,20971520,655360,32,450,46579
1512477325600710,1512477325647138,20971520,655360,32,451,46428
1512477325794435,1512477325841048,20971520,655360,32,449,46613
1512477325987371,1512477326033886,20971520,655360,32,450,46515
1512477326180271,1512477326226786,20971520,655360,32,450,46515
1512477326373548,1512477326419986,20971520,655360,32,451,46438
1512477326566625,1512477326613152,20971520,655360,32,450,46527
1512477326759347,1512477326805876,20971520,655360,32,450,46529
1512477326952042,1512477326998517,20971520,655360,32,451,46475
1512477327144483,1512477327190962,20971520,655360,32,451,46479
1512477327337797,1512477327384301,20971520,655360,32,450,46504
1512477327530877,1512477327577474,20971520,655360,32,450,46597
1512477327724289,1512477327770593,20971520,655360,32,452,46304
1512477327916647,1512477327963016,20971520,655360,32,452,46369
1512477328109239,1512477328155715,20971520,655360,32,451,46476
1512477328302157,1512477328348639,20971520,655360,32,451,46482
1512477328495187,1512477328541666,20971520,655360,32,451,46479
1512477328688631,1512477328735119,20971520,655360,32,451,46488
1512477328881244,1512477328927718,20971520,655360,32,451,46474
1512477329074131,1512477329120526,20971520,655360,32,452,46395
1512477329266705,1512477329313185,20971520,655360,32,451,46480
1512477329459049,1512477329505525,20971520,655360,32,451,46476
1512477329651987,1512477329698498,20971520,655360,32,450,46511
1512477329844721,1512477329891149,20971520,655360,32,451,46428
1512477330037855,1512477330084446,20971520,655360,32,450,46591
1512477330230619,1512477330277158,20971520,655360,32,450,46539
1512477330423543,1512477330469885,20971520,655360,32,452,46342
1512477330616354,1512477330662645,20971520,655360,32,453,46291
1512477330808944,1512477330855247,20971520,655360,32,452,46303
1512477331002170,1512477331048562,20971520,655360,32,452,46392
1512477331195074,1512477331241508,20971520,655360,32,451,46434
1512477331388212,1512477331434681,20971520,655360,32,451,46469
1512477331581466,1512477331627962,20971520,655360,32,451,46496
1512477331774183,1512477331820704,20971520,655360,32,450,46521
1512477331966857,1512477332013248,20971520,655360,32,452,46391
1512477332159674,1512477332205976,20971520,655360,32,452,46302
1512477332352132,1512477332398453,20971520,655360,32,452,46321
1512477332544506,1512477332590892,20971520,655360,32,452,46386
1512477332737290,1512477332783736,20971520,655360,32,451,46446
1512477332930044,1512477332976539,20971520,655360,32,451,46495
1512477333122506,1512477333168664,20971520,655360,32,454,46158
1512477333314944,1512477333361424,20971520,655360,32,451,46480
1512477333507410,1512477333553775,20971520,655360,32,452,46365
1512477333700651,1512477333747114,20971520,655360,32,451,46463
1512477333893457,1512477333939810,20971520,655360,32,452,46353
1512477334085983,1512477334132549,20971520,655360,32,450,46566
1512477334278787,1512477334325199,20971520,655360,32,451,46412
1512477334471470,1512477334517982,20971520,655360,32,450,46512
1512477334664980,1512477334711479,20971520,655360,32,451,46499
1512477334857512,1512477334904011,20971520,655360,32,451,46499
1512477335050769,1512477335097141,20971520,655360,32,452,46372
1512477335243367,1512477335289415,20971520,655360,32,455,46048
1512477335435932,1512477335482358,20971520,655360,32,451,46426
1512477335628844,1512477335675274,20971520,655360,32,451,46430
1512477335821616,1512477335868029,20971520,655360,32,451,46413
1512477336014368,1512477336060909,20971520,655360,32,450,46541
1512477336206756,1512477336253230,20971520,655360,32,451,46474
1512477336399384,1512477336445926,20971520,655360,32,450,46542
1512477336591967,1512477336638425,20971520,655360,32,451,46458
1512477336784761,1512477336831288,20971520,655360,32,450,46527
1512477336977891,1512477337024414,20971520,655360,32,450,46523
1512477337170679,1512477337217076,20971520,655360,32,452,46397
1512477337362940,1512477337409288,20971520,655360,32,452,46348
1512477337555477,1512477337601990,20971520,655360,32,450,46513
1512477337748406,1512477337794786,20971520,655360,32,452,46380
1512477337941593,1512477337987936,20971520,655360,32,452,46343
1512477338133668,1512477338180242,20971520,655360,32,450,46574
1512477338327055,1512477338373636,20971520,655360,32,450,46581
1512477338520109,1512477338566664,20971520,655360,32,450,46555
1512477338713533,1512477338759860,20971520,655360,32,452,46327
1512477338906081,1512477338952348,20971520,655360,32,453,46267
1512477339098913,1512477339145291,20971520,655360,32,452,46378
1512477339292373,1512477339338822,20971520,655360,32,451,46449
1512477339485269,1512477339531582,20971520,655360,32,452,46313
1512477339678858,1512477339725318,20971520,655360,32,451,46460
1512477339871578,1512477339917858,20971520,655360,32,453,46280
1512477340065131,1512477340111509,20971520,655360,32,452,46378
1512477340258693,1512477340304865,20971520,655360,32,454,46172
1512477340450636,1512477340497096,20971520,655360,32,451,46460
1512477340642920,1512477340689243,20971520,655360,32,452,46323
1512477340835250,1512477340881775,20971520,655360,32,450,46525
1512477341027644,1512477341074073,20971520,655360,32,451,46429
1512477341219797,1512477341266350,20971520,655360,32,450,46553
1512477341412112,1512477341458621,20971520,655360,32,450,46509
1512477341604924,1512477341651371,20971520,655360,32,451,46447
1512477341797813,1512477341844192,20971520,655360,32,452,46379
1512477341991140,1512477342037589,20971520,655360,32,451,46449
1512477342184530,1512477342231114,20971520,655360,32,450,46584
1512477342377561,1512477342424195,20971520,655360,32,449,46634
1512477342571100,1512477342617453,20971520,655360,32,452,46353
1512477342764473,1512477342810919,20971520,655360,32,451,46446
1512477342957658,1512477343004105,20971520,655360,32,451,46447
1512477343151267,1512477343197774,20971520,655360,32,450,46507
1512477343344721,1512477343391262,20971520,655360,32,450,46541
1512477343538259,1512477343584803,20971520,655360,32,450,46544
1512477343731459,1512477343778069,20971520,655360,32,449,46610
1512477343924888,1512477343971057,20971520,655360,32,454,46169
1512477344117906,1512477344164048,20971520,655360,32,454,46142
1512477344311131,1512477344357566,20971520,655360,32,451,46435
1512477344503793,1512477344550208,20971520,655360,32,451,46415
1512477344697041,1512477344743558,20971520,655360,32,450,46517
1512477344890266,1512477344936752,20971520,655360,32,451,46486
1512477345083351,1512477345129892,20971520,655360,32,450,46541
1512477345276702,1512477345323358,20971520,655360,32,449,46656
1512477345469936,1512477345516316,20971520,655360,32,452,46380
1512477345662803,1512477345709277,20971520,655360,32,451,46474
1512477345856308,1512477345902729,20971520,655360,32,451,46421
1512477346049314,1512477346095844,20971520,655360,32,450,46530
1512477346242696,1512477346289329,20971520,655360,32,449,46633
1512477346436439,1512477346482861,20971520,655360,32,451,46422
1512477346629881,1512477346676245,20971520,655360,32,452,46364
1512477346822884,1512477346869298,20971520,655360,32,451,46414
1512477347015981,1512477347062432,20971520,655360,32,451,46451
1512477347209278,1512477347255856,20971520,655360,32,450,46578
1512477347403176,1512477347449700,20971520,655360,32,450,46524
1512477347596489,1512477347642995,20971520,655360,32,450,46506
1512477347790121,1512477347836453,20971520,655360,32,452,46332
1512477347983218,1512477348029485,20971520,655360,32,453,46267
1512477348176156,1512477348222650,20971520,655360,32,451,46494
1512477348368934,1512477348415332,20971520,655360,32,451,46398
1512477348561575,1512477348607968,20971520,655360,32,452,46393
1512477348754995,1512477348801643,20971520,655360,32,449,46648
1512477348948287,1512477348994555,20971520,655360,32,453,46268
1512477349141113,1512477349187066,20971520,655360,32,456,45953
1512477349334184,1512477349380611,20971520,655360,32,451,46427
1512477349527806,1512477349574276,20971520,655360,32,451,46470
1512477349720606,1512477349766991,20971520,655360,32,452,46385
1512477349913738,1512477349960359,20971520,655360,32,449,46621
1512477350106961,1512477350153487,20971520,655360,32,450,46526
1512477350300151,1512477350346717,20971520,655360,32,450,46566
1512477350493839,1512477350540307,20971520,655360,32,451,46468
1512477350687392,1512477350733636,20971520,655360,32,453,46244
1512477350880778,1512477350927063,20971520,655360,32,453,46285
1512477351074273,1512477351120931,20971520,655360,32,449,46658
1512477351267358,1512477351313750,20971520,655360,32,452,46392
1512477351460242,1512477351506481,20971520,655360,32,453,46239
1512477351653278,1512477351699724,20971520,655360,32,451,46446
1512477351846628,1512477351892983,20971520,655360,32,452,46355
1512477352039736,1512477352086414,20971520,655360,32,449,46678
1512477352233207,1512477352279838,20971520,655360,32,449,46631
1512477352427053,1512477352473639,20971520,655360,32,450,46586
1512477352620220,1512477352666356,20971520,655360,32,454,46136
1512477352812672,1512477352858829,20971520,655360,32,454,46157
1512477353004986,1512477353051510,20971520,655360,32,450,46524
1512477353197931,1512477353244309,20971520,655360,32,452,46378
1512477353391055,1512477353437591,20971520,655360,32,450,46536
1512477353584305,1512477353630831,20971520,655360,32,450,46526
1512477353777446,1512477353823809,20971520,655360,32,452,46363
1512477353970570,1512477354017021,20971520,655360,32,451,46451
1512477354164238,1512477354210541,20971520,655360,32,452,46303
1512477354357148,1512477354403567,20971520,655360,32,451,46419
1512477354549946,1512477354596461,20971520,655360,32,450,46515
1512477354743933,1512477354790126,20971520,655360,32,453,46193
1512477354936705,1512477354983333,20971520,655360,32,449,46628
1512477355130101,1512477355176606,20971520,655360,32,450,46505
1512477355323753,1512477355370256,20971520,655360,32,450,46503
1512477355516962,1512477355563277,20971520,655360,32,452,46315
1512477355710796,1512477355757345,20971520,655360,32,450,46549
1512477355904558,1512477355951073,20971520,655360,32,450,46515
1512477356097844,1512477356144145,20971520,655360,32,452,46301
1512477356291366,1512477356337838,20971520,655360,32,451,46472
1512477356484767,1512477356531299,20971520,655360,32,450,46532
1512477356678855,1512477356725262,20971520,655360,32,451,46407
1512477356872029,1512477356918596,20971520,655360,32,450,46567
1512477357065345,1512477357111852,20971520,655360,32,450,46507
1512477357258909,1512477357305375,20971520,655360,32,451,46466
1512477357452216,1512477357498818,20971520,655360,32,450,46602
1512477357645822,1512477357692352,20971520,655360,32,450,46530
1512477357839105,1512477357885586,20971520,655360,32,451,46481
1512477358032142,1512477358078517,20971520,655360,32,452,46375
1512477358225285,1512477358271719,20971520,655360,32,451,46434
1512477358418237,1512477358464642,20971520,655360,32,451,46405
1512477358611519,1512477358658044,20971520,655360,32,450,46525
1512477358804598,1512477358851164,20971520,655360,32,450,46566
1512477358997492,1512477359044016,20971520,655360,32,450,46524
1512477359190545,1512477359237064,20971520,655360,32,450,46519
1512477359383471,1512477359429979,20971520,655360,32,450,46508
1512477359576673,1512477359623028,20971520,655360,32,452,46355
1512477359769987,1512477359816427,20971520,655360,32,451,46440
1512477359963129,1512477360009983,20971520,655360,32,447,46854
1512477360156713,1512477360203150,20971520,655360,32,451,46437
1512477360349718,1512477360396126,20971520,655360,32,451,46408
1512477360542921,1512477360589417,20971520,655360,32,451,46496
1512477360736554,1512477360783003,20971520,655360,32,451,46449
1512477360930003,1512477360976122,20971520,655360,32,454,46119
1512477361123116,1512477361169494,20971520,655360,32,452,46378
1512477361316425,1512477361363008,20971520,655360,32,450,46583
1512477361509803,1512477361556202,20971520,655360,32,451,46399
1512477361702888,1512477361749460,20971520,655360,32,450,46572
1512477361896025,1512477361942398,20971520,655360,32,452,46373
1512477362089100,1512477362135630,20971520,655360,32,450,46530
1512477362282032,1512477362328276,20971520,655360,32,453,46244
1512477362475464,1512477362521899,20971520,655360,32,451,46435
1512477362669134,1512477362715602,20971520,655360,32,451,46468
1512477362862881,1512477362909424,20971520,655360,32,450,46543
1512477363056310,1512477363102784,20971520,655360,32,451,46474
1512477363250118,1512477363296395,20971520,655360,32,453,46277
1512477363443421,1512477363489819,20971520,655360,32,451,46398
1512477363636878,1512477363683325,20971520,655360,32,451,46447
1512477363830508,1512477363876510,20971520,655360,32,455,46002
1512477364023741,1512477364070072,20971520,655360,32,452,46331
1512477364216988,1512477364263439,20971520,655360,32,451,46451
1512477364409981,1512477364456481,20971520,655360,32,451,46500
1512477364603186,1512477364649701,20971520,655360,32,450,46515
1512477364796517,1512477364842990,20971520,655360,32,451,46473
1512477364989893,1512477365036337,20971520,655360,32,451,46444
1512477365183271,1512477365229858,20971520,655360,32,450,46587
1512477365377028,1512477365423426,20971520,655360,32,451,46398
1512477365570228,1512477365616693,20971520,655360,32,451,46465
1512477365763921,1512477365810412,20971520,655360,32,451,46491
1512477365957259,1512477366003703,20971520,655360,32,451,46444
1512477366150405,1512477366196974,20971520,655360,32,450,46569
1512477366343833,1512477366390432,20971520,655360,32,450,46599
1512477366537144,1512477366583376,20971520,655360,32,453,46232
1512477366730059,1512477366776689,20971520,655360,32,449,46630
1512477366923345,1512477366969815,20971520,655360,32,451,46470
1512477367116532,1512477367163047,20971520,655360,32,450,46515
1512477367309619,1512477367356079,20971520,655360,32,451,46460
1512477367502533,1512477367548948,20971520,655360,32,451,46415
1512477367696203,1512477367742747,20971520,655360,32,450,46544
1512477367889235,1512477367935611,20971520,655360,32,452,46376
1512477368082232,1512477368128646,20971520,655360,32,451,46414
1512477368275603,1512477368321561,20971520,655360,32,456,45958
1512477368468314,1512477368514805,20971520,655360,32,451,46491
1512477368660357,1512477368706730,20971520,655360,32,452,46373
1512477368853754,1512477368900289,20971520,655360,32,450,46535
1512477369047732,1512477369094138,20971520,655360,32,451,46406
1512477369241126,1512477369287562,20971520,655360,32,451,46436
1512477369434640,1512477369481066,20971520,655360,32,451,46426
1512477369627305,1512477369673756,20971520,655360,32,451,46451
1512477369820323,1512477369866834,20971520,655360,32,450,46511
1512477370013573,1512477370060153,20971520,655360,32,450,46580
1512477370207093,1512477370253583,20971520,655360,32,451,46490
1512477370401353,1512477370447915,20971520,655360,32,450,46562
1512477370594556,1512477370641070,20971520,655360,32,450,46514
1512477370788493,1512477370835044,20971520,655360,32,450,46551
1512477370981504,1512477371027965,20971520,655360,32,451,46461
1512477371174673,1512477371221211,20971520,655360,32,450,46538
1512477371367952,1512477371414576,20971520,655360,32,449,46624
1512477371560954,1512477371607334,20971520,655360,32,452,46380
1512477371754033,1512477371800523,20971520,655360,32,451,46490
1512477371947328,1512477371993802,20971520,655360,32,451,46474
1512477372140288,1512477372186377,20971520,655360,32,455,46089
1512477372333631,1512477372380094,20971520,655360,32,451,46463
1512477372527320,1512477372573826,20971520,655360,32,450,46506
1512477372721104,1512477372767646,20971520,655360,32,450,46542
1512477372914943,1512477372961342,20971520,655360,32,451,46399
1512477373108042,1512477373154396,20971520,655360,32,452,46354
1512477373301090,1512477373347314,20971520,655360,32,453,46224
1512477373493704,1512477373540286,20971520,655360,32,450,46582
1512477373687159,1512477373733583,20971520,655360,32,451,46424
1512477373880425,1512477373926878,20971520,655360,32,451,46453
1512477374073733,1512477374120178,20971520,655360,32,451,46445
1512477374266563,1512477374313133,20971520,655360,32,450,46570
1512477374459877,1512477374506353,20971520,655360,32,451,46476
1512477374653580,1512477374700114,20971520,655360,32,450,46534
1512477374846405,1512477374892864,20971520,655360,32,451,46459
1512477375039813,1512477375086237,20971520,655360,32,451,46424
1512477375232828,1512477375279086,20971520,655360,32,453,46258
1512477375426257,1512477375472865,20971520,655360,32,449,46608
1512477375620120,1512477375666610,20971520,655360,32,451,46490
1512477375813686,1512477375860250,20971520,655360,32,450,46564
1512477376007280,1512477376053684,20971520,655360,32,451,46404
1512477376200444,1512477376246980,20971520,655360,32,450,46536
1512477376393681,1512477376439964,20971520,655360,32,453,46283
1512477376586795,1512477376633094,20971520,655360,32,452,46299
1512477376779657,1512477376825741,20971520,655360,32,455,46084
1512477376972585,1512477377019081,20971520,655360,32,451,46496
1512477377165916,1512477377212450,20971520,655360,32,450,46534
1512477377359354,1512477377405623,20971520,655360,32,453,46269
1512477377553137,1512477377599479,20971520,655360,32,452,46342
1512477377746191,1512477377792806,20971520,655360,32,449,46615
1512477377939493,1512477377986017,20971520,655360,32,450,46524
1512477378133156,1512477378179672,20971520,655360,32,450,46516
1512477378326294,1512477378372622,20971520,655360,32,452,46328
1512477378519155,1512477378565287,20971520,655360,32,454,46132
1512477378711999,1512477378758241,20971520,655360,32,453,46242
1512477378904932,1512477378951039,20971520,655360,32,454,46107
1512477379097623,1512477379143998,20971520,655360,32,452,46375
1512477379290796,1512477379337222,20971520,655360,32,451,46426
1512477379484311,1512477379530848,20971520,655360,32,450,46537
1512477379677490,1512477379723951,20971520,655360,32,451,46461
1512477379871006,1512477379917464,20971520,655360,32,451,46458
1512477380064126,1512477380110706,20971520,655360,32,450,46580
1512477380257427,1512477380304003,20971520,655360,32,450,46576
1512477380450873,1512477380497229,20971520,655360,32,452,46356
1512477380643797,1512477380690215,20971520,655360,32,451,46418
1512477380836991,1512477380883471,20971520,655360,32,451,46480
1512477381030131,1512477381076612,20971520,655360,32,451,46481
1512477381224177,1512477381270658,20971520,655360,32,451,46481
1512477381417701,1512477381463714,20971520,655360,32,455,46013
1512477381610370,1512477381656830,20971520,655360,32,451,46460
1512477381803295,1512477381849633,20971520,655360,32,452,46338
1512477381996521,1512477382042993,20971520,655360,32,451,46472
1512477382190124,1512477382236490,20971520,655360,32,452,46366
1512477382383210,1512477382429640,20971520,655360,32,451,46430
1512477382576918,1512477382623188,20971520,655360,32,453,46270
1512477382769844,1512477382816234,20971520,655360,32,452,46390
1512477382962437,1512477383008777,20971520,655360,32,452,46340
1512477383155783,1512477383202360,20971520,655360,32,450,46577
1512477383349346,1512477383395906,20971520,655360,32,450,46560
1512477383542666,1512477383589172,20971520,655360,32,450,46506
1512477383735736,1512477383782279,20971520,655360,32,450,46543
1512477383928872,1512477383975289,20971520,655360,32,451,46417
1512477384121997,1512477384168254,20971520,655360,32,453,46257
1512477384315551,1512477384361908,20971520,655360,32,452,46357
1512477384509243,1512477384555644,20971520,655360,32,451,46401
1512477384702430,1512477384748731,20971520,655360,32,452,46301
1512477384895861,1512477384942361,20971520,655360,32,451,46500
1512477385089064,1512477385135517,20971520,655360,32,451,46453
1512477385282352,1512477385328901,20971520,655360,32,450,46549
1512477385475491,1512477385522123,20971520,655360,32,449,46632
1512477385669085,1512477385715503,20971520,655360,32,451,46418
1512477385862549,1512477385909095,20971520,655360,32,450,46546
1512477386055459,1512477386102009,20971520,655360,32,450,46550
1512477386248831,1512477386295327,20971520,655360,32,451,46496
1512477386442297,1512477386488688,20971520,655360,32,452,46391
1512477386635435,1512477386681824,20971520,655360,32,452,46389
1512477386828522,1512477386875033,20971520,655360,32,450,46511
1512477387021760,1512477387068234,20971520,655360,32,451,46474
1512477387215215,1512477387261611,20971520,655360,32,452,46396
1512477387408482,1512477387454709,20971520,655360,32,453,46227
1512477387601492,1512477387647887,20971520,655360,32,452,46395
1512477387794388,1512477387840821,20971520,655360,32,451,46433
1512477387987950,1512477388034441,20971520,655360,32,451,46491
1512477388181273,1512477388227629,20971520,655360,32,452,46356
1512477388374618,1512477388421052,20971520,655360,32,451,46434
1512477388567650,1512477388614151,20971520,655360,32,450,46501
1512477388760991,1512477388807448,20971520,655360,32,451,46457
1512477388954189,1512477389000765,20971520,655360,32,450,46576
1512477389150739,1512477389197431,20971520,655360,32,449,46692
1512477389345520,1512477389392101,20971520,655360,32,450,46581
1512477389538466,1512477389585223,20971520,655360,32,448,46757
1512477389731554,1512477389778365,20971520,655360,32,448,46811
1512477389924893,1512477389971543,20971520,655360,32,449,46650
1512477390117444,1512477390164083,20971520,655360,32,449,46639
1512477390310436,1512477390357091,20971520,655360,32,449,46655
1512477390503468,1512477390549969,20971520,655360,32,450,46501
1512477390696516,1512477390743041,20971520,655360,32,450,46525
1512477390889051,1512477390935541,20971520,655360,32,451,46490
1512477391082289,1512477391128860,20971520,655360,32,450,46571
1512477391276185,1512477391322604,20971520,655360,32,451,46419
1512477391469090,1512477391515591,20971520,655360,32,450,46501
1512477391662322,1512477391708896,20971520,655360,32,450,46574
1512477391855121,1512477391901527,20971520,655360,32,451,46406
1512477392047772,1512477392094147,20971520,655360,32,452,46375
1512477392240574,1512477392286993,20971520,655360,32,451,46419
1512477392433375,1512477392479907,20971520,655360,32,450,46532
1512477392626125,1512477392672323,20971520,655360,32,453,46198
1512477392819112,1512477392865583,20971520,655360,32,451,46471
1512477393012493,1512477393059006,20971520,655360,32,450,46513
1512477393205817,1512477393252142,20971520,655360,32,452,46325
1512477393397999,1512477393444484,20971520,655360,32,451,46485
1512477393590767,1512477393637283,20971520,655360,32,450,46516
1512477393783567,1512477393830053,20971520,655360,32,451,46486
1512477393976359,1512477394022708,20971520,655360,32,452,46349
1512477394169257,1512477394215769,20971520,655360,32,450,46512
1512477394361766,1512477394408332,20971520,655360,32,450,46566
1512477394554646,1512477394601245,20971520,655360,32,450,46599
1512477394748191,1512477394794705,20971520,655360,32,450,46514
1512477394940764,1512477394987119,20971520,655360,32,452,46355
1512477395133917,1512477395180449,20971520,655360,32,450,46532
1512477395326641,1512477395372951,20971520,655360,32,452,46310
1512477395519094,1512477395565637,20971520,655360,32,450,46543
1512477395712157,1512477395758555,20971520,655360,32,451,46398
1512477395904986,1512477395951589,20971520,655360,32,450,46603
1512477396098073,1512477396144567,20971520,655360,32,451,46494
1512477396290788,1512477396336886,20971520,655360,32,454,46098
1512477396483473,1512477396529841,20971520,655360,32,452,46368
1512477396676554,1512477396722940,20971520,655360,32,452,46386
1512477396869294,1512477396915856,20971520,655360,32,450,46562
1512477397062219,1512477397108738,20971520,655360,32,450,46519
1512477397255075,1512477397301453,20971520,655360,32,452,46378
1512477397447859,1512477397494448,20971520,655360,32,450,46589
1512477397640554,1512477397687181,20971520,655360,32,449,46627
1512477397833152,1512477397879573,20971520,655360,32,451,46421
1512477398025979,1512477398072438,20971520,655360,32,451,46459
1512477398218823,1512477398265527,20971520,655360,32,449,46704
1512477398411555,1512477398458044,20971520,655360,32,451,46489
1512477398604568,1512477398650987,20971520,655360,32,451,46419
1512477398797149,1512477398843614,20971520,655360,32,451,46465
1512477398989561,1512477399036072,20971520,655360,32,450,46511
1512477399182762,1512477399229173,20971520,655360,32,451,46411
1512477399375715,1512477399422259,20971520,655360,32,450,46544
1512477399568900,1512477399615328,20971520,655360,32,451,46428
1512477399761693,1512477399808251,20971520,655360,32,450,46558
1512477399955109,1512477400001620,20971520,655360,32,450,46511
1512477400148427,1512477400195057,20971520,655360,32,449,46630
1512477400341432,1512477400388015,20971520,655360,32,450,46583
1512477400535055,1512477400581512,20971520,655360,32,451,46457
1512477400728287,1512477400774690,20971520,655360,32,451,46403
1512477400921598,1512477400968154,20971520,655360,32,450,46556
1512477401114314,1512477401160818,20971520,655360,32,450,46504
1512477401307467,1512477401353607,20971520,655360,32,454,46140
1512477401500626,1512477401546971,20971520,655360,32,452,46345
1512477401694057,1512477401740590,20971520,655360,32,450,46533
1512477401887489,1512477401933800,20971520,655360,32,452,46311
1512477402080688,1512477402127158,20971520,655360,32,451,46470
1512477402273796,1512477402320081,20971520,655360,32,453,46285
1512477402466921,1512477402513357,20971520,655360,32,451,46436
1512477402659957,1512477402706593,20971520,655360,32,449,46636
1512477402852945,1512477402899415,20971520,655360,32,451,46470
1512477403046227,1512477403092722,20971520,655360,32,451,46495
1512477403239673,1512477403286053,20971520,655360,32,452,46380
1512477403433039,1512477403479577,20971520,655360,32,450,46538
1512477403626921,1512477403673361,20971520,655360,32,451,46440
1512477403820214,1512477403866605,20971520,655360,32,452,46391
1512477404013169,1512477404059665,20971520,655360,32,451,46496
1512477404207104,1512477404253639,20971520,655360,32,450,46535
1512477404400442,1512477404446868,20971520,655360,32,451,46426
1512477404593189,1512477404639684,20971520,655360,32,451,46495
1512477404786866,1512477404833279,20971520,655360,32,451,46413
1512477404980114,1512477405026686,20971520,655360,32,450,46572
1512477405173372,1512477405219959,20971520,655360,32,450,46587
1512477405366999,1512477405413426,20971520,655360,32,451,46427
1512477405559952,1512477405606587,20971520,655360,32,449,46635
1512477405753528,1512477405799981,20971520,655360,32,451,46453
1512477405946795,1512477405993135,20971520,655360,32,452,46340
1512477406139954,1512477406186136,20971520,655360,32,454,46182
1512477406332793,1512477406379287,20971520,655360,32,451,46494
1512477406526296,1512477406572914,20971520,655360,32,449,46618
1512477406720106,1512477406766667,20971520,655360,32,450,46561
1512477406913138,1512477406959658,20971520,655360,32,450,46520
1512477407106514,1512477407152900,20971520,655360,32,452,46386
1512477407299246,1512477407345521,20971520,655360,32,453,46275
1512477407492063,1512477407538557,20971520,655360,32,451,46494
1512477407685191,1512477407731789,20971520,655360,32,450,46598
1512477407878725,1512477407925259,20971520,655360,32,450,46534
1512477408071834,1512477408118202,20971520,655360,32,452,46368
1512477408265363,1512477408311913,20971520,655360,32,450,46550
1512477408458444,1512477408505004,20971520,655360,32,450,46560
1512477408651658,1512477408698017,20971520,655360,32,452,46359
1512477408844918,1512477408891233,20971520,655360,32,452,46315
1512477409038027,1512477409084508,20971520,655360,32,451,46481
1512477409231249,1512477409277487,20971520,655360,32,453,46238
1512477409424424,1512477409470858,20971520,655360,32,451,46434
1512477409617579,1512477409664101,20971520,655360,32,450,46522
1512477409810788,1512477409857224,20971520,655360,32,451,46436
1512477410004270,1512477410050692,20971520,655360,32,451,46422
1512477410197009,1512477410243535,20971520,655360,32,450,46526
1512477410390178,1512477410436631,20971520,655360,32,451,46453
1512477410583445,1512477410629963,20971520,655360,32,450,46518
1512477410777475,1512477410823960,20971520,655360,32,451,46485
1512477410970744,1512477411017271,20971520,655360,32,450,46527
1512477411164316,1512477411210659,20971520,655360,32,452,46343
1512477411358445,1512477411404959,20971520,655360,32,450,46514
1512477411552260,1512477411598781,20971520,655360,32,450,46521
1512477411745468,1512477411791966,20971520,655360,32,451,46498
1512477411938810,1512477411985133,20971520,655360,32,452,46323
1512477412132147,1512477412178685,20971520,655360,32,450,46538
1512477412325378,1512477412371766,20971520,655360,32,452,46388
1512477412518887,1512477412565377,20971520,655360,32,451,46490
1512477412712173,1512477412758622,20971520,655360,32,451,46449
1512477412905623,1512477412952063,20971520,655360,32,451,46440
1512477413098431,1512477413144805,20971520,655360,32,452,46374
1512477413291665,1512477413338216,20971520,655360,32,450,46551
1512477413485496,1512477413531899,20971520,655360,32,451,46403
1512477413677725,1512477413724260,20971520,655360,32,450,46535
1512477413871123,1512477413917347,20971520,655360,32,453,46224
1512477414064550,1512477414111115,20971520,655360,32,450,46565
1512477414257788,1512477414304254,20971520,655360,32,451,46466
1512477414451390,1512477414497844,20971520,655360,32,451,46454
1512477414644895,1512477414691563,20971520,655360,32,449,46668
1512477414838856,1512477414885287,20971520,655360,32,451,46431
1512477415032486,1512477415078922,20971520,655360,32,451,46436
1512477415225463,1512477415271924,20971520,655360,32,451,46461
1512477415418191,1512477415464664,20971520,655360,32,451,46473
1512477415611616,1512477415658131,20971520,655360,32,450,46515
1512477415804780,1512477415851336,20971520,655360,32,450,46556
1512477415997815,1512477416044174,20971520,655360,32,452,46359
1512477416190921,1512477416237324,20971520,655360,32,451,46403
1512477416383916,1512477416430271,20971520,655360,32,452,46355
1512477416576995,1512477416623375,20971520,655360,32,452,46380
1512477416769904,1512477416816212,20971520,655360,32,452,46308
1512477416962652,1512477417009113,20971520,655360,32,451,46461
1512477417155648,1512477417202026,20971520,655360,32,452,46378
1512477417349153,1512477417395499,20971520,655360,32,452,46346
1512477417542337,1512477417588850,20971520,655360,32,450,46513
1512477417735258,1512477417781624,20971520,655360,32,452,46366
1512477417928450,1512477417974950,20971520,655360,32,451,46500
1512477418121732,1512477418168214,20971520,655360,32,451,46482
1512477418314990,1512477418361444,20971520,655360,32,451,46454
1512477418508564,1512477418554996,20971520,655360,32,451,46432
1512477418701704,1512477418748247,20971520,655360,32,450,46543
1512477418894929,1512477418941398,20971520,655360,32,451,46469
1512477419088423,1512477419134971,20971520,655360,32,450,46548
1512477419281993,1512477419328200,20971520,655360,32,453,46207
1512477419474998,1512477419521384,20971520,655360,32,452,46386
1512477419668679,1512477419715095,20971520,655360,32,451,46416
1512477419862511,1512477419909045,20971520,655360,32,450,46534
1512477420056286,1512477420102735,20971520,655360,32,451,46449
1512477420249725,1512477420296268,20971520,655360,32,450,46543
1512477420442847,1512477420489457,20971520,655360,32,449,46610
1512477420636012,1512477420682448,20971520,655360,32,451,46436
1512477420829320,1512477420875801,20971520,655360,32,451,46481
1512477421022512,1512477421068928,20971520,655360,32,451,46416
1512477421215945,1512477421262430,20971520,655360,32,451,46485
1512477421409546,1512477421455916,20971520,655360,32,452,46370
1512477421602960,1512477421649520,20971520,655360,32,450,46560
1512477421796481,1512477421842851,20971520,655360,32,452,46370
1512477421990007,1512477422036509,20971520,655360,32,450,46502
1512477422183316,1512477422229781,20971520,655360,32,451,46465
1512477422376746,1512477422423121,20971520,655360,32,452,46375
1512477422570785,1512477422617256,20971520,655360,32,451,46471
1512477422764266,1512477422810849,20971520,655360,32,450,46583
1512477422957528,1512477423004046,20971520,655360,32,450,46518
1512477423150943,1512477423197532,20971520,655360,32,450,46589
1512477423344644,1512477423391280,20971520,655360,32,449,46636
1512477423538436,1512477423584794,20971520,655360,32,452,46358
1512477423731587,1512477423778028,20971520,655360,32,451,46441
1512477423925006,1512477423971434,20971520,655360,32,451,46428
1512477424118052,1512477424164600,20971520,655360,32,450,46548
1512477424311565,1512477424357880,20971520,655360,32,452,46315
1512477424504642,1512477424551104,20971520,655360,32,451,46462
1512477424697888,1512477424744407,20971520,655360,32,450,46519
1512477424891611,1512477424937886,20971520,655360,32,453,46275
1512477425085038,1512477425131602,20971520,655360,32,450,46564
1512477425278567,1512477425324965,20971520,655360,32,451,46398
1512477425471746,1512477425518200,20971520,655360,32,451,46454
1512477425664889,1512477425711410,20971520,655360,32,450,46521
1512477425857897,1512477425904446,20971520,655360,32,450,46549
1512477426051513,1512477426098012,20971520,655360,32,451,46499
1512477426244507,1512477426290991,20971520,655360,32,451,46484
1512477426437964,1512477426484427,20971520,655360,32,451,46463
1512477426631613,1512477426678111,20971520,655360,32,451,46498
1512477426824859,1512477426871199,20971520,655360,32,452,46340
1512477427018957,1512477427065271,20971520,655360,32,452,46314
1512477427212574,1512477427258934,20971520,655360,32,452,46360
1512477427405774,1512477427452298,20971520,655360,32,450,46524
1512477427599380,1512477427645914,20971520,655360,32,450,46534
1512477427792874,1512477427839249,20971520,655360,32,452,46375
1512477427985690,1512477428032164,20971520,655360,32,451,46474
1512477428179520,1512477428226017,20971520,655360,32,451,46497
1512477428373183,1512477428419440,20971520,655360,32,453,46257
1512477428566773,1512477428613084,20971520,655360,32,452,46311
1512477428759946,1512477428806246,20971520,655360,32,452,46300
1512477428952983,1512477428999062,20971520,655360,32,455,46079
1512477429146344,1512477429192739,20971520,655360,32,452,46395
1512477429339623,1512477429385826,20971520,655360,32,453,46203
1512477429532844,1512477429579343,20971520,655360,32,451,46499
1512477429726433,1512477429772850,20971520,655360,32,451,46417
1512477429919697,1512477429966094,20971520,655360,32,452,46397
1512477430113417,1512477430159857,20971520,655360,32,451,46440
1512477430306584,1512477430352957,20971520,655360,32,452,46373
1512477430499671,1512477430546088,20971520,655360,32,451,46417
1512477430693334,1512477430739831,20971520,655360,32,451,46497
1512477430886859,1512477430933437,20971520,655360,32,450,46578
1512477431080104,1512477431126668,20971520,655360,32,450,46564
1512477431273570,1512477431320064,20971520,655360,32,451,46494
1512477431466985,1512477431513446,20971520,655360,32,451,46461
1512477431659796,1512477431706393,20971520,655360,32,450,46597
1512477431853047,1512477431899528,20971520,655360,32,451,46481
1512477432046383,1512477432092846,20971520,655360,32,451,46463
1512477432239895,1512477432286294,20971520,655360,32,451,46399
1512477432433021,1512477432479446,20971520,655360,32,451,46425
1512477432626726,1512477432673216,20971520,655360,32,451,46490
1512477432820362,1512477432866936,20971520,655360,32,450,46574
1512477433014217,1512477433060696,20971520,655360,32,451,46479
1512477433206920,1512477433253362,20971520,655360,32,451,46442
1512477433400062,1512477433446414,20971520,655360,32,452,46352
1512477433592859,1512477433639337,20971520,655360,32,451,46478
1512477433786076,1512477433832684,20971520,655360,32,449,46608
1512477433979286,1512477434025792,20971520,655360,32,450,46506
1512477434172649,1512477434219117,20971520,655360,32,451,46468
1512477434365671,1512477434412093,20971520,655360,32,451,46422
1512477434558986,1512477434605247,20971520,655360,32,453,46261
1512477434752619,1512477434799014,20971520,655360,32,452,46395
1512477434946078,1512477434992614,20971520,655360,32,450,46536
1512477435139911,1512477435186313,20971520,655360,32,451,46402
1512477435332915,1512477435378969,20971520,655360,32,455,46054
1512477435526087,1512477435572494,20971520,655360,32,451,46407
1512477435719303,1512477435765797,20971520,655360,32,451,46494
1512477435912612,1512477435959018,20971520,655360,32,451,46406
1512477436105482,1512477436152098,20971520,655360,32,449,46616
1512477436299076,1512477436345518,20971520,655360,32,451,46442
1512477436492510,1512477436539016,20971520,655360,32,450,46506
1512477436685192,1512477436731538,20971520,655360,32,452,46346
1512477436878401,1512477436924774,20971520,655360,32,452,46373
1512477437071946,1512477437118428,20971520,655360,32,451,46482
1512477437264841,1512477437311317,20971520,655360,32,451,46476
1512477437458500,1512477437504725,20971520,655360,32,453,46225
1512477437651862,1512477437698191,20971520,655360,32,452,46329
1512477437844608,1512477437891084,20971520,655360,32,451,46476
1512477438038148,1512477438084602,20971520,655360,32,451,46454
1512477438231682,1512477438278174,20971520,655360,32,451,46492
1512477438425226,1512477438471719,20971520,655360,32,451,46493
1512477438618482,1512477438665077,20971520,655360,32,450,46595
1512477438812152,1512477438858614,20971520,655360,32,451,46462
1512477439005263,1512477439051580,20971520,655360,32,452,46317
1512477439198104,1512477439244652,20971520,655360,32,450,46548
1512477439391359,1512477439437850,20971520,655360,32,451,46491
1512477439585108,1512477439631709,20971520,655360,32,450,46601
1512477439778128,1512477439824588,20971520,655360,32,451,46460
1512477439971581,1512477440018149,20971520,655360,32,450,46568
1512477440165285,1512477440211657,20971520,655360,32,452,46372
1512477440359062,1512477440405610,20971520,655360,32,450,46548
1512477440552143,1512477440598546,20971520,655360,32,451,46403
1512477440745410,1512477440791927,20971520,655360,32,450,46517
1512477440938745,1512477440985190,20971520,655360,32,451,46445
1512477441131661,1512477441178149,20971520,655360,32,451,46488
1512477441324792,1512477441371355,20971520,655360,32,450,46563
1512477441517996,1512477441564360,20971520,655360,32,452,46364
1512477441711033,1512477441757494,20971520,655360,32,451,46461
1512477441904196,1512477441950615,20971520,655360,32,451,46419
1512477442097615,1512477442144034,20971520,655360,32,451,46419
1512477442290844,1512477442337504,20971520,655360,32,449,46660
1512477442484170,1512477442530761,20971520,655360,32,450,46591
1512477442677494,1512477442723908,20971520,655360,32,451,46414
1512477442871004,1512477442917432,20971520,655360,32,451,46428
1512477443064452,1512477443110814,20971520,655360,32,452,46362
1512477443257854,1512477443304480,20971520,655360,32,449,46626
1512477443451255,1512477443497790,20971520,655360,32,450,46535
1512477443644403,1512477443690463,20971520,655360,32,455,46060
1512477443837390,1512477443883879,20971520,655360,32,451,46489
1512477444030560,1512477444077128,20971520,655360,32,450,46568
1512477444223842,1512477444270195,20971520,655360,32,452,46353
1512477444417144,1512477444463696,20971520,655360,32,450,46552
1512477444611024,1512477444657465,20971520,655360,32,451,46441
1512477444803883,1512477444850315,20971520,655360,32,451,46432
1512477444996859,1512477445043487,20971520,655360,32,449,46628
1512477445190332,1512477445236843,20971520,655360,32,450,46511
1512477445383853,1512477445430333,20971520,655360,32,451,46480
1512477445576959,1512477445623428,20971520,655360,32,451,46469
1512477445769741,1512477445816396,20971520,655360,32,449,46655
1512477445963334,1512477446009877,20971520,655360,32,450,46543
1512477446156351,1512477446202726,20971520,655360,32,452,46375
1512477446349546,1512477446396177,20971520,655360,32,449,46631
1512477446542979,1512477446589486,20971520,655360,32,450,46507
1512477446736309,1512477446782741,20971520,655360,32,451,46432
1512477446929710,1512477446976270,20971520,655360,32,450,46560
1512477447122545,1512477447169023,20971520,655360,32,451,46478
1512477447316404,1512477447362754,20971520,655360,32,452,46350
1512477447509733,1512477447556293,20971520,655360,32,450,46560
1512477447703684,1512477447750203,20971520,655360,32,450,46519
1512477447897229,1512477447943725,20971520,655360,32,451,46496
1512477448090753,1512477448137412,20971520,655360,32,449,46659
1512477448283976,1512477448330417,20971520,655360,32,451,46441
1512477448477025,1512477448523603,20971520,655360,32,450,46578
1512477448670302,1512477448716703,20971520,655360,32,451,46401
1512477448863603,1512477448910142,20971520,655360,32,450,46539
1512477449056967,1512477449103544,20971520,655360,32,450,46577
1512477449249852,1512477449296247,20971520,655360,32,452,46395
1512477449442896,1512477449489511,20971520,655360,32,449,46615
1512477449636139,1512477449682555,20971520,655360,32,451,46416
1512477449829656,1512477449876120,20971520,655360,32,451,46464
1512477450022859,1512477450069240,20971520,655360,32,452,46381
1512477450216154,1512477450262625,20971520,655360,32,451,46471
1512477450408962,1512477450455255,20971520,655360,32,453,46293
1512477450602011,1512477450648508,20971520,655360,32,451,46497
1512477450795576,1512477450841919,20971520,655360,32,452,46343
1512477450989036,1512477451035592,20971520,655360,32,450,46556
1512477451182415,1512477451228892,20971520,655360,32,451,46477
