1512553905113266,1512553905245909,268435456,8388608,32,2023,132643
1512553907198273,1512553907329784,268435456,8388608,32,2041,131511
1512553909281532,1512553909412372,268435456,8388608,32,2051,130840
1512553911363330,1512553911493940,268435456,8388608,32,2055,130610
1512553913443439,1512553913574094,268435456,8388608,32,2054,130655
1512553915525651,1512553915656457,268435456,8388608,32,2052,130806
1512553917606300,1512553917736964,268435456,8388608,32,2054,130664
1512553919688199,1512553919819064,268435456,8388608,32,2051,130865
1512553921773727,1512553921902901,268435456,8388608,32,2078,129174
1512553923854676,1512553923985787,268435456,8388608,32,2047,131111
1512553925935348,1512553926065931,268435456,8388608,32,2055,130583
1512553928017391,1512553928148074,268435456,8388608,32,2054,130683
1512553930099946,1512553930230637,268435456,8388608,32,2053,130691
1512553932182296,1512553932312338,268435456,8388608,32,2064,130042
1512553934263245,1512553934393890,268435456,8388608,32,2054,130645
1512553936345743,1512553936475664,268435456,8388608,32,2066,129921
1512553938427818,1512553938558908,268435456,8388608,32,2047,131090
1512553940511613,1512553940642501,268435456,8388608,32,2050,130888
1512553942594773,1512553942725547,268435456,8388608,32,2052,130774
1512553944678675,1512553944808578,268435456,8388608,32,2066,129903
1512553946760785,1512553946891721,268435456,8388608,32,2050,130936
1512553948844047,1512553948975453,268435456,8388608,32,2042,131406
1512553950929236,1512553951059237,268435456,8388608,32,2064,130001
1512553953012523,1512553953143439,268435456,8388608,32,2050,130916
1512553955096651,1512553955226590,268435456,8388608,32,2065,129939
1512553957179791,1512553957308868,268435456,8388608,32,2079,129077
1512553959261567,1512553959392494,268435456,8388608,32,2050,130927
1512553961345872,1512553961476277,268435456,8388608,32,2058,130405
1512553963429206,1512553963559120,268435456,8388608,32,2066,129914
1512553965511903,1512553965642484,268435456,8388608,32,2055,130581
1512553967606871,1512553967737301,268435456,8388608,32,2058,130430
1512553969722487,1512553969852845,268435456,8388608,32,2059,130358
1512553971806337,1512553971936381,268435456,8388608,32,2064,130044
1512553973889114,1512553974019826,268435456,8388608,32,2053,130712
1512553975972745,1512553976103300,268435456,8388608,32,2056,130555
1512553978055955,1512553978186389,268435456,8388608,32,2058,130434
1512553980142293,1512553980272902,268435456,8388608,32,2055,130609
1512553982225707,1512553982356501,268435456,8388608,32,2052,130794
1512553984309607,1512553984440033,268435456,8388608,32,2058,130426
1512553986394116,1512553986524157,268435456,8388608,32,2064,130041
1512553988477964,1512553988608087,268435456,8388608,32,2062,130123
1512553990561881,1512553990694507,268435456,8388608,32,2024,132626
1512553992649747,1512553992779254,268435456,8388608,32,2072,129507
1512553994731573,1512553994860827,268435456,8388608,32,2076,129254
1512553996810955,1512553996941376,268435456,8388608,32,2058,130421
1512553998892841,1512553999022075,268435456,8388608,32,2077,129234
1512554000972394,1512554001102706,268435456,8388608,32,2059,130312
1512554003055637,1512554003185918,268435456,8388608,32,2060,130281
1512554005136709,1512554005266381,268435456,8388608,32,2070,129672
1512554007216912,1512554007347448,268435456,8388608,32,2056,130536
1512554009296813,1512554009426648,268435456,8388608,32,2067,129835
1512554011377487,1512554011507166,268435456,8388608,32,2069,129679
1512554013456671,1512554013587420,268435456,8388608,32,2053,130749
1512554015537469,1512554015668269,268435456,8388608,32,2052,130800
1512554017619235,1512554017748978,268435456,8388608,32,2068,129743
1512554019698821,1512554019828647,268435456,8388608,32,2067,129826
1512554021778793,1512554021908551,268435456,8388608,32,2068,129758
1512554023861396,1512554023992112,268435456,8388608,32,2053,130716
1512554025945436,1512554026076021,268435456,8388608,32,2055,130585
1512554028028986,1512554028158901,268435456,8388608,32,2066,129915
1512554030111978,1512554030242686,268435456,8388608,32,2053,130708
1512554032195888,1512554032325774,268435456,8388608,32,2066,129886
1512554034278010,1512554034408550,268435456,8388608,32,2056,130540
1512554036361746,1512554036491670,268435456,8388608,32,2066,129924
1512554038446048,1512554038576547,268435456,8388608,32,2056,130499
1512554040531781,1512554040662412,268435456,8388608,32,2054,130631
1512554042616134,1512554042746545,268435456,8388608,32,2058,130411
1512554044697269,1512554044826552,268435456,8388608,32,2076,129283
1512554046777089,1512554046907589,268435456,8388608,32,2056,130500
1512554048856640,1512554048987257,268435456,8388608,32,2055,130617
1512554050936931,1512554051067357,268435456,8388608,32,2058,130426
1512554053017914,1512554053148808,268435456,8388608,32,2050,130894
1512554055099679,1512554055230183,268435456,8388608,32,2056,130504
1512554057178975,1512554057309582,268435456,8388608,32,2055,130607
1512554059260024,1512554059390603,268435456,8388608,32,2055,130579
1512554061341337,1512554061470732,268435456,8388608,32,2074,129395
1512554063421568,1512554063552053,268435456,8388608,32,2057,130485
1512554065501583,1512554065631712,268435456,8388608,32,2062,130129
1512554067582995,1512554067713961,268435456,8388608,32,2049,130966
1512554069665099,1512554069795376,268435456,8388608,32,2060,130277
1512554071745705,1512554071876262,268435456,8388608,32,2056,130557
1512554073827814,1512554073958729,268435456,8388608,32,2050,130915
1512554075910400,1512554076040503,268435456,8388608,32,2063,130103
1512554077991630,1512554078121973,268435456,8388608,32,2059,130343
1512554080074384,1512554080205233,268435456,8388608,32,2051,130849
1512554082157098,1512554082287821,268435456,8388608,32,2053,130723
1512554084239484,1512554084368914,268435456,8388608,32,2073,129430
1512554086319825,1512554086450287,268435456,8388608,32,2057,130462
1512554088402034,1512554088532453,268435456,8388608,32,2058,130419
1512554090485319,1512554090613867,268435456,8388608,32,2088,128548
1512554092565119,1512554092694998,268435456,8388608,32,2066,129879
1512554094647332,1512554094777787,268435456,8388608,32,2057,130455
1512554096731200,1512554096861805,268435456,8388608,32,2055,130605
1512554098814410,1512554098944119,268435456,8388608,32,2069,129709
1512554100898759,1512554101029502,268435456,8388608,32,2053,130743
1512554102981965,1512554103112825,268435456,8388608,32,2051,130860
1512554105064055,1512554105195119,268435456,8388608,32,2048,131064
1512554107146611,1512554107276713,268435456,8388608,32,2063,130102
1512554109228609,1512554109356572,268435456,8388608,32,2097,127963
1512554111309393,1512554111439199,268435456,8388608,32,2067,129806
1512554113391011,1512554113521710,268435456,8388608,32,2053,130699
1512554115474197,1512554115604772,268435456,8388608,32,2055,130575
1512554117555749,1512554117686478,268435456,8388608,32,2053,130729
1512554119637792,1512554119768605,268435456,8388608,32,2052,130813
1512554121719640,1512554121850343,268435456,8388608,32,2053,130703
1512554123801047,1512554123931717,268435456,8388608,32,2054,130670
1512554125882634,1512554126012657,268435456,8388608,32,2064,130023
1512554127964645,1512554128095287,268435456,8388608,32,2054,130642
1512554130046641,1512554130177826,268435456,8388608,32,2046,131185
1512554132128657,1512554132259433,268435456,8388608,32,2052,130776
1512554134209846,1512554134340573,268435456,8388608,32,2053,130727
1512554136292078,1512554136420706,268435456,8388608,32,2086,128628
1512554138372705,1512554138503800,268435456,8388608,32,2047,131095
1512554140454731,1512554140585722,268435456,8388608,32,2049,130991
1512554142538333,1512554142669353,268435456,8388608,32,2048,131020
1512554144622411,1512554144753165,268435456,8388608,32,2052,130754
1512554146705226,1512554146835938,268435456,8388608,32,2053,130712
1512554148788410,1512554148918783,268435456,8388608,32,2058,130373
1512554150870482,1512554151000822,268435456,8388608,32,2059,130340
1512554152954040,1512554153083452,268435456,8388608,32,2074,129412
1512554155036101,1512554155166664,268435456,8388608,32,2055,130563
1512554157119862,1512554157250184,268435456,8388608,32,2059,130322
1512554159202478,1512554159333201,268435456,8388608,32,2053,130723
1512554161288261,1512554161418368,268435456,8388608,32,2063,130107
1512554163371218,1512554163501706,268435456,8388608,32,2057,130488
1512554165454962,1512554165585438,268435456,8388608,32,2057,130476
1512554167537490,1512554167667945,268435456,8388608,32,2057,130455
1512554169621076,1512554169751553,268435456,8388608,32,2057,130477
1512554171704018,1512554171834431,268435456,8388608,32,2058,130413
1512554173788114,1512554173918344,268435456,8388608,32,2061,130230
1512554175869371,1512554175998357,268435456,8388608,32,2081,128986
1512554177949836,1512554178079391,268435456,8388608,32,2071,129555
1512554180030865,1512554180161141,268435456,8388608,32,2060,130276
1512554182112526,1512554182241909,268435456,8388608,32,2074,129383
1512554184194233,1512554184324302,268435456,8388608,32,2063,130069
1512554186275205,1512554186405369,268435456,8388608,32,2062,130164
1512554188357734,1512554188487972,268435456,8388608,32,2061,130238
1512554190440953,1512554190571222,268435456,8388608,32,2060,130269
1512554192524307,1512554192654724,268435456,8388608,32,2058,130417
1512554194606730,1512554194736752,268435456,8388608,32,2064,130022
1512554196688034,1512554196817825,268435456,8388608,32,2068,129791
1512554198770407,1512554198899795,268435456,8388608,32,2074,129388
1512554200851819,1512554200982001,268435456,8388608,32,2062,130182
1512554202961943,1512554203092445,268435456,8388608,32,2056,130502
1512554205045897,1512554205176273,268435456,8388608,32,2058,130376
1512554207130747,1512554207261403,268435456,8388608,32,2054,130656
1512554209216088,1512554209346508,268435456,8388608,32,2058,130420
1512554211300090,1512554211430470,268435456,8388608,32,2058,130380
1512554213384393,1512554213514256,268435456,8388608,32,2067,129863
1512554215468040,1512554215597645,268435456,8388608,32,2071,129605
1512554217552592,1512554217682272,268435456,8388608,32,2069,129680
1512554219636831,1512554219767338,268435456,8388608,32,2056,130507
1512554221724281,1512554221853793,268435456,8388608,32,2072,129512
1512554223807679,1512554223937455,268435456,8388608,32,2068,129776
1512554225892144,1512554226022688,268435456,8388608,32,2056,130544
1512554227976388,1512554228106496,268435456,8388608,32,2063,130108
1512554230060108,1512554230190775,268435456,8388608,32,2054,130667
1512554232145278,1512554232274906,268435456,8388608,32,2070,129628
1512554234228816,1512554234359007,268435456,8388608,32,2061,130191
1512554236312855,1512554236443410,268435456,8388608,32,2056,130555
1512554238396714,1512554238526309,268435456,8388608,32,2071,129595
1512554240480249,1512554240610561,268435456,8388608,32,2059,130312
1512554242564672,1512554242695189,268435456,8388608,32,2056,130517
1512554244649341,1512554244778938,268435456,8388608,32,2071,129597
1512554246732867,1512554246862841,268435456,8388608,32,2065,129974
1512554248816836,1512554248946142,268435456,8388608,32,2075,129306
1512554250900363,1512554251030104,268435456,8388608,32,2069,129741
1512554252984046,1512554253114606,268435456,8388608,32,2056,130560
1512554255068308,1512554255198862,268435456,8388608,32,2056,130554
1512554257152786,1512554257283607,268435456,8388608,32,2051,130821
1512554259237925,1512554259367257,268435456,8388608,32,2075,129332
1512554261321600,1512554261451904,268435456,8388608,32,2060,130304
1512554263404905,1512554263533950,268435456,8388608,32,2080,129045
1512554265487906,1512554265618636,268435456,8388608,32,2053,130730
1512554267573740,1512554267703866,268435456,8388608,32,2062,130126
1512554269657545,1512554269788040,268435456,8388608,32,2057,130495
1512554271741967,1512554271870864,268435456,8388608,32,2082,128897
1512554273825581,1512554273955855,268435456,8388608,32,2060,130274
1512554275910357,1512554276040815,268435456,8388608,32,2057,130458
1512554277994648,1512554278125243,268435456,8388608,32,2055,130595
1512554280081836,1512554280211576,268435456,8388608,32,2069,129740
1512554282165589,1512554282296402,268435456,8388608,32,2052,130813
1512554284250254,1512554284381095,268435456,8388608,32,2051,130841
1512554286335593,1512554286465452,268435456,8388608,32,2067,129859
1512554288419790,1512554288549645,268435456,8388608,32,2067,129855
1512554290504076,1512554290634733,268435456,8388608,32,2054,130657
1512554292588937,1512554292719503,268435456,8388608,32,2055,130566
1512554294674187,1512554294804049,268435456,8388608,32,2067,129862
1512554296758639,1512554296889682,268435456,8388608,32,2048,131043
1512554298843767,1512554298974732,268435456,8388608,32,2049,130965
1512554300928191,1512554301058808,268435456,8388608,32,2055,130617
1512554303012272,1512554303142896,268435456,8388608,32,2055,130624
1512554305096161,1512554305226849,268435456,8388608,32,2054,130688
1512554307181628,1512554307312221,268435456,8388608,32,2055,130593
1512554309265991,1512554309396759,268435456,8388608,32,2052,130768
1512554311351271,1512554311481914,268435456,8388608,32,2054,130643
1512554313435663,1512554313566650,268435456,8388608,32,2049,130987
1512554315520361,1512554315651413,268435456,8388608,32,2048,131052
1512554317605288,1512554317736417,268435456,8388608,32,2047,131129
1512554319690327,1512554319819510,268435456,8388608,32,2077,129183
1512554321772988,1512554321903805,268435456,8388608,32,2051,130817
1512554323856879,1512554323988268,268435456,8388608,32,2043,131389
1512554325941562,1512554326072124,268435456,8388608,32,2055,130562
1512554328024858,1512554328154592,268435456,8388608,32,2069,129734
1512554330107881,1512554330238567,268435456,8388608,32,2054,130686
1512554332192014,1512554332322935,268435456,8388608,32,2050,130921
1512554334276795,1512554334407704,268435456,8388608,32,2050,130909
1512554336361703,1512554336491598,268435456,8388608,32,2066,129895
1512554338444651,1512554338575594,268435456,8388608,32,2050,130943
1512554340531872,1512554340661397,268435456,8388608,32,2072,129525
1512554342615290,1512554342745954,268435456,8388608,32,2054,130664
1512554344700503,1512554344831156,268435456,8388608,32,2054,130653
1512554346784919,1512554346915656,268435456,8388608,32,2053,130737
1512554348869562,1512554348999554,268435456,8388608,32,2065,129992
1512554350953779,1512554351084592,268435456,8388608,32,2052,130813
1512554353039145,1512554353169932,268435456,8388608,32,2052,130787
1512554355124169,1512554355255216,268435456,8388608,32,2048,131047
1512554357208847,1512554357339223,268435456,8388608,32,2058,130376
1512554359292290,1512554359423330,268435456,8388608,32,2048,131040
1512554361376783,1512554361507905,268435456,8388608,32,2047,131122
1512554363461938,1512554363592767,268435456,8388608,32,2051,130829
1512554365546126,1512554365676880,268435456,8388608,32,2052,130754
1512554367630800,1512554367760738,268435456,8388608,32,2065,129938
1512554369714856,1512554369844560,268435456,8388608,32,2069,129704
1512554371798174,1512554371928911,268435456,8388608,32,2053,130737
1512554373882785,1512554374012649,268435456,8388608,32,2067,129864
1512554375966958,1512554376097458,268435456,8388608,32,2056,130500
1512554378051587,1512554378182065,268435456,8388608,32,2057,130478
1512554380135579,1512554380265869,268435456,8388608,32,2060,130290
1512554382219018,1512554382349492,268435456,8388608,32,2057,130474
1512554384302676,1512554384433817,268435456,8388608,32,2046,131141
1512554386387851,1512554386518312,268435456,8388608,32,2057,130461
1512554388471256,1512554388601700,268435456,8388608,32,2057,130444
1512554390555212,1512554390685255,268435456,8388608,32,2064,130043
1512554392638949,1512554392770223,268435456,8388608,32,2044,131274
1512554394722933,1512554394853137,268435456,8388608,32,2061,130204
1512554396806738,1512554396938037,268435456,8388608,32,2044,131299
1512554398891584,1512554399021706,268435456,8388608,32,2062,130122
1512554400978299,1512554401108675,268435456,8388608,32,2058,130376
1512554403063934,1512554403194519,268435456,8388608,32,2055,130585
1512554405148041,1512554405278882,268435456,8388608,32,2051,130841
1512554407232648,1512554407363515,268435456,8388608,32,2051,130867
1512554409317162,1512554409447761,268435456,8388608,32,2055,130599
1512554411402208,1512554411533040,268435456,8388608,32,2051,130832
1512554413487266,1512554413618391,268435456,8388608,32,2047,131125
1512554415572648,1512554415702764,268435456,8388608,32,2063,130116
1512554417655913,1512554417785694,268435456,8388608,32,2068,129781
1512554419740068,1512554419870999,268435456,8388608,32,2050,130931
1512554421824900,1512554421955400,268435456,8388608,32,2056,130500
1512554423909475,1512554424040142,268435456,8388608,32,2054,130667
1512554425993423,1512554426124053,268435456,8388608,32,2054,130630
1512554428077463,1512554428208171,268435456,8388608,32,2053,130708
1512554430162627,1512554430293514,268435456,8388608,32,2050,130887
1512554432247208,1512554432378227,268435456,8388608,32,2048,131019
1512554434332095,1512554434462662,268435456,8388608,32,2055,130567
1512554436415773,1512554436545815,268435456,8388608,32,2064,130042
1512554438499539,1512554438629308,268435456,8388608,32,2068,129769
1512554440583486,1512554440714307,268435456,8388608,32,2051,130821
1512554442667892,1512554442797608,268435456,8388608,32,2069,129716
1512554444751752,1512554444880941,268435456,8388608,32,2077,129189
1512554446834214,1512554446965166,268435456,8388608,32,2049,130952
1512554448918126,1512554449049067,268435456,8388608,32,2050,130941
1512554451002628,1512554451132338,268435456,8388608,32,2069,129710
1512554453085667,1512554453216326,268435456,8388608,32,2054,130659
1512554455169499,1512554455300100,268435456,8388608,32,2055,130601
1512554457254663,1512554457384687,268435456,8388608,32,2064,130024
1512554459338915,1512554459469787,268435456,8388608,32,2051,130872
1512554461426262,1512554461556756,268435456,8388608,32,2057,130494
1512554463511856,1512554463642814,268435456,8388608,32,2049,130958
1512554465595480,1512554465726464,268435456,8388608,32,2049,130984
1512554467680000,1512554467810240,268435456,8388608,32,2061,130240
1512554469763524,1512554469894226,268435456,8388608,32,2053,130702
1512554471847432,1512554471976372,268435456,8388608,32,2081,128940
1512554473929558,1512554474059933,268435456,8388608,32,2058,130375
1512554476012812,1512554476143613,268435456,8388608,32,2052,130801
1512554478097109,1512554478227424,268435456,8388608,32,2059,130315
1512554480180330,1512554480310893,268435456,8388608,32,2055,130563
1512554482265636,1512554482395562,268435456,8388608,32,2066,129926
1512554484348015,1512554484478006,268435456,8388608,32,2065,129991
1512554486431830,1512554486562927,268435456,8388608,32,2047,131097
1512554488516460,1512554488646256,268435456,8388608,32,2068,129796
1512554490600053,1512554490730963,268435456,8388608,32,2050,130910
1512554492684115,1512554492814796,268435456,8388608,32,2054,130681
1512554494770103,1512554494900050,268435456,8388608,32,2065,129947
1512554496852204,1512554496982135,268435456,8388608,32,2065,129931
1512554498933078,1512554499063964,268435456,8388608,32,2050,130886
1512554501016235,1512554501146824,268435456,8388608,32,2055,130589
1512554503099727,1512554503230760,268435456,8388608,32,2048,131033
1512554505183305,1512554505313796,268435456,8388608,32,2057,130491
1512554507267106,1512554507397056,268435456,8388608,32,2065,129950
1512554509350427,1512554509480735,268435456,8388608,32,2060,130308
1512554511434135,1512554511564877,268435456,8388608,32,2053,130742
1512554513517988,1512554513648420,268435456,8388608,32,2058,130432
1512554515602855,1512554515733344,268435456,8388608,32,2057,130489
1512554517686679,1512554517817114,268435456,8388608,32,2058,130435
1512554519771155,1512554519900841,268435456,8388608,32,2069,129686
1512554521856406,1512554521987634,268435456,8388608,32,2045,131228
1512554523941200,1512554524071839,268435456,8388608,32,2054,130639
1512554526023928,1512554526154443,268435456,8388608,32,2056,130515
1512554528106399,1512554528237287,268435456,8388608,32,2050,130888
1512554530189233,1512554530320614,268435456,8388608,32,2043,131381
1512554532273113,1512554532401876,268435456,8388608,32,2084,128763
1512554534353852,1512554534484798,268435456,8388608,32,2049,130946
1512554536435738,1512554536566455,268435456,8388608,32,2053,130717
1512554538517774,1512554538648460,268435456,8388608,32,2054,130686
1512554540600489,1512554540731495,268435456,8388608,32,2049,131006
1512554542681954,1512554542812641,268435456,8388608,32,2054,130687
1512554544765184,1512554544895881,268435456,8388608,32,2053,130697
1512554546848208,1512554546978954,268435456,8388608,32,2053,130746
1512554548930725,1512554549061573,268435456,8388608,32,2051,130848
1512554551013364,1512554551143439,268435456,8388608,32,2063,130075
1512554553096014,1512554553226453,268435456,8388608,32,2057,130439
1512554555178360,1512554555307494,268435456,8388608,32,2078,129134
1512554557259524,1512554557390476,268435456,8388608,32,2049,130952
1512554559342942,1512554559473685,268435456,8388608,32,2053,130743
1512554561426363,1512554561556452,268435456,8388608,32,2063,130089
1512554563509229,1512554563640312,268435456,8388608,32,2047,131083
1512554565593152,1512554565722565,268435456,8388608,32,2074,129413
1512554567675368,1512554567805756,268435456,8388608,32,2058,130388
1512554569758056,1512554569887776,268435456,8388608,32,2069,129720
1512554571840103,1512554571970747,268435456,8388608,32,2054,130644
1512554573924127,1512554574054621,268435456,8388608,32,2057,130494
1512554576006539,1512554576135970,268435456,8388608,32,2073,129431
1512554578088408,1512554578219388,268435456,8388608,32,2049,130980
1512554580174701,1512554580304533,268435456,8388608,32,2067,129832
1512554582257189,1512554582387992,268435456,8388608,32,2052,130803
1512554584338917,1512554584469367,268435456,8388608,32,2057,130450
1512554586420841,1512554586551714,268435456,8388608,32,2051,130873
1512554588503315,1512554588632235,268435456,8388608,32,2082,128920
1512554590584684,1512554590714778,268435456,8388608,32,2063,130094
1512554592666717,1512554592797372,268435456,8388608,32,2054,130655
1512554594750189,1512554594881079,268435456,8388608,32,2050,130890
1512554596832839,1512554596963195,268435456,8388608,32,2059,130356
1512554598916018,1512554599046271,268435456,8388608,32,2060,130253
1512554600998260,1512554601128788,268435456,8388608,32,2056,130528
1512554603081622,1512554603212078,268435456,8388608,32,2057,130456
1512554605164271,1512554605294866,268435456,8388608,32,2055,130595
1512554607247466,1512554607378392,268435456,8388608,32,2050,130926
1512554609330817,1512554609461881,268435456,8388608,32,2048,131064
1512554611414692,1512554611545872,268435456,8388608,32,2046,131180
1512554613497927,1512554613628887,268435456,8388608,32,2049,130960
1512554615581251,1512554615711255,268435456,8388608,32,2064,130004
1512554617664301,1512554617796229,268435456,8388608,32,2034,131928
1512554619771139,1512554619902246,268435456,8388608,32,2047,131107
1512554621855912,1512554621986936,268435456,8388608,32,2048,131024
1512554623940604,1512554624069678,268435456,8388608,32,2079,129074
1512554626022606,1512554626153848,268435456,8388608,32,2045,131242
1512554628107010,1512554628237908,268435456,8388608,32,2050,130898
1512554630191880,1512554630323411,268435456,8388608,32,2040,131531
1512554632277169,1512554632408389,268435456,8388608,32,2045,131220
1512554634363121,1512554634494097,268435456,8388608,32,2049,130976
1512554636448027,1512554636579023,268435456,8388608,32,2049,130996
1512554638533549,1512554638663956,268435456,8388608,32,2058,130407
1512554640620534,1512554640750755,268435456,8388608,32,2061,130221
1512554642704539,1512554642835381,268435456,8388608,32,2051,130842
1512554644789426,1512554644920929,268435456,8388608,32,2041,131503
1512554646874848,1512554647005806,268435456,8388608,32,2049,130958
1512554648959326,1512554649090748,268435456,8388608,32,2042,131422
1512554651044913,1512554651175617,268435456,8388608,32,2053,130704
1512554653129233,1512554653260888,268435456,8388608,32,2038,131655
1512554655214624,1512554655345694,268435456,8388608,32,2048,131070
1512554657298889,1512554657430084,268435456,8388608,32,2046,131195
1512554659383590,1512554659514820,268435456,8388608,32,2045,131230
1512554661468830,1512554661599090,268435456,8388608,32,2060,130260
1512554663552589,1512554663683541,268435456,8388608,32,2049,130952
1512554665637304,1512554665769032,268435456,8388608,32,2037,131728
1512554667722695,1512554667853653,268435456,8388608,32,2049,130958
1512554669807500,1512554669938748,268435456,8388608,32,2045,131248
1512554671892269,1512554672023737,268435456,8388608,32,2041,131468
1512554673977305,1512554674109165,268435456,8388608,32,2035,131860
1512554676078948,1512554676209962,268435456,8388608,32,2048,131014
1512554678164266,1512554678295904,268435456,8388608,32,2039,131638
1512554680249701,1512554680380051,268435456,8388608,32,2059,130350
1512554682333719,1512554682464962,268435456,8388608,32,2045,131243
1512554684418228,1512554684549628,268435456,8388608,32,2042,131400
1512554686503402,1512554686634498,268435456,8388608,32,2047,131096
1512554688588431,1512554688719489,268435456,8388608,32,2048,131058
1512554690673255,1512554690804417,268435456,8388608,32,2046,131162
1512554692758324,1512554692888638,268435456,8388608,32,2059,130314
1512554694842589,1512554694973507,268435456,8388608,32,2050,130918
1512554696927040,1512554697057712,268435456,8388608,32,2054,130672
1512554699011402,1512554699142620,268435456,8388608,32,2045,131218
1512554701098278,1512554701228979,268435456,8388608,32,2053,130701
1512554703181864,1512554703312751,268435456,8388608,32,2050,130887
1512554705266352,1512554705396911,268435456,8388608,32,2056,130559
1512554707349892,1512554707480983,268435456,8388608,32,2047,131091
1512554709433774,1512554709564816,268435456,8388608,32,2048,131042
1512554711518579,1512554711649807,268435456,8388608,32,2045,131228
1512554713602612,1512554713732836,268435456,8388608,32,2061,130224
1512554715696132,1512554715825803,268435456,8388608,32,2070,129671
1512554717796227,1512554717927470,268435456,8388608,32,2045,131243
1512554719881249,1512554720011492,268435456,8388608,32,2061,130243
1512554721965649,1512554722096914,268435456,8388608,32,2044,131265
1512554724050823,1512554724182088,268435456,8388608,32,2044,131265
1512554726137197,1512554726268664,268435456,8388608,32,2041,131467
1512554728223008,1512554728353419,268435456,8388608,32,2058,130411
1512554730307384,1512554730438564,268435456,8388608,32,2046,131180
1512554732392326,1512554732523416,268435456,8388608,32,2047,131090
1512554734476501,1512554734607221,268435456,8388608,32,2053,130720
1512554736561947,1512554736692846,268435456,8388608,32,2050,130899
1512554738646083,1512554738777055,268435456,8388608,32,2049,130972
1512554740731266,1512554740861970,268435456,8388608,32,2053,130704
1512554742814855,1512554742946142,268435456,8388608,32,2044,131287
1512554744899014,1512554745028878,268435456,8388608,32,2067,129864
1512554746982280,1512554747112498,268435456,8388608,32,2061,130218
1512554749065790,1512554749197107,268435456,8388608,32,2044,131317
1512554751149897,1512554751280998,268435456,8388608,32,2047,131101
1512554753234158,1512554753364726,268435456,8388608,32,2055,130568
1512554755317826,1512554755448944,268435456,8388608,32,2047,131118
1512554757402872,1512554757533101,268435456,8388608,32,2061,130229
1512554759486339,1512554759616060,268435456,8388608,32,2069,129721
1512554761572963,1512554761703916,268435456,8388608,32,2049,130953
1512554763658032,1512554763788435,268435456,8388608,32,2058,130403
1512554765742011,1512554765873464,268435456,8388608,32,2042,131453
1512554767827536,1512554767958590,268435456,8388608,32,2048,131054
1512554769912003,1512554770043019,268435456,8388608,32,2048,131016
1512554771997273,1512554772127572,268435456,8388608,32,2060,130299
1512554774081647,1512554774212698,268435456,8388608,32,2048,131051
1512554776166162,1512554776296783,268435456,8388608,32,2055,130621
1512554778250055,1512554778380033,268435456,8388608,32,2065,129978
1512554780334345,1512554780465377,268435456,8388608,32,2048,131032
1512554782418603,1512554782549784,268435456,8388608,32,2046,131181
1512554784503580,1512554784633567,268435456,8388608,32,2065,129987
1512554786587010,1512554786718157,268435456,8388608,32,2046,131147
1512554788671869,1512554788803323,268435456,8388608,32,2042,131454
1512554790756508,1512554790887571,268435456,8388608,32,2048,131063
1512554792841199,1512554792972449,268435456,8388608,32,2045,131250
1512554794925894,1512554795057053,268435456,8388608,32,2046,131159
1512554797011235,1512554797141244,268435456,8388608,32,2064,130009
1512554799096294,1512554799225440,268435456,8388608,32,2078,129146
1512554801178772,1512554801310245,268435456,8388608,32,2041,131473
1512554803264754,1512554803395972,268435456,8388608,32,2045,131218
1512554805349277,1512554805480462,268435456,8388608,32,2046,131185
1512554807434679,1512554807565226,268435456,8388608,32,2056,130547
1512554809519521,1512554809649854,268435456,8388608,32,2059,130333
1512554811603267,1512554811734221,268435456,8388608,32,2049,130954
1512554813687594,1512554813818815,268435456,8388608,32,2045,131221
1512554815772487,1512554815902724,268435456,8388608,32,2061,130237
1512554817856371,1512554817987759,268435456,8388608,32,2043,131388
1512554819941846,1512554820074983,268435456,8388608,32,2016,133137
1512554822028963,1512554822160124,268435456,8388608,32,2046,131161
1512554824113942,1512554824244632,268435456,8388608,32,2053,130690
1512554826198672,1512554826329669,268435456,8388608,32,2049,130997
1512554828283060,1512554828414204,268435456,8388608,32,2046,131144
1512554830367439,1512554830498559,268435456,8388608,32,2047,131120
1512554832452161,1512554832583552,268435456,8388608,32,2043,131391
1512554834537529,1512554834668494,268435456,8388608,32,2049,130965
1512554836622741,1512554836753837,268435456,8388608,32,2047,131096
1512554838707062,1512554838837946,268435456,8388608,32,2050,130884
1512554840791687,1512554840921542,268435456,8388608,32,2067,129855
1512554842874762,1512554843004765,268435456,8388608,32,2064,130003
1512554844958620,1512554845089769,268435456,8388608,32,2046,131149
1512554847043126,1512554847174320,268435456,8388608,32,2046,131194
1512554849127532,1512554849258729,268435456,8388608,32,2046,131197
1512554851212434,1512554851343599,268435456,8388608,32,2046,131165
1512554853297865,1512554853429342,268435456,8388608,32,2041,131477
1512554855382975,1512554855514181,268435456,8388608,32,2045,131206
1512554857467760,1512554857597935,268435456,8388608,32,2062,130175
1512554859552011,1512554859682941,268435456,8388608,32,2050,130930
1512554861637074,1512554861768368,268435456,8388608,32,2044,131294
1512554863721735,1512554863852697,268435456,8388608,32,2049,130962
1512554865806898,1512554865937692,268435456,8388608,32,2052,130794
1512554867891874,1512554868022817,268435456,8388608,32,2050,130943
1512554869976496,1512554870107797,268435456,8388608,32,2044,131301
1512554872061466,1512554872192678,268435456,8388608,32,2045,131212
1512554874145839,1512554874277169,268435456,8388608,32,2043,131330
1512554876230933,1512554876361821,268435456,8388608,32,2050,130888
1512554878315579,1512554878446674,268435456,8388608,32,2047,131095
1512554880402858,1512554880533800,268435456,8388608,32,2050,130942
1512554882488137,1512554882618969,268435456,8388608,32,2051,130832
1512554884573272,1512554884704204,268435456,8388608,32,2050,130932
1512554886657784,1512554886788829,268435456,8388608,32,2048,131045
1512554888742312,1512554888872620,268435456,8388608,32,2060,130308
1512554890826609,1512554890956923,268435456,8388608,32,2059,130314
1512554892910585,1512554893041881,268435456,8388608,32,2044,131296
1512554894995546,1512554895127238,268435456,8388608,32,2038,131692
1512554897081604,1512554897212461,268435456,8388608,32,2051,130857
1512554899166953,1512554899298172,268435456,8388608,32,2045,131219
1512554901251916,1512554901382114,268435456,8388608,32,2061,130198
1512554903335473,1512554903465849,268435456,8388608,32,2058,130376
1512554905419445,1512554905549673,268435456,8388608,32,2061,130228
1512554907502909,1512554907633863,268435456,8388608,32,2049,130954
1512554909587698,1512554909719040,268435456,8388608,32,2043,131342
1512554911673188,1512554911804650,268435456,8388608,32,2041,131462
1512554913758461,1512554913887926,268435456,8388608,32,2073,129465
1512554915841756,1512554915973053,268435456,8388608,32,2044,131297
1512554917926338,1512554918055731,268435456,8388608,32,2074,129393
1512554920009233,1512554920139857,268435456,8388608,32,2055,130624
1512554922093039,1512554922224177,268435456,8388608,32,2046,131138
1512554924178123,1512554924308486,268435456,8388608,32,2059,130363
1512554926261568,1512554926391903,268435456,8388608,32,2059,130335
1512554928345384,1512554928476751,268435456,8388608,32,2043,131367
1512554930430436,1512554930561460,268435456,8388608,32,2048,131024
1512554932515234,1512554932646051,268435456,8388608,32,2051,130817
1512554934599838,1512554934730785,268435456,8388608,32,2049,130947
1512554936684061,1512554936815413,268435456,8388608,32,2043,131352
1512554938769301,1512554938899921,268435456,8388608,32,2055,130620
1512554940856571,1512554940986977,268435456,8388608,32,2058,130406
1512554942941441,1512554943072672,268435456,8388608,32,2045,131231
1512554945027027,1512554945158477,268435456,8388608,32,2042,131450
1512554947111883,1512554947242745,268435456,8388608,32,2051,130862
1512554949196458,1512554949327717,268435456,8388608,32,2045,131259
1512554951281926,1512554951413185,268435456,8388608,32,2045,131259
1512554953366525,1512554953497675,268435456,8388608,32,2046,131150
1512554955451957,1512554955583279,268435456,8388608,32,2044,131322
1512554957536817,1512554957667349,268435456,8388608,32,2056,130532
1512554959620584,1512554959752025,268435456,8388608,32,2042,131441
1512554961706814,1512554961837833,268435456,8388608,32,2048,131019
1512554963791707,1512554963922646,268435456,8388608,32,2050,130939
1512554965876740,1512554966007911,268435456,8388608,32,2046,131171
1512554967961555,1512554968091780,268435456,8388608,32,2061,130225
1512554970045887,1512554970176232,268435456,8388608,32,2059,130345
1512554972130451,1512554972261401,268435456,8388608,32,2049,130950
1512554974214887,1512554974346224,268435456,8388608,32,2043,131337
1512554976299786,1512554976430823,268435456,8388608,32,2048,131037
1512554978384397,1512554978515353,268435456,8388608,32,2049,130956
1512554980468227,1512554980598472,268435456,8388608,32,2061,130245
1512554982552138,1512554982682524,268435456,8388608,32,2058,130386
1512554984635566,1512554984766870,268435456,8388608,32,2044,131304
1512554986720447,1512554986851092,268435456,8388608,32,2054,130645
1512554988804124,1512554988934643,268435456,8388608,32,2056,130519
1512554990888314,1512554991019259,268435456,8388608,32,2049,130945
1512554992972472,1512554993102417,268435456,8388608,32,2065,129945
1512554995055966,1512554995186908,268435456,8388608,32,2050,130942
1512554997140154,1512554997270275,268435456,8388608,32,2062,130121
1512554999224379,1512554999355361,268435456,8388608,32,2049,130982
1512555001312317,1512555001444028,268435456,8388608,32,2038,131711
1512555003397077,1512555003528373,268435456,8388608,32,2044,131296
1512555005498181,1512555005628930,268435456,8388608,32,2053,130749
1512555007582645,1512555007712549,268435456,8388608,32,2066,129904
1512555009666447,1512555009797596,268435456,8388608,32,2046,131149
1512555011751897,1512555011881929,268435456,8388608,32,2064,130032
1512555013836371,1512555013967607,268435456,8388608,32,2045,131236
1512555015921760,1512555016053048,268435456,8388608,32,2044,131288
1512555018006618,1512555018137859,268435456,8388608,32,2045,131241
1512555020091147,1512555020221332,268435456,8388608,32,2061,130185
1512555022176177,1512555022307496,268435456,8388608,32,2044,131319
1512555024261543,1512555024392412,268435456,8388608,32,2051,130869
1512555026346982,1512555026477845,268435456,8388608,32,2051,130863
1512555028431960,1512555028562847,268435456,8388608,32,2050,130887
1512555030517460,1512555030647947,268435456,8388608,32,2057,130487
1512555032601717,1512555032732533,268435456,8388608,32,2052,130816
1512555034685985,1512555034815216,268435456,8388608,32,2077,129231
1512555036768867,1512555036899311,268435456,8388608,32,2057,130444
1512555038852758,1512555038982857,268435456,8388608,32,2063,130099
1512555040936269,1512555041067099,268435456,8388608,32,2051,130830
1512555043020199,1512555043150908,268435456,8388608,32,2053,130709
1512555045104241,1512555045235467,268435456,8388608,32,2045,131226
1512555047188323,1512555047319081,268435456,8388608,32,2052,130758
1512555049272508,1512555049403741,268435456,8388608,32,2045,131233
1512555051357269,1512555051488412,268435456,8388608,32,2046,131143
1512555053441507,1512555053571433,268435456,8388608,32,2066,129926
1512555055524725,1512555055654837,268435456,8388608,32,2063,130112
1512555057609581,1512555057739971,268435456,8388608,32,2058,130390
1512555059693643,1512555059823746,268435456,8388608,32,2063,130103
1512555061779571,1512555061910324,268435456,8388608,32,2052,130753
1512555063863621,1512555063993739,268435456,8388608,32,2063,130118
1512555065947146,1512555066077094,268435456,8388608,32,2065,129948
1512555068029907,1512555068160948,268435456,8388608,32,2048,131041
1512555070114009,1512555070244623,268435456,8388608,32,2055,130614
1512555072197444,1512555072328155,268435456,8388608,32,2053,130711
1512555074281564,1512555074412281,268435456,8388608,32,2053,130717
1512555076366212,1512555076497249,268435456,8388608,32,2048,131037
1512555078451155,1512555078582049,268435456,8388608,32,2050,130894
1512555080535979,1512555080666426,268435456,8388608,32,2057,130447
1512555082620005,1512555082750940,268435456,8388608,32,2050,130935
1512555084705053,1512555084836020,268435456,8388608,32,2049,130967
1512555086789417,1512555086920354,268435456,8388608,32,2050,130937
1512555088873738,1512555089004786,268435456,8388608,32,2048,131048
1512555090958132,1512555091089041,268435456,8388608,32,2050,130909
1512555093042178,1512555093173074,268435456,8388608,32,2050,130896
1512555095126852,1512555095258129,268435456,8388608,32,2044,131277
1512555097211492,1512555097341761,268435456,8388608,32,2060,130269
1512555099295657,1512555099426444,268435456,8388608,32,2052,130787
1512555101379949,1512555101511101,268435456,8388608,32,2046,131152
1512555103464089,1512555103595159,268435456,8388608,32,2048,131070
1512555105548788,1512555105678784,268435456,8388608,32,2064,129996
1512555107631692,1512555107763020,268435456,8388608,32,2044,131328
1512555109716709,1512555109847953,268435456,8388608,32,2045,131244
1512555111801974,1512555111933004,268435456,8388608,32,2048,131030
1512555113886532,1512555114017054,268435456,8388608,32,2056,130522
1512555115970401,1512555116100649,268435456,8388608,32,2060,130248
1512555118054665,1512555118185877,268435456,8388608,32,2045,131212
1512555120142994,1512555120273741,268435456,8388608,32,2053,130747
1512555122227644,1512555122358472,268435456,8388608,32,2051,130828
1512555124312842,1512555124443833,268435456,8388608,32,2049,130991
1512555126397525,1512555126528631,268435456,8388608,32,2047,131106
1512555128482891,1512555128613174,268435456,8388608,32,2060,130283
1512555130566762,1512555130696930,268435456,8388608,32,2062,130168
1512555132650455,1512555132781305,268435456,8388608,32,2051,130850
1512555134734672,1512555134865758,268435456,8388608,32,2047,131086
1512555136819603,1512555136950921,268435456,8388608,32,2044,131318
1512555138904282,1512555139035266,268435456,8388608,32,2049,130984
1512555140989482,1512555141119564,268435456,8388608,32,2063,130082
1512555143075042,1512555143205376,268435456,8388608,32,2059,130334
1512555145158844,1512555145289817,268435456,8388608,32,2049,130973
1512555147243426,1512555147373539,268435456,8388608,32,2063,130113
1512555149328643,1512555149458740,268435456,8388608,32,2063,130097
1512555151412919,1512555151543804,268435456,8388608,32,2050,130885
1512555153498568,1512555153629625,268435456,8388608,32,2048,131057
1512555155583693,1512555155714785,268435456,8388608,32,2047,131092
1512555157668992,1512555157799916,268435456,8388608,32,2050,130924
1512555159754125,1512555159885072,268435456,8388608,32,2049,130947
1512555161838498,1512555161968431,268435456,8388608,32,2065,129933
1512555163921893,1512555164052218,268435456,8388608,32,2059,130325
1512555166005741,1512555166136938,268435456,8388608,32,2046,131197
1512555168090995,1512555168221997,268435456,8388608,32,2049,131002
1512555170175756,1512555170306859,268435456,8388608,32,2047,131103
1512555172260043,1512555172390758,268435456,8388608,32,2053,130715
1512555174344641,1512555174475427,268435456,8388608,32,2052,130786
1512555176428985,1512555176560206,268435456,8388608,32,2045,131221
1512555178513767,1512555178644996,268435456,8388608,32,2045,131229
1512555180601321,1512555180732306,268435456,8388608,32,2049,130985
1512555182687404,1512555182818470,268435456,8388608,32,2048,131066
1512555184772539,1512555184903593,268435456,8388608,32,2048,131054
1512555186857002,1512555186988110,268435456,8388608,32,2047,131108
1512555188941657,1512555189072169,268435456,8388608,32,2056,130512
1512555191026523,1512555191157803,268435456,8388608,32,2044,131280
1512555193112091,1512555193243396,268435456,8388608,32,2044,131305
1512555195197058,1512555195327856,268435456,8388608,32,2052,130798
1512555197281963,1512555197412846,268435456,8388608,32,2050,130883
1512555199366590,1512555199497748,268435456,8388608,32,2046,131158
1512555201451080,1512555201581029,268435456,8388608,32,2065,129949
1512555203535011,1512555203665525,268435456,8388608,32,2056,130514
1512555205619479,1512555205751189,268435456,8388608,32,2038,131710
1512555207705563,1512555207836683,268435456,8388608,32,2047,131120
1512555209790528,1512555209921653,268435456,8388608,32,2047,131125
1512555211875927,1512555212007055,268435456,8388608,32,2047,131128
1512555213960804,1512555214092023,268435456,8388608,32,2045,131219
1512555216046110,1512555216175292,268435456,8388608,32,2077,129182
1512555218129201,1512555218257910,268435456,8388608,32,2085,128709
1512555220211533,1512555220340981,268435456,8388608,32,2073,129448
1512555222294659,1512555222426031,268435456,8388608,32,2043,131372
1512555224380017,1512555224510679,268435456,8388608,32,2054,130662
1512555226464804,1512555226595755,268435456,8388608,32,2049,130951
1512555228548453,1512555228679256,268435456,8388608,32,2052,130803
1512555230633238,1512555230764660,268435456,8388608,32,2042,131422
1512555232717812,1512555232849076,268435456,8388608,32,2045,131264
1512555234826435,1512555234957167,268435456,8388608,32,2053,130732
1512555236911027,1512555237042297,268435456,8388608,32,2044,131270
1512555238996038,1512555239127463,268435456,8388608,32,2042,131425
1512555241084685,1512555241215768,268435456,8388608,32,2047,131083
1512555243170354,1512555243300713,268435456,8388608,32,2059,130359
1512555245254803,1512555245385296,268435456,8388608,32,2057,130493
1512555247338921,1512555247469424,268435456,8388608,32,2056,130503
1512555249423956,1512555249554854,268435456,8388608,32,2050,130898
1512555251508859,1512555251639902,268435456,8388608,32,2048,131043
1512555253593518,1512555253724613,268435456,8388608,32,2047,131095
1512555255678393,1512555255809526,268435456,8388608,32,2047,131133
1512555257763385,1512555257894525,268435456,8388608,32,2046,131140
1512555259848401,1512555259978732,268435456,8388608,32,2059,130331
1512555261933222,1512555262063906,268435456,8388608,32,2054,130684
1512555264017552,1512555264147913,268435456,8388608,32,2059,130361
1512555266101666,1512555266231791,268435456,8388608,32,2062,130125
1512555268184946,1512555268316225,268435456,8388608,32,2044,131279
1512555270270232,1512555270399932,268435456,8388608,32,2069,129700
1512555272353757,1512555272485049,268435456,8388608,32,2044,131292
1512555274439057,1512555274570153,268435456,8388608,32,2047,131096
1512555276523925,1512555276654415,268435456,8388608,32,2057,130490
1512555278607976,1512555278738324,268435456,8388608,32,2059,130348
1512555280691691,1512555280821727,268435456,8388608,32,2064,130036
1512555282775099,1512555282906313,268435456,8388608,32,2045,131214
1512555284859803,1512555284991116,268435456,8388608,32,2044,131313
1512555286944198,1512555287074071,268435456,8388608,32,2066,129873
1512555289026905,1512555289158154,268435456,8388608,32,2045,131249
1512555291111929,1512555291242896,268435456,8388608,32,2049,130967
1512555293196769,1512555293326331,268435456,8388608,32,2071,129562
1512555295280443,1512555295411627,268435456,8388608,32,2046,131184
1512555297365286,1512555297494789,268435456,8388608,32,2072,129503
1512555299449009,1512555299579277,268435456,8388608,32,2060,130268
1512555301535975,1512555301667020,268435456,8388608,32,2048,131045
1512555303622061,1512555303752435,268435456,8388608,32,2058,130374
1512555305705616,1512555305836861,268435456,8388608,32,2045,131245
1512555307790560,1512555307921919,268435456,8388608,32,2043,131359
1512555309875288,1512555310006739,268435456,8388608,32,2042,131451
1512555311960989,1512555312091139,268435456,8388608,32,2062,130150
1512555314045004,1512555314175928,268435456,8388608,32,2050,130924
1512555316129884,1512555316259983,268435456,8388608,32,2063,130099
1512555318213864,1512555318345170,268435456,8388608,32,2044,131306
1512555320299325,1512555320429446,268435456,8388608,32,2062,130121
1512555322384144,1512555322515410,268435456,8388608,32,2044,131266
1512555324469473,1512555324600819,268435456,8388608,32,2043,131346
1512555326554137,1512555326685312,268435456,8388608,32,2046,131175
1512555328639539,1512555328770698,268435456,8388608,32,2046,131159
1512555330724795,1512555330856119,268435456,8388608,32,2044,131324
1512555332809227,1512555332940623,268435456,8388608,32,2042,131396
1512555334894869,1512555335026446,268435456,8388608,32,2040,131577
1512555336980076,1512555337110283,268435456,8388608,32,2061,130207
1512555339064317,1512555339195472,268435456,8388608,32,2046,131155
1512555341150526,1512555341281439,268435456,8388608,32,2050,130913
1512555343235023,1512555343364530,268435456,8388608,32,2072,129507
1512555345317908,1512555345448981,268435456,8388608,32,2047,131073
1512555347402494,1512555347534047,268435456,8388608,32,2040,131553
1512555349487263,1512555349618269,268435456,8388608,32,2049,131006
1512555351571560,1512555351702742,268435456,8388608,32,2046,131182
1512555353655920,1512555353786713,268435456,8388608,32,2052,130793
1512555355740482,1512555355871327,268435456,8388608,32,2051,130845
1512555357824560,1512555357954375,268435456,8388608,32,2067,129815
1512555359907599,1512555360040871,268435456,8388608,32,2014,133272
1512555361995263,1512555362124722,268435456,8388608,32,2073,129459
1512555364078476,1512555364209249,268435456,8388608,32,2052,130773
1512555366162976,1512555366293736,268435456,8388608,32,2052,130760
1512555368247977,1512555368378606,268435456,8388608,32,2054,130629
1512555370331568,1512555370462383,268435456,8388608,32,2052,130815
1512555372416178,1512555372546164,268435456,8388608,32,2065,129986
1512555374500002,1512555374629246,268435456,8388608,32,2076,129244
1512555376583611,1512555376713810,268435456,8388608,32,2061,130199
1512555378667494,1512555378798498,268435456,8388608,32,2049,131004
1512555380751619,1512555380882404,268435456,8388608,32,2052,130785
1512555382835720,1512555382966534,268435456,8388608,32,2052,130814
1512555384919932,1512555385049876,268435456,8388608,32,2065,129944
1512555387003212,1512555387134079,268435456,8388608,32,2051,130867
1512555389086910,1512555389217983,268435456,8388608,32,2047,131073
1512555391171322,1512555391302091,268435456,8388608,32,2052,130769
1512555393256259,1512555393386627,268435456,8388608,32,2059,130368
1512555395339529,1512555395469406,268435456,8388608,32,2066,129877
1512555397422550,1512555397553437,268435456,8388608,32,2050,130887
1512555399506367,1512555399636932,268435456,8388608,32,2055,130565
1512555401590437,1512555401720082,268435456,8388608,32,2070,129645
1512555403673834,1512555403803819,268435456,8388608,32,2065,129985
1512555405757528,1512555405888332,268435456,8388608,32,2052,130804
1512555407843009,1512555407974007,268435456,8388608,32,2049,130998
1512555409928319,1512555410058217,268435456,8388608,32,2066,129898
1512555412012757,1512555412143048,268435456,8388608,32,2060,130291
1512555414096036,1512555414226166,268435456,8388608,32,2062,130130
1512555416180905,1512555416312180,268435456,8388608,32,2044,131275
1512555418265768,1512555418396805,268435456,8388608,32,2048,131037
1512555420352411,1512555420483614,268435456,8388608,32,2045,131203
1512555422436792,1512555422567700,268435456,8388608,32,2050,130908
1512555424520936,1512555424652232,268435456,8388608,32,2044,131296
1512555426606196,1512555426737380,268435456,8388608,32,2046,131184
1512555428691886,1512555428823141,268435456,8388608,32,2045,131255
1512555430776974,1512555430908184,268435456,8388608,32,2045,131210
1512555432860840,1512555432991911,268435456,8388608,32,2048,131071
1512555434945214,1512555435076785,268435456,8388608,32,2040,131571
1512555437029638,1512555437160551,268435456,8388608,32,2050,130913
1512555439114237,1512555439244928,268435456,8388608,32,2053,130691
1512555441198923,1512555441329171,268435456,8388608,32,2060,130248
1512555443282238,1512555443413084,268435456,8388608,32,2051,130846
1512555445366018,1512555445496157,268435456,8388608,32,2062,130139
1512555447449007,1512555447580120,268435456,8388608,32,2047,131113
1512555449532928,1512555449664256,268435456,8388608,32,2044,131328
1512555451617315,1512555451748233,268435456,8388608,32,2050,130918
1512555453701699,1512555453832747,268435456,8388608,32,2048,131048
1512555455786960,1512555455917262,268435456,8388608,32,2060,130302
1512555457870222,1512555458001003,268435456,8388608,32,2052,130781
1512555459954081,1512555460085092,268435456,8388608,32,2048,131011
1512555462038745,1512555462168450,268435456,8388608,32,2069,129705
1512555464121694,1512555464252787,268435456,8388608,32,2047,131093
1512555466206232,1512555466336236,268435456,8388608,32,2064,130004
1512555468289976,1512555468420804,268435456,8388608,32,2051,130828
1512555470374805,1512555470505740,268435456,8388608,32,2050,130935
1512555472459770,1512555472590162,268435456,8388608,32,2058,130392
1512555474543896,1512555474674163,268435456,8388608,32,2060,130267
1512555476627767,1512555476758649,268435456,8388608,32,2050,130882
1512555478711625,1512555478842613,268435456,8388608,32,2049,130988
1512555480798961,1512555480929787,268435456,8388608,32,2051,130826
1512555482883919,1512555483015071,268435456,8388608,32,2046,131152
1512555484968017,1512555485098130,268435456,8388608,32,2063,130113
1512555487051645,1512555487182580,268435456,8388608,32,2050,130935
1512555489135472,1512555489265788,268435456,8388608,32,2059,130316
1512555491219843,1512555491349686,268435456,8388608,32,2067,129843
1512555493303719,1512555493435185,268435456,8388608,32,2041,131466
1512555495388314,1512555495518301,268435456,8388608,32,2065,129987
1512555497471208,1512555497601669,268435456,8388608,32,2057,130461
1512555499555066,1512555499686053,268435456,8388608,32,2049,130987
1512555501639995,1512555501770883,268435456,8388608,32,2050,130888
1512555503724234,1512555503855342,268435456,8388608,32,2047,131108
1512555505808589,1512555505938239,268435456,8388608,32,2070,129650
1512555507891153,1512555508022354,268435456,8388608,32,2045,131201
1512555509974982,1512555510106254,268435456,8388608,32,2044,131272
1512555512059580,1512555512190612,268435456,8388608,32,2048,131032
1512555514144244,1512555514273581,268435456,8388608,32,2075,129337
1512555516227533,1512555516358643,268435456,8388608,32,2047,131110
1512555518311956,1512555518442827,268435456,8388608,32,2051,130871
1512555520395826,1512555520526043,268435456,8388608,32,2061,130217
1512555522479303,1512555522608543,268435456,8388608,32,2077,129240
1512555524562498,1512555524692802,268435456,8388608,32,2060,130304
1512555526645939,1512555526775208,268435456,8388608,32,2076,129269
1512555528728255,1512555528859318,268435456,8388608,32,2048,131063
1512555530813032,1512555530943988,268435456,8388608,32,2049,130956
1512555532897236,1512555533028079,268435456,8388608,32,2051,130843
1512555534981133,1512555535111876,268435456,8388608,32,2053,130743
1512555537065563,1512555537196507,268435456,8388608,32,2050,130944
1512555539149818,1512555539279645,268435456,8388608,32,2067,129827
1512555541236017,1512555541367261,268435456,8388608,32,2045,131244
1512555543320590,1512555543451552,268435456,8388608,32,2049,130962
1512555545405305,1512555545536444,268435456,8388608,32,2046,131139
1512555547489763,1512555547621144,268435456,8388608,32,2043,131381
1512555549574113,1512555549704504,268435456,8388608,32,2058,130391
1512555551657735,1512555551788875,268435456,8388608,32,2046,131140
1512555553742575,1512555553873389,268435456,8388608,32,2052,130814
1512555555826144,1512555555957202,268435456,8388608,32,2048,131058
1512555557910219,1512555558041301,268435456,8388608,32,2047,131082
1512555559995051,1512555560125978,268435456,8388608,32,2050,130927
1512555562079177,1512555562209017,268435456,8388608,32,2067,129840
1512555564161713,1512555564292787,268435456,8388608,32,2047,131074
1512555566245715,1512555566376767,268435456,8388608,32,2048,131052
1512555568331045,1512555568462204,268435456,8388608,32,2046,131159
1512555570415526,1512555570546379,268435456,8388608,32,2051,130853
1512555572500502,1512555572631407,268435456,8388608,32,2050,130905
1512555574584473,1512555574715262,268435456,8388608,32,2052,130789
1512555576667874,1512555576797085,268435456,8388608,32,2077,129211
1512555578750998,1512555578882315,268435456,8388608,32,2044,131317
1512555580836845,1512555580967666,268435456,8388608,32,2051,130821
1512555582921225,1512555583052166,268435456,8388608,32,2050,130941
1512555585005445,1512555585136607,268435456,8388608,32,2046,131162
1512555587089812,1512555587220791,268435456,8388608,32,2049,130979
1512555589173764,1512555589302807,268435456,8388608,32,2080,129043
1512555591256997,1512555591388085,268435456,8388608,32,2047,131088
1512555593341135,1512555593472383,268435456,8388608,32,2045,131248
1512555595426092,1512555595555796,268435456,8388608,32,2069,129704
1512555597509416,1512555597640210,268435456,8388608,32,2052,130794
1512555599593429,1512555599723897,268435456,8388608,32,2057,130468
1512555601679943,1512555601811241,268435456,8388608,32,2044,131298
1512555603764350,1512555603894631,268435456,8388608,32,2060,130281
1512555605848838,1512555605979277,268435456,8388608,32,2057,130439
1512555607932945,1512555608063752,268435456,8388608,32,2052,130807
1512555610017165,1512555610147972,268435456,8388608,32,2052,130807
1512555612101948,1512555612232770,268435456,8388608,32,2051,130822
1512555614184854,1512555614315423,268435456,8388608,32,2055,130569
1512555616269186,1512555616399742,268435456,8388608,32,2056,130556
1512555618352578,1512555618481812,268435456,8388608,32,2077,129234
1512555620434678,1512555620564644,268435456,8388608,32,2065,129966
1512555622518483,1512555622648924,268435456,8388608,32,2057,130441
1512555624602790,1512555624733759,268435456,8388608,32,2049,130969
1512555626687421,1512555626818611,268435456,8388608,32,2046,131190
1512555628772223,1512555628903133,268435456,8388608,32,2050,130910
1512555630856073,1512555630985878,268435456,8388608,32,2067,129805
1512555632940004,1512555633071063,268435456,8388608,32,2048,131059
1512555635025319,1512555635156400,268435456,8388608,32,2047,131081
1512555637110389,1512555637241227,268435456,8388608,32,2051,130838
1512555639194632,1512555639325374,268435456,8388608,32,2053,130742
1512555641279313,1512555641410600,268435456,8388608,32,2044,131287
1512555643364268,1512555643495078,268435456,8388608,32,2052,130810
1512555645449366,1512555645580475,268435456,8388608,32,2047,131109
1512555647534224,1512555647664749,268435456,8388608,32,2056,130525
1512555649618968,1512555649749362,268435456,8388608,32,2058,130394
1512555651703344,1512555651834136,268435456,8388608,32,2052,130792
1512555653787711,1512555653919238,268435456,8388608,32,2040,131527
1512555655890067,1512555656020910,268435456,8388608,32,2051,130843
1512555657974686,1512555658103260,268435456,8388608,32,2087,128574
1512555660059768,1512555660190947,268435456,8388608,32,2046,131179
1512555662145344,1512555662276244,268435456,8388608,32,2050,130900
1512555664229886,1512555664360564,268435456,8388608,32,2054,130678
1512555666313805,1512555666443181,268435456,8388608,32,2074,129376
1512555668396220,1512555668526905,268435456,8388608,32,2054,130685
1512555670480572,1512555670611657,268435456,8388608,32,2047,131085
1512555672565335,1512555672696109,268435456,8388608,32,2052,130774
1512555674649747,1512555674780591,268435456,8388608,32,2051,130844
1512555676734707,1512555676865447,268435456,8388608,32,2053,130740
1512555678819127,1512555678950304,268435456,8388608,32,2046,131177
1512555680904001,1512555681035278,268435456,8388608,32,2044,131277
1512555682988829,1512555683119728,268435456,8388608,32,2050,130899
1512555685073820,1512555685204777,268435456,8388608,32,2049,130957
1512555687158371,1512555687289537,268435456,8388608,32,2046,131166
1512555689243593,1512555689374774,268435456,8388608,32,2046,131181
1512555691328832,1512555691460241,268435456,8388608,32,2042,131409
1512555693413375,1512555693544563,268435456,8388608,32,2046,131188
1512555695498147,1512555695629471,268435456,8388608,32,2044,131324
1512555697583422,1512555697714461,268435456,8388608,32,2048,131039
1512555699668328,1512555699799733,268435456,8388608,32,2042,131405
1512555701754058,1512555701885371,268435456,8388608,32,2044,131313
1512555703839676,1512555703970776,268435456,8388608,32,2047,131100
1512555705924528,1512555706055585,268435456,8388608,32,2048,131057
1512555708009205,1512555708138564,268435456,8388608,32,2075,129359
1512555710099921,1512555710230106,268435456,8388608,32,2061,130185
1512555712183854,1512555712314757,268435456,8388608,32,2050,130903
1512555714268383,1512555714399158,268435456,8388608,32,2052,130775
1512555716352756,1512555716483679,268435456,8388608,32,2050,130923
1512555718437794,1512555718568468,268435456,8388608,32,2054,130674
1512555720524908,1512555720653868,268435456,8388608,32,2081,128960
1512555722607487,1512555722738792,268435456,8388608,32,2044,131305
1512555724692683,1512555724823385,268435456,8388608,32,2053,130702
1512555726777221,1512555726907978,268435456,8388608,32,2052,130757
1512555728861637,1512555728992835,268435456,8388608,32,2046,131198
1512555730946112,1512555731077140,268435456,8388608,32,2048,131028
1512555733030588,1512555733160844,268435456,8388608,32,2060,130256
1512555735115277,1512555735246261,268435456,8388608,32,2049,130984
1512555737199437,1512555737329390,268435456,8388608,32,2065,129953
1512555739283081,1512555739414139,268435456,8388608,32,2048,131058
1512555741368210,1512555741497692,268435456,8388608,32,2073,129482
1512555743452035,1512555743582796,268435456,8388608,32,2052,130761
1512555745537103,1512555745667873,268435456,8388608,32,2052,130770
1512555747622437,1512555747753465,268435456,8388608,32,2048,131028
1512555749706833,1512555749837180,268435456,8388608,32,2059,130347
1512555751813381,1512555751943755,268435456,8388608,32,2058,130374
1512555753903281,1512555754034060,268435456,8388608,32,2052,130779
1512555755987796,1512555756118011,268435456,8388608,32,2061,130215
1512555758071450,1512555758202690,268435456,8388608,32,2045,131240
1512555760156584,1512555760287824,268435456,8388608,32,2045,131240
1512555762241988,1512555762372877,268435456,8388608,32,2050,130889
1512555764326473,1512555764456403,268435456,8388608,32,2066,129930
1512555766408921,1512555766539480,268435456,8388608,32,2056,130559
1512555768492700,1512555768622782,268435456,8388608,32,2063,130082
1512555770575947,1512555770707007,268435456,8388608,32,2048,131060
1512555772660163,1512555772790434,268435456,8388608,32,2060,130271
1512555774743372,1512555774873940,268435456,8388608,32,2055,130568
1512555776826890,1512555776957058,268435456,8388608,32,2062,130168
1512555778909799,1512555779040688,268435456,8388608,32,2050,130889
1512555780996460,1512555781126138,268435456,8388608,32,2070,129678
1512555783079984,1512555783210721,268435456,8388608,32,2053,130737
1512555785164050,1512555785293126,268435456,8388608,32,2079,129076
1512555787246337,1512555787377294,268435456,8388608,32,2049,130957
1512555789330246,1512555789460047,268435456,8388608,32,2068,129801
1512555791415429,1512555791545603,268435456,8388608,32,2062,130174
1512555793499052,1512555793629968,268435456,8388608,32,2050,130916
1512555795583538,1512555795713669,268435456,8388608,32,2062,130131
1512555797667109,1512555797798282,268435456,8388608,32,2046,131173
1512555799752118,1512555799882493,268435456,8388608,32,2058,130375
1512555801835478,1512555801965553,268435456,8388608,32,2063,130075
1512555803919071,1512555804050159,268435456,8388608,32,2047,131088
1512555806004278,1512555806134328,268435456,8388608,32,2064,130050
1512555808088293,1512555808219518,268435456,8388608,32,2045,131225
1512555810172896,1512555810304042,268435456,8388608,32,2046,131146
1512555812257390,1512555812388094,268435456,8388608,32,2053,130704
1512555814341391,1512555814471929,268435456,8388608,32,2056,130538
1512555816426056,1512555816556298,268435456,8388608,32,2061,130242
1512555818509724,1512555818639978,268435456,8388608,32,2060,130254
1512555820593627,1512555820724779,268435456,8388608,32,2046,131152
1512555822677944,1512555822807956,268435456,8388608,32,2064,130012
1512555824761384,1512555824891547,268435456,8388608,32,2062,130163
1512555826845087,1512555826976059,268435456,8388608,32,2049,130972
1512555828928839,1512555829060278,268435456,8388608,32,2042,131439
1512555831013625,1512555831144381,268435456,8388608,32,2052,130756
1512555833097402,1512555833227629,268435456,8388608,32,2061,130227
1512555835181165,1512555835311870,268435456,8388608,32,2053,130705
1512555837266219,1512555837397411,268435456,8388608,32,2046,131192
1512555839352153,1512555839482025,268435456,8388608,32,2066,129872
1512555841438995,1512555841568895,268435456,8388608,32,2066,129900
1512555843523457,1512555843653450,268435456,8388608,32,2064,129993
1512555845606534,1512555845737336,268435456,8388608,32,2052,130802
1512555847691111,1512555847821980,268435456,8388608,32,2051,130869
1512555849775873,1512555849906585,268435456,8388608,32,2053,130712
1512555851860549,1512555851991066,268435456,8388608,32,2056,130517
1512555853945476,1512555854076684,268435456,8388608,32,2045,131208
1512555856030028,1512555856161278,268435456,8388608,32,2045,131250
1512555858116273,1512555858247481,268435456,8388608,32,2045,131208
1512555860201445,1512555860332537,268435456,8388608,32,2047,131092
1512555862285896,1512555862416886,268435456,8388608,32,2049,130990
1512555864371195,1512555864501538,268435456,8388608,32,2059,130343
1512555866456073,1512555866586972,268435456,8388608,32,2050,130899
1512555868540525,1512555868671534,268435456,8388608,32,2048,131009
1512555870625515,1512555870756376,268435456,8388608,32,2051,130861
1512555872710558,1512555872841574,268435456,8388608,32,2048,131016
1512555874795745,1512555874925951,268435456,8388608,32,2061,130206
1512555876879820,1512555877010934,268435456,8388608,32,2047,131114
1512555878964515,1512555879095209,268435456,8388608,32,2053,130694
1512555881048538,1512555881179618,268435456,8388608,32,2047,131080
1512555883133101,1512555883264344,268435456,8388608,32,2045,131243
1512555885218165,1512555885348609,268435456,8388608,32,2057,130444
1512555887301868,1512555887433000,268435456,8388608,32,2047,131132
1512555889386275,1512555889517113,268435456,8388608,32,2051,130838
1512555891470938,1512555891602558,268435456,8388608,32,2039,131620
1512555893555660,1512555893686709,268435456,8388608,32,2048,131049
1512555895640528,1512555895771503,268435456,8388608,32,2049,130975
1512555897725807,1512555897856983,268435456,8388608,32,2046,131176
1512555899811234,1512555899942572,268435456,8388608,32,2043,131338
1512555901898306,1512555902029473,268435456,8388608,32,2046,131167
1512555903983424,1512555904113824,268435456,8388608,32,2058,130400
1512555906067575,1512555906198645,268435456,8388608,32,2048,131070
1512555908152725,1512555908282932,268435456,8388608,32,2061,130207
1512555910236850,1512555910368047,268435456,8388608,32,2046,131197
1512555912321990,1512555912453101,268435456,8388608,32,2047,131111
1512555914406673,1512555914537666,268435456,8388608,32,2049,130993
1512555916491084,1512555916622204,268435456,8388608,32,2047,131120
1512555918575417,1512555918706253,268435456,8388608,32,2051,130836
1512555920660080,1512555920791155,268435456,8388608,32,2047,131075
1512555922744641,1512555922874553,268435456,8388608,32,2066,129912
1512555924828337,1512555924959392,268435456,8388608,32,2048,131055
1512555926912942,1512555927043872,268435456,8388608,32,2050,130930
1512555928998057,1512555929128897,268435456,8388608,32,2051,130840
1512555931082274,1512555931212371,268435456,8388608,32,2063,130097
1512555933165914,1512555933297257,268435456,8388608,32,2043,131343
1512555935250644,1512555935380777,268435456,8388608,32,2062,130133
1512555937334058,1512555937465003,268435456,8388608,32,2049,130945
1512555939418177,1512555939549276,268435456,8388608,32,2047,131099
1512555941503244,1512555941633242,268435456,8388608,32,2064,129998
1512555943586184,1512555943717299,268435456,8388608,32,2047,131115
1512555945670685,1512555945801481,268435456,8388608,32,2052,130796
1512555947754695,1512555947885639,268435456,8388608,32,2050,130944
1512555949838990,1512555949967770,268435456,8388608,32,2084,128780
1512555951921074,1512555952051638,268435456,8388608,32,2055,130564
1512555954004556,1512555954134693,268435456,8388608,32,2062,130137
1512555956088570,1512555956218872,268435456,8388608,32,2060,130302
1512555958172064,1512555958303271,268435456,8388608,32,2045,131207
1512555960258682,1512555960389622,268435456,8388608,32,2050,130940
1512555962343589,1512555962474164,268435456,8388608,32,2055,130575
1512555964427799,1512555964557948,268435456,8388608,32,2062,130149
1512555966511326,1512555966641327,268435456,8388608,32,2064,130001
1512555968594943,1512555968725213,268435456,8388608,32,2060,130270
1512555970678837,1512555970810101,268435456,8388608,32,2045,131264
1512555972763086,1512555972893029,268435456,8388608,32,2065,129943
1512555974846844,1512555974977691,268435456,8388608,32,2051,130847
1512555976931383,1512555977062465,268435456,8388608,32,2047,131082
1512555979015776,1512555979146784,268435456,8388608,32,2049,131008
1512555981100943,1512555981231859,268435456,8388608,32,2050,130916
1512555983184903,1512555983316213,268435456,8388608,32,2044,131310
1512555985270064,1512555985399727,268435456,8388608,32,2070,129663
1512555987353805,1512555987484815,268435456,8388608,32,2048,131010
