1512429117680462,1512429117680468,1024,64,16,170,6
1512429117685658,1512429117685662,1024,64,16,256,4
1512429117690730,1512429117690736,1024,64,16,170,6
1512429117695699,1512429117695705,1024,64,16,170,6
1512429117700525,1512429117700530,1024,64,16,204,5
1512429117704976,1512429117704983,1024,64,16,146,7
1512429117709212,1512429117709219,1024,64,16,146,7
1512429117713312,1512429117713318,1024,64,16,170,6
1512429117717294,1512429117717300,1024,64,16,170,6
1512429117721291,1512429117721297,1024,64,16,170,6
1512429117725293,1512429117725299,1024,64,16,170,6
1512429117729275,1512429117729281,1024,64,16,170,6
1512429117733270,1512429117733276,1024,64,16,170,6
1512429117737264,1512429117737271,1024,64,16,146,7
1512429117741265,1512429117741271,1024,64,16,170,6
1512429117745268,1512429117745275,1024,64,16,146,7
1512429117749296,1512429117749302,1024,64,16,170,6
1512429117753306,1512429117753312,1024,64,16,170,6
1512429117757319,1512429117757325,1024,64,16,170,6
1512429117761337,1512429117761343,1024,64,16,170,6
1512429117765340,1512429117765346,1024,64,16,170,6
1512429117769345,1512429117769352,1024,64,16,146,7
1512429117773266,1512429117773272,1024,64,16,170,6
1512429117777151,1512429117777158,1024,64,16,146,7
1512429117781062,1512429117781068,1024,64,16,170,6
1512429117785044,1512429117785050,1024,64,16,170,6
1512429117788987,1512429117788993,1024,64,16,170,6
1512429117792843,1512429117792849,1024,64,16,170,6
1512429117796790,1512429117796796,1024,64,16,170,6
1512429117800734,1512429117800740,1024,64,16,170,6
1512429117804630,1512429117804636,1024,64,16,170,6
1512429117808531,1512429117808537,1024,64,16,170,6
1512429117812412,1512429117812418,1024,64,16,170,6
1512429117816319,1512429117816325,1024,64,16,170,6
1512429117820260,1512429117820266,1024,64,16,170,6
1512429117824142,1512429117824148,1024,64,16,170,6
1512429117828085,1512429117828091,1024,64,16,170,6
1512429117832026,1512429117832032,1024,64,16,170,6
1512429117835953,1512429117835959,1024,64,16,170,6
1512429117839883,1512429117839889,1024,64,16,170,6
1512429117843810,1512429117843816,1024,64,16,170,6
1512429117847771,1512429117847777,1024,64,16,170,6
1512429117851742,1512429117851748,1024,64,16,170,6
1512429117855636,1512429117855642,1024,64,16,170,6
1512429117859542,1512429117859548,1024,64,16,170,6
1512429117863433,1512429117863439,1024,64,16,170,6
1512429117867310,1512429117867316,1024,64,16,170,6
1512429117871248,1512429117871254,1024,64,16,170,6
1512429117875151,1512429117875157,1024,64,16,170,6
1512429117879093,1512429117879099,1024,64,16,170,6
1512429117882981,1512429117882987,1024,64,16,170,6
1512429117886922,1512429117886928,1024,64,16,170,6
1512429117890812,1512429117890818,1024,64,16,170,6
1512429117894760,1512429117894766,1024,64,16,170,6
1512429117898755,1512429117898760,1024,64,16,204,5
1512429117902717,1512429117902723,1024,64,16,170,6
1512429117906613,1512429117906619,1024,64,16,170,6
1512429117910491,1512429117910497,1024,64,16,170,6
1512429117914395,1512429117914401,1024,64,16,170,6
1512429117918330,1512429117918336,1024,64,16,170,6
1512429117922274,1512429117922280,1024,64,16,170,6
1512429117926255,1512429117926262,1024,64,16,146,7
1512429117930251,1512429117930257,1024,64,16,170,6
1512429117934276,1512429117934282,1024,64,16,170,6
1512429117938272,1512429117938278,1024,64,16,170,6
1512429117942248,1512429117942254,1024,64,16,170,6
1512429117946200,1512429117946206,1024,64,16,170,6
1512429117950178,1512429117950184,1024,64,16,170,6
1512429117954128,1512429117954134,1024,64,16,170,6
1512429117958056,1512429117958062,1024,64,16,170,6
1512429117961985,1512429117961991,1024,64,16,170,6
1512429117965914,1512429117965920,1024,64,16,170,6
1512429117969847,1512429117969853,1024,64,16,170,6
1512429117973775,1512429117973781,1024,64,16,170,6
1512429117977705,1512429117977711,1024,64,16,170,6
1512429117981573,1512429117981579,1024,64,16,170,6
1512429117985433,1512429117985439,1024,64,16,170,6
1512429117989305,1512429117989311,1024,64,16,170,6
1512429117993231,1512429117993237,1024,64,16,170,6
1512429117997178,1512429117997184,1024,64,16,170,6
1512429118001127,1512429118001134,1024,64,16,146,7
1512429118005059,1512429118005065,1024,64,16,170,6
1512429118008979,1512429118008985,1024,64,16,170,6
1512429118012897,1512429118012903,1024,64,16,170,6
1512429118016879,1512429118016885,1024,64,16,170,6
1512429118020884,1512429118020890,1024,64,16,170,6
1512429118024894,1512429118024900,1024,64,16,170,6
1512429118028868,1512429118028874,1024,64,16,170,6
1512429118032856,1512429118032863,1024,64,16,146,7
1512429118036773,1512429118036779,1024,64,16,170,6
1512429118040748,1512429118040754,1024,64,16,170,6
1512429118044632,1512429118044638,1024,64,16,170,6
1512429118048687,1512429118048693,1024,64,16,170,6
1512429118052714,1512429118052720,1024,64,16,170,6
1512429118056695,1512429118056702,1024,64,16,146,7
1512429118060714,1512429118060720,1024,64,16,170,6
1512429118064704,1512429118064710,1024,64,16,170,6
1512429118068738,1512429118068744,1024,64,16,170,6
1512429118072754,1512429118072760,1024,64,16,170,6
1512429118076659,1512429118076665,1024,64,16,170,6
1512429118080551,1512429118080557,1024,64,16,170,6
1512429118084444,1512429118084450,1024,64,16,170,6
1512429118088377,1512429118088383,1024,64,16,170,6
1512429118092382,1512429118092388,1024,64,16,170,6
1512429118096332,1512429118096338,1024,64,16,170,6
1512429118100273,1512429118100279,1024,64,16,170,6
1512429118104202,1512429118104208,1024,64,16,170,6
1512429118108200,1512429118108206,1024,64,16,170,6
1512429118112203,1512429118112209,1024,64,16,170,6
1512429118116211,1512429118116218,1024,64,16,146,7
1512429118120210,1512429118120216,1024,64,16,170,6
1512429118124153,1512429118124159,1024,64,16,170,6
1512429118128109,1512429118128115,1024,64,16,170,6
1512429118132063,1512429118132069,1024,64,16,170,6
1512429118136049,1512429118136055,1024,64,16,170,6
1512429118139999,1512429118140005,1024,64,16,170,6
1512429118143993,1512429118144000,1024,64,16,146,7
1512429118147957,1512429118147963,1024,64,16,170,6
1512429118151954,1512429118151960,1024,64,16,170,6
1512429118155955,1512429118155961,1024,64,16,170,6
1512429118159945,1512429118159951,1024,64,16,170,6
1512429118163913,1512429118163919,1024,64,16,170,6
1512429118167926,1512429118167932,1024,64,16,170,6
1512429118171894,1512429118171900,1024,64,16,170,6
1512429118175833,1512429118175839,1024,64,16,170,6
1512429118179832,1512429118179839,1024,64,16,146,7
1512429118183811,1512429118183817,1024,64,16,170,6
1512429118187797,1512429118187803,1024,64,16,170,6
1512429118191757,1512429118191763,1024,64,16,170,6
1512429118195741,1512429118195748,1024,64,16,146,7
1512429118199741,1512429118199747,1024,64,16,170,6
1512429118203643,1512429118203649,1024,64,16,170,6
1512429118207618,1512429118207625,1024,64,16,146,7
1512429118211622,1512429118211628,1024,64,16,170,6
1512429118215621,1512429118215627,1024,64,16,170,6
1512429118219602,1512429118219609,1024,64,16,146,7
1512429118223606,1512429118223612,1024,64,16,170,6
1512429118227612,1512429118227618,1024,64,16,170,6
1512429118231631,1512429118231637,1024,64,16,170,6
1512429118235601,1512429118235607,1024,64,16,170,6
1512429118239635,1512429118239641,1024,64,16,170,6
1512429118243656,1512429118243662,1024,64,16,170,6
1512429118247619,1512429118247625,1024,64,16,170,6
1512429118251585,1512429118251592,1024,64,16,146,7
1512429118255588,1512429118255595,1024,64,16,146,7
1512429118259600,1512429118259606,1024,64,16,170,6
1512429118263604,1512429118263611,1024,64,16,146,7
1512429118267611,1512429118267618,1024,64,16,146,7
1512429118271658,1512429118271663,1024,64,16,204,5
1512429118275673,1512429118275679,1024,64,16,170,6
1512429118279698,1512429118279703,1024,64,16,204,5
1512429118283701,1512429118283707,1024,64,16,170,6
1512429118287676,1512429118287682,1024,64,16,170,6
1512429118291705,1512429118291711,1024,64,16,170,6
1512429118295714,1512429118295720,1024,64,16,170,6
1512429118299688,1512429118299694,1024,64,16,170,6
1512429118303642,1512429118303649,1024,64,16,146,7
1512429118307621,1512429118307627,1024,64,16,170,6
1512429118311633,1512429118311639,1024,64,16,170,6
1512429118315615,1512429118315621,1024,64,16,170,6
1512429118319624,1512429118319630,1024,64,16,170,6
1512429118323628,1512429118323635,1024,64,16,146,7
1512429118327589,1512429118327595,1024,64,16,170,6
1512429118331555,1512429118331561,1024,64,16,170,6
1512429118335505,1512429118335511,1024,64,16,170,6
1512429118339386,1512429118339392,1024,64,16,170,6
1512429118343357,1512429118343363,1024,64,16,170,6
1512429118347359,1512429118347365,1024,64,16,170,6
1512429118351314,1512429118351320,1024,64,16,170,6
1512429118355300,1512429118355306,1024,64,16,170,6
1512429118359277,1512429118359283,1024,64,16,170,6
1512429118363216,1512429118363222,1024,64,16,170,6
1512429118367227,1512429118367233,1024,64,16,170,6
1512429118371239,1512429118371245,1024,64,16,170,6
1512429118375237,1512429118375243,1024,64,16,170,6
1512429118379219,1512429118379226,1024,64,16,146,7
1512429118383224,1512429118383230,1024,64,16,170,6
1512429118387212,1512429118387218,1024,64,16,170,6
1512429118391206,1512429118391212,1024,64,16,170,6
1512429118395193,1512429118395199,1024,64,16,170,6
1512429118399211,1512429118399217,1024,64,16,170,6
1512429118403201,1512429118403207,1024,64,16,170,6
1512429118407217,1512429118407223,1024,64,16,170,6
1512429118411229,1512429118411235,1024,64,16,170,6
1512429118415234,1512429118415241,1024,64,16,146,7
1512429118419236,1512429118419243,1024,64,16,146,7
1512429118423223,1512429118423229,1024,64,16,170,6
1512429118427220,1512429118427226,1024,64,16,170,6
1512429118431175,1512429118431181,1024,64,16,170,6
1512429118435168,1512429118435175,1024,64,16,146,7
1512429118439147,1512429118439154,1024,64,16,146,7
1512429118443150,1512429118443156,1024,64,16,170,6
1512429118447149,1512429118447156,1024,64,16,146,7
1512429118451136,1512429118451142,1024,64,16,170,6
1512429118455146,1512429118455152,1024,64,16,170,6
1512429118459121,1512429118459127,1024,64,16,170,6
1512429118463149,1512429118463155,1024,64,16,170,6
1512429118467154,1512429118467160,1024,64,16,170,6
1512429118471117,1512429118471123,1024,64,16,170,6
1512429118475169,1512429118475175,1024,64,16,170,6
1512429118479184,1512429118479191,1024,64,16,146,7
1512429118483160,1512429118483167,1024,64,16,146,7
1512429118487146,1512429118487152,1024,64,16,170,6
1512429118491158,1512429118491164,1024,64,16,170,6
1512429118495176,1512429118495182,1024,64,16,170,6
1512429118499175,1512429118499182,1024,64,16,146,7
1512429118503135,1512429118503141,1024,64,16,170,6
1512429118507193,1512429118507199,1024,64,16,170,6
1512429118511213,1512429118511219,1024,64,16,170,6
1512429118515190,1512429118515196,1024,64,16,170,6
1512429118519183,1512429118519189,1024,64,16,170,6
1512429118523200,1512429118523206,1024,64,16,170,6
1512429118527187,1512429118527193,1024,64,16,170,6
1512429118531207,1512429118531213,1024,64,16,170,6
1512429118535210,1512429118535216,1024,64,16,170,6
1512429118539198,1512429118539204,1024,64,16,170,6
1512429118543184,1512429118543190,1024,64,16,170,6
1512429118547192,1512429118547199,1024,64,16,146,7
1512429118551170,1512429118551176,1024,64,16,170,6
1512429118555143,1512429118555149,1024,64,16,170,6
1512429118559136,1512429118559142,1024,64,16,170,6
1512429118563150,1512429118563156,1024,64,16,170,6
1512429118567144,1512429118567151,1024,64,16,146,7
1512429118571123,1512429118571129,1024,64,16,170,6
1512429118575083,1512429118575089,1024,64,16,170,6
1512429118579073,1512429118579079,1024,64,16,170,6
1512429118583008,1512429118583014,1024,64,16,170,6
1512429118587007,1512429118587013,1024,64,16,170,6
1512429118591032,1512429118591038,1024,64,16,170,6
1512429118595031,1512429118595037,1024,64,16,170,6
1512429118599023,1512429118599029,1024,64,16,170,6
1512429118603048,1512429118603054,1024,64,16,170,6
1512429118607057,1512429118607063,1024,64,16,170,6
1512429118610926,1512429118610932,1024,64,16,170,6
1512429118614807,1512429118614813,1024,64,16,170,6
1512429118618697,1512429118618703,1024,64,16,170,6
1512429118622612,1512429118622618,1024,64,16,170,6
1512429118626508,1512429118626514,1024,64,16,170,6
1512429118630420,1512429118630426,1024,64,16,170,6
1512429118634327,1512429118634333,1024,64,16,170,6
1512429118638217,1512429118638223,1024,64,16,170,6
1512429118642115,1512429118642121,1024,64,16,170,6
1512429118646007,1512429118646013,1024,64,16,170,6
1512429118649902,1512429118649908,1024,64,16,170,6
1512429118653776,1512429118653782,1024,64,16,170,6
1512429118657656,1512429118657661,1024,64,16,204,5
1512429118661542,1512429118661548,1024,64,16,170,6
1512429118665428,1512429118665434,1024,64,16,170,6
1512429118669331,1512429118669337,1024,64,16,170,6
1512429118673213,1512429118673219,1024,64,16,170,6
1512429118677089,1512429118677095,1024,64,16,170,6
1512429118680979,1512429118680985,1024,64,16,170,6
1512429118684883,1512429118684889,1024,64,16,170,6
1512429118688780,1512429118688787,1024,64,16,146,7
1512429118692682,1512429118692688,1024,64,16,170,6
1512429118696586,1512429118696592,1024,64,16,170,6
1512429118700480,1512429118700486,1024,64,16,170,6
1512429118704389,1512429118704395,1024,64,16,170,6
1512429118708304,1512429118708310,1024,64,16,170,6
1512429118712209,1512429118712215,1024,64,16,170,6
1512429118716122,1512429118716128,1024,64,16,170,6
1512429118720039,1512429118720045,1024,64,16,170,6
1512429118723946,1512429118723952,1024,64,16,170,6
1512429118727835,1512429118727841,1024,64,16,170,6
1512429118731753,1512429118731759,1024,64,16,170,6
1512429118735689,1512429118735696,1024,64,16,146,7
1512429118739582,1512429118739588,1024,64,16,170,6
1512429118743460,1512429118743466,1024,64,16,170,6
1512429118747343,1512429118747349,1024,64,16,170,6
1512429118751239,1512429118751245,1024,64,16,170,6
1512429118755134,1512429118755140,1024,64,16,170,6
1512429118759033,1512429118759039,1024,64,16,170,6
1512429118762941,1512429118762947,1024,64,16,170,6
1512429118766833,1512429118766838,1024,64,16,204,5
1512429118770733,1512429118770739,1024,64,16,170,6
1512429118774629,1512429118774635,1024,64,16,170,6
1512429118778535,1512429118778541,1024,64,16,170,6
1512429118782446,1512429118782452,1024,64,16,170,6
1512429118786366,1512429118786372,1024,64,16,170,6
1512429118790248,1512429118790254,1024,64,16,170,6
1512429118794121,1512429118794127,1024,64,16,170,6
1512429118798015,1512429118798021,1024,64,16,170,6
1512429118801911,1512429118801918,1024,64,16,146,7
1512429118805821,1512429118805828,1024,64,16,146,7
1512429118809712,1512429118809718,1024,64,16,170,6
1512429118813622,1512429118813628,1024,64,16,170,6
1512429118817512,1512429118817518,1024,64,16,170,6
1512429118821383,1512429118821389,1024,64,16,170,6
1512429118825286,1512429118825292,1024,64,16,170,6
1512429118829193,1512429118829199,1024,64,16,170,6
1512429118833085,1512429118833092,1024,64,16,146,7
1512429118836977,1512429118836983,1024,64,16,170,6
1512429118840855,1512429118840861,1024,64,16,170,6
1512429118844728,1512429118844734,1024,64,16,170,6
1512429118848609,1512429118848615,1024,64,16,170,6
1512429118852486,1512429118852493,1024,64,16,146,7
1512429118856355,1512429118856361,1024,64,16,170,6
1512429118860248,1512429118860254,1024,64,16,170,6
1512429118864133,1512429118864139,1024,64,16,170,6
1512429118868032,1512429118868038,1024,64,16,170,6
1512429118871921,1512429118871927,1024,64,16,170,6
1512429118875802,1512429118875808,1024,64,16,170,6
1512429118879691,1512429118879697,1024,64,16,170,6
1512429118883567,1512429118883573,1024,64,16,170,6
1512429118887432,1512429118887438,1024,64,16,170,6
1512429118891314,1512429118891320,1024,64,16,170,6
1512429118895216,1512429118895222,1024,64,16,170,6
1512429118899090,1512429118899096,1024,64,16,170,6
1512429118902963,1512429118902969,1024,64,16,170,6
1512429118906860,1512429118906866,1024,64,16,170,6
1512429118910749,1512429118910755,1024,64,16,170,6
1512429118914634,1512429118914640,1024,64,16,170,6
1512429118918522,1512429118918528,1024,64,16,170,6
1512429118922426,1512429118922432,1024,64,16,170,6
1512429118926313,1512429118926319,1024,64,16,170,6
1512429118930212,1512429118930218,1024,64,16,170,6
1512429118934090,1512429118934096,1024,64,16,170,6
1512429118937967,1512429118937973,1024,64,16,170,6
1512429118941847,1512429118941853,1024,64,16,170,6
1512429118945728,1512429118945734,1024,64,16,170,6
1512429118949620,1512429118949626,1024,64,16,170,6
1512429118953503,1512429118953509,1024,64,16,170,6
1512429118957375,1512429118957381,1024,64,16,170,6
1512429118961267,1512429118961274,1024,64,16,146,7
1512429118965147,1512429118965153,1024,64,16,170,6
1512429118969077,1512429118969083,1024,64,16,170,6
1512429118972991,1512429118972997,1024,64,16,170,6
1512429118976912,1512429118976918,1024,64,16,170,6
1512429118980816,1512429118980823,1024,64,16,146,7
1512429118984723,1512429118984729,1024,64,16,170,6
1512429118988622,1512429118988628,1024,64,16,170,6
1512429118992515,1512429118992521,1024,64,16,170,6
1512429118996419,1512429118996425,1024,64,16,170,6
1512429119000314,1512429119000320,1024,64,16,170,6
1512429119004235,1512429119004241,1024,64,16,170,6
1512429119008116,1512429119008122,1024,64,16,170,6
1512429119012033,1512429119012039,1024,64,16,170,6
1512429119015970,1512429119015976,1024,64,16,170,6
1512429119019856,1512429119019862,1024,64,16,170,6
1512429119023761,1512429119023767,1024,64,16,170,6
1512429119027660,1512429119027667,1024,64,16,146,7
1512429119031559,1512429119031565,1024,64,16,170,6
1512429119035439,1512429119035446,1024,64,16,146,7
1512429119039343,1512429119039349,1024,64,16,170,6
1512429119043232,1512429119043238,1024,64,16,170,6
1512429119047149,1512429119047155,1024,64,16,170,6
1512429119051068,1512429119051074,1024,64,16,170,6
1512429119054963,1512429119054969,1024,64,16,170,6
1512429119058866,1512429119058872,1024,64,16,170,6
1512429119062761,1512429119062767,1024,64,16,170,6
1512429119066665,1512429119066671,1024,64,16,170,6
1512429119070565,1512429119070571,1024,64,16,170,6
1512429119074450,1512429119074457,1024,64,16,146,7
1512429119078343,1512429119078349,1024,64,16,170,6
1512429119082238,1512429119082244,1024,64,16,170,6
1512429119086162,1512429119086168,1024,64,16,170,6
1512429119090057,1512429119090063,1024,64,16,170,6
1512429119093932,1512429119093938,1024,64,16,170,6
1512429119097824,1512429119097830,1024,64,16,170,6
1512429119101698,1512429119101704,1024,64,16,170,6
1512429119105584,1512429119105590,1024,64,16,170,6
1512429119109491,1512429119109497,1024,64,16,170,6
1512429119113386,1512429119113392,1024,64,16,170,6
1512429119117304,1512429119117310,1024,64,16,170,6
1512429119121191,1512429119121197,1024,64,16,170,6
1512429119125085,1512429119125091,1024,64,16,170,6
1512429119128992,1512429119128998,1024,64,16,170,6
1512429119132918,1512429119132924,1024,64,16,170,6
1512429119136816,1512429119136822,1024,64,16,170,6
1512429119140765,1512429119140771,1024,64,16,170,6
1512429119144653,1512429119144660,1024,64,16,146,7
1512429119148561,1512429119148567,1024,64,16,170,6
1512429119152474,1512429119152480,1024,64,16,170,6
1512429119156370,1512429119156376,1024,64,16,170,6
1512429119160265,1512429119160271,1024,64,16,170,6
1512429119164171,1512429119164177,1024,64,16,170,6
1512429119168063,1512429119168069,1024,64,16,170,6
1512429119171941,1512429119171947,1024,64,16,170,6
1512429119175846,1512429119175852,1024,64,16,170,6
1512429119179717,1512429119179724,1024,64,16,146,7
1512429119183594,1512429119183600,1024,64,16,170,6
1512429119187497,1512429119187503,1024,64,16,170,6
1512429119191398,1512429119191404,1024,64,16,170,6
1512429119195289,1512429119195295,1024,64,16,170,6
1512429119199165,1512429119199171,1024,64,16,170,6
1512429119203054,1512429119203060,1024,64,16,170,6
1512429119206935,1512429119206941,1024,64,16,170,6
1512429119210828,1512429119210834,1024,64,16,170,6
1512429119214728,1512429119214734,1024,64,16,170,6
1512429119218612,1512429119218618,1024,64,16,170,6
1512429119222510,1512429119222516,1024,64,16,170,6
1512429119226422,1512429119226428,1024,64,16,170,6
1512429119230308,1512429119230314,1024,64,16,170,6
1512429119234210,1512429119234216,1024,64,16,170,6
1512429119238092,1512429119238098,1024,64,16,170,6
1512429119241983,1512429119241989,1024,64,16,170,6
1512429119245862,1512429119245868,1024,64,16,170,6
1512429119249775,1512429119249781,1024,64,16,170,6
1512429119253667,1512429119253674,1024,64,16,146,7
1512429119257562,1512429119257568,1024,64,16,170,6
1512429119261486,1512429119261492,1024,64,16,170,6
1512429119265402,1512429119265408,1024,64,16,170,6
1512429119269292,1512429119269299,1024,64,16,146,7
1512429119273170,1512429119273176,1024,64,16,170,6
1512429119277078,1512429119277084,1024,64,16,170,6
1512429119280962,1512429119280968,1024,64,16,170,6
1512429119284841,1512429119284847,1024,64,16,170,6
1512429119288725,1512429119288731,1024,64,16,170,6
1512429119292605,1512429119292611,1024,64,16,170,6
1512429119296488,1512429119296494,1024,64,16,170,6
1512429119300414,1512429119300420,1024,64,16,170,6
1512429119304322,1512429119304329,1024,64,16,146,7
1512429119308200,1512429119308207,1024,64,16,146,7
1512429119312106,1512429119312112,1024,64,16,170,6
1512429119316018,1512429119316024,1024,64,16,170,6
1512429119319942,1512429119319948,1024,64,16,170,6
1512429119323845,1512429119323851,1024,64,16,170,6
1512429119327738,1512429119327744,1024,64,16,170,6
1512429119331640,1512429119331646,1024,64,16,170,6
1512429119335551,1512429119335557,1024,64,16,170,6
1512429119339465,1512429119339471,1024,64,16,170,6
1512429119343362,1512429119343368,1024,64,16,170,6
1512429119347268,1512429119347274,1024,64,16,170,6
1512429119351185,1512429119351191,1024,64,16,170,6
1512429119355085,1512429119355091,1024,64,16,170,6
1512429119358978,1512429119358984,1024,64,16,170,6
1512429119362906,1512429119362912,1024,64,16,170,6
1512429119366826,1512429119366832,1024,64,16,170,6
1512429119370738,1512429119370744,1024,64,16,170,6
1512429119374642,1512429119374648,1024,64,16,170,6
1512429119378585,1512429119378591,1024,64,16,170,6
1512429119382492,1512429119382498,1024,64,16,170,6
1512429119386394,1512429119386400,1024,64,16,170,6
1512429119390297,1512429119390303,1024,64,16,170,6
1512429119394172,1512429119394178,1024,64,16,170,6
1512429119398061,1512429119398067,1024,64,16,170,6
1512429119401945,1512429119401951,1024,64,16,170,6
1512429119405830,1512429119405836,1024,64,16,170,6
1512429119409742,1512429119409748,1024,64,16,170,6
1512429119413630,1512429119413636,1024,64,16,170,6
1512429119417513,1512429119417519,1024,64,16,170,6
1512429119421400,1512429119421406,1024,64,16,170,6
1512429119425284,1512429119425290,1024,64,16,170,6
1512429119429181,1512429119429187,1024,64,16,170,6
1512429119433078,1512429119433084,1024,64,16,170,6
1512429119436957,1512429119436963,1024,64,16,170,6
1512429119440844,1512429119440850,1024,64,16,170,6
1512429119444729,1512429119444735,1024,64,16,170,6
1512429119448644,1512429119448650,1024,64,16,170,6
1512429119452527,1512429119452533,1024,64,16,170,6
1512429119456388,1512429119456394,1024,64,16,170,6
1512429119460246,1512429119460252,1024,64,16,170,6
1512429119464115,1512429119464121,1024,64,16,170,6
1512429119467970,1512429119467976,1024,64,16,170,6
1512429119471868,1512429119471874,1024,64,16,170,6
1512429119475753,1512429119475759,1024,64,16,170,6
1512429119479647,1512429119479653,1024,64,16,170,6
1512429119483548,1512429119483554,1024,64,16,170,6
1512429119487429,1512429119487435,1024,64,16,170,6
1512429119491313,1512429119491319,1024,64,16,170,6
1512429119495202,1512429119495208,1024,64,16,170,6
1512429119499077,1512429119499083,1024,64,16,170,6
1512429119502963,1512429119502969,1024,64,16,170,6
1512429119506865,1512429119506871,1024,64,16,170,6
1512429119510799,1512429119510805,1024,64,16,170,6
1512429119514715,1512429119514721,1024,64,16,170,6
1512429119518631,1512429119518637,1024,64,16,170,6
1512429119522532,1512429119522538,1024,64,16,170,6
1512429119526430,1512429119526436,1024,64,16,170,6
1512429119530324,1512429119530330,1024,64,16,170,6
1512429119534221,1512429119534227,1024,64,16,170,6
1512429119538123,1512429119538129,1024,64,16,170,6
1512429119542023,1512429119542029,1024,64,16,170,6
1512429119545907,1512429119545913,1024,64,16,170,6
1512429119549790,1512429119549796,1024,64,16,170,6
1512429119553674,1512429119553680,1024,64,16,170,6
1512429119557564,1512429119557570,1024,64,16,170,6
1512429119561475,1512429119561481,1024,64,16,170,6
1512429119565368,1512429119565375,1024,64,16,146,7
1512429119569253,1512429119569259,1024,64,16,170,6
1512429119573135,1512429119573141,1024,64,16,170,6
1512429119577037,1512429119577043,1024,64,16,170,6
1512429119580935,1512429119580941,1024,64,16,170,6
1512429119584835,1512429119584841,1024,64,16,170,6
1512429119588710,1512429119588716,1024,64,16,170,6
1512429119592619,1512429119592625,1024,64,16,170,6
1512429119596520,1512429119596526,1024,64,16,170,6
1512429119600416,1512429119600422,1024,64,16,170,6
1512429119604315,1512429119604321,1024,64,16,170,6
1512429119608221,1512429119608227,1024,64,16,170,6
1512429119612115,1512429119612121,1024,64,16,170,6
1512429119616003,1512429119616009,1024,64,16,170,6
1512429119619886,1512429119619892,1024,64,16,170,6
1512429119623782,1512429119623788,1024,64,16,170,6
1512429119627678,1512429119627684,1024,64,16,170,6
1512429119631580,1512429119631586,1024,64,16,170,6
1512429119635455,1512429119635462,1024,64,16,146,7
1512429119639352,1512429119639358,1024,64,16,170,6
1512429119643255,1512429119643261,1024,64,16,170,6
1512429119647160,1512429119647166,1024,64,16,170,6
1512429119651045,1512429119651051,1024,64,16,170,6
1512429119654932,1512429119654938,1024,64,16,170,6
1512429119658823,1512429119658829,1024,64,16,170,6
1512429119662704,1512429119662710,1024,64,16,170,6
1512429119666589,1512429119666595,1024,64,16,170,6
1512429119670458,1512429119670465,1024,64,16,146,7
1512429119674321,1512429119674327,1024,64,16,170,6
1512429119678187,1512429119678193,1024,64,16,170,6
1512429119682045,1512429119682051,1024,64,16,170,6
1512429119685900,1512429119685906,1024,64,16,170,6
1512429119689770,1512429119689776,1024,64,16,170,6
1512429119693614,1512429119693620,1024,64,16,170,6
1512429119697498,1512429119697504,1024,64,16,170,6
1512429119701384,1512429119701390,1024,64,16,170,6
1512429119705254,1512429119705260,1024,64,16,170,6
1512429119709125,1512429119709131,1024,64,16,170,6
1512429119713001,1512429119713007,1024,64,16,170,6
1512429119716859,1512429119716865,1024,64,16,170,6
1512429119720732,1512429119720738,1024,64,16,170,6
1512429119724629,1512429119724635,1024,64,16,170,6
1512429119728517,1512429119728523,1024,64,16,170,6
1512429119732410,1512429119732416,1024,64,16,170,6
1512429119736308,1512429119736314,1024,64,16,170,6
1512429119740220,1512429119740226,1024,64,16,170,6
1512429119744151,1512429119744157,1024,64,16,170,6
1512429119748070,1512429119748076,1024,64,16,170,6
1512429119751947,1512429119751953,1024,64,16,170,6
1512429119755848,1512429119755854,1024,64,16,170,6
1512429119759761,1512429119759767,1024,64,16,170,6
1512429119763658,1512429119763663,1024,64,16,204,5
1512429119767579,1512429119767585,1024,64,16,170,6
1512429119771493,1512429119771499,1024,64,16,170,6
1512429119775398,1512429119775404,1024,64,16,170,6
1512429119779302,1512429119779308,1024,64,16,170,6
1512429119783211,1512429119783217,1024,64,16,170,6
1512429119787117,1512429119787123,1024,64,16,170,6
1512429119791025,1512429119791031,1024,64,16,170,6
1512429119794955,1512429119794961,1024,64,16,170,6
1512429119798860,1512429119798866,1024,64,16,170,6
1512429119802780,1512429119802786,1024,64,16,170,6
1512429119806679,1512429119806685,1024,64,16,170,6
1512429119810571,1512429119810577,1024,64,16,170,6
1512429119814512,1512429119814518,1024,64,16,170,6
1512429119818426,1512429119818432,1024,64,16,170,6
1512429119822336,1512429119822342,1024,64,16,170,6
1512429119826233,1512429119826239,1024,64,16,170,6
1512429119830141,1512429119830147,1024,64,16,170,6
1512429119834036,1512429119834042,1024,64,16,170,6
1512429119837947,1512429119837953,1024,64,16,170,6
1512429119841833,1512429119841839,1024,64,16,170,6
1512429119845722,1512429119845729,1024,64,16,146,7
1512429119849591,1512429119849597,1024,64,16,170,6
1512429119853489,1512429119853495,1024,64,16,170,6
1512429119857393,1512429119857399,1024,64,16,170,6
1512429119861305,1512429119861311,1024,64,16,170,6
1512429119865206,1512429119865212,1024,64,16,170,6
1512429119869114,1512429119869120,1024,64,16,170,6
1512429119873011,1512429119873017,1024,64,16,170,6
1512429119876934,1512429119876940,1024,64,16,170,6
1512429119880830,1512429119880836,1024,64,16,170,6
1512429119884724,1512429119884730,1024,64,16,170,6
1512429119888618,1512429119888624,1024,64,16,170,6
1512429119892540,1512429119892546,1024,64,16,170,6
1512429119896444,1512429119896450,1024,64,16,170,6
1512429119900371,1512429119900377,1024,64,16,170,6
1512429119904266,1512429119904272,1024,64,16,170,6
1512429119908188,1512429119908195,1024,64,16,146,7
1512429119912086,1512429119912092,1024,64,16,170,6
1512429119915966,1512429119915972,1024,64,16,170,6
1512429119919918,1512429119919924,1024,64,16,170,6
1512429119923810,1512429119923816,1024,64,16,170,6
1512429119927714,1512429119927721,1024,64,16,146,7
1512429119931647,1512429119931653,1024,64,16,170,6
1512429119935584,1512429119935590,1024,64,16,170,6
1512429119939508,1512429119939514,1024,64,16,170,6
1512429119943425,1512429119943431,1024,64,16,170,6
1512429119947353,1512429119947360,1024,64,16,146,7
1512429119951248,1512429119951254,1024,64,16,170,6
1512429119955161,1512429119955167,1024,64,16,170,6
1512429119959082,1512429119959089,1024,64,16,146,7
1512429119962989,1512429119962995,1024,64,16,170,6
1512429119966877,1512429119966883,1024,64,16,170,6
1512429119970768,1512429119970774,1024,64,16,170,6
1512429119974646,1512429119974652,1024,64,16,170,6
1512429119978515,1512429119978521,1024,64,16,170,6
1512429119982384,1512429119982390,1024,64,16,170,6
1512429119986289,1512429119986295,1024,64,16,170,6
1512429119990206,1512429119990212,1024,64,16,170,6
1512429119994121,1512429119994128,1024,64,16,146,7
1512429119998016,1512429119998022,1024,64,16,170,6
1512429120001916,1512429120001922,1024,64,16,170,6
1512429120005793,1512429120005799,1024,64,16,170,6
1512429120009679,1512429120009684,1024,64,16,204,5
1512429120013583,1512429120013589,1024,64,16,170,6
1512429120017482,1512429120017488,1024,64,16,170,6
1512429120021376,1512429120021382,1024,64,16,170,6
1512429120025279,1512429120025285,1024,64,16,170,6
1512429120029171,1512429120029177,1024,64,16,170,6
1512429120033075,1512429120033081,1024,64,16,170,6
1512429120036967,1512429120036973,1024,64,16,170,6
1512429120040869,1512429120040876,1024,64,16,146,7
1512429120044793,1512429120044799,1024,64,16,170,6
1512429120048687,1512429120048693,1024,64,16,170,6
1512429120052558,1512429120052564,1024,64,16,170,6
1512429120056454,1512429120056460,1024,64,16,170,6
1512429120060345,1512429120060351,1024,64,16,170,6
1512429120064272,1512429120064278,1024,64,16,170,6
1512429120068151,1512429120068157,1024,64,16,170,6
1512429120072042,1512429120072048,1024,64,16,170,6
1512429120075961,1512429120075967,1024,64,16,170,6
1512429120079884,1512429120079891,1024,64,16,146,7
1512429120083780,1512429120083786,1024,64,16,170,6
1512429120087695,1512429120087702,1024,64,16,146,7
1512429120091599,1512429120091605,1024,64,16,170,6
1512429120095501,1512429120095507,1024,64,16,170,6
1512429120099398,1512429120099404,1024,64,16,170,6
1512429120103318,1512429120103324,1024,64,16,170,6
1512429120107263,1512429120107269,1024,64,16,170,6
1512429120111177,1512429120111183,1024,64,16,170,6
1512429120115092,1512429120115098,1024,64,16,170,6
1512429120119013,1512429120119019,1024,64,16,170,6
1512429120122946,1512429120122952,1024,64,16,170,6
1512429120126868,1512429120126875,1024,64,16,146,7
1512429120130798,1512429120130804,1024,64,16,170,6
1512429120134694,1512429120134700,1024,64,16,170,6
1512429120138587,1512429120138593,1024,64,16,170,6
1512429120142473,1512429120142479,1024,64,16,170,6
1512429120146381,1512429120146387,1024,64,16,170,6
1512429120150297,1512429120150303,1024,64,16,170,6
1512429120154184,1512429120154190,1024,64,16,170,6
1512429120158065,1512429120158071,1024,64,16,170,6
1512429120161959,1512429120161965,1024,64,16,170,6
1512429120165845,1512429120165851,1024,64,16,170,6
1512429120169718,1512429120169724,1024,64,16,170,6
1512429120173593,1512429120173599,1024,64,16,170,6
1512429120177484,1512429120177490,1024,64,16,170,6
1512429120181372,1512429120181378,1024,64,16,170,6
1512429120185233,1512429120185239,1024,64,16,170,6
1512429120189110,1512429120189117,1024,64,16,146,7
1512429120193021,1512429120193027,1024,64,16,170,6
1512429120196909,1512429120196915,1024,64,16,170,6
1512429120200788,1512429120200794,1024,64,16,170,6
1512429120204675,1512429120204681,1024,64,16,170,6
1512429120208578,1512429120208584,1024,64,16,170,6
1512429120212483,1512429120212489,1024,64,16,170,6
1512429120216384,1512429120216391,1024,64,16,146,7
1512429120220292,1512429120220298,1024,64,16,170,6
1512429120224178,1512429120224184,1024,64,16,170,6
1512429120228103,1512429120228109,1024,64,16,170,6
1512429120232008,1512429120232014,1024,64,16,170,6
1512429120235871,1512429120235877,1024,64,16,170,6
1512429120239763,1512429120239769,1024,64,16,170,6
1512429120243663,1512429120243669,1024,64,16,170,6
1512429120247553,1512429120247559,1024,64,16,170,6
1512429120251435,1512429120251441,1024,64,16,170,6
1512429120255328,1512429120255334,1024,64,16,170,6
1512429120259237,1512429120259243,1024,64,16,170,6
1512429120263161,1512429120263167,1024,64,16,170,6
1512429120267080,1512429120267086,1024,64,16,170,6
1512429120270966,1512429120270972,1024,64,16,170,6
1512429120274851,1512429120274857,1024,64,16,170,6
1512429120278739,1512429120278745,1024,64,16,170,6
1512429120282637,1512429120282643,1024,64,16,170,6
1512429120286553,1512429120286559,1024,64,16,170,6
1512429120290444,1512429120290450,1024,64,16,170,6
1512429120294337,1512429120294343,1024,64,16,170,6
1512429120298230,1512429120298236,1024,64,16,170,6
1512429120302128,1512429120302134,1024,64,16,170,6
1512429120306025,1512429120306032,1024,64,16,146,7
1512429120309925,1512429120309931,1024,64,16,170,6
1512429120313819,1512429120313825,1024,64,16,170,6
1512429120317690,1512429120317696,1024,64,16,170,6
1512429120321563,1512429120321569,1024,64,16,170,6
1512429120325458,1512429120325464,1024,64,16,170,6
1512429120329361,1512429120329367,1024,64,16,170,6
1512429120333262,1512429120333268,1024,64,16,170,6
1512429120337171,1512429120337177,1024,64,16,170,6
1512429120341088,1512429120341094,1024,64,16,170,6
1512429120345008,1512429120345014,1024,64,16,170,6
1512429120348935,1512429120348941,1024,64,16,170,6
1512429120352852,1512429120352858,1024,64,16,170,6
1512429120356740,1512429120356746,1024,64,16,170,6
1512429120360633,1512429120360639,1024,64,16,170,6
1512429120364549,1512429120364555,1024,64,16,170,6
1512429120368460,1512429120368466,1024,64,16,170,6
1512429120372379,1512429120372385,1024,64,16,170,6
1512429120376292,1512429120376298,1024,64,16,170,6
1512429120380188,1512429120380194,1024,64,16,170,6
1512429120384083,1512429120384089,1024,64,16,170,6
1512429120387979,1512429120387985,1024,64,16,170,6
1512429120391883,1512429120391889,1024,64,16,170,6
1512429120395783,1512429120395789,1024,64,16,170,6
1512429120399690,1512429120399696,1024,64,16,170,6
1512429120403574,1512429120403580,1024,64,16,170,6
1512429120407463,1512429120407469,1024,64,16,170,6
1512429120411360,1512429120411367,1024,64,16,146,7
1512429120415248,1512429120415254,1024,64,16,170,6
1512429120419156,1512429120419162,1024,64,16,170,6
1512429120423073,1512429120423079,1024,64,16,170,6
1512429120426981,1512429120426987,1024,64,16,170,6
1512429120430873,1512429120430879,1024,64,16,170,6
1512429120434765,1512429120434771,1024,64,16,170,6
1512429120438672,1512429120438678,1024,64,16,170,6
1512429120442583,1512429120442589,1024,64,16,170,6
1512429120446472,1512429120446478,1024,64,16,170,6
1512429120450399,1512429120450405,1024,64,16,170,6
1512429120454295,1512429120454301,1024,64,16,170,6
1512429120458183,1512429120458189,1024,64,16,170,6
1512429120462067,1512429120462073,1024,64,16,170,6
1512429120465959,1512429120465965,1024,64,16,170,6
1512429120469830,1512429120469836,1024,64,16,170,6
1512429120473727,1512429120473733,1024,64,16,170,6
1512429120477622,1512429120477628,1024,64,16,170,6
1512429120481506,1512429120481512,1024,64,16,170,6
1512429120485403,1512429120485409,1024,64,16,170,6
1512429120489307,1512429120489313,1024,64,16,170,6
1512429120493221,1512429120493227,1024,64,16,170,6
1512429120497101,1512429120497107,1024,64,16,170,6
1512429120501004,1512429120501010,1024,64,16,170,6
1512429120504889,1512429120504895,1024,64,16,170,6
1512429120508821,1512429120508827,1024,64,16,170,6
1512429120512721,1512429120512728,1024,64,16,146,7
1512429120516617,1512429120516623,1024,64,16,170,6
1512429120520562,1512429120520568,1024,64,16,170,6
1512429120524474,1512429120524480,1024,64,16,170,6
1512429120528384,1512429120528390,1024,64,16,170,6
1512429120532288,1512429120532294,1024,64,16,170,6
1512429120536196,1512429120536202,1024,64,16,170,6
1512429120540074,1512429120540080,1024,64,16,170,6
1512429120543950,1512429120543956,1024,64,16,170,6
1512429120547821,1512429120547828,1024,64,16,146,7
1512429120551701,1512429120551707,1024,64,16,170,6
1512429120555589,1512429120555596,1024,64,16,146,7
1512429120559487,1512429120559493,1024,64,16,170,6
1512429120563388,1512429120563394,1024,64,16,170,6
1512429120567273,1512429120567279,1024,64,16,170,6
1512429120571177,1512429120571184,1024,64,16,146,7
1512429120575079,1512429120575085,1024,64,16,170,6
1512429120578994,1512429120579000,1024,64,16,170,6
1512429120582897,1512429120582903,1024,64,16,170,6
1512429120586782,1512429120586788,1024,64,16,170,6
1512429120590664,1512429120590670,1024,64,16,170,6
1512429120594551,1512429120594557,1024,64,16,170,6
1512429120598457,1512429120598463,1024,64,16,170,6
1512429120602349,1512429120602355,1024,64,16,170,6
1512429120606216,1512429120606222,1024,64,16,170,6
1512429120610092,1512429120610098,1024,64,16,170,6
1512429120613968,1512429120613974,1024,64,16,170,6
1512429120617847,1512429120617853,1024,64,16,170,6
1512429120621737,1512429120621743,1024,64,16,170,6
1512429120625663,1512429120625668,1024,64,16,204,5
1512429120629549,1512429120629555,1024,64,16,170,6
1512429120633480,1512429120633486,1024,64,16,170,6
1512429120637390,1512429120637396,1024,64,16,170,6
1512429120641297,1512429120641303,1024,64,16,170,6
1512429120645177,1512429120645183,1024,64,16,170,6
1512429120649047,1512429120649054,1024,64,16,146,7
1512429120652927,1512429120652933,1024,64,16,170,6
1512429120656858,1512429120656864,1024,64,16,170,6
1512429120660776,1512429120660782,1024,64,16,170,6
1512429120664663,1512429120664670,1024,64,16,146,7
1512429120668557,1512429120668564,1024,64,16,146,7
1512429120672443,1512429120672449,1024,64,16,170,6
1512429120676334,1512429120676340,1024,64,16,170,6
1512429120680226,1512429120680232,1024,64,16,170,6
1512429120684126,1512429120684132,1024,64,16,170,6
1512429120688011,1512429120688017,1024,64,16,170,6
1512429120691964,1512429120691970,1024,64,16,170,6
1512429120695877,1512429120695883,1024,64,16,170,6
1512429120699785,1512429120699791,1024,64,16,170,6
1512429120703717,1512429120703723,1024,64,16,170,6
1512429120707623,1512429120707630,1024,64,16,146,7
1512429120711531,1512429120711537,1024,64,16,170,6
1512429120715412,1512429120715419,1024,64,16,146,7
1512429120719310,1512429120719316,1024,64,16,170,6
1512429120723214,1512429120723220,1024,64,16,170,6
1512429120727099,1512429120727105,1024,64,16,170,6
1512429120730995,1512429120731001,1024,64,16,170,6
1512429120734903,1512429120734909,1024,64,16,170,6
1512429120738766,1512429120738773,1024,64,16,146,7
1512429120742626,1512429120742632,1024,64,16,170,6
1512429120746490,1512429120746496,1024,64,16,170,6
1512429120750391,1512429120750397,1024,64,16,170,6
1512429120754298,1512429120754304,1024,64,16,170,6
1512429120758179,1512429120758185,1024,64,16,170,6
1512429120762062,1512429120762068,1024,64,16,170,6
1512429120765940,1512429120765946,1024,64,16,170,6
1512429120769859,1512429120769865,1024,64,16,170,6
1512429120773751,1512429120773757,1024,64,16,170,6
1512429120777630,1512429120777636,1024,64,16,170,6
1512429120781516,1512429120781522,1024,64,16,170,6
1512429120785385,1512429120785391,1024,64,16,170,6
1512429120789252,1512429120789258,1024,64,16,170,6
1512429120793133,1512429120793139,1024,64,16,170,6
1512429120797014,1512429120797020,1024,64,16,170,6
1512429120800895,1512429120800901,1024,64,16,170,6
1512429120804752,1512429120804759,1024,64,16,146,7
1512429120808637,1512429120808643,1024,64,16,170,6
1512429120812550,1512429120812556,1024,64,16,170,6
1512429120816465,1512429120816471,1024,64,16,170,6
1512429120820360,1512429120820366,1024,64,16,170,6
1512429120824258,1512429120824264,1024,64,16,170,6
1512429120828161,1512429120828167,1024,64,16,170,6
1512429120832068,1512429120832074,1024,64,16,170,6
1512429120835971,1512429120835977,1024,64,16,170,6
1512429120839856,1512429120839862,1024,64,16,170,6
1512429120843745,1512429120843751,1024,64,16,170,6
1512429120847634,1512429120847641,1024,64,16,146,7
1512429120851528,1512429120851534,1024,64,16,170,6
1512429120855422,1512429120855428,1024,64,16,170,6
1512429120859303,1512429120859309,1024,64,16,170,6
1512429120863193,1512429120863199,1024,64,16,170,6
1512429120867099,1512429120867105,1024,64,16,170,6
1512429120871013,1512429120871019,1024,64,16,170,6
1512429120874925,1512429120874931,1024,64,16,170,6
1512429120878831,1512429120878837,1024,64,16,170,6
1512429120882719,1512429120882725,1024,64,16,170,6
1512429120886612,1512429120886618,1024,64,16,170,6
1512429120890515,1512429120890521,1024,64,16,170,6
1512429120894419,1512429120894425,1024,64,16,170,6
1512429120898318,1512429120898324,1024,64,16,170,6
1512429120902205,1512429120902211,1024,64,16,170,6
1512429120906119,1512429120906125,1024,64,16,170,6
1512429120910005,1512429120910011,1024,64,16,170,6
1512429120913915,1512429120913921,1024,64,16,170,6
1512429120917800,1512429120917806,1024,64,16,170,6
1512429120921723,1512429120921730,1024,64,16,146,7
1512429120925604,1512429120925610,1024,64,16,170,6
1512429120929488,1512429120929494,1024,64,16,170,6
1512429120933383,1512429120933389,1024,64,16,170,6
1512429120937257,1512429120937263,1024,64,16,170,6
1512429120941163,1512429120941169,1024,64,16,170,6
1512429120945046,1512429120945052,1024,64,16,170,6
1512429120948925,1512429120948931,1024,64,16,170,6
1512429120952806,1512429120952812,1024,64,16,170,6
1512429120956699,1512429120956705,1024,64,16,170,6
1512429120960601,1512429120960607,1024,64,16,170,6
1512429120964496,1512429120964502,1024,64,16,170,6
1512429120968387,1512429120968393,1024,64,16,170,6
1512429120972272,1512429120972278,1024,64,16,170,6
1512429120976177,1512429120976183,1024,64,16,170,6
1512429120980067,1512429120980073,1024,64,16,170,6
1512429120983958,1512429120983964,1024,64,16,170,6
1512429120987848,1512429120987854,1024,64,16,170,6
1512429120991731,1512429120991737,1024,64,16,170,6
1512429120995628,1512429120995634,1024,64,16,170,6
1512429120999530,1512429120999536,1024,64,16,170,6
1512429121003420,1512429121003426,1024,64,16,170,6
1512429121007304,1512429121007310,1024,64,16,170,6
1512429121011193,1512429121011199,1024,64,16,170,6
1512429121015072,1512429121015078,1024,64,16,170,6
1512429121018967,1512429121018973,1024,64,16,170,6
1512429121022864,1512429121022871,1024,64,16,146,7
1512429121026754,1512429121026760,1024,64,16,170,6
1512429121030622,1512429121030628,1024,64,16,170,6
1512429121034509,1512429121034515,1024,64,16,170,6
1512429121038414,1512429121038420,1024,64,16,170,6
1512429121042357,1512429121042363,1024,64,16,170,6
1512429121046277,1512429121046283,1024,64,16,170,6
1512429121050167,1512429121050173,1024,64,16,170,6
1512429121054079,1512429121054085,1024,64,16,170,6
1512429121057999,1512429121058005,1024,64,16,170,6
1512429121061911,1512429121061917,1024,64,16,170,6
1512429121065824,1512429121065830,1024,64,16,170,6
1512429121069751,1512429121069757,1024,64,16,170,6
1512429121073637,1512429121073643,1024,64,16,170,6
1512429121077517,1512429121077524,1024,64,16,146,7
1512429121081416,1512429121081422,1024,64,16,170,6
1512429121085356,1512429121085362,1024,64,16,170,6
1512429121089293,1512429121089299,1024,64,16,170,6
1512429121093215,1512429121093221,1024,64,16,170,6
1512429121097132,1512429121097138,1024,64,16,170,6
1512429121101020,1512429121101027,1024,64,16,146,7
1512429121104930,1512429121104936,1024,64,16,170,6
1512429121108822,1512429121108828,1024,64,16,170,6
1512429121112712,1512429121112718,1024,64,16,170,6
1512429121116584,1512429121116590,1024,64,16,170,6
1512429121120474,1512429121120480,1024,64,16,170,6
1512429121124361,1512429121124367,1024,64,16,170,6
1512429121128232,1512429121128238,1024,64,16,170,6
1512429121132109,1512429121132115,1024,64,16,170,6
1512429121135969,1512429121135975,1024,64,16,170,6
1512429121139828,1512429121139834,1024,64,16,170,6
1512429121143720,1512429121143727,1024,64,16,146,7
1512429121147615,1512429121147621,1024,64,16,170,6
1512429121151532,1512429121151538,1024,64,16,170,6
1512429121155438,1512429121155444,1024,64,16,170,6
1512429121159319,1512429121159325,1024,64,16,170,6
1512429121163210,1512429121163216,1024,64,16,170,6
1512429121167081,1512429121167087,1024,64,16,170,6
1512429121170972,1512429121170978,1024,64,16,170,6
1512429121174879,1512429121174885,1024,64,16,170,6
1512429121178772,1512429121178778,1024,64,16,170,6
1512429121182663,1512429121182669,1024,64,16,170,6
1512429121186559,1512429121186565,1024,64,16,170,6
1512429121190438,1512429121190444,1024,64,16,170,6
1512429121194313,1512429121194319,1024,64,16,170,6
1512429121198186,1512429121198192,1024,64,16,170,6
1512429121202062,1512429121202068,1024,64,16,170,6
1512429121205926,1512429121205932,1024,64,16,170,6
1512429121209810,1512429121209816,1024,64,16,170,6
1512429121213703,1512429121213709,1024,64,16,170,6
1512429121217619,1512429121217625,1024,64,16,170,6
1512429121221540,1512429121221546,1024,64,16,170,6
1512429121225425,1512429121225431,1024,64,16,170,6
1512429121229314,1512429121229320,1024,64,16,170,6
1512429121233193,1512429121233199,1024,64,16,170,6
1512429121237098,1512429121237104,1024,64,16,170,6
1512429121240986,1512429121240992,1024,64,16,170,6
1512429121244878,1512429121244884,1024,64,16,170,6
1512429121248771,1512429121248777,1024,64,16,170,6
1512429121252677,1512429121252683,1024,64,16,170,6
1512429121256579,1512429121256585,1024,64,16,170,6
1512429121260483,1512429121260489,1024,64,16,170,6
1512429121264377,1512429121264383,1024,64,16,170,6
1512429121268278,1512429121268284,1024,64,16,170,6
1512429121272181,1512429121272187,1024,64,16,170,6
1512429121276045,1512429121276051,1024,64,16,170,6
1512429121279934,1512429121279940,1024,64,16,170,6
1512429121283810,1512429121283816,1024,64,16,170,6
1512429121287675,1512429121287681,1024,64,16,170,6
1512429121291544,1512429121291550,1024,64,16,170,6
1512429121295443,1512429121295449,1024,64,16,170,6
1512429121299324,1512429121299330,1024,64,16,170,6
1512429121303208,1512429121303214,1024,64,16,170,6
1512429121307098,1512429121307104,1024,64,16,170,6
1512429121310971,1512429121310977,1024,64,16,170,6
1512429121314854,1512429121314860,1024,64,16,170,6
1512429121318727,1512429121318733,1024,64,16,170,6
1512429121322635,1512429121322641,1024,64,16,170,6
1512429121326512,1512429121326518,1024,64,16,170,6
1512429121330401,1512429121330407,1024,64,16,170,6
1512429121334279,1512429121334285,1024,64,16,170,6
1512429121338163,1512429121338170,1024,64,16,146,7
1512429121342058,1512429121342064,1024,64,16,170,6
1512429121345965,1512429121345971,1024,64,16,170,6
1512429121349852,1512429121349858,1024,64,16,170,6
1512429121353753,1512429121353759,1024,64,16,170,6
1512429121357659,1512429121357665,1024,64,16,170,6
1512429121361570,1512429121361576,1024,64,16,170,6
1512429121365454,1512429121365460,1024,64,16,170,6
1512429121369332,1512429121369338,1024,64,16,170,6
1512429121373206,1512429121373212,1024,64,16,170,6
1512429121377088,1512429121377094,1024,64,16,170,6
1512429121380984,1512429121380990,1024,64,16,170,6
1512429121384870,1512429121384876,1024,64,16,170,6
1512429121388759,1512429121388765,1024,64,16,170,6
1512429121392665,1512429121392671,1024,64,16,170,6
1512429121396552,1512429121396558,1024,64,16,170,6
1512429121400449,1512429121400455,1024,64,16,170,6
1512429121404344,1512429121404350,1024,64,16,170,6
1512429121408235,1512429121408241,1024,64,16,170,6
1512429121412129,1512429121412135,1024,64,16,170,6
1512429121416016,1512429121416022,1024,64,16,170,6
1512429121419899,1512429121419905,1024,64,16,170,6
1512429121423783,1512429121423789,1024,64,16,170,6
1512429121427662,1512429121427668,1024,64,16,170,6
1512429121431512,1512429121431518,1024,64,16,170,6
1512429121435378,1512429121435384,1024,64,16,170,6
1512429121439260,1512429121439266,1024,64,16,170,6
1512429121443155,1512429121443161,1024,64,16,170,6
1512429121447045,1512429121447051,1024,64,16,170,6
1512429121450952,1512429121450958,1024,64,16,170,6
1512429121454862,1512429121454868,1024,64,16,170,6
1512429121458755,1512429121458761,1024,64,16,170,6
1512429121462652,1512429121462659,1024,64,16,146,7
1512429121466568,1512429121466574,1024,64,16,170,6
1512429121470476,1512429121470482,1024,64,16,170,6
1512429121474366,1512429121474372,1024,64,16,170,6
1512429121478259,1512429121478265,1024,64,16,170,6
1512429121482163,1512429121482169,1024,64,16,170,6
1512429121486064,1512429121486070,1024,64,16,170,6
1512429121489975,1512429121489981,1024,64,16,170,6
1512429121493895,1512429121493901,1024,64,16,170,6
1512429121497833,1512429121497839,1024,64,16,170,6
1512429121501747,1512429121501753,1024,64,16,170,6
1512429121505650,1512429121505656,1024,64,16,170,6
1512429121509565,1512429121509571,1024,64,16,170,6
1512429121513484,1512429121513491,1024,64,16,146,7
1512429121517397,1512429121517403,1024,64,16,170,6
1512429121521293,1512429121521299,1024,64,16,170,6
1512429121525178,1512429121525184,1024,64,16,170,6
1512429121529058,1512429121529064,1024,64,16,170,6
1512429121532947,1512429121532953,1024,64,16,170,6
1512429121536866,1512429121536872,1024,64,16,170,6
1512429121540763,1512429121540769,1024,64,16,170,6
1512429121544679,1512429121544685,1024,64,16,170,6
1512429121548607,1512429121548613,1024,64,16,170,6
1512429121552520,1512429121552526,1024,64,16,170,6
1512429121556434,1512429121556441,1024,64,16,146,7
1512429121560353,1512429121560359,1024,64,16,170,6
1512429121564236,1512429121564242,1024,64,16,170,6
1512429121568132,1512429121568138,1024,64,16,170,6
1512429121572037,1512429121572043,1024,64,16,170,6
1512429121575946,1512429121575952,1024,64,16,170,6
1512429121579861,1512429121579867,1024,64,16,170,6
1512429121583765,1512429121583771,1024,64,16,170,6
1512429121587702,1512429121587708,1024,64,16,170,6
1512429121591631,1512429121591637,1024,64,16,170,6
1512429121595535,1512429121595541,1024,64,16,170,6
