1512576121304515,1512576121815813,268435456,16777216,16,525,511298
1512576123685781,1512576124194800,268435456,16777216,16,527,509019
1512576126062297,1512576126568788,268435456,16777216,16,529,506491
1512576128435743,1512576128942297,268435456,16777216,16,529,506554
1512576130809232,1512576131315805,268435456,16777216,16,529,506573
1512576133182955,1512576133691535,268435456,16777216,16,527,508580
1512576135558513,1512576136065204,268435456,16777216,16,529,506691
1512576137932644,1512576138441644,268435456,16777216,16,527,509000
1512576140308430,1512576140814002,268435456,16777216,16,530,505572
1512576142680115,1512576143187609,268435456,16777216,16,528,507494
1512576145054264,1512576145561842,268435456,16777216,16,528,507578
1512576147428115,1512576147931776,268435456,16777216,16,532,503661
1512576149797552,1512576150303155,268435456,16777216,16,530,505603
1512576152169498,1512576152678674,268435456,16777216,16,527,509176
1512576154545535,1512576155055198,268435456,16777216,16,526,509663
1512576156922920,1512576157429829,268435456,16777216,16,529,506909
1512576159296903,1512576159804036,268435456,16777216,16,529,507133
1512576161669756,1512576162174586,268435456,16777216,16,531,504830
1512576164046432,1512576164572543,268435456,16777216,16,510,526111
1512576166442606,1512576166963993,268435456,16777216,16,514,521387
1512576168833816,1512576169358054,268435456,16777216,16,512,524238
1512576171233006,1512576171757016,268435456,16777216,16,512,524010
1512576173627445,1512576174144899,268435456,16777216,16,518,517454
1512576176016184,1512576176542031,268435456,16777216,16,510,525847
1512576178411696,1512576178921714,268435456,16777216,16,526,510018
1512576180789077,1512576181299707,268435456,16777216,16,525,510630
1512576183168127,1512576183678865,268435456,16777216,16,525,510738
1512576185544792,1512576186054095,268435456,16777216,16,527,509303
1512576187921897,1512576188433621,268435456,16777216,16,524,511724
1512576190301278,1512576190806323,268435456,16777216,16,531,505045
1512576192672706,1512576193179313,268435456,16777216,16,529,506607
1512576195048204,1512576195556826,268435456,16777216,16,527,508622
1512576197424755,1512576197932816,268435456,16777216,16,528,508061
1512576199799589,1512576200306342,268435456,16777216,16,529,506753
1512576202173228,1512576202675969,268435456,16777216,16,533,502741
1512576204542467,1512576205047139,268435456,16777216,16,531,504672
1512576206913533,1512576207419693,268435456,16777216,16,530,506160
1512576209285504,1512576209792041,268435456,16777216,16,529,506537
1512576211660036,1512576212164734,268435456,16777216,16,531,504698
1512576214033518,1512576214538031,268435456,16777216,16,532,504513
1512576216405659,1512576216914340,268435456,16777216,16,527,508681
1512576218782102,1512576219287044,268435456,16777216,16,531,504942
1512576221154570,1512576221663123,268435456,16777216,16,527,508553
1512576223530931,1512576224037517,268435456,16777216,16,529,506586
1512576225904667,1512576226408584,268435456,16777216,16,532,503917
1512576228275587,1512576228782901,268435456,16777216,16,529,507314
1512576230649264,1512576231158101,268435456,16777216,16,527,508837
1512576233023926,1512576233531035,268435456,16777216,16,529,507109
1512576235398490,1512576235905364,268435456,16777216,16,529,506874
1512576237771681,1512576238280571,268435456,16777216,16,527,508890
1512576240148785,1512576240659287,268435456,16777216,16,525,510502
1512576242526250,1512576243035895,268435456,16777216,16,526,509645
1512576244902902,1512576245412687,268435456,16777216,16,526,509785
1512576247280333,1512576247787914,268435456,16777216,16,528,507581
1512576249654169,1512576250157841,268435456,16777216,16,532,503672
1512576252024863,1512576252530570,268435456,16777216,16,530,505707
1512576254396867,1512576254904549,268435456,16777216,16,528,507682
1512576256771635,1512576257280519,268435456,16777216,16,527,508884
1512576259147545,1512576259656716,268435456,16777216,16,527,509171
1512576261522838,1512576262030198,268435456,16777216,16,529,507360
1512576263897246,1512576264404323,268435456,16777216,16,529,507077
1512576266271417,1512576266776451,268435456,16777216,16,531,505034
1512576268642444,1512576269149623,268435456,16777216,16,529,507179
1512576271016903,1512576271525363,268435456,16777216,16,527,508460
1512576273391913,1512576273901472,268435456,16777216,16,526,509559
1512576275768028,1512576276275102,268435456,16777216,16,529,507074
1512576278141899,1512576278648707,268435456,16777216,16,529,506808
1512576280515785,1512576281023112,268435456,16777216,16,529,507327
1512576282890953,1512576283400591,268435456,16777216,16,526,509638
1512576285267217,1512576285776581,268435456,16777216,16,527,509364
1512576287643243,1512576288150285,268435456,16777216,16,529,507042
1512576290018476,1512576290521641,268435456,16777216,16,533,503165
1512576292390492,1512576292898068,268435456,16777216,16,528,507576
1512576294766126,1512576295275115,268435456,16777216,16,527,508989
1512576297142056,1512576297644691,268435456,16777216,16,534,502635
1512576299512890,1512576300020253,268435456,16777216,16,529,507363
1512576301888826,1512576302397874,268435456,16777216,16,527,509048
1512576304265647,1512576304771326,268435456,16777216,16,530,505679
1512576306638372,1512576307147809,268435456,16777216,16,526,509437
1512576309015355,1512576309518417,268435456,16777216,16,533,503062
1512576311386153,1512576311893492,268435456,16777216,16,529,507339
1512576313760709,1512576314268527,268435456,16777216,16,528,507818
1512576316135699,1512576316640985,268435456,16777216,16,531,505286
1512576318508959,1512576319016008,268435456,16777216,16,529,507049
1512576320883024,1512576321388474,268435456,16777216,16,531,505450
1512576323259322,1512576323802422,268435456,16777216,16,494,543100
1512576325675443,1512576326198156,268435456,16777216,16,513,522713
1512576328067302,1512576328585682,268435456,16777216,16,517,518380
1512576330457883,1512576330980760,268435456,16777216,16,513,522877
1512576332850255,1512576333370245,268435456,16777216,16,516,519990
1512576335239999,1512576335772848,268435456,16777216,16,503,532849
1512576337647332,1512576338167831,268435456,16777216,16,515,520499
1512576340037971,1512576340545060,268435456,16777216,16,529,507089
1512576342416028,1512576342925276,268435456,16777216,16,527,509248
1512576344792909,1512576345299922,268435456,16777216,16,529,507013
1512576347167866,1512576347676417,268435456,16777216,16,527,508551
1512576349544738,1512576350054495,268435456,16777216,16,526,509757
1512576351921834,1512576352431095,268435456,16777216,16,527,509261
1512576354298721,1512576354809381,268435456,16777216,16,525,510660
1512576356676311,1512576357182958,268435456,16777216,16,529,506647
1512576359049778,1512576359557159,268435456,16777216,16,529,507381
1512576361424925,1512576361935464,268435456,16777216,16,525,510539
1512576363803091,1512576364306953,268435456,16777216,16,532,503862
1512576366173933,1512576366681800,268435456,16777216,16,528,507867
1512576368549252,1512576369058794,268435456,16777216,16,526,509542
1512576370925340,1512576371433594,268435456,16777216,16,528,508254
1512576373301383,1512576373806393,268435456,16777216,16,531,505010
1512576375673579,1512576376183363,268435456,16777216,16,526,509784
1512576378049483,1512576378558806,268435456,16777216,16,527,509323
1512576380426503,1512576380934051,268435456,16777216,16,528,507548
1512576382801186,1512576383308564,268435456,16777216,16,529,507378
1512576385175723,1512576385683189,268435456,16777216,16,528,507466
1512576387550269,1512576388055895,268435456,16777216,16,530,505626
1512576389924032,1512576390429458,268435456,16777216,16,531,505426
1512576392297942,1512576392807641,268435456,16777216,16,526,509699
1512576394676122,1512576395184206,268435456,16777216,16,528,508084
1512576397051415,1512576397558656,268435456,16777216,16,529,507241
1512576399427132,1512576399933328,268435456,16777216,16,530,506196
1512576401801680,1512576402309603,268435456,16777216,16,528,507923
1512576404177274,1512576404682651,268435456,16777216,16,531,505377
1512576406550736,1512576407058502,268435456,16777216,16,528,507766
1512576408926546,1512576409433697,268435456,16777216,16,529,507151
1512576411300882,1512576411804674,268435456,16777216,16,532,503792
1512576413671024,1512576414179156,268435456,16777216,16,528,508132
1512576416045020,1512576416552929,268435456,16777216,16,528,507909
1512576418422272,1512576418927875,268435456,16777216,16,530,505603
1512576420796965,1512576421306307,268435456,16777216,16,527,509342
1512576423177686,1512576423685972,268435456,16777216,16,528,508286
1512576425556649,1512576426060946,268435456,16777216,16,532,504297
1512576427930647,1512576428432105,268435456,16777216,16,535,501458
1512576430299693,1512576430804381,268435456,16777216,16,531,504688
1512576432671354,1512576433171242,268435456,16777216,16,536,499888
1512576435038761,1512576435544715,268435456,16777216,16,530,505954
1512576437414501,1512576437918399,268435456,16777216,16,532,503898
1512576439787651,1512576440291569,268435456,16777216,16,532,503918
1512576442160009,1512576442661983,268435456,16777216,16,534,501974
1512576444533495,1512576445038334,268435456,16777216,16,531,504839
1512576446905403,1512576447409010,268435456,16777216,16,533,503607
1512576449282447,1512576449787809,268435456,16777216,16,531,505362
1512576451654554,1512576452158159,268435456,16777216,16,533,503605
1512576454024967,1512576454530395,268435456,16777216,16,531,505428
1512576456397136,1512576456901012,268435456,16777216,16,532,503876
1512576458767312,1512576459271285,268435456,16777216,16,532,503973
1512576461137502,1512576461643756,268435456,16777216,16,530,506254
1512576463511094,1512576464011137,268435456,16777216,16,536,500043
1512576465876826,1512576466380392,268435456,16777216,16,533,503566
1512576468246663,1512576468747904,268435456,16777216,16,535,501241
1512576470615890,1512576471116224,268435456,16777216,16,536,500334
1512576472982653,1512576473485398,268435456,16777216,16,533,502745
1512576475353561,1512576475856659,268435456,16777216,16,533,503098
1512576477722994,1512576478227608,268435456,16777216,16,531,504614
1512576480094544,1512576480600143,268435456,16777216,16,530,505599
1512576482468225,1512576482969826,268435456,16777216,16,535,501601
1512576484837008,1512576485339557,268435456,16777216,16,534,502549
1512576487207085,1512576487708954,268435456,16777216,16,534,501869
1512576489575198,1512576490079049,268435456,16777216,16,532,503851
1512576491946999,1512576492450596,268435456,16777216,16,533,503597
1512576494318520,1512576494823747,268435456,16777216,16,531,505227
1512576496690414,1512576497195470,268435456,16777216,16,531,505056
1512576499062630,1512576499564601,268435456,16777216,16,534,501971
1512576501431840,1512576501937768,268435456,16777216,16,530,505928
1512576503804017,1512576504310159,268435456,16777216,16,530,506142
1512576506177062,1512576506679993,268435456,16777216,16,533,502931
1512576508547248,1512576509048145,268435456,16777216,16,535,500897
1512576510915983,1512576511413886,268435456,16777216,16,539,497903
1512576513283062,1512576513789628,268435456,16777216,16,529,506566
1512576515656149,1512576516160206,268435456,16777216,16,532,504057
1512576518028846,1512576518534635,268435456,16777216,16,530,505789
1512576520402067,1512576520906939,268435456,16777216,16,531,504872
1512576522775146,1512576523281412,268435456,16777216,16,530,506266
1512576525149170,1512576525652636,268435456,16777216,16,533,503466
1512576527519581,1512576528023638,268435456,16777216,16,532,504057
1512576529890114,1512576530395239,268435456,16777216,16,531,505125
1512576532262245,1512576532768256,268435456,16777216,16,530,506011
1512576534636059,1512576535140383,268435456,16777216,16,532,504324
1512576537008660,1512576537514938,268435456,16777216,16,530,506278
1512576539382480,1512576539885395,268435456,16777216,16,533,502915
1512576541753017,1512576542257481,268435456,16777216,16,532,504464
1512576544125035,1512576544627366,268435456,16777216,16,534,502331
1512576546495406,1512576546999046,268435456,16777216,16,532,503640
1512576548867831,1512576549373410,268435456,16777216,16,530,505579
1512576551240493,1512576551745007,268435456,16777216,16,532,504514
1512576553612549,1512576554116924,268435456,16777216,16,532,504375
1512576555984668,1512576556490472,268435456,16777216,16,530,505804
1512576558358972,1512576558864610,268435456,16777216,16,530,505638
1512576560731023,1512576561232770,268435456,16777216,16,535,501747
1512576563099609,1512576563603538,268435456,16777216,16,532,503929
1512576565472893,1512576565977989,268435456,16777216,16,531,505096
1512576567845028,1512576568348470,268435456,16777216,16,533,503442
1512576570217619,1512576570721015,268435456,16777216,16,533,503396
1512576572588315,1512576573094697,268435456,16777216,16,530,506382
1512576574962073,1512576575465563,268435456,16777216,16,533,503490
1512576577333717,1512576577839425,268435456,16777216,16,530,505708
1512576579707670,1512576580213486,268435456,16777216,16,530,505816
1512576582082816,1512576582587207,268435456,16777216,16,532,504391
1512576584455681,1512576584955792,268435456,16777216,16,536,500111
1512576586823335,1512576587328981,268435456,16777216,16,530,505646
1512576589196126,1512576589694764,268435456,16777216,16,538,498638
1512576591562557,1512576592068895,268435456,16777216,16,530,506338
1512576593937167,1512576594443693,268435456,16777216,16,529,506526
1512576596310854,1512576596816243,268435456,16777216,16,531,505389
1512576598683950,1512576599189881,268435456,16777216,16,530,505931
1512576601057809,1512576601560897,268435456,16777216,16,533,503088
1512576603427800,1512576603928383,268435456,16777216,16,536,500583
1512576605795742,1512576606297937,268435456,16777216,16,534,502195
1512576608165231,1512576608671305,268435456,16777216,16,530,506074
1512576610539484,1512576611041545,268435456,16777216,16,534,502061
1512576612909805,1512576613406833,268435456,16777216,16,540,497028
1512576615276149,1512576615781833,268435456,16777216,16,530,505684
1512576617648257,1512576618152046,268435456,16777216,16,532,503789
1512576620018313,1512576620522360,268435456,16777216,16,532,504047
1512576622389640,1512576622893594,268435456,16777216,16,532,503954
1512576624760262,1512576625262464,268435456,16777216,16,534,502202
1512576627129354,1512576627634782,268435456,16777216,16,531,505428
1512576629502680,1512576630004679,268435456,16777216,16,534,501999
1512576631871644,1512576632375662,268435456,16777216,16,532,504018
1512576634242707,1512576634747658,268435456,16777216,16,531,504951
1512576636615786,1512576637121937,268435456,16777216,16,530,506151
1512576638990089,1512576639493908,268435456,16777216,16,532,503819
1512576641361977,1512576641867683,268435456,16777216,16,530,505706
1512576643733906,1512576644240011,268435456,16777216,16,530,506105
1512576646106917,1512576646612736,268435456,16777216,16,530,505819
1512576648481366,1512576648983173,268435456,16777216,16,534,501807
1512576650850487,1512576651353335,268435456,16777216,16,533,502848
1512576653220772,1512576653720571,268435456,16777216,16,537,499799
1512576655590117,1512576656085906,268435456,16777216,16,541,495789
1512576657953877,1512576658458847,268435456,16777216,16,531,504970
1512576660326323,1512576660829807,268435456,16777216,16,533,503484
1512576662698088,1512576663202414,268435456,16777216,16,532,504326
1512576665069775,1512576665571662,268435456,16777216,16,534,501887
1512576667438429,1512576667942879,268435456,16777216,16,532,504450
1512576669810340,1512576670314158,268435456,16777216,16,532,503818
1512576672183103,1512576672687366,268435456,16777216,16,532,504263
1512576674555052,1512576675060847,268435456,16777216,16,530,505795
1512576676928744,1512576677433226,268435456,16777216,16,532,504482
1512576679299489,1512576679804738,268435456,16777216,16,531,505249
1512576681672464,1512576682176537,268435456,16777216,16,532,504073
1512576684044753,1512576684546574,268435456,16777216,16,534,501821
1512576686413686,1512576686917678,268435456,16777216,16,532,503992
1512576688785355,1512576689291096,268435456,16777216,16,530,505741
1512576691159055,1512576691657643,268435456,16777216,16,538,498588
1512576693526576,1512576694032735,268435456,16777216,16,530,506159
1512576695900695,1512576696405137,268435456,16777216,16,532,504442
1512576698272295,1512576698772741,268435456,16777216,16,536,500446
1512576700640561,1512576701141480,268435456,16777216,16,535,500919
1512576703011301,1512576703517869,268435456,16777216,16,529,506568
1512576705392922,1512576705900433,268435456,16777216,16,528,507511
1512576707770670,1512576708271863,268435456,16777216,16,535,501193
1512576710140596,1512576710643876,268435456,16777216,16,533,503280
1512576712511435,1512576713016236,268435456,16777216,16,531,504801
1512576714882991,1512576715386594,268435456,16777216,16,533,503603
1512576717253801,1512576717755234,268435456,16777216,16,535,501433
1512576719623843,1512576720129773,268435456,16777216,16,530,505930
1512576721997480,1512576722501337,268435456,16777216,16,532,503857
1512576724369595,1512576724874096,268435456,16777216,16,532,504501
1512576726741435,1512576727247688,268435456,16777216,16,530,506253
1512576729115929,1512576729620543,268435456,16777216,16,531,504614
1512576731487259,1512576731996121,268435456,16777216,16,527,508862
1512576733863616,1512576734371973,268435456,16777216,16,528,508357
1512576736238995,1512576736747577,268435456,16777216,16,527,508582
1512576738614485,1512576739124921,268435456,16777216,16,525,510436
1512576740992827,1512576741503856,268435456,16777216,16,525,511029
1512576743371142,1512576743881900,268435456,16777216,16,525,510758
1512576745749759,1512576746256276,268435456,16777216,16,529,506517
1512576748125686,1512576748635844,268435456,16777216,16,526,510158
1512576750503821,1512576751008947,268435456,16777216,16,531,505126
1512576752877271,1512576753383773,268435456,16777216,16,529,506502
1512576755251749,1512576755756356,268435456,16777216,16,531,504607
1512576757624187,1512576758130581,268435456,16777216,16,530,506394
1512576759998469,1512576760508612,268435456,16777216,16,526,510143
1512576762376886,1512576762886080,268435456,16777216,16,527,509194
1512576764753310,1512576765262669,268435456,16777216,16,527,509359
1512576767129862,1512576767636798,268435456,16777216,16,529,506936
1512576769504798,1512576770014261,268435456,16777216,16,526,509463
1512576771882667,1512576772387830,268435456,16777216,16,531,505163
1512576774254905,1512576774761477,268435456,16777216,16,529,506572
1512576776628681,1512576777139449,268435456,16777216,16,525,510768
1512576779007161,1512576779513372,268435456,16777216,16,530,506211
1512576781380939,1512576781890698,268435456,16777216,16,526,509759
1512576783757801,1512576784264201,268435456,16777216,16,530,506400
1512576786131228,1512576786641684,268435456,16777216,16,525,510456
1512576788510257,1512576789018460,268435456,16777216,16,528,508203
1512576790886651,1512576791397169,268435456,16777216,16,525,510518
1512576793264874,1512576793771554,268435456,16777216,16,529,506680
1512576795640393,1512576796148305,268435456,16777216,16,528,507912
1512576798015636,1512576798523658,268435456,16777216,16,528,508022
1512576800390910,1512576800898839,268435456,16777216,16,528,507929
1512576802767232,1512576803273532,268435456,16777216,16,530,506300
1512576805141133,1512576805649473,268435456,16777216,16,528,508340
1512576807516928,1512576808025155,268435456,16777216,16,528,508227
1512576809895309,1512576810402099,268435456,16777216,16,529,506790
1512576812269128,1512576812772313,268435456,16777216,16,533,503185
1512576814638750,1512576815147869,268435456,16777216,16,527,509119
1512576817014714,1512576817522872,268435456,16777216,16,528,508158
1512576819399028,1512576819907483,268435456,16777216,16,527,508455
1512576821775125,1512576822278903,268435456,16777216,16,532,503778
1512576824148062,1512576824657984,268435456,16777216,16,526,509922
1512576826524567,1512576827034238,268435456,16777216,16,526,509671
1512576828899995,1512576829407702,268435456,16777216,16,528,507707
1512576831274103,1512576831781574,268435456,16777216,16,528,507471
1512576833647854,1512576834155646,268435456,16777216,16,528,507792
1512576836021808,1512576836527522,268435456,16777216,16,530,505714
1512576838393611,1512576838902501,268435456,16777216,16,527,508890
1512576840768562,1512576841276626,268435456,16777216,16,528,508064
1512576843145296,1512576843651975,268435456,16777216,16,529,506679
1512576845517852,1512576846027548,268435456,16777216,16,526,509696
1512576847893911,1512576848402145,268435456,16777216,16,528,508234
1512576850268961,1512576850777238,268435456,16777216,16,528,508277
1512576852645431,1512576853155972,268435456,16777216,16,525,510541
1512576855023447,1512576855527757,268435456,16777216,16,532,504310
1512576857394424,1512576857904378,268435456,16777216,16,526,509954
1512576859770540,1512576860278771,268435456,16777216,16,528,508231
1512576862146933,1512576862653873,268435456,16777216,16,529,506940
1512576864522952,1512576865031459,268435456,16777216,16,527,508507
1512576866897354,1512576867405839,268435456,16777216,16,527,508485
1512576869274511,1512576869784977,268435456,16777216,16,525,510466
1512576871653061,1512576872163635,268435456,16777216,16,525,510574
1512576874030993,1512576874539260,268435456,16777216,16,528,508267
1512576876406311,1512576876915222,268435456,16777216,16,527,508911
1512576878781697,1512576879292289,268435456,16777216,16,525,510592
1512576881160078,1512576881671252,268435456,16777216,16,525,511174
1512576883538152,1512576884045807,268435456,16777216,16,528,507655
1512576885913855,1512576886424537,268435456,16777216,16,525,510682
1512576888291496,1512576888802379,268435456,16777216,16,525,510883
1512576890670749,1512576891181869,268435456,16777216,16,525,511120
1512576893051508,1512576893561135,268435456,16777216,16,526,509627
1512576895428040,1512576895935458,268435456,16777216,16,529,507418
1512576897802605,1512576898311940,268435456,16777216,16,527,509335
1512576900179215,1512576900689521,268435456,16777216,16,526,510306
1512576902559456,1512576903070819,268435456,16777216,16,524,511363
1512576904940068,1512576905451326,268435456,16777216,16,525,511258
1512576907320883,1512576907831810,268435456,16777216,16,525,510927
1512576909699036,1512576910208980,268435456,16777216,16,526,509944
1512576912077626,1512576912588994,268435456,16777216,16,524,511368
1512576914457430,1512576914967903,268435456,16777216,16,525,510473
1512576916835433,1512576917345810,268435456,16777216,16,525,510377
1512576919214630,1512576919724519,268435456,16777216,16,526,509889
1512576921592285,1512576922100785,268435456,16777216,16,527,508500
1512576923966963,1512576924477771,268435456,16777216,16,525,510808
1512576926346874,1512576926855737,268435456,16777216,16,527,508863
1512576928724280,1512576929234485,268435456,16777216,16,526,510205
1512576931102290,1512576931613546,268435456,16777216,16,525,511256
1512576933480963,1512576933989907,268435456,16777216,16,527,508944
1512576935857460,1512576936362691,268435456,16777216,16,531,505231
1512576938229621,1512576938738858,268435456,16777216,16,527,509237
1512576940606693,1512576941118981,268435456,16777216,16,523,512288
1512576942985932,1512576943497531,268435456,16777216,16,524,511599
1512576945364795,1512576945872666,268435456,16777216,16,528,507871
1512576947742909,1512576948250882,268435456,16777216,16,528,507973
1512576950117850,1512576950628830,268435456,16777216,16,525,510980
1512576952495861,1512576953002788,268435456,16777216,16,529,506927
1512576954871292,1512576955382117,268435456,16777216,16,525,510825
1512576957249733,1512576957756866,268435456,16777216,16,529,507133
1512576959623157,1512576960132706,268435456,16777216,16,526,509549
1512576961999692,1512576962502859,268435456,16777216,16,533,503167
1512576964371633,1512576964882085,268435456,16777216,16,525,510452
1512576966748931,1512576967258851,268435456,16777216,16,526,509920
1512576969129158,1512576969636470,268435456,16777216,16,529,507312
1512576971506064,1512576972015063,268435456,16777216,16,527,508999
1512576973883966,1512576974395122,268435456,16777216,16,525,511156
1512576976265609,1512576976774317,268435456,16777216,16,527,508708
1512576978642099,1512576979153195,268435456,16777216,16,525,511096
1512576981019769,1512576981530647,268435456,16777216,16,525,510878
1512576983398023,1512576983906740,268435456,16777216,16,527,508717
1512576985776686,1512576986285646,268435456,16777216,16,527,508960
1512576988154647,1512576988665854,268435456,16777216,16,525,511207
1512576990533484,1512576991042929,268435456,16777216,16,526,509445
1512576992911975,1512576993422853,268435456,16777216,16,525,510878
1512576995290999,1512576995798319,268435456,16777216,16,529,507320
1512576997667509,1512576998176268,268435456,16777216,16,527,508759
1512577000047008,1512577000556581,268435456,16777216,16,526,509573
1512577002427547,1512577002936888,268435456,16777216,16,527,509341
1512577004803517,1512577005312488,268435456,16777216,16,527,508971
1512577007179157,1512577007685966,268435456,16777216,16,529,506809
1512577009557127,1512577010063750,268435456,16777216,16,529,506623
1512577011933306,1512577012443546,268435456,16777216,16,526,510240
1512577014311035,1512577014821634,268435456,16777216,16,525,510599
1512577016691635,1512577017202456,268435456,16777216,16,525,510821
1512577019072725,1512577019579819,268435456,16777216,16,529,507094
1512577021451003,1512577021962844,268435456,16777216,16,524,511841
1512577023835078,1512577024344153,268435456,16777216,16,527,509075
1512577026219299,1512577026730038,268435456,16777216,16,525,510739
1512577028597798,1512577029107247,268435456,16777216,16,526,509449
1512577030977446,1512577031488217,268435456,16777216,16,525,510771
1512577033357078,1512577033866089,268435456,16777216,16,527,509011
1512577035733621,1512577036242871,268435456,16777216,16,527,509250
1512577038110189,1512577038616967,268435456,16777216,16,529,506778
1512577040484845,1512577040991778,268435456,16777216,16,529,506933
1512577042859321,1512577043368760,268435456,16777216,16,526,509439
1512577045238383,1512577045749252,268435456,16777216,16,525,510869
1512577047617581,1512577048124494,268435456,16777216,16,529,506913
1512577049992860,1512577050503881,268435456,16777216,16,525,511021
1512577052371474,1512577052880838,268435456,16777216,16,527,509364
1512577054748605,1512577055259464,268435456,16777216,16,525,510859
1512577057126389,1512577057637939,268435456,16777216,16,524,511550
1512577059506940,1512577060017459,268435456,16777216,16,525,510519
1512577061884550,1512577062396542,268435456,16777216,16,524,511992
1512577064263630,1512577064771549,268435456,16777216,16,528,507919
1512577066639000,1512577067147147,268435456,16777216,16,528,508147
1512577069014962,1512577069526500,268435456,16777216,16,524,511538
1512577071392642,1512577071904433,268435456,16777216,16,524,511791
1512577073771758,1512577074281228,268435456,16777216,16,526,509470
1512577076148645,1512577076658795,268435456,16777216,16,526,510150
1512577078524725,1512577079034469,268435456,16777216,16,526,509744
1512577080903158,1512577081406691,268435456,16777216,16,533,503533
1512577083274311,1512577083782496,268435456,16777216,16,528,508185
1512577085649384,1512577086159374,268435456,16777216,16,526,509990
1512577088027328,1512577088539127,268435456,16777216,16,524,511799
1512577090407076,1512577090917165,268435456,16777216,16,526,510089
1512577092784814,1512577093296750,268435456,16777216,16,524,511936
1512577095164972,1512577095674124,268435456,16777216,16,527,509152
1512577097540549,1512577098052054,268435456,16777216,16,524,511505
1512577099919468,1512577100428714,268435456,16777216,16,527,509246
1512577102297014,1512577102805367,268435456,16777216,16,528,508353
1512577104673540,1512577105183829,268435456,16777216,16,526,510289
1512577107051093,1512577107557173,268435456,16777216,16,530,506080
1512577109424176,1512577109935112,268435456,16777216,16,525,510936
1512577111801957,1512577112312855,268435456,16777216,16,525,510898
1512577114182001,1512577114689021,268435456,16777216,16,529,507020
1512577116556685,1512577117066079,268435456,16777216,16,526,509394
1512577118933120,1512577119442522,268435456,16777216,16,526,509402
1512577121309200,1512577121819365,268435456,16777216,16,526,510165
1512577123688094,1512577124197675,268435456,16777216,16,526,509581
1512577126064510,1512577126570220,268435456,16777216,16,530,505710
1512577128436701,1512577128947732,268435456,16777216,16,525,511031
1512577130814304,1512577131323376,268435456,16777216,16,527,509072
1512577133190566,1512577133697972,268435456,16777216,16,529,507406
1512577135564166,1512577136072871,268435456,16777216,16,527,508705
1512577137940527,1512577138451401,268435456,16777216,16,525,510874
1512577140319496,1512577140829281,268435456,16777216,16,526,509785
1512577142696401,1512577143206089,268435456,16777216,16,526,509688
1512577145073803,1512577145584998,268435456,16777216,16,525,511195
1512577147452261,1512577147962082,268435456,16777216,16,526,509821
1512577149828859,1512577150340542,268435456,16777216,16,524,511683
1512577152207893,1512577152717220,268435456,16777216,16,527,509327
1512577154584080,1512577155094853,268435456,16777216,16,525,510773
1512577156961566,1512577157470622,268435456,16777216,16,527,509056
1512577159338791,1512577159845903,268435456,16777216,16,529,507112
1512577161712417,1512577162223310,268435456,16777216,16,525,510893
1512577164090524,1512577164601985,268435456,16777216,16,524,511461
1512577166469504,1512577166978292,268435456,16777216,16,527,508788
1512577168845790,1512577169356753,268435456,16777216,16,525,510963
1512577171223687,1512577171730880,268435456,16777216,16,529,507193
1512577173598288,1512577174109047,268435456,16777216,16,525,510759
1512577175975016,1512577176482360,268435456,16777216,16,529,507344
1512577178350737,1512577178861783,268435456,16777216,16,525,511046
1512577180728763,1512577181237687,268435456,16777216,16,527,508924
1512577183104675,1512577183613630,268435456,16777216,16,527,508955
1512577185481288,1512577185990439,268435456,16777216,16,527,509151
1512577187859512,1512577188370644,268435456,16777216,16,525,511132
1512577190238028,1512577190749573,268435456,16777216,16,524,511545
1512577192616412,1512577193126930,268435456,16777216,16,525,510518
1512577194993964,1512577195505152,268435456,16777216,16,525,511188
1512577197372087,1512577197882816,268435456,16777216,16,525,510729
1512577199750481,1512577200258759,268435456,16777216,16,528,508278
1512577202126665,1512577202632229,268435456,16777216,16,530,505564
1512577204499035,1512577205007446,268435456,16777216,16,527,508411
1512577206874302,1512577207385576,268435456,16777216,16,525,511274
1512577209252314,1512577209761269,268435456,16777216,16,527,508955
1512577211627480,1512577212136562,268435456,16777216,16,527,509082
1512577214003092,1512577214512678,268435456,16777216,16,526,509586
1512577216379237,1512577216888144,268435456,16777216,16,527,508907
1512577218755133,1512577219265656,268435456,16777216,16,525,510523
1512577221132344,1512577221644045,268435456,16777216,16,524,511701
1512577223514179,1512577224024132,268435456,16777216,16,526,509953
1512577225890960,1512577226400796,268435456,16777216,16,526,509836
1512577228268025,1512577228775709,268435456,16777216,16,528,507684
1512577230643262,1512577231155236,268435456,16777216,16,524,511974
1512577233023017,1512577233534646,268435456,16777216,16,524,511629
1512577235401612,1512577235913125,268435456,16777216,16,524,511513
1512577237780406,1512577238288210,268435456,16777216,16,528,507804
1512577240154112,1512577240665918,268435456,16777216,16,524,511806
1512577242532827,1512577243040478,268435456,16777216,16,528,507651
1512577244909027,1512577245414764,268435456,16777216,16,530,505737
1512577247280950,1512577247791841,268435456,16777216,16,525,510891
1512577249658956,1512577250170745,268435456,16777216,16,524,511789
1512577252040194,1512577252550016,268435456,16777216,16,526,509822
1512577254417750,1512577254929369,268435456,16777216,16,524,511619
1512577256796270,1512577257305850,268435456,16777216,16,526,509580
1512577259172444,1512577259680176,268435456,16777216,16,528,507732
1512577261547831,1512577262058378,268435456,16777216,16,525,510547
1512577263925609,1512577264437489,268435456,16777216,16,524,511880
1512577266304377,1512577266810621,268435456,16777216,16,530,506244
1512577268679984,1512577269188515,268435456,16777216,16,527,508531
1512577271056904,1512577271567220,268435456,16777216,16,526,510316
1512577273435415,1512577273946644,268435456,16777216,16,525,511229
1512577275814297,1512577276323859,268435456,16777216,16,526,509562
1512577278190225,1512577278701664,268435456,16777216,16,524,511439
1512577280568918,1512577281078585,268435456,16777216,16,526,509667
1512577282944323,1512577283455423,268435456,16777216,16,525,511100
1512577285322170,1512577285831615,268435456,16777216,16,526,509445
1512577287698489,1512577288207884,268435456,16777216,16,526,509395
1512577290074092,1512577290581517,268435456,16777216,16,529,507425
1512577292447894,1512577292957093,268435456,16777216,16,527,509199
1512577294824244,1512577295335142,268435456,16777216,16,525,510898
1512577297201499,1512577297711103,268435456,16777216,16,526,509604
1512577299578436,1512577300087774,268435456,16777216,16,527,509338
1512577301955456,1512577302465265,268435456,16777216,16,526,509809
1512577304332650,1512577304836581,268435456,16777216,16,532,503931
1512577306705466,1512577307214936,268435456,16777216,16,526,509470
1512577309081691,1512577309592208,268435456,16777216,16,525,510517
1512577311459693,1512577311971493,268435456,16777216,16,524,511800
1512577313838063,1512577314347342,268435456,16777216,16,527,509279
1512577316215370,1512577316722901,268435456,16777216,16,528,507531
1512577318591455,1512577319100936,268435456,16777216,16,526,509481
1512577320969827,1512577321482087,268435456,16777216,16,524,512260
1512577323348579,1512577323858228,268435456,16777216,16,526,509649
1512577325726008,1512577326235319,268435456,16777216,16,527,509311
1512577328102364,1512577328609791,268435456,16777216,16,529,507427
1512577330475901,1512577330985707,268435456,16777216,16,526,509806
1512577332852110,1512577333363274,268435456,16777216,16,525,511164
1512577335230086,1512577335739463,268435456,16777216,16,526,509377
1512577337608636,1512577338119829,268435456,16777216,16,525,511193
1512577339988649,1512577340499691,268435456,16777216,16,525,511042
1512577342366431,1512577342876016,268435456,16777216,16,526,509585
1512577344743569,1512577345251295,268435456,16777216,16,528,507726
1512577347119698,1512577347628695,268435456,16777216,16,527,508997
1512577349496169,1512577350003921,268435456,16777216,16,528,507752
1512577351872063,1512577352377779,268435456,16777216,16,530,505716
1512577354246396,1512577354755643,268435456,16777216,16,527,509247
1512577356624405,1512577357135773,268435456,16777216,16,524,511368
1512577359005268,1512577359514860,268435456,16777216,16,526,509592
1512577361381249,1512577361892638,268435456,16777216,16,524,511389
1512577363759680,1512577364266962,268435456,16777216,16,529,507282
1512577366137144,1512577366643376,268435456,16777216,16,530,506232
1512577368512726,1512577369022364,268435456,16777216,16,526,509638
1512577370890298,1512577371399381,268435456,16777216,16,527,509083
1512577373267866,1512577373778251,268435456,16777216,16,525,510385
1512577375644400,1512577376151435,268435456,16777216,16,529,507035
1512577378018880,1512577378529338,268435456,16777216,16,525,510458
1512577380398085,1512577380905990,268435456,16777216,16,528,507905
1512577382772444,1512577383280183,268435456,16777216,16,528,507739
1512577385147697,1512577385659021,268435456,16777216,16,524,511324
1512577387528658,1512577388040182,268435456,16777216,16,524,511524
1512577389906017,1512577390416720,268435456,16777216,16,525,510703
1512577392284610,1512577392791687,268435456,16777216,16,529,507077
1512577394659494,1512577395166522,268435456,16777216,16,529,507028
1512577397033100,1512577397542683,268435456,16777216,16,526,509583
1512577399409388,1512577399919827,268435456,16777216,16,525,510439
1512577401786769,1512577402296502,268435456,16777216,16,526,509733
1512577404162625,1512577404672894,268435456,16777216,16,526,510269
1512577406542108,1512577407051168,268435456,16777216,16,527,509060
1512577408919365,1512577409428326,268435456,16777216,16,527,508961
1512577411296427,1512577411805008,268435456,16777216,16,527,508581
1512577413675977,1512577414186722,268435456,16777216,16,525,510745
1512577416057727,1512577416568555,268435456,16777216,16,525,510828
1512577418436422,1512577418947623,268435456,16777216,16,525,511201
1512577420815793,1512577421321452,268435456,16777216,16,530,505659
1512577423190285,1512577423699024,268435456,16777216,16,527,508739
1512577425566161,1512577426075038,268435456,16777216,16,527,508877
1512577427944262,1512577428455108,268435456,16777216,16,525,510846
1512577430322771,1512577430834291,268435456,16777216,16,524,511520
1512577432701744,1512577433212908,268435456,16777216,16,525,511164
1512577435080546,1512577435591580,268435456,16777216,16,525,511034
1512577437460377,1512577437971616,268435456,16777216,16,525,511239
1512577439838243,1512577440349989,268435456,16777216,16,524,511746
1512577442217905,1512577442727043,268435456,16777216,16,527,509138
1512577444594266,1512577445105937,268435456,16777216,16,524,511671
1512577446973546,1512577447482335,268435456,16777216,16,527,508789
1512577449383490,1512577449893216,268435456,16777216,16,526,509726
1512577451777919,1512577452287924,268435456,16777216,16,526,510005
1512577454154389,1512577454662525,268435456,16777216,16,528,508136
1512577456528008,1512577457038126,268435456,16777216,16,526,510118
1512577458905581,1512577459407770,268435456,16777216,16,534,502189
1512577461274188,1512577461782093,268435456,16777216,16,528,507905
1512577463647929,1512577464157737,268435456,16777216,16,526,509808
1512577466024772,1512577466534618,268435456,16777216,16,526,509846
1512577468403364,1512577468910783,268435456,16777216,16,529,507419
1512577470777898,1512577471285542,268435456,16777216,16,528,507644
1512577473153020,1512577473662533,268435456,16777216,16,526,509513
1512577475529260,1512577476039767,268435456,16777216,16,525,510507
1512577477906985,1512577478412679,268435456,16777216,16,530,505694
1512577480280219,1512577480788254,268435456,16777216,16,528,508035
1512577482654718,1512577483161891,268435456,16777216,16,529,507173
1512577485037880,1512577485546994,268435456,16777216,16,527,509114
1512577487414228,1512577487922293,268435456,16777216,16,528,508065
1512577489788504,1512577490298325,268435456,16777216,16,526,509821
1512577492165178,1512577492665618,268435456,16777216,16,536,500440
1512577494531774,1512577495035843,268435456,16777216,16,532,504069
1512577496902660,1512577497413011,268435456,16777216,16,525,510351
1512577499279169,1512577499786948,268435456,16777216,16,528,507779
1512577501653502,1512577502163101,268435456,16777216,16,526,509599
1512577504031189,1512577504542315,268435456,16777216,16,525,511126
1512577506408070,1512577506918853,268435456,16777216,16,525,510783
1512577508786569,1512577509297746,268435456,16777216,16,525,511177
1512577511164996,1512577511672130,268435456,16777216,16,529,507134
1512577513539266,1512577514049549,268435456,16777216,16,526,510283
1512577515917252,1512577516425529,268435456,16777216,16,528,508277
1512577518291939,1512577518802930,268435456,16777216,16,525,510991
1512577520669345,1512577521179983,268435456,16777216,16,525,510638
1512577523048619,1512577523557229,268435456,16777216,16,527,508610
1512577525424703,1512577525933043,268435456,16777216,16,528,508340
1512577527800884,1512577528307774,268435456,16777216,16,529,506890
1512577530176047,1512577530684867,268435456,16777216,16,527,508820
1512577532552170,1512577533060466,268435456,16777216,16,528,508296
1512577534927331,1512577535434697,268435456,16777216,16,529,507366
1512577537301328,1512577537811596,268435456,16777216,16,526,510268
1512577539680025,1512577540186877,268435456,16777216,16,529,506852
1512577542054797,1512577542564809,268435456,16777216,16,526,510012
1512577544432283,1512577544937081,268435456,16777216,16,531,504798
1512577546804292,1512577547314260,268435456,16777216,16,526,509968
1512577549183057,1512577549692010,268435456,16777216,16,527,508953
1512577551560331,1512577552068986,268435456,16777216,16,527,508655
1512577553936841,1512577554444999,268435456,16777216,16,528,508158
1512577556312283,1512577556822652,268435456,16777216,16,525,510369
1512577558689929,1512577559198337,268435456,16777216,16,527,508408
1512577561066183,1512577561572069,268435456,16777216,16,530,505886
1512577563438477,1512577563946160,268435456,16777216,16,528,507683
1512577565814094,1512577566321693,268435456,16777216,16,528,507599
1512577568188997,1512577568696819,268435456,16777216,16,528,507822
1512577570562644,1512577571070507,268435456,16777216,16,528,507863
1512577572938188,1512577573443136,268435456,16777216,16,531,504948
1512577575310829,1512577575818822,268435456,16777216,16,528,507993
1512577577686856,1512577578197458,268435456,16777216,16,525,510602
1512577580064562,1512577580573293,268435456,16777216,16,527,508731
1512577582440490,1512577582951348,268435456,16777216,16,525,510858
1512577584818368,1512577585319661,268435456,16777216,16,535,501293
1512577587187099,1512577587694383,268435456,16777216,16,529,507284
1512577589561501,1512577590071833,268435456,16777216,16,526,510332
1512577591938069,1512577592446459,268435456,16777216,16,528,508390
1512577594314664,1512577594824935,268435456,16777216,16,526,510271
1512577596691865,1512577597202451,268435456,16777216,16,525,510586
1512577599071555,1512577599582398,268435456,16777216,16,525,510843
1512577601449609,1512577601960289,268435456,16777216,16,525,510680
1512577603827094,1512577604336441,268435456,16777216,16,527,509347
1512577606203106,1512577606714195,268435456,16777216,16,525,511089
1512577608581310,1512577609090539,268435456,16777216,16,527,509229
1512577610957667,1512577611466822,268435456,16777216,16,527,509155
1512577613334274,1512577613839340,268435456,16777216,16,531,505066
1512577615706584,1512577616213788,268435456,16777216,16,529,507204
1512577618082175,1512577618590821,268435456,16777216,16,527,508646
1512577620457793,1512577620966135,268435456,16777216,16,528,508342
1512577622833385,1512577623344532,268435456,16777216,16,525,511147
1512577625212250,1512577625719259,268435456,16777216,16,529,507009
1512577627586248,1512577628097402,268435456,16777216,16,525,511154
1512577629965156,1512577630472265,268435456,16777216,16,529,507109
1512577632339440,1512577632850151,268435456,16777216,16,525,510711
1512577634718122,1512577635224733,268435456,16777216,16,529,506611
1512577637091463,1512577637602319,268435456,16777216,16,525,510856
1512577639469141,1512577639974302,268435456,16777216,16,531,505161
1512577641842609,1512577642348306,268435456,16777216,16,530,505697
1512577644216619,1512577644725138,268435456,16777216,16,527,508519
1512577646593566,1512577647102168,268435456,16777216,16,527,508602
1512577648969700,1512577649478581,268435456,16777216,16,527,508881
1512577651345069,1512577651855841,268435456,16777216,16,525,510772
1512577653724139,1512577654231159,268435456,16777216,16,529,507020
1512577656099066,1512577656610188,268435456,16777216,16,525,511122
1512577658477000,1512577658987851,268435456,16777216,16,525,510851
1512577660855550,1512577661365265,268435456,16777216,16,526,509715
1512577663232284,1512577663742567,268435456,16777216,16,526,510283
1512577665609670,1512577666119459,268435456,16777216,16,526,509789
1512577667987921,1512577668500064,268435456,16777216,16,524,512143
1512577670367342,1512577670876726,268435456,16777216,16,526,509384
1512577672745865,1512577673255481,268435456,16777216,16,526,509616
1512577675122046,1512577675628019,268435456,16777216,16,530,505973
1512577677496910,1512577678008003,268435456,16777216,16,525,511093
1512577679876751,1512577680388444,268435456,16777216,16,524,511693
1512577682256522,1512577682761879,268435456,16777216,16,531,505357
1512577684629480,1512577685141114,268435456,16777216,16,524,511634
1512577687010763,1512577687519758,268435456,16777216,16,527,508995
1512577689386909,1512577689896101,268435456,16777216,16,527,509192
1512577691762607,1512577692274068,268435456,16777216,16,524,511461
1512577694140465,1512577694648992,268435456,16777216,16,527,508527
1512577696516591,1512577697023678,268435456,16777216,16,529,507087
1512577698890936,1512577699400568,268435456,16777216,16,526,509632
1512577701266925,1512577701776093,268435456,16777216,16,527,509168
1512577703643111,1512577704152397,268435456,16777216,16,527,509286
1512577706019490,1512577706526508,268435456,16777216,16,529,507018
1512577708393537,1512577708902066,268435456,16777216,16,527,508529
1512577710770093,1512577711280635,268435456,16777216,16,525,510542
1512577713147347,1512577713654361,268435456,16777216,16,529,507014
1512577715521750,1512577716030520,268435456,16777216,16,527,508770
1512577717897216,1512577718405861,268435456,16777216,16,527,508645
1512577720273396,1512577720783967,268435456,16777216,16,525,510571
1512577722651730,1512577723161586,268435456,16777216,16,526,509856
1512577725029445,1512577725538858,268435456,16777216,16,526,509413
1512577727407176,1512577727916184,268435456,16777216,16,527,509008
1512577729783570,1512577730294750,268435456,16777216,16,525,511180
1512577732193018,1512577732699249,268435456,16777216,16,530,506231
1512577734566318,1512577735075570,268435456,16777216,16,527,509252
1512577736943057,1512577737451403,268435456,16777216,16,528,508346
1512577739318981,1512577739828861,268435456,16777216,16,526,509880
1512577741695653,1512577742207076,268435456,16777216,16,524,511423
1512577744075601,1512577744584932,268435456,16777216,16,527,509331
1512577746452525,1512577746961269,268435456,16777216,16,527,508744
1512577748829068,1512577749338412,268435456,16777216,16,527,509344
1512577751206200,1512577751717202,268435456,16777216,16,525,511002
1512577753584758,1512577754095697,268435456,16777216,16,525,510939
1512577755962337,1512577756472788,268435456,16777216,16,525,510451
1512577758342188,1512577758852701,268435456,16777216,16,525,510513
1512577760719360,1512577761229798,268435456,16777216,16,525,510438
1512577763095989,1512577763604305,268435456,16777216,16,528,508316
1512577765471671,1512577765978261,268435456,16777216,16,529,506590
1512577767846289,1512577768355253,268435456,16777216,16,527,508964
1512577770223139,1512577770733558,268435456,16777216,16,525,510419
1512577772602179,1512577773112129,268435456,16777216,16,526,509950
1512577774978349,1512577775488591,268435456,16777216,16,526,510242
1512577777355956,1512577777864666,268435456,16777216,16,527,508710
1512577779731652,1512577780237108,268435456,16777216,16,531,505456
1512577782103863,1512577782613683,268435456,16777216,16,526,509820
1512577784480811,1512577784992377,268435456,16777216,16,524,511566
1512577786858965,1512577787370520,268435456,16777216,16,524,511555
1512577789238364,1512577789749503,268435456,16777216,16,525,511139
1512577791616979,1512577792128401,268435456,16777216,16,524,511422
1512577793997606,1512577794505044,268435456,16777216,16,529,507438
1512577796373080,1512577796881668,268435456,16777216,16,527,508588
1512577798749633,1512577799256866,268435456,16777216,16,529,507233
1512577801124729,1512577801634910,268435456,16777216,16,526,510181
1512577803501579,1512577804005386,268435456,16777216,16,532,503807
1512577805873338,1512577806382682,268435456,16777216,16,527,509344
1512577808251914,1512577808759142,268435456,16777216,16,529,507228
1512577810626298,1512577811133320,268435456,16777216,16,529,507022
1512577813000727,1512577813512151,268435456,16777216,16,524,511424
1512577815379775,1512577815890510,268435456,16777216,16,525,510735
1512577817758492,1512577818265161,268435456,16777216,16,529,506669
1512577820132647,1512577820642282,268435456,16777216,16,526,509635
1512577822510861,1512577823019657,268435456,16777216,16,527,508796
1512577824887395,1512577825394833,268435456,16777216,16,529,507438
1512577827263530,1512577827774929,268435456,16777216,16,524,511399
1512577829642008,1512577830153014,268435456,16777216,16,525,511006
1512577832019845,1512577832530511,268435456,16777216,16,525,510666
1512577834397853,1512577834903097,268435456,16777216,16,531,505244
1512577836769463,1512577837276277,268435456,16777216,16,529,506814
1512577839145213,1512577839654244,268435456,16777216,16,527,509031
1512577841521460,1512577842028513,268435456,16777216,16,529,507053
1512577843896015,1512577844402092,268435456,16777216,16,530,506077
1512577846268577,1512577846777834,268435456,16777216,16,527,509257
1512577848645395,1512577849152195,268435456,16777216,16,529,506800
1512577851019806,1512577851526992,268435456,16777216,16,529,507186
1512577853394357,1512577853902714,268435456,16777216,16,528,508357
1512577855770424,1512577856278918,268435456,16777216,16,527,508494
1512577858154481,1512577858664459,268435456,16777216,16,526,509978
1512577860530764,1512577861040637,268435456,16777216,16,526,509873
1512577862907365,1512577863411844,268435456,16777216,16,532,504479
1512577865279485,1512577865788255,268435456,16777216,16,527,508770
1512577867655429,1512577868164385,268435456,16777216,16,527,508956
1512577870031175,1512577870540113,268435456,16777216,16,527,508938
1512577872407170,1512577872915926,268435456,16777216,16,527,508756
1512577874782652,1512577875292512,268435456,16777216,16,526,509860
1512577877158917,1512577877665200,268435456,16777216,16,530,506283
1512577879532944,1512577880039428,268435456,16777216,16,529,506484
1512577881906715,1512577882417541,268435456,16777216,16,525,510826
1512577884286672,1512577884794689,268435456,16777216,16,528,508017
1512577886662279,1512577887170740,268435456,16777216,16,527,508461
1512577889037707,1512577889546575,268435456,16777216,16,527,508868
1512577891412924,1512577891921721,268435456,16777216,16,527,508797
1512577893789889,1512577894300502,268435456,16777216,16,525,510613
1512577896167933,1512577896678473,268435456,16777216,16,525,510540
1512577898547742,1512577899056082,268435456,16777216,16,528,508340
1512577900924497,1512577901431432,268435456,16777216,16,529,506935
1512577903299824,1512577903810630,268435456,16777216,16,525,510806
1512577905677737,1512577906186349,268435456,16777216,16,527,508612
1512577908052587,1512577908561832,268435456,16777216,16,527,509245
1512577910429897,1512577910938393,268435456,16777216,16,527,508496
1512577912805798,1512577913313723,268435456,16777216,16,528,507925
1512577915180839,1512577915689493,268435456,16777216,16,527,508654
1512577917557023,1512577918063296,268435456,16777216,16,530,506273
1512577919930149,1512577920441141,268435456,16777216,16,525,510992
1512577922308714,1512577922819417,268435456,16777216,16,525,510703
1512577924686887,1512577925197585,268435456,16777216,16,525,510698
1512577927065419,1512577927575697,268435456,16777216,16,526,510278
1512577929443361,1512577929951723,268435456,16777216,16,528,508362
1512577931818864,1512577932327067,268435456,16777216,16,528,508203
1512577934196299,1512577934705731,268435456,16777216,16,526,509432
1512577936576001,1512577937083692,268435456,16777216,16,528,507691
1512577938951774,1512577939459804,268435456,16777216,16,528,508030
1512577941327537,1512577941836440,268435456,16777216,16,527,508903
1512577943703918,1512577944215107,268435456,16777216,16,525,511189
1512577946081597,1512577946591764,268435456,16777216,16,526,510167
1512577948459060,1512577948967890,268435456,16777216,16,527,508830
1512577950835491,1512577951346172,268435456,16777216,16,525,510681
1512577953213936,1512577953724703,268435456,16777216,16,525,510767
1512577955592442,1512577956095251,268435456,16777216,16,533,502809
1512577957961524,1512577958461833,268435456,16777216,16,536,500309
1512577960328116,1512577960836358,268435456,16777216,16,528,508242
1512577962703127,1512577963209337,268435456,16777216,16,530,506210
1512577965075973,1512577965584836,268435456,16777216,16,527,508863
1512577967452456,1512577967959217,268435456,16777216,16,529,506761
1512577969824972,1512577970333839,268435456,16777216,16,527,508867
1512577972199603,1512577972702125,268435456,16777216,16,534,502522
1512577974568646,1512577975076204,268435456,16777216,16,528,507558
1512577976942972,1512577977453566,268435456,16777216,16,525,510594
1512577979320403,1512577979831172,268435456,16777216,16,525,510769
1512577981699808,1512577982205838,268435456,16777216,16,530,506030
1512577984073853,1512577984584583,268435456,16777216,16,525,510730
1512577986452166,1512577986963856,268435456,16777216,16,524,511690
1512577988831109,1512577989342123,268435456,16777216,16,525,511014
1512577991208800,1512577991717228,268435456,16777216,16,527,508428
1512577993586761,1512577994096629,268435456,16777216,16,526,509868
1512577995963660,1512577996473573,268435456,16777216,16,526,509913
1512577998340127,1512577998849609,268435456,16777216,16,526,509482
1512578000717602,1512578001226721,268435456,16777216,16,527,509119
1512578003093627,1512578003603314,268435456,16777216,16,526,509687
1512578005470647,1512578005978617,268435456,16777216,16,528,507970
1512578007845176,1512578008354616,268435456,16777216,16,526,509440
1512578010222461,1512578010726761,268435456,16777216,16,532,504300
1512578012593993,1512578013102122,268435456,16777216,16,528,508129
1512578014969530,1512578015477011,268435456,16777216,16,528,507481
1512578017344317,1512578017855846,268435456,16777216,16,524,511529
1512578019722740,1512578020230237,268435456,16777216,16,528,507497
1512578022098088,1512578022605600,268435456,16777216,16,528,507512
1512578024473902,1512578024981597,268435456,16777216,16,528,507695
1512578026848988,1512578027359259,268435456,16777216,16,526,510271
1512578029227255,1512578029738402,268435456,16777216,16,525,511147
1512578031606775,1512578032117960,268435456,16777216,16,525,511185
1512578033985932,1512578034493531,268435456,16777216,16,528,507599
1512578036362811,1512578036870735,268435456,16777216,16,528,507924
1512578038739089,1512578039246696,268435456,16777216,16,528,507607
1512578041113826,1512578041624482,268435456,16777216,16,525,510656
1512578043491696,1512578044001520,268435456,16777216,16,526,509824
1512578045868505,1512578046380115,268435456,16777216,16,524,511610
1512578048247272,1512578048758421,268435456,16777216,16,525,511149
1512578050627185,1512578051138381,268435456,16777216,16,525,511196
1512578053006894,1512578053518043,268435456,16777216,16,525,511149
1512578055385318,1512578055896450,268435456,16777216,16,525,511132
1512578057763752,1512578058272751,268435456,16777216,16,527,508999
1512578060141485,1512578060650812,268435456,16777216,16,527,509327
1512578062517859,1512578063028479,268435456,16777216,16,525,510620
1512578064895640,1512578065406781,268435456,16777216,16,525,511141
1512578067274128,1512578067785120,268435456,16777216,16,525,510992
1512578069652884,1512578070157845,268435456,16777216,16,531,504961
1512578072025180,1512578072532634,268435456,16777216,16,528,507454
1512578074400318,1512578074907654,268435456,16777216,16,529,507336
1512578076776003,1512578077281261,268435456,16777216,16,531,505258
1512578079149343,1512578079658445,268435456,16777216,16,527,509102
1512578081525518,1512578082032588,268435456,16777216,16,529,507070
1512578083899228,1512578084408851,268435456,16777216,16,526,509623
1512578086277875,1512578086787318,268435456,16777216,16,526,509443
1512578088654825,1512578089164335,268435456,16777216,16,526,509510
1512578091031884,1512578091542601,268435456,16777216,16,525,510717
1512578093409695,1512578093920907,268435456,16777216,16,525,511212
1512578095788527,1512578096298256,268435456,16777216,16,526,509729
1512578098164468,1512578098675396,268435456,16777216,16,525,510928
1512578100542900,1512578101054724,268435456,16777216,16,524,511824
1512578102922625,1512578103433190,268435456,16777216,16,525,510565
1512578105300488,1512578105811859,268435456,16777216,16,524,511371
1512578107679591,1512578108190770,268435456,16777216,16,525,511179
1512578110058593,1512578110568036,268435456,16777216,16,526,509443
1512578112434454,1512578112945815,268435456,16777216,16,524,511361
1512578114814284,1512578115325627,268435456,16777216,16,524,511343
1512578117193477,1512578117704029,268435456,16777216,16,525,510552
1512578119571769,1512578120081253,268435456,16777216,16,526,509484
1512578121951196,1512578122455478,268435456,16777216,16,532,504282
1512578124324838,1512578124835573,268435456,16777216,16,525,510735
1512578126704134,1512578127214344,268435456,16777216,16,526,510210
1512578129082542,1512578129592642,268435456,16777216,16,526,510100
1512578131459866,1512578131969102,268435456,16777216,16,527,509236
1512578133837042,1512578134347695,268435456,16777216,16,525,510653
1512578136216106,1512578136726849,268435456,16777216,16,525,510743
1512578138595151,1512578139106356,268435456,16777216,16,525,511205
1512578140974866,1512578141480279,268435456,16777216,16,531,505413
1512578143347987,1512578143854781,268435456,16777216,16,529,506794
1512578145721595,1512578146227874,268435456,16777216,16,530,506279
1512578148095436,1512578148606489,268435456,16777216,16,525,511053
1512578150474278,1512578150981667,268435456,16777216,16,529,507389
1512578152849563,1512578153360952,268435456,16777216,16,524,511389
1512578155227088,1512578155736157,268435456,16777216,16,527,509069
1512578157602868,1512578158113820,268435456,16777216,16,525,510952
1512578159981172,1512578160491511,268435456,16777216,16,525,510339
1512578162359423,1512578162864275,268435456,16777216,16,531,504852
1512578164732690,1512578165241681,268435456,16777216,16,527,508991
1512578167109277,1512578167614665,268435456,16777216,16,531,505388
1512578169482586,1512578169986380,268435456,16777216,16,532,503794
1512578171853829,1512578172365351,268435456,16777216,16,524,511522
1512578174232981,1512578174742253,268435456,16777216,16,527,509272
1512578176611355,1512578177116785,268435456,16777216,16,531,505430
1512578178983648,1512578179493726,268435456,16777216,16,526,510078
1512578181361007,1512578181867724,268435456,16777216,16,529,506717
1512578183734751,1512578184244978,268435456,16777216,16,526,510227
1512578186112636,1512578186620778,268435456,16777216,16,528,508142
1512578188487355,1512578188998444,268435456,16777216,16,525,511089
1512578190866030,1512578191371160,268435456,16777216,16,531,505130
1512578193237845,1512578193748858,268435456,16777216,16,525,511013
1512578195615562,1512578196121561,268435456,16777216,16,530,505999
1512578197987708,1512578198498580,268435456,16777216,16,525,510872
1512578200365032,1512578200871519,268435456,16777216,16,529,506487
1512578202738593,1512578203245809,268435456,16777216,16,529,507216
1512578205113512,1512578205622956,268435456,16777216,16,526,509444
1512578207489168,1512578207998300,268435456,16777216,16,527,509132
1512578209865368,1512578210374289,268435456,16777216,16,527,508921
1512578212241612,1512578212752013,268435456,16777216,16,525,510401
1512578214619432,1512578215128173,268435456,16777216,16,527,508741
1512578216995457,1512578217506108,268435456,16777216,16,525,510651
1512578219373971,1512578219884974,268435456,16777216,16,525,511003
1512578221752751,1512578222261947,268435456,16777216,16,527,509196
1512578224128598,1512578224639277,268435456,16777216,16,525,510679
1512578226505350,1512578227016175,268435456,16777216,16,525,510825
1512578228883170,1512578229390078,268435456,16777216,16,529,506908
1512578231258330,1512578231765873,268435456,16777216,16,528,507543
1512578233633566,1512578234143129,268435456,16777216,16,526,509563
1512578236010217,1512578236519643,268435456,16777216,16,526,509426
1512578238387459,1512578238896274,268435456,16777216,16,527,508815
1512578240764229,1512578241275554,268435456,16777216,16,524,511325
1512578243142280,1512578243649570,268435456,16777216,16,529,507290
1512578245517800,1512578246025081,268435456,16777216,16,529,507281
1512578247891921,1512578248400592,268435456,16777216,16,527,508671
1512578250267854,1512578250778661,268435456,16777216,16,525,510807
1512578252646740,1512578253149555,268435456,16777216,16,533,502815
1512578255016326,1512578255524587,268435456,16777216,16,528,508261
1512578257391732,1512578257899556,268435456,16777216,16,528,507824
1512578259767701,1512578260274343,268435456,16777216,16,529,506642
1512578262140996,1512578262649668,268435456,16777216,16,527,508672
1512578264517102,1512578265027646,268435456,16777216,16,525,510544
1512578266894818,1512578267405295,268435456,16777216,16,525,510477
1512578269271208,1512578269777859,268435456,16777216,16,529,506651
1512578271643676,1512578272153930,268435456,16777216,16,526,510254
1512578274020658,1512578274525999,268435456,16777216,16,531,505341
1512578276393254,1512578276899826,268435456,16777216,16,529,506572
1512578278766434,1512578279273593,268435456,16777216,16,529,507159
1512578281139876,1512578281649962,268435456,16777216,16,526,510086
1512578283517326,1512578284027050,268435456,16777216,16,526,509724
1512578285894515,1512578286400890,268435456,16777216,16,530,506375
1512578288267159,1512578288777687,268435456,16777216,16,525,510528
1512578290644376,1512578291154975,268435456,16777216,16,525,510599
1512578293021824,1512578293530456,268435456,16777216,16,527,508632
1512578295396434,1512578295903401,268435456,16777216,16,529,506967
1512578297770383,1512578298281649,268435456,16777216,16,525,511266
1512578300148738,1512578300657873,268435456,16777216,16,527,509135
1512578302524744,1512578303033380,268435456,16777216,16,527,508636
1512578304901124,1512578305411346,268435456,16777216,16,526,510222
1512578307278594,1512578307787269,268435456,16777216,16,527,508675
1512578309656495,1512578310166812,268435456,16777216,16,526,510317
1512578312035112,1512578312543894,268435456,16777216,16,527,508782
1512578314410746,1512578314918798,268435456,16777216,16,528,508052
1512578316786777,1512578317297106,268435456,16777216,16,526,510329
1512578319163970,1512578319666973,268435456,16777216,16,533,503003
1512578321534877,1512578322042043,268435456,16777216,16,529,507166
1512578323909311,1512578324417853,268435456,16777216,16,527,508542
1512578326284428,1512578326791525,268435456,16777216,16,529,507097
1512578328658641,1512578329169425,268435456,16777216,16,525,510784
1512578331036626,1512578331547249,268435456,16777216,16,525,510623
1512578333413955,1512578333922739,268435456,16777216,16,527,508784
1512578335790662,1512578336297573,268435456,16777216,16,529,506911
1512578338164583,1512578338672006,268435456,16777216,16,529,507423
1512578340539326,1512578341051734,268435456,16777216,16,523,512408
1512578342919246,1512578343428334,268435456,16777216,16,527,509088
1512578345296274,1512578345804921,268435456,16777216,16,527,508647
1512578347672901,1512578348182205,268435456,16777216,16,527,509304
1512578350050073,1512578350560341,268435456,16777216,16,526,510268
1512578352427834,1512578352936368,268435456,16777216,16,527,508534
1512578354803851,1512578355313073,268435456,16777216,16,527,509222
1512578357181812,1512578357692507,268435456,16777216,16,525,510695
1512578359559069,1512578360065489,268435456,16777216,16,530,506420
1512578361933803,1512578362440275,268435456,16777216,16,530,506472
1512578364307636,1512578364816395,268435456,16777216,16,527,508759
1512578366683804,1512578367193569,268435456,16777216,16,526,509765
1512578369060708,1512578369567289,268435456,16777216,16,529,506581
1512578371435587,1512578371944488,268435456,16777216,16,527,508901
1512578373812175,1512578374318215,268435456,16777216,16,530,506040
1512578376185859,1512578376696924,268435456,16777216,16,525,511065
1512578378565330,1512578379072252,268435456,16777216,16,529,506922
1512578380941356,1512578381450127,268435456,16777216,16,527,508771
1512578383316590,1512578383826920,268435456,16777216,16,526,510330
1512578385692734,1512578386203658,268435456,16777216,16,525,510924
1512578388071174,1512578388581596,268435456,16777216,16,525,510422
1512578390448971,1512578390959395,268435456,16777216,16,525,510424
1512578392826095,1512578393334758,268435456,16777216,16,527,508663
1512578395202024,1512578395706295,268435456,16777216,16,532,504271
1512578397573299,1512578398083878,268435456,16777216,16,525,510579
1512578399950130,1512578400460240,268435456,16777216,16,526,510110
1512578402327080,1512578402835993,268435456,16777216,16,527,508913
1512578404703339,1512578405214104,268435456,16777216,16,525,510765
1512578407081511,1512578407587132,268435456,16777216,16,530,505621
1512578409454519,1512578409961810,268435456,16777216,16,529,507291
1512578411830035,1512578412339172,268435456,16777216,16,527,509137
1512578414206710,1512578414713940,268435456,16777216,16,529,507230
1512578416580921,1512578417090133,268435456,16777216,16,527,509212
1512578418958687,1512578419463510,268435456,16777216,16,531,504823
1512578421330717,1512578421840048,268435456,16777216,16,527,509331
1512578423706853,1512578424208541,268435456,16777216,16,535,501688
1512578426074765,1512578426584171,268435456,16777216,16,526,509406
1512578428452419,1512578428962035,268435456,16777216,16,526,509616
1512578430828869,1512578431338201,268435456,16777216,16,527,509332
1512578433204690,1512578433710829,268435456,16777216,16,530,506139
1512578435578665,1512578436090169,268435456,16777216,16,524,511504
1512578437957798,1512578438467463,268435456,16777216,16,526,509665
1512578440334171,1512578440843467,268435456,16777216,16,527,509296
1512578442710311,1512578443217327,268435456,16777216,16,529,507016
1512578445084477,1512578445595452,268435456,16777216,16,525,510975
1512578447462960,1512578447970313,268435456,16777216,16,529,507353
1512578449838645,1512578450344125,268435456,16777216,16,531,505480
1512578452211772,1512578452722420,268435456,16777216,16,525,510648
1512578454590065,1512578455093488,268435456,16777216,16,533,503423
1512578456961325,1512578457466508,268435456,16777216,16,531,505183
1512578459334024,1512578459845157,268435456,16777216,16,525,511133
1512578461713447,1512578462224263,268435456,16777216,16,525,510816
1512578464092855,1512578464601781,268435456,16777216,16,527,508926
1512578466469200,1512578466974667,268435456,16777216,16,531,505467
1512578468842517,1512578469348153,268435456,16777216,16,530,505636
1512578471216128,1512578471727276,268435456,16777216,16,525,511148
1512578473595568,1512578474102546,268435456,16777216,16,529,506978
1512578475968738,1512578476477770,268435456,16777216,16,527,509032
1512578478345376,1512578478854464,268435456,16777216,16,527,509088
1512578480721036,1512578481229591,268435456,16777216,16,527,508555
1512578483097233,1512578483606613,268435456,16777216,16,526,509380
1512578485475053,1512578485986715,268435456,16777216,16,524,511662
1512578487855508,1512578488365158,268435456,16777216,16,526,509650
1512578490279233,1512578490785603,268435456,16777216,16,530,506370
1512578492653213,1512578493157848,268435456,16777216,16,531,504635
1512578495025594,1512578495533419,268435456,16777216,16,528,507825
