1512620854548222,1512620854574212,67108864,2097152,32,2582,25990
1512620855062522,1512620855087786,67108864,2097152,32,2656,25264
1512620855576320,1512620855601358,67108864,2097152,32,2680,25038
1512620856089568,1512620856114947,67108864,2097152,32,2644,25379
1512620856603449,1512620856628831,67108864,2097152,32,2643,25382
1512620857117354,1512620857142719,67108864,2097152,32,2645,25365
1512620857631170,1512620857656379,67108864,2097152,32,2662,25209
1512620858145146,1512620858170405,67108864,2097152,32,2656,25259
1512620858658904,1512620858684156,67108864,2097152,32,2657,25252
1512620859172440,1512620859197744,67108864,2097152,32,2652,25304
1512620859685632,1512620859710733,67108864,2097152,32,2673,25101
1512620860198436,1512620860223736,67108864,2097152,32,2652,25300
1512620860711525,1512620860736846,67108864,2097152,32,2650,25321
1512620861224671,1512620861249970,67108864,2097152,32,2652,25299
1512620861738104,1512620861763336,67108864,2097152,32,2659,25232
1512620862251737,1512620862277027,67108864,2097152,32,2653,25290
1512620862765094,1512620862790481,67108864,2097152,32,2643,25387
1512620863279045,1512620863304310,67108864,2097152,32,2656,25265
1512620863792324,1512620863817650,67108864,2097152,32,2649,25326
1512620864305676,1512620864331028,67108864,2097152,32,2647,25352
1512620864819705,1512620864845127,67108864,2097152,32,2639,25422
1512620865333347,1512620865358698,67108864,2097152,32,2647,25351
1512620865846983,1512620865872267,67108864,2097152,32,2654,25284
1512620866360425,1512620866385754,67108864,2097152,32,2649,25329
1512620866874019,1512620866899366,67108864,2097152,32,2647,25347
1512620867387578,1512620867412851,67108864,2097152,32,2655,25273
1512620867901136,1512620867926460,67108864,2097152,32,2650,25324
1512620868414745,1512620868439931,67108864,2097152,32,2664,25186
1512620868928156,1512620868953364,67108864,2097152,32,2662,25208
1512620869441654,1512620869466842,67108864,2097152,32,2664,25188
1512620869955224,1512620869980497,67108864,2097152,32,2655,25273
1512620870468802,1512620870494116,67108864,2097152,32,2651,25314
1512620870982438,1512620871007701,67108864,2097152,32,2656,25263
1512620871496210,1512620871521469,67108864,2097152,32,2656,25259
1512620872009968,1512620872035078,67108864,2097152,32,2672,25110
1512620872523779,1512620872549096,67108864,2097152,32,2650,25317
1512620873037129,1512620873061891,67108864,2097152,32,2710,24762
1512620873550139,1512620873575280,67108864,2097152,32,2669,25141
1512620874063660,1512620874088833,67108864,2097152,32,2665,25173
1512620874576716,1512620874601723,67108864,2097152,32,2683,25007
1512620875090138,1512620875115449,67108864,2097152,32,2651,25311
1512620875603645,1512620875628909,67108864,2097152,32,2656,25264
1512620876117261,1512620876142544,67108864,2097152,32,2654,25283
1512620876630797,1512620876655603,67108864,2097152,32,2705,24806
1512620877143910,1512620877169080,67108864,2097152,32,2666,25170
1512620877657521,1512620877682823,67108864,2097152,32,2652,25302
1512620878171302,1512620878196567,67108864,2097152,32,2656,25265
1512620878684580,1512620878709812,67108864,2097152,32,2659,25232
1512620879198551,1512620879223626,67108864,2097152,32,2676,25075
1512620879711904,1512620879737097,67108864,2097152,32,2663,25193
1512620880225478,1512620880250738,67108864,2097152,32,2656,25260
1512620880739095,1512620880764089,67108864,2097152,32,2684,24994
1512620881252212,1512620881277391,67108864,2097152,32,2665,25179
1512620881765492,1512620881790672,67108864,2097152,32,2665,25180
1512620882278808,1512620882304052,67108864,2097152,32,2658,25244
1512620882792294,1512620882817334,67108864,2097152,32,2680,25040
1512620883305726,1512620883331013,67108864,2097152,32,2653,25287
1512620883819452,1512620883844747,67108864,2097152,32,2653,25295
1512620884333254,1512620884358375,67108864,2097152,32,2671,25121
1512620884846694,1512620884871965,67108864,2097152,32,2655,25271
1512620885360020,1512620885385258,67108864,2097152,32,2659,25238
1512620885873512,1512620885898862,67108864,2097152,32,2647,25350
1512620886387346,1512620886412643,67108864,2097152,32,2652,25297
1512620886900875,1512620886926063,67108864,2097152,32,2664,25188
1512620887414076,1512620887439277,67108864,2097152,32,2662,25201
1512620887927313,1512620887952627,67108864,2097152,32,2651,25314
1512620888440875,1512620888465983,67108864,2097152,32,2672,25108
1512620888954852,1512620888980287,67108864,2097152,32,2638,25435
1512620889469172,1512620889494241,67108864,2097152,32,2676,25069
1512620889982390,1512620890007692,67108864,2097152,32,2652,25302
1512620890496122,1512620890521413,67108864,2097152,32,2653,25291
1512620891010154,1512620891035435,67108864,2097152,32,2654,25281
1512620891523841,1512620891549123,67108864,2097152,32,2654,25282
1512620892037341,1512620892062659,67108864,2097152,32,2650,25318
1512620892551092,1512620892576394,67108864,2097152,32,2652,25302
1512620893064890,1512620893090220,67108864,2097152,32,2649,25330
1512620893578516,1512620893603621,67108864,2097152,32,2673,25105
1512620894091890,1512620894117105,67108864,2097152,32,2661,25215
1512620894605768,1512620894631103,67108864,2097152,32,2648,25335
1512620895119830,1512620895145147,67108864,2097152,32,2650,25317
1512620895633459,1512620895658642,67108864,2097152,32,2664,25183
1512620896146930,1512620896172003,67108864,2097152,32,2676,25073
1512620896660445,1512620896685811,67108864,2097152,32,2645,25366
1512620897174183,1512620897199388,67108864,2097152,32,2662,25205
1512620897687746,1512620897713072,67108864,2097152,32,2649,25326
1512620898201142,1512620898226268,67108864,2097152,32,2670,25126
1512620898714717,1512620898740062,67108864,2097152,32,2647,25345
1512620899228282,1512620899253543,67108864,2097152,32,2656,25261
1512620899742018,1512620899767221,67108864,2097152,32,2662,25203
1512620900255604,1512620900280803,67108864,2097152,32,2663,25199
1512620900769064,1512620900794358,67108864,2097152,32,2653,25294
1512620901282538,1512620901307927,67108864,2097152,32,2643,25389
1512620901796032,1512620901821359,67108864,2097152,32,2649,25327
1512620902309747,1512620902334863,67108864,2097152,32,2671,25116
1512620902823248,1512620902848490,67108864,2097152,32,2658,25242
1512620903336712,1512620903361929,67108864,2097152,32,2661,25217
1512620903850433,1512620903875788,67108864,2097152,32,2646,25355
1512620904364179,1512620904389318,67108864,2097152,32,2669,25139
1512620904877988,1512620904903303,67108864,2097152,32,2650,25315
1512620905391466,1512620905416720,67108864,2097152,32,2657,25254
1512620905905044,1512620905930273,67108864,2097152,32,2659,25229
1512620906418680,1512620906443926,67108864,2097152,32,2658,25246
1512620906932047,1512620906957151,67108864,2097152,32,2673,25104
1512620907445467,1512620907470519,67108864,2097152,32,2678,25052
1512620907958800,1512620907984126,67108864,2097152,32,2649,25326
1512620908472553,1512620908497766,67108864,2097152,32,2661,25213
1512620908985763,1512620909011035,67108864,2097152,32,2655,25272
1512620909499364,1512620909524588,67108864,2097152,32,2660,25224
1512620910012808,1512620910038070,67108864,2097152,32,2656,25262
1512620910526124,1512620910551379,67108864,2097152,32,2657,25255
1512620911039436,1512620911064703,67108864,2097152,32,2655,25267
1512620911552938,1512620911578197,67108864,2097152,32,2656,25259
1512620912066719,1512620912091889,67108864,2097152,32,2666,25170
1512620912580255,1512620912605247,67108864,2097152,32,2685,24992
1512620913093894,1512620913119055,67108864,2097152,32,2667,25161
1512620913607255,1512620913632558,67108864,2097152,32,2652,25303
1512620914120715,1512620914145939,67108864,2097152,32,2660,25224
1512620914634356,1512620914659636,67108864,2097152,32,2654,25280
1512620915147988,1512620915173330,67108864,2097152,32,2648,25342
1512620915661503,1512620915686577,67108864,2097152,32,2676,25074
1512620916174712,1512620916199875,67108864,2097152,32,2666,25163
1512620916688057,1512620916713397,67108864,2097152,32,2648,25340
1512620917202089,1512620917227326,67108864,2097152,32,2659,25237
1512620917715352,1512620917740592,67108864,2097152,32,2658,25240
1512620918228873,1512620918254145,67108864,2097152,32,2655,25272
1512620918742297,1512620918767392,67108864,2097152,32,2674,25095
1512620919255604,1512620919280771,67108864,2097152,32,2666,25167
1512620919769011,1512620919794219,67108864,2097152,32,2662,25208
1512620920282508,1512620920307798,67108864,2097152,32,2653,25290
1512620920796276,1512620920821599,67108864,2097152,32,2650,25323
1512620921310027,1512620921335131,67108864,2097152,32,2673,25104
1512620921823555,1512620921848603,67108864,2097152,32,2679,25048
1512620922336954,1512620922362180,67108864,2097152,32,2660,25226
1512620922850577,1512620922875841,67108864,2097152,32,2656,25264
1512620923364371,1512620923389589,67108864,2097152,32,2661,25218
1512620923877806,1512620923903195,67108864,2097152,32,2643,25389
1512620924391538,1512620924416739,67108864,2097152,32,2662,25201
1512620924905146,1512620924930400,67108864,2097152,32,2657,25254
1512620925418742,1512620925443968,67108864,2097152,32,2660,25226
1512620925932070,1512620925957185,67108864,2097152,32,2672,25115
1512620926445590,1512620926470802,67108864,2097152,32,2661,25212
1512620926958934,1512620926984117,67108864,2097152,32,2664,25183
1512620927472527,1512620927497776,67108864,2097152,32,2657,25249
1512620927985939,1512620928011243,67108864,2097152,32,2652,25304
1512620928499437,1512620928524791,67108864,2097152,32,2646,25354
1512620929013105,1512620929038282,67108864,2097152,32,2665,25177
1512620929526513,1512620929551866,67108864,2097152,32,2646,25353
1512620930039904,1512620930065227,67108864,2097152,32,2650,25323
1512620930553257,1512620930578512,67108864,2097152,32,2657,25255
1512620931066851,1512620931091953,67108864,2097152,32,2673,25102
1512620931580159,1512620931605496,67108864,2097152,32,2648,25337
1512620932093717,1512620932119061,67108864,2097152,32,2647,25344
1512620932607220,1512620932632436,67108864,2097152,32,2661,25216
1512620933120645,1512620933145908,67108864,2097152,32,2656,25263
1512620933634299,1512620933659507,67108864,2097152,32,2662,25208
1512620934147732,1512620934172876,67108864,2097152,32,2668,25144
1512620934661124,1512620934686529,67108864,2097152,32,2641,25405
1512620935174799,1512620935200112,67108864,2097152,32,2651,25313
1512620935688443,1512620935713702,67108864,2097152,32,2656,25259
1512620936201854,1512620936226935,67108864,2097152,32,2675,25081
1512620936715241,1512620936740465,67108864,2097152,32,2660,25224
1512620937228499,1512620937253598,67108864,2097152,32,2673,25099
1512620937741882,1512620937767161,67108864,2097152,32,2654,25279
1512620938255230,1512620938280439,67108864,2097152,32,2662,25209
1512620938768830,1512620938794004,67108864,2097152,32,2665,25174
1512620939282783,1512620939308055,67108864,2097152,32,2655,25272
1512620939796192,1512620939821416,67108864,2097152,32,2660,25224
1512620940309956,1512620940335228,67108864,2097152,32,2655,25272
1512620940823371,1512620940848647,67108864,2097152,32,2655,25276
1512620941336893,1512620941362176,67108864,2097152,32,2654,25283
1512620941850544,1512620941875713,67108864,2097152,32,2666,25169
1512620942364031,1512620942389161,67108864,2097152,32,2670,25130
1512620942877456,1512620942902586,67108864,2097152,32,2670,25130
1512620943390767,1512620943415667,67108864,2097152,32,2695,24900
1512620943903895,1512620943929043,67108864,2097152,32,2668,25148
1512620944417255,1512620944442565,67108864,2097152,32,2651,25310
1512620944930913,1512620944956180,67108864,2097152,32,2655,25267
1512620945444426,1512620945469628,67108864,2097152,32,2662,25202
1512620945957856,1512620945983132,67108864,2097152,32,2655,25276
1512620946476262,1512620946501583,67108864,2097152,32,2650,25321
1512620947001570,1512620947026825,67108864,2097152,32,2657,25255
1512620947515393,1512620947540638,67108864,2097152,32,2658,25245
1512620948029152,1512620948054499,67108864,2097152,32,2647,25347
1512620948542842,1512620948567923,67108864,2097152,32,2675,25081
1512620949056155,1512620949081351,67108864,2097152,32,2663,25196
1512620949569633,1512620949594774,67108864,2097152,32,2669,25141
1512620950083006,1512620950108005,67108864,2097152,32,2684,24999
1512620950596586,1512620950621626,67108864,2097152,32,2680,25040
1512620951110227,1512620951135557,67108864,2097152,32,2649,25330
1512620951624052,1512620951649289,67108864,2097152,32,2659,25237
1512620952137668,1512620952162820,67108864,2097152,32,2668,25152
1512620952651368,1512620952676204,67108864,2097152,32,2702,24836
1512620953164757,1512620953190095,67108864,2097152,32,2648,25338
1512620953678361,1512620953703541,67108864,2097152,32,2665,25180
1512620954191870,1512620954217079,67108864,2097152,32,2662,25209
1512620954705466,1512620954730587,67108864,2097152,32,2671,25121
1512620955218762,1512620955243922,67108864,2097152,32,2667,25160
1512620955732559,1512620955757741,67108864,2097152,32,2664,25182
1512620956246115,1512620956271414,67108864,2097152,32,2652,25299
1512620956760027,1512620956785224,67108864,2097152,32,2663,25197
1512620957273806,1512620957298907,67108864,2097152,32,2673,25101
1512620957787107,1512620957812303,67108864,2097152,32,2663,25196
1512620958300721,1512620958326002,67108864,2097152,32,2654,25281
1512620958814407,1512620958839332,67108864,2097152,32,2692,24925
1512620959327721,1512620959353049,67108864,2097152,32,2649,25328
1512620959841448,1512620959866372,67108864,2097152,32,2692,24924
1512620960354922,1512620960380240,67108864,2097152,32,2650,25318
1512620960868434,1512620960893550,67108864,2097152,32,2671,25116
1512620961382019,1512620961407346,67108864,2097152,32,2649,25327
1512620961895570,1512620961920599,67108864,2097152,32,2681,25029
1512620962408939,1512620962434047,67108864,2097152,32,2672,25108
1512620962922098,1512620962947393,67108864,2097152,32,2653,25295
1512620963435646,1512620963460945,67108864,2097152,32,2652,25299
1512620963949375,1512620963974682,67108864,2097152,32,2651,25307
1512620964463408,1512620964488587,67108864,2097152,32,2665,25179
1512620964977010,1512620965001860,67108864,2097152,32,2700,24850
1512620965490341,1512620965515505,67108864,2097152,32,2666,25164
1512620966004107,1512620966029403,67108864,2097152,32,2652,25296
1512620966517567,1512620966542752,67108864,2097152,32,2664,25185
1512620967031072,1512620967056269,67108864,2097152,32,2663,25197
1512620967544470,1512620967569495,67108864,2097152,32,2681,25025
1512620968057934,1512620968082985,67108864,2097152,32,2678,25051
1512620968571296,1512620968596606,67108864,2097152,32,2651,25310
1512620969084899,1512620969110047,67108864,2097152,32,2668,25148
1512620969598815,1512620969624092,67108864,2097152,32,2654,25277
1512620970112546,1512620970137639,67108864,2097152,32,2674,25093
1512620970625916,1512620970651221,67108864,2097152,32,2652,25305
1512620971139566,1512620971164860,67108864,2097152,32,2653,25294
1512620971654028,1512620971679215,67108864,2097152,32,2664,25187
1512620972167795,1512620972193027,67108864,2097152,32,2659,25232
1512620972681291,1512620972706405,67108864,2097152,32,2672,25114
1512620973194952,1512620973220086,67108864,2097152,32,2670,25134
1512620973708703,1512620973733814,67108864,2097152,32,2672,25111
1512620974222163,1512620974247326,67108864,2097152,32,2666,25163
1512620974735635,1512620974760899,67108864,2097152,32,2656,25264
1512620975249291,1512620975274561,67108864,2097152,32,2655,25270
1512620975762982,1512620975787994,67108864,2097152,32,2683,25012
1512620976276348,1512620976301612,67108864,2097152,32,2656,25264
1512620976790066,1512620976815148,67108864,2097152,32,2675,25082
1512620977303570,1512620977328834,67108864,2097152,32,2656,25264
1512620977817046,1512620977842257,67108864,2097152,32,2661,25211
1512620978330398,1512620978355568,67108864,2097152,32,2666,25170
1512620978844124,1512620978869375,67108864,2097152,32,2657,25251
1512620979357802,1512620979382996,67108864,2097152,32,2663,25194
1512620979871275,1512620979896345,67108864,2097152,32,2676,25070
1512620980384772,1512620980410044,67108864,2097152,32,2655,25272
1512620980898481,1512620980923793,67108864,2097152,32,2651,25312
1512620981412049,1512620981437366,67108864,2097152,32,2650,25317
1512620981925892,1512620981951004,67108864,2097152,32,2672,25112
1512620982439082,1512620982464282,67108864,2097152,32,2663,25200
1512620982952644,1512620982977794,67108864,2097152,32,2668,25150
1512620983466074,1512620983491382,67108864,2097152,32,2651,25308
1512620983979811,1512620984005041,67108864,2097152,32,2659,25230
1512620984493165,1512620984518315,67108864,2097152,32,2668,25150
1512620985006588,1512620985031851,67108864,2097152,32,2656,25263
1512620985520375,1512620985545514,67108864,2097152,32,2669,25139
1512620986033750,1512620986058962,67108864,2097152,32,2661,25212
1512620986546991,1512620986571938,67108864,2097152,32,2690,24947
1512620987060384,1512620987085467,67108864,2097152,32,2675,25083
1512620987573764,1512620987599035,67108864,2097152,32,2655,25271
1512620988087230,1512620988112321,67108864,2097152,32,2674,25091
1512620988601171,1512620988626495,67108864,2097152,32,2650,25324
1512620989115101,1512620989140472,67108864,2097152,32,2645,25371
1512620989628677,1512620989653875,67108864,2097152,32,2663,25198
1512620990142075,1512620990167295,67108864,2097152,32,2660,25220
1512620990656008,1512620990681353,67108864,2097152,32,2647,25345
1512620991169450,1512620991194750,67108864,2097152,32,2652,25300
1512620991682955,1512620991708279,67108864,2097152,32,2650,25324
1512620992196585,1512620992221841,67108864,2097152,32,2657,25256
1512620992710128,1512620992735437,67108864,2097152,32,2651,25309
1512620993223791,1512620993248870,67108864,2097152,32,2675,25079
1512620993737269,1512620993762248,67108864,2097152,32,2686,24979
1512620994250473,1512620994275667,67108864,2097152,32,2663,25194
1512620994763908,1512620994789256,67108864,2097152,32,2647,25348
1512620995277579,1512620995302932,67108864,2097152,32,2646,25353
1512620995791149,1512620995816445,67108864,2097152,32,2652,25296
1512620996304921,1512620996330213,67108864,2097152,32,2653,25292
1512620996818596,1512620996843713,67108864,2097152,32,2671,25117
1512620997332135,1512620997357518,67108864,2097152,32,2643,25383
1512620997845979,1512620997871331,67108864,2097152,32,2647,25352
1512620998359604,1512620998384884,67108864,2097152,32,2654,25280
1512620998873167,1512620998898437,67108864,2097152,32,2655,25270
1512620999386709,1512620999411995,67108864,2097152,32,2653,25286
1512620999900504,1512620999925695,67108864,2097152,32,2664,25191
1512621000414252,1512621000439303,67108864,2097152,32,2678,25051
1512621000927905,1512621000953114,67108864,2097152,32,2662,25209
1512621001442219,1512621001467561,67108864,2097152,32,2648,25342
1512621001955885,1512621001981145,67108864,2097152,32,2656,25260
1512621002469647,1512621002494972,67108864,2097152,32,2649,25325
1512621002983451,1512621003008713,67108864,2097152,32,2656,25262
1512621003497208,1512621003522490,67108864,2097152,32,2654,25282
1512621004010846,1512621004036139,67108864,2097152,32,2653,25293
1512621004524838,1512621004550173,67108864,2097152,32,2648,25335
1512621005038525,1512621005063801,67108864,2097152,32,2655,25276
1512621005552179,1512621005577511,67108864,2097152,32,2649,25332
1512621006066171,1512621006091460,67108864,2097152,32,2653,25289
1512621006579940,1512621006605106,67108864,2097152,32,2666,25166
1512621007093561,1512621007118873,67108864,2097152,32,2651,25312
1512621007607184,1512621007632469,67108864,2097152,32,2654,25285
1512621008120853,1512621008146075,67108864,2097152,32,2660,25222
1512621008634232,1512621008659470,67108864,2097152,32,2659,25238
1512621009148221,1512621009173506,67108864,2097152,32,2654,25285
1512621009661695,1512621009687007,67108864,2097152,32,2651,25312
1512621010175661,1512621010200811,67108864,2097152,32,2668,25150
1512621010689158,1512621010714522,67108864,2097152,32,2645,25364
1512621011202968,1512621011228273,67108864,2097152,32,2652,25305
1512621011716644,1512621011741919,67108864,2097152,32,2655,25275
1512621012230159,1512621012255053,67108864,2097152,32,2695,24894
1512621012743298,1512621012768429,67108864,2097152,32,2670,25131
1512621013257164,1512621013282403,67108864,2097152,32,2658,25239
1512621013770676,1512621013795920,67108864,2097152,32,2658,25244
1512621014284394,1512621014309626,67108864,2097152,32,2659,25232
1512621014797893,1512621014823077,67108864,2097152,32,2664,25184
1512621015311136,1512621015336269,67108864,2097152,32,2670,25133
1512621015824523,1512621015849898,67108864,2097152,32,2644,25375
1512621016337945,1512621016363280,67108864,2097152,32,2648,25335
1512621016851713,1512621016876934,67108864,2097152,32,2660,25221
1512621017365611,1512621017390854,67108864,2097152,32,2658,25243
1512621017879211,1512621017904499,67108864,2097152,32,2653,25288
1512621018392706,1512621018417747,67108864,2097152,32,2679,25041
1512621018906094,1512621018931348,67108864,2097152,32,2657,25254
1512621019419697,1512621019444832,67108864,2097152,32,2669,25135
1512621019933530,1512621019958861,67108864,2097152,32,2649,25331
1512621020447351,1512621020472547,67108864,2097152,32,2663,25196
1512621020960778,1512621020985942,67108864,2097152,32,2666,25164
1512621021474776,1512621021500014,67108864,2097152,32,2659,25238
1512621021988313,1512621022013670,67108864,2097152,32,2646,25357
1512621022502033,1512621022527358,67108864,2097152,32,2649,25325
1512621023015818,1512621023041019,67108864,2097152,32,2662,25201
1512621023529463,1512621023554766,67108864,2097152,32,2652,25303
1512621024043178,1512621024068415,67108864,2097152,32,2659,25237
1512621024556505,1512621024581853,67108864,2097152,32,2647,25348
1512621025070312,1512621025095627,67108864,2097152,32,2650,25315
1512621025584039,1512621025609286,67108864,2097152,32,2658,25247
1512621026097840,1512621026123078,67108864,2097152,32,2659,25238
1512621026611283,1512621026636470,67108864,2097152,32,2664,25187
1512621027124855,1512621027150093,67108864,2097152,32,2659,25238
1512621027638199,1512621027663474,67108864,2097152,32,2655,25275
1512621028151939,1512621028177232,67108864,2097152,32,2653,25293
1512621028665463,1512621028690494,67108864,2097152,32,2681,25031
1512621029178651,1512621029203988,67108864,2097152,32,2648,25337
1512621029692158,1512621029717182,67108864,2097152,32,2681,25024
1512621030205507,1512621030230764,67108864,2097152,32,2657,25257
1512621030719134,1512621030744460,67108864,2097152,32,2649,25326
1512621031232771,1512621031258042,67108864,2097152,32,2655,25271
1512621031746537,1512621031771728,67108864,2097152,32,2664,25191
1512621032259852,1512621032285092,67108864,2097152,32,2658,25240
1512621032773279,1512621032798537,67108864,2097152,32,2656,25258
1512621033286645,1512621033311957,67108864,2097152,32,2651,25312
1512621033800481,1512621033825773,67108864,2097152,32,2653,25292
1512621034314208,1512621034339332,67108864,2097152,32,2671,25124
1512621034827226,1512621034852414,67108864,2097152,32,2664,25188
1512621035340766,1512621035366010,67108864,2097152,32,2658,25244
1512621035854291,1512621035879437,67108864,2097152,32,2668,25146
1512621036367652,1512621036392963,67108864,2097152,32,2651,25311
1512621036881324,1512621036906670,67108864,2097152,32,2647,25346
1512621037395149,1512621037420221,67108864,2097152,32,2676,25072
1512621037908531,1512621037933586,67108864,2097152,32,2678,25055
1512621038421963,1512621038447032,67108864,2097152,32,2676,25069
1512621038935084,1512621038960302,67108864,2097152,32,2661,25218
1512621039448947,1512621039474274,67108864,2097152,32,2649,25327
1512621039963272,1512621039988618,67108864,2097152,32,2647,25346
1512621040477423,1512621040502688,67108864,2097152,32,2656,25265
1512621040991078,1512621041016365,67108864,2097152,32,2653,25287
1512621041504648,1512621041529601,67108864,2097152,32,2689,24953
1512621042017686,1512621042043039,67108864,2097152,32,2646,25353
1512621042531088,1512621042556240,67108864,2097152,32,2668,25152
1512621043044553,1512621043069806,67108864,2097152,32,2657,25253
1512621043558086,1512621043583325,67108864,2097152,32,2658,25239
1512621044071985,1512621044097092,67108864,2097152,32,2672,25107
1512621044585686,1512621044610899,67108864,2097152,32,2661,25213
1512621045099247,1512621045124599,67108864,2097152,32,2647,25352
1512621045612919,1512621045638254,67108864,2097152,32,2648,25335
1512621046126472,1512621046151586,67108864,2097152,32,2672,25114
1512621046639672,1512621046664970,67108864,2097152,32,2652,25298
1512621047153174,1512621047178139,67108864,2097152,32,2688,24965
1512621047666337,1512621047691627,67108864,2097152,32,2653,25290
1512621048185332,1512621048210652,67108864,2097152,32,2650,25320
1512621048699247,1512621048724553,67108864,2097152,32,2651,25306
1512621049212964,1512621049238105,67108864,2097152,32,2669,25141
1512621049726474,1512621049751624,67108864,2097152,32,2668,25150
1512621050239858,1512621050265106,67108864,2097152,32,2657,25248
1512621050753336,1512621050778689,67108864,2097152,32,2646,25353
1512621051266695,1512621051291896,67108864,2097152,32,2662,25201
1512621051780171,1512621051805528,67108864,2097152,32,2646,25357
1512621052293609,1512621052318960,67108864,2097152,32,2647,25351
1512621052807125,1512621052832035,67108864,2097152,32,2694,24910
1512621053320350,1512621053345720,67108864,2097152,32,2645,25370
1512621053833914,1512621053859268,67108864,2097152,32,2646,25354
1512621054347988,1512621054373228,67108864,2097152,32,2658,25240
1512621054861534,1512621054886908,67108864,2097152,32,2644,25374
1512621055375477,1512621055400702,67108864,2097152,32,2660,25225
1512621055889063,1512621055914417,67108864,2097152,32,2646,25354
1512621056402951,1512621056428073,67108864,2097152,32,2671,25122
1512621056916509,1512621056941542,67108864,2097152,32,2680,25033
1512621057429716,1512621057454827,67108864,2097152,32,2672,25111
1512621057943291,1512621057968635,67108864,2097152,32,2647,25344
1512621058457111,1512621058482304,67108864,2097152,32,2663,25193
1512621058970613,1512621058995667,67108864,2097152,32,2678,25054
1512621059484142,1512621059509379,67108864,2097152,32,2659,25237
1512621059997683,1512621060023588,67108864,2097152,32,2590,25905
1512621060511852,1512621060536970,67108864,2097152,32,2671,25118
1512621061025436,1512621061050703,67108864,2097152,32,2655,25267
1512621061539004,1512621061564296,67108864,2097152,32,2653,25292
1512621062052786,1512621062078039,67108864,2097152,32,2657,25253
1512621062566317,1512621062591681,67108864,2097152,32,2645,25364
1512621063079952,1512621063105115,67108864,2097152,32,2666,25163
1512621063593574,1512621063618814,67108864,2097152,32,2658,25240
1512621064107173,1512621064132556,67108864,2097152,32,2643,25383
1512621064620746,1512621064645896,67108864,2097152,32,2668,25150
1512621065134406,1512621065159708,67108864,2097152,32,2652,25302
1512621065648171,1512621065673317,67108864,2097152,32,2668,25146
1512621066161682,1512621066187014,67108864,2097152,32,2649,25332
1512621066675467,1512621066700452,67108864,2097152,32,2685,24985
1512621067188963,1512621067214121,67108864,2097152,32,2667,25158
1512621067702313,1512621067727621,67108864,2097152,32,2651,25308
1512621068216158,1512621068241356,67108864,2097152,32,2663,25198
1512621068729569,1512621068754800,67108864,2097152,32,2659,25231
1512621069243053,1512621069268007,67108864,2097152,32,2689,24954
1512621069756409,1512621069781732,67108864,2097152,32,2650,25323
1512621070270025,1512621070295330,67108864,2097152,32,2652,25305
1512621070783776,1512621070809019,67108864,2097152,32,2658,25243
1512621071297543,1512621071322723,67108864,2097152,32,2665,25180
1512621071811238,1512621071836595,67108864,2097152,32,2646,25357
1512621072324926,1512621072350219,67108864,2097152,32,2653,25293
1512621072838538,1512621072863825,67108864,2097152,32,2653,25287
1512621073352275,1512621073377509,67108864,2097152,32,2659,25234
1512621073865614,1512621073890841,67108864,2097152,32,2660,25227
1512621074378984,1512621074404337,67108864,2097152,32,2646,25353
1512621074893004,1512621074918267,67108864,2097152,32,2656,25263
1512621075406650,1512621075431824,67108864,2097152,32,2665,25174
1512621075920065,1512621075945242,67108864,2097152,32,2665,25177
1512621076433615,1512621076458948,67108864,2097152,32,2649,25333
1512621076947299,1512621076972597,67108864,2097152,32,2652,25298
1512621077461100,1512621077486448,67108864,2097152,32,2647,25348
1512621077975064,1512621078000258,67108864,2097152,32,2663,25194
1512621078488440,1512621078513299,67108864,2097152,32,2699,24859
1512621079001639,1512621079026967,67108864,2097152,32,2649,25328
1512621079515494,1512621079540809,67108864,2097152,32,2650,25315
1512621080028917,1512621080054193,67108864,2097152,32,2655,25276
1512621080542443,1512621080567798,67108864,2097152,32,2646,25355
1512621081056265,1512621081081650,67108864,2097152,32,2643,25385
1512621081570216,1512621081595438,67108864,2097152,32,2660,25222
1512621082083971,1512621082109297,67108864,2097152,32,2649,25326
1512621082597754,1512621082622676,67108864,2097152,32,2692,24922
1512621083111153,1512621083136512,67108864,2097152,32,2646,25359
1512621083624786,1512621083650110,67108864,2097152,32,2650,25324
1512621084138885,1512621084164030,67108864,2097152,32,2668,25145
1512621084652387,1512621084677595,67108864,2097152,32,2662,25208
1512621085165754,1512621085190690,67108864,2097152,32,2691,24936
1512621085678882,1512621085704145,67108864,2097152,32,2656,25263
1512621086192463,1512621086217701,67108864,2097152,32,2659,25238
1512621086706018,1512621086731243,67108864,2097152,32,2660,25225
1512621087219372,1512621087244565,67108864,2097152,32,2663,25193
1512621087732939,1512621087758138,67108864,2097152,32,2663,25199
1512621088246637,1512621088271901,67108864,2097152,32,2656,25264
1512621088760087,1512621088785310,67108864,2097152,32,2660,25223
1512621089273795,1512621089298836,67108864,2097152,32,2679,25041
1512621089787488,1512621089812676,67108864,2097152,32,2664,25188
1512621090300886,1512621090326307,67108864,2097152,32,2639,25421
1512621090814744,1512621090840014,67108864,2097152,32,2655,25270
1512621091328102,1512621091353380,67108864,2097152,32,2654,25278
1512621091841732,1512621091866733,67108864,2097152,32,2684,25001
1512621092355251,1512621092380314,67108864,2097152,32,2677,25063
1512621092868759,1512621092893984,67108864,2097152,32,2660,25225
1512621093382378,1512621093407611,67108864,2097152,32,2659,25233
1512621093896335,1512621093921634,67108864,2097152,32,2652,25299
1512621094409993,1512621094435266,67108864,2097152,32,2655,25273
1512621094923494,1512621094948868,67108864,2097152,32,2644,25374
1512621095437410,1512621095462583,67108864,2097152,32,2665,25173
1512621095951339,1512621095976659,67108864,2097152,32,2650,25320
1512621096465018,1512621096490268,67108864,2097152,32,2657,25250
1512621096978754,1512621097003958,67108864,2097152,32,2662,25204
1512621097492395,1512621097517779,67108864,2097152,32,2643,25384
1512621098006145,1512621098031478,67108864,2097152,32,2649,25333
1512621098519922,1512621098545238,67108864,2097152,32,2650,25316
1512621099033787,1512621099059068,67108864,2097152,32,2654,25281
1512621099547563,1512621099572769,67108864,2097152,32,2662,25206
1512621100060989,1512621100086324,67108864,2097152,32,2648,25335
1512621100574558,1512621100599923,67108864,2097152,32,2645,25365
1512621101088203,1512621101113459,67108864,2097152,32,2657,25256
1512621101602078,1512621101627204,67108864,2097152,32,2670,25126
1512621102115341,1512621102140404,67108864,2097152,32,2677,25063
1512621102628575,1512621102653758,67108864,2097152,32,2664,25183
1512621103142164,1512621103167451,67108864,2097152,32,2653,25287
1512621103655785,1512621103681108,67108864,2097152,32,2650,25323
1512621104169311,1512621104194286,67108864,2097152,32,2687,24975
1512621104682850,1512621104707972,67108864,2097152,32,2671,25122
1512621105196653,1512621105221905,67108864,2097152,32,2657,25252
1512621105710432,1512621105735623,67108864,2097152,32,2664,25191
1512621106223987,1512621106249274,67108864,2097152,32,2653,25287
1512621106737400,1512621106762611,67108864,2097152,32,2661,25211
1512621107250931,1512621107276053,67108864,2097152,32,2671,25122
1512621107764290,1512621107789491,67108864,2097152,32,2662,25201
1512621108277839,1512621108303108,67108864,2097152,32,2655,25269
1512621108791430,1512621108816741,67108864,2097152,32,2651,25311
1512621109305552,1512621109330952,67108864,2097152,32,2642,25400
1512621109819231,1512621109844397,67108864,2097152,32,2666,25166
1512621110332789,1512621110357968,67108864,2097152,32,2665,25179
1512621110846356,1512621110871622,67108864,2097152,32,2656,25266
1512621111360125,1512621111385353,67108864,2097152,32,2660,25228
1512621111873668,1512621111898897,67108864,2097152,32,2659,25229
1512621112387442,1512621112412589,67108864,2097152,32,2668,25147
1512621112901105,1512621112926367,67108864,2097152,32,2656,25262
1512621113414959,1512621113440206,67108864,2097152,32,2658,25247
1512621113928451,1512621113953765,67108864,2097152,32,2651,25314
1512621114442228,1512621114467493,67108864,2097152,32,2656,25265
1512621114955948,1512621114981252,67108864,2097152,32,2652,25304
1512621115469672,1512621115494835,67108864,2097152,32,2666,25163
1512621115983318,1512621116008558,67108864,2097152,32,2658,25240
1512621116497255,1512621116522477,67108864,2097152,32,2660,25222
1512621117010957,1512621117036117,67108864,2097152,32,2667,25160
1512621117524319,1512621117549568,67108864,2097152,32,2657,25249
1512621118038025,1512621118063171,67108864,2097152,32,2668,25146
1512621118551720,1512621118577086,67108864,2097152,32,2645,25366
1512621119065520,1512621119090797,67108864,2097152,32,2654,25277
1512621119579340,1512621119604617,67108864,2097152,32,2654,25277
1512621120093277,1512621120118486,67108864,2097152,32,2662,25209
1512621120607053,1512621120632205,67108864,2097152,32,2668,25152
1512621121120425,1512621121145653,67108864,2097152,32,2660,25228
1512621121634132,1512621121659478,67108864,2097152,32,2647,25346
1512621122147767,1512621122173120,67108864,2097152,32,2646,25353
1512621122661584,1512621122686699,67108864,2097152,32,2672,25115
1512621123175102,1512621123200155,67108864,2097152,32,2678,25053
1512621123688370,1512621123713581,67108864,2097152,32,2661,25211
1512621124201838,1512621124227159,67108864,2097152,32,2650,25321
1512621124715503,1512621124740778,67108864,2097152,32,2655,25275
1512621125229638,1512621125254993,67108864,2097152,32,2646,25355
1512621125743253,1512621125768517,67108864,2097152,32,2656,25264
1512621126256861,1512621126282166,67108864,2097152,32,2652,25305
1512621126770432,1512621126795549,67108864,2097152,32,2671,25117
1512621127283871,1512621127309203,67108864,2097152,32,2649,25332
1512621127797560,1512621127822700,67108864,2097152,32,2669,25140
1512621128310664,1512621128335800,67108864,2097152,32,2669,25136
1512621128824430,1512621128849468,67108864,2097152,32,2680,25038
1512621129337694,1512621129362774,67108864,2097152,32,2675,25080
1512621129851239,1512621129876326,67108864,2097152,32,2675,25087
1512621130364614,1512621130389778,67108864,2097152,32,2666,25164
1512621130878210,1512621130903518,67108864,2097152,32,2651,25308
1512621131391618,1512621131416834,67108864,2097152,32,2661,25216
1512621131905165,1512621131930424,67108864,2097152,32,2656,25259
1512621132418605,1512621132443836,67108864,2097152,32,2659,25231
1512621132932217,1512621132957444,67108864,2097152,32,2660,25227
1512621133445853,1512621133471130,67108864,2097152,32,2654,25277
1512621133959613,1512621133984905,67108864,2097152,32,2653,25292
1512621134473230,1512621134498534,67108864,2097152,32,2652,25304
1512621134986983,1512621135012098,67108864,2097152,32,2672,25115
1512621135500307,1512621135525650,67108864,2097152,32,2648,25343
1512621136014346,1512621136039396,67108864,2097152,32,2678,25050
1512621136527993,1512621136553376,67108864,2097152,32,2643,25383
1512621137041688,1512621137066836,67108864,2097152,32,2668,25148
1512621137555237,1512621137580426,67108864,2097152,32,2664,25189
1512621138069076,1512621138094425,67108864,2097152,32,2647,25349
1512621138582783,1512621138608064,67108864,2097152,32,2654,25281
1512621139096567,1512621139121788,67108864,2097152,32,2660,25221
1512621139610606,1512621139635910,67108864,2097152,32,2652,25304
1512621140124276,1512621140149610,67108864,2097152,32,2648,25334
1512621140638339,1512621140663216,67108864,2097152,32,2697,24877
1512621141151502,1512621141176834,67108864,2097152,32,2649,25332
1512621141664939,1512621141690201,67108864,2097152,32,2656,25262
1512621142178425,1512621142203339,67108864,2097152,32,2693,24914
1512621142691506,1512621142716780,67108864,2097152,32,2655,25274
1512621143205008,1512621143230297,67108864,2097152,32,2653,25289
1512621143718592,1512621143743826,67108864,2097152,32,2659,25234
1512621144232359,1512621144257673,67108864,2097152,32,2651,25314
1512621144746051,1512621144771319,67108864,2097152,32,2655,25268
1512621145259813,1512621145285131,67108864,2097152,32,2650,25318
1512621145773476,1512621145798740,67108864,2097152,32,2656,25264
1512621146286895,1512621146312042,67108864,2097152,32,2668,25147
1512621146800691,1512621146825867,67108864,2097152,32,2665,25176
1512621147314047,1512621147339343,67108864,2097152,32,2652,25296
1512621147828005,1512621147853227,67108864,2097152,32,2660,25222
1512621148341627,1512621148366898,67108864,2097152,32,2655,25271
1512621148855035,1512621148880037,67108864,2097152,32,2684,25002
1512621149368175,1512621149393307,67108864,2097152,32,2670,25132
1512621149889925,1512621149915163,67108864,2097152,32,2659,25238
1512621150414810,1512621150440049,67108864,2097152,32,2658,25239
1512621150930160,1512621150955292,67108864,2097152,32,2670,25132
1512621151443794,1512621151469053,67108864,2097152,32,2656,25259
1512621151957720,1512621151982793,67108864,2097152,32,2676,25073
1512621152471205,1512621152496373,67108864,2097152,32,2666,25168
1512621152984954,1512621153010130,67108864,2097152,32,2665,25176
1512621153498419,1512621153523756,67108864,2097152,32,2648,25337
1512621154012097,1512621154037068,67108864,2097152,32,2687,24971
1512621154525339,1512621154550381,67108864,2097152,32,2679,25042
1512621155038531,1512621155063854,67108864,2097152,32,2650,25323
1512621155552215,1512621155577267,67108864,2097152,32,2678,25052
1512621156065920,1512621156091189,67108864,2097152,32,2655,25269
1512621156579437,1512621156604672,67108864,2097152,32,2659,25235
1512621157092806,1512621157118034,67108864,2097152,32,2660,25228
1512621157606491,1512621157631783,67108864,2097152,32,2653,25292
1512621158119880,1512621158144960,67108864,2097152,32,2675,25080
1512621158633404,1512621158658754,67108864,2097152,32,2647,25350
1512621159147246,1512621159172340,67108864,2097152,32,2674,25094
1512621159660657,1512621159685844,67108864,2097152,32,2664,25187
1512621160174182,1512621160199637,67108864,2097152,32,2636,25455
1512621160687912,1512621160713174,67108864,2097152,32,2656,25262
1512621161201377,1512621161226410,67108864,2097152,32,2680,25033
1512621161714503,1512621161739537,67108864,2097152,32,2680,25034
1512621162227721,1512621162252997,67108864,2097152,32,2655,25276
1512621162741381,1512621162766629,67108864,2097152,32,2657,25248
1512621163255073,1512621163280044,67108864,2097152,32,2687,24971
1512621163768356,1512621163793726,67108864,2097152,32,2645,25370
1512621164282020,1512621164307277,67108864,2097152,32,2657,25257
1512621164795414,1512621164820667,67108864,2097152,32,2657,25253
1512621165309225,1512621165334556,67108864,2097152,32,2649,25331
1512621165823000,1512621165848280,67108864,2097152,32,2654,25280
1512621166336759,1512621166362026,67108864,2097152,32,2655,25267
1512621166850079,1512621166875347,67108864,2097152,32,2655,25268
1512621167363697,1512621167389042,67108864,2097152,32,2647,25345
1512621167877685,1512621167902735,67108864,2097152,32,2678,25050
1512621168391077,1512621168416446,67108864,2097152,32,2645,25369
1512621168904862,1512621168930269,67108864,2097152,32,2641,25407
1512621169418390,1512621169443736,67108864,2097152,32,2647,25346
1512621169932264,1512621169957565,67108864,2097152,32,2652,25301
1512621170446181,1512621170471449,67108864,2097152,32,2655,25268
1512621170959789,1512621170985059,67108864,2097152,32,2655,25270
1512621171473407,1512621171498493,67108864,2097152,32,2675,25086
1512621171986798,1512621172012012,67108864,2097152,32,2661,25214
1512621172500301,1512621172525580,67108864,2097152,32,2654,25279
1512621173014226,1512621173039474,67108864,2097152,32,2657,25248
1512621173527804,1512621173553040,67108864,2097152,32,2659,25236
1512621174041424,1512621174066702,67108864,2097152,32,2654,25278
1512621174555123,1512621174580421,67108864,2097152,32,2652,25298
1512621175068645,1512621175094047,67108864,2097152,32,2641,25402
1512621175582325,1512621175607595,67108864,2097152,32,2655,25270
1512621176095903,1512621176120952,67108864,2097152,32,2679,25049
1512621176609781,1512621176635082,67108864,2097152,32,2652,25301
1512621177123159,1512621177148213,67108864,2097152,32,2678,25054
1512621177636589,1512621177661933,67108864,2097152,32,2647,25344
1512621178150142,1512621178175075,67108864,2097152,32,2691,24933
1512621178663717,1512621178688851,67108864,2097152,32,2670,25134
1512621179177137,1512621179202328,67108864,2097152,32,2664,25191
1512621179690743,1512621179716044,67108864,2097152,32,2652,25301
1512621180204430,1512621180229781,67108864,2097152,32,2647,25351
1512621180718219,1512621180743389,67108864,2097152,32,2666,25170
1512621181231932,1512621181256987,67108864,2097152,32,2678,25055
1512621181745303,1512621181770572,67108864,2097152,32,2655,25269
1512621182258931,1512621182283937,67108864,2097152,32,2683,25006
1512621182772631,1512621182797983,67108864,2097152,32,2647,25352
1512621183286428,1512621183311585,67108864,2097152,32,2667,25157
1512621183799961,1512621183825279,67108864,2097152,32,2650,25318
1512621184313452,1512621184338745,67108864,2097152,32,2653,25293
1512621184826991,1512621184852220,67108864,2097152,32,2659,25229
1512621185340482,1512621185365638,67108864,2097152,32,2667,25156
1512621185853840,1512621185878699,67108864,2097152,32,2699,24859
1512621186367317,1512621186392537,67108864,2097152,32,2660,25220
1512621186880776,1512621186906033,67108864,2097152,32,2657,25257
1512621187394568,1512621187419847,67108864,2097152,32,2654,25279
1512621187908530,1512621187933696,67108864,2097152,32,2666,25166
1512621188421932,1512621188447145,67108864,2097152,32,2661,25213
1512621188935497,1512621188960700,67108864,2097152,32,2662,25203
1512621189449092,1512621189474380,67108864,2097152,32,2653,25288
1512621189962729,1512621189987943,67108864,2097152,32,2661,25214
1512621190476440,1512621190501445,67108864,2097152,32,2683,25005
1512621190989746,1512621191015022,67108864,2097152,32,2655,25276
1512621191503547,1512621191528559,67108864,2097152,32,2683,25012
1512621192017159,1512621192042530,67108864,2097152,32,2645,25371
1512621192530844,1512621192556010,67108864,2097152,32,2666,25166
1512621193044459,1512621193069625,67108864,2097152,32,2666,25166
1512621193558174,1512621193583330,67108864,2097152,32,2667,25156
1512621194071617,1512621194096906,67108864,2097152,32,2653,25289
1512621194585329,1512621194610285,67108864,2097152,32,2689,24956
1512621195098674,1512621195123948,67108864,2097152,32,2655,25274
1512621195612327,1512621195637603,67108864,2097152,32,2655,25276
1512621196125832,1512621196150980,67108864,2097152,32,2668,25148
1512621196639348,1512621196664658,67108864,2097152,32,2651,25310
1512621197153195,1512621197178505,67108864,2097152,32,2651,25310
1512621197666658,1512621197692042,67108864,2097152,32,2643,25384
1512621198180108,1512621198205216,67108864,2097152,32,2672,25108
1512621198693535,1512621198718682,67108864,2097152,32,2668,25147
1512621199207347,1512621199232709,67108864,2097152,32,2646,25362
1512621199720884,1512621199746196,67108864,2097152,32,2651,25312
1512621200234565,1512621200259911,67108864,2097152,32,2647,25346
1512621200748574,1512621200773707,67108864,2097152,32,2670,25133
1512621201262000,1512621201287312,67108864,2097152,32,2651,25312
1512621201775588,1512621201800787,67108864,2097152,32,2663,25199
1512621202289764,1512621202315039,67108864,2097152,32,2655,25275
1512621202803378,1512621202828775,67108864,2097152,32,2642,25397
1512621203317352,1512621203342717,67108864,2097152,32,2645,25365
1512621203830890,1512621203856018,67108864,2097152,32,2670,25128
1512621204344360,1512621204369529,67108864,2097152,32,2666,25169
1512621204858004,1512621204883126,67108864,2097152,32,2671,25122
1512621205371670,1512621205396897,67108864,2097152,32,2660,25227
1512621205885293,1512621205910571,67108864,2097152,32,2654,25278
1512621206399101,1512621206424270,67108864,2097152,32,2666,25169
1512621206912567,1512621206937799,67108864,2097152,32,2659,25232
1512621207426113,1512621207451229,67108864,2097152,32,2671,25116
1512621207939457,1512621207964658,67108864,2097152,32,2662,25201
1512621208452932,1512621208478274,67108864,2097152,32,2648,25342
1512621208966763,1512621208992128,67108864,2097152,32,2645,25365
1512621209480559,1512621209505810,67108864,2097152,32,2657,25251
1512621209994112,1512621210019434,67108864,2097152,32,2650,25322
1512621210508040,1512621210533197,67108864,2097152,32,2667,25157
1512621211021728,1512621211047063,67108864,2097152,32,2648,25335
1512621211535591,1512621211560705,67108864,2097152,32,2672,25114
1512621212049275,1512621212074535,67108864,2097152,32,2656,25260
1512621212563076,1512621212588280,67108864,2097152,32,2662,25204
1512621213076960,1512621213102253,67108864,2097152,32,2653,25293
1512621213590806,1512621213616087,67108864,2097152,32,2654,25281
1512621214104411,1512621214129662,67108864,2097152,32,2657,25251
1512621214618219,1512621214643389,67108864,2097152,32,2666,25170
1512621215131732,1512621215156914,67108864,2097152,32,2664,25182
1512621215645180,1512621215670423,67108864,2097152,32,2658,25243
1512621216158814,1512621216184108,67108864,2097152,32,2653,25294
1512621216672347,1512621216697500,67108864,2097152,32,2668,25153
1512621217186080,1512621217211255,67108864,2097152,32,2665,25175
1512621217699422,1512621217724731,67108864,2097152,32,2651,25309
1512621218213253,1512621218238564,67108864,2097152,32,2651,25311
1512621218726888,1512621218752228,67108864,2097152,32,2648,25340
1512621219240445,1512621219265840,67108864,2097152,32,2642,25395
1512621219754223,1512621219779411,67108864,2097152,32,2664,25188
1512621220267925,1512621220293355,67108864,2097152,32,2638,25430
1512621220781373,1512621220806662,67108864,2097152,32,2653,25289
1512621221295115,1512621221320450,67108864,2097152,32,2648,25335
1512621221808719,1512621221833845,67108864,2097152,32,2670,25126
1512621222322522,1512621222347696,67108864,2097152,32,2665,25174
1512621222835959,1512621222861306,67108864,2097152,32,2647,25347
1512621223349758,1512621223375069,67108864,2097152,32,2651,25311
1512621223863281,1512621223888638,67108864,2097152,32,2646,25357
1512621224376897,1512621224402048,67108864,2097152,32,2668,25151
1512621224890205,1512621224915333,67108864,2097152,32,2670,25128
1512621225403521,1512621225428828,67108864,2097152,32,2651,25307
1512621225917235,1512621225942448,67108864,2097152,32,2661,25213
1512621226430712,1512621226456078,67108864,2097152,32,2645,25366
1512621226944562,1512621226969347,67108864,2097152,32,2707,24785
1512621227457780,1512621227483084,67108864,2097152,32,2652,25304
1512621227971765,1512621227996807,67108864,2097152,32,2679,25042
1512621228485179,1512621228510560,67108864,2097152,32,2644,25381
1512621228998770,1512621229024144,67108864,2097152,32,2644,25374
1512621229512415,1512621229537780,67108864,2097152,32,2645,25365
1512621230026204,1512621230051418,67108864,2097152,32,2661,25214
1512621230539775,1512621230565050,67108864,2097152,32,2655,25275
1512621231053168,1512621231078490,67108864,2097152,32,2650,25322
1512621231566956,1512621231592175,67108864,2097152,32,2661,25219
1512621232080733,1512621232105993,67108864,2097152,32,2656,25260
1512621232594875,1512621232620185,67108864,2097152,32,2651,25310
1512621233108758,1512621233133933,67108864,2097152,32,2665,25175
1512621233622747,1512621233648033,67108864,2097152,32,2653,25286
1512621234136584,1512621234161943,67108864,2097152,32,2646,25359
1512621234650754,1512621234675897,67108864,2097152,32,2669,25143
1512621235164321,1512621235189692,67108864,2097152,32,2645,25371
1512621235677849,1512621235703173,67108864,2097152,32,2650,25324
1512621236191464,1512621236216711,67108864,2097152,32,2658,25247
1512621236705045,1512621236730332,67108864,2097152,32,2653,25287
1512621237219152,1512621237244349,67108864,2097152,32,2663,25197
1512621237732876,1512621237758118,67108864,2097152,32,2658,25242
1512621238246528,1512621238271825,67108864,2097152,32,2652,25297
1512621238760212,1512621238785517,67108864,2097152,32,2652,25305
1512621239274131,1512621239299373,67108864,2097152,32,2658,25242
1512621239787737,1512621239812850,67108864,2097152,32,2672,25113
1512621240301398,1512621240326429,67108864,2097152,32,2681,25031
1512621240814670,1512621240839963,67108864,2097152,32,2653,25293
1512621241328532,1512621241353815,67108864,2097152,32,2654,25283
1512621241842090,1512621241867345,67108864,2097152,32,2657,25255
1512621242355826,1512621242381162,67108864,2097152,32,2648,25336
1512621242869821,1512621242895080,67108864,2097152,32,2656,25259
1512621243383729,1512621243408805,67108864,2097152,32,2676,25076
1512621243897453,1512621243922720,67108864,2097152,32,2655,25267
1512621244411373,1512621244436420,67108864,2097152,32,2679,25047
1512621244925402,1512621244950790,67108864,2097152,32,2643,25388
1512621245439288,1512621245464531,67108864,2097152,32,2658,25243
1512621245953189,1512621245978573,67108864,2097152,32,2643,25384
1512621246467358,1512621246492530,67108864,2097152,32,2666,25172
1512621246981095,1512621247006147,67108864,2097152,32,2678,25052
1512621247494934,1512621247520056,67108864,2097152,32,2671,25122
1512621248008779,1512621248033935,67108864,2097152,32,2667,25156
1512621248522544,1512621248547857,67108864,2097152,32,2651,25313
1512621249036374,1512621249061669,67108864,2097152,32,2653,25295
1512621249550488,1512621249575828,67108864,2097152,32,2648,25340
1512621250064466,1512621250089807,67108864,2097152,32,2648,25341
1512621250578238,1512621250603566,67108864,2097152,32,2649,25328
1512621251092232,1512621251117301,67108864,2097152,32,2676,25069
1512621251605886,1512621251631203,67108864,2097152,32,2650,25317
1512621252119658,1512621252144977,67108864,2097152,32,2650,25319
1512621252633743,1512621252658800,67108864,2097152,32,2678,25057
1512621253147322,1512621253172595,67108864,2097152,32,2655,25273
1512621253661007,1512621253686292,67108864,2097152,32,2654,25285
1512621254175476,1512621254200858,67108864,2097152,32,2643,25382
1512621254689952,1512621254715269,67108864,2097152,32,2650,25317
1512621255203665,1512621255228782,67108864,2097152,32,2671,25117
1512621255717670,1512621255743010,67108864,2097152,32,2648,25340
1512621256231912,1512621256257199,67108864,2097152,32,2653,25287
1512621256746464,1512621256771731,67108864,2097152,32,2655,25267
1512621257259989,1512621257285331,67108864,2097152,32,2648,25342
1512621257773733,1512621257799167,67108864,2097152,32,2638,25434
1512621258287763,1512621258313047,67108864,2097152,32,2654,25284
1512621258801259,1512621258826551,67108864,2097152,32,2653,25292
1512621259315176,1512621259340320,67108864,2097152,32,2668,25144
1512621259828573,1512621259853908,67108864,2097152,32,2648,25335
1512621260342519,1512621260367807,67108864,2097152,32,2653,25288
1512621260855862,1512621260881035,67108864,2097152,32,2665,25173
1512621261369360,1512621261394458,67108864,2097152,32,2673,25098
1512621261882856,1512621261908082,67108864,2097152,32,2660,25226
1512621262396450,1512621262421734,67108864,2097152,32,2654,25284
1512621262910250,1512621262935671,67108864,2097152,32,2639,25421
1512621263424038,1512621263449263,67108864,2097152,32,2660,25225
1512621263938152,1512621263963531,67108864,2097152,32,2644,25379
1512621264451963,1512621264477215,67108864,2097152,32,2657,25252
1512621264972132,1512621264997273,67108864,2097152,32,2669,25141
1512621265496459,1512621265521671,67108864,2097152,32,2661,25212
1512621266010144,1512621266035488,67108864,2097152,32,2647,25344
1512621266523834,1512621266549130,67108864,2097152,32,2652,25296
1512621267037564,1512621267062964,67108864,2097152,32,2642,25400
1512621267551047,1512621267576266,67108864,2097152,32,2661,25219
1512621268064672,1512621268089960,67108864,2097152,32,2653,25288
1512621268578393,1512621268603704,67108864,2097152,32,2651,25311
1512621269092178,1512621269117506,67108864,2097152,32,2649,25328
1512621269606570,1512621269631561,67108864,2097152,32,2685,24991
1512621270120211,1512621270145325,67108864,2097152,32,2672,25114
1512621270633838,1512621270659188,67108864,2097152,32,2647,25350
1512621271147399,1512621271172728,67108864,2097152,32,2649,25329
1512621271661302,1512621271686600,67108864,2097152,32,2652,25298
1512621272174964,1512621272200041,67108864,2097152,32,2676,25077
1512621272688312,1512621272713244,67108864,2097152,32,2691,24932
1512621273201389,1512621273226818,67108864,2097152,32,2639,25429
1512621273715184,1512621273740611,67108864,2097152,32,2639,25427
1512621274228657,1512621274253834,67108864,2097152,32,2665,25177
1512621274742282,1512621274767405,67108864,2097152,32,2671,25123
1512621275255807,1512621275280936,67108864,2097152,32,2670,25129
1512621275769526,1512621275794936,67108864,2097152,32,2641,25410
1512621276283193,1512621276308523,67108864,2097152,32,2649,25330
1512621276796769,1512621276822144,67108864,2097152,32,2644,25375
1512621277310435,1512621277335578,67108864,2097152,32,2669,25143
1512621277824179,1512621277849370,67108864,2097152,32,2664,25191
1512621278339271,1512621278364723,67108864,2097152,32,2636,25452
1512621278852954,1512621278878148,67108864,2097152,32,2663,25194
1512621279366502,1512621279391663,67108864,2097152,32,2667,25161
1512621279880045,1512621279905256,67108864,2097152,32,2661,25211
1512621280393893,1512621280419220,67108864,2097152,32,2649,25327
1512621280907954,1512621280933294,67108864,2097152,32,2648,25340
1512621281421832,1512621281446947,67108864,2097152,32,2672,25115
1512621281935596,1512621281960800,67108864,2097152,32,2662,25204
1512621282449523,1512621282474803,67108864,2097152,32,2654,25280
1512621282963354,1512621282988683,67108864,2097152,32,2649,25329
1512621283477225,1512621283502350,67108864,2097152,32,2670,25125
1512621283991084,1512621284016276,67108864,2097152,32,2663,25192
1512621284504937,1512621284530205,67108864,2097152,32,2655,25268
1512621285018647,1512621285043983,67108864,2097152,32,2648,25336
1512621285532496,1512621285557813,67108864,2097152,32,2650,25317
1512621286046344,1512621286071642,67108864,2097152,32,2652,25298
1512621286560087,1512621286585406,67108864,2097152,32,2650,25319
1512621287074241,1512621287099545,67108864,2097152,32,2652,25304
1512621287588044,1512621287613403,67108864,2097152,32,2646,25359
1512621288101720,1512621288126965,67108864,2097152,32,2658,25245
1512621288615611,1512621288640914,67108864,2097152,32,2652,25303
1512621289129648,1512621289155018,67108864,2097152,32,2645,25370
1512621289643715,1512621289669107,67108864,2097152,32,2642,25392
1512621290157755,1512621290182962,67108864,2097152,32,2662,25207
1512621290671606,1512621290696816,67108864,2097152,32,2661,25210
1512621291185266,1512621291210251,67108864,2097152,32,2685,24985
1512621291698768,1512621291724068,67108864,2097152,32,2652,25300
1512621292212760,1512621292238055,67108864,2097152,32,2653,25295
1512621292726695,1512621292751932,67108864,2097152,32,2659,25237
1512621293240864,1512621293266198,67108864,2097152,32,2648,25334
1512621293754692,1512621293779856,67108864,2097152,32,2666,25164
1512621294268494,1512621294293732,67108864,2097152,32,2659,25238
1512621294782481,1512621294807710,67108864,2097152,32,2659,25229
1512621295296282,1512621295321552,67108864,2097152,32,2655,25270
1512621295810087,1512621295835354,67108864,2097152,32,2655,25267
1512621296324073,1512621296349433,67108864,2097152,32,2646,25360
1512621296838094,1512621296863452,67108864,2097152,32,2646,25358
1512621297352291,1512621297377509,67108864,2097152,32,2661,25218
1512621297865900,1512621297891019,67108864,2097152,32,2671,25119
1512621298379766,1512621298405081,67108864,2097152,32,2650,25315
1512621298893640,1512621298918974,67108864,2097152,32,2648,25334
1512621299407726,1512621299433080,67108864,2097152,32,2646,25354
1512621299921574,1512621299946735,67108864,2097152,32,2667,25161
1512621300435635,1512621300460903,67108864,2097152,32,2655,25268
1512621300949595,1512621300974949,67108864,2097152,32,2646,25354
1512621301463620,1512621301488896,67108864,2097152,32,2655,25276
1512621301977622,1512621302002836,67108864,2097152,32,2661,25214
1512621302492116,1512621302517427,67108864,2097152,32,2651,25311
1512621303006372,1512621303031718,67108864,2097152,32,2647,25346
1512621303520399,1512621303545678,67108864,2097152,32,2654,25279
1512621304034249,1512621304059620,67108864,2097152,32,2645,25371
1512621304548544,1512621304573620,67108864,2097152,32,2676,25076
1512621305062334,1512621305087382,67108864,2097152,32,2679,25048
1512621305576146,1512621305601419,67108864,2097152,32,2655,25273
1512621306089899,1512621306115251,67108864,2097152,32,2647,25352
1512621306603888,1512621306629102,67108864,2097152,32,2661,25214
1512621307117718,1512621307143072,67108864,2097152,32,2646,25354
1512621307631616,1512621307656788,67108864,2097152,32,2666,25172
1512621308145411,1512621308170661,67108864,2097152,32,2657,25250
1512621308659306,1512621308684577,67108864,2097152,32,2655,25271
1512621309173365,1512621309198584,67108864,2097152,32,2661,25219
1512621309687639,1512621309712782,67108864,2097152,32,2669,25143
1512621310201494,1512621310226810,67108864,2097152,32,2650,25316
1512621310715713,1512621310741031,67108864,2097152,32,2650,25318
1512621311229525,1512621311254707,67108864,2097152,32,2664,25182
1512621311743261,1512621311768456,67108864,2097152,32,2663,25195
1512621312256897,1512621312282165,67108864,2097152,32,2655,25268
1512621312771242,1512621312796444,67108864,2097152,32,2662,25202
1512621313285341,1512621313310647,67108864,2097152,32,2651,25306
1512621313799668,1512621313824915,67108864,2097152,32,2658,25247
1512621314313308,1512621314338530,67108864,2097152,32,2660,25222
1512621314827203,1512621314852536,67108864,2097152,32,2649,25333
1512621315341229,1512621315366567,67108864,2097152,32,2648,25338
1512621315855579,1512621315880893,67108864,2097152,32,2651,25314
1512621316369341,1512621316394590,67108864,2097152,32,2657,25249
1512621316883453,1512621316908662,67108864,2097152,32,2662,25209
1512621317397235,1512621317422336,67108864,2097152,32,2673,25101
1512621317911251,1512621317936380,67108864,2097152,32,2670,25129
1512621318424929,1512621318450192,67108864,2097152,32,2656,25263
1512621318938677,1512621318964008,67108864,2097152,32,2649,25331
1512621319452403,1512621319477687,67108864,2097152,32,2654,25284
1512621319966472,1512621319991452,67108864,2097152,32,2686,24980
1512621320480121,1512621320505400,67108864,2097152,32,2654,25279
1512621320994151,1512621321019472,67108864,2097152,32,2650,25321
1512621321508405,1512621321533610,67108864,2097152,32,2662,25205
1512621322022098,1512621322047143,67108864,2097152,32,2679,25045
1512621322536061,1512621322561393,67108864,2097152,32,2649,25332
1512621323050154,1512621323075295,67108864,2097152,32,2669,25141
1512621323563781,1512621323589028,67108864,2097152,32,2658,25247
1512621324077587,1512621324102570,67108864,2097152,32,2686,24983
1512621324591337,1512621324616610,67108864,2097152,32,2655,25273
1512621325105159,1512621325130473,67108864,2097152,32,2651,25314
1512621325619294,1512621325644469,67108864,2097152,32,2665,25175
1512621326133663,1512621326159021,67108864,2097152,32,2646,25358
1512621326647434,1512621326672239,67108864,2097152,32,2705,24805
1512621327160782,1512621327185920,67108864,2097152,32,2669,25138
1512621327674476,1512621327699705,67108864,2097152,32,2659,25229
1512621328188391,1512621328213521,67108864,2097152,32,2670,25130
1512621328701937,1512621328727107,67108864,2097152,32,2666,25170
1512621329215550,1512621329240650,67108864,2097152,32,2673,25100
1512621329729379,1512621329754654,67108864,2097152,32,2655,25275
1512621330243149,1512621330268411,67108864,2097152,32,2656,25262
1512621330757329,1512621330782579,67108864,2097152,32,2657,25250
1512621331271540,1512621331296871,67108864,2097152,32,2649,25331
1512621331785538,1512621331810731,67108864,2097152,32,2663,25193
1512621332299419,1512621332324703,67108864,2097152,32,2654,25284
1512621332813195,1512621332838206,67108864,2097152,32,2683,25011
1512621333326930,1512621333352327,67108864,2097152,32,2642,25397
1512621333841263,1512621333866484,67108864,2097152,32,2660,25221
1512621334355010,1512621334380161,67108864,2097152,32,2668,25151
1512621334868830,1512621334894144,67108864,2097152,32,2651,25314
1512621335382775,1512621335408074,67108864,2097152,32,2652,25299
1512621335896776,1512621335921939,67108864,2097152,32,2666,25163
1512621336410766,1512621336436097,67108864,2097152,32,2649,25331
1512621336924745,1512621336949945,67108864,2097152,32,2663,25200
1512621337438763,1512621337463820,67108864,2097152,32,2678,25057
1512621337952254,1512621337977592,67108864,2097152,32,2648,25338
1512621338466261,1512621338491579,67108864,2097152,32,2650,25318
1512621338980059,1512621339005286,67108864,2097152,32,2660,25227
1512621339494159,1512621339519537,67108864,2097152,32,2644,25378
1512621340008138,1512621340033519,67108864,2097152,32,2644,25381
1512621340522054,1512621340547097,67108864,2097152,32,2679,25043
1512621341035698,1512621341061048,67108864,2097152,32,2647,25350
1512621341549997,1512621341575259,67108864,2097152,32,2656,25262
1512621342063724,1512621342089009,67108864,2097152,32,2654,25285
1512621342577727,1512621342602841,67108864,2097152,32,2672,25114
1512621343091405,1512621343116756,67108864,2097152,32,2647,25351
1512621343605300,1512621343630455,67108864,2097152,32,2667,25155
1512621344119103,1512621344144350,67108864,2097152,32,2658,25247
1512621344633078,1512621344658246,67108864,2097152,32,2666,25168
1512621345146796,1512621345172098,67108864,2097152,32,2652,25302
1512621345660633,1512621345685805,67108864,2097152,32,2666,25172
1512621346174386,1512621346199715,67108864,2097152,32,2649,25329
1512621346688326,1512621346713667,67108864,2097152,32,2648,25341
1512621347202261,1512621347227484,67108864,2097152,32,2660,25223
1512621347716108,1512621347741350,67108864,2097152,32,2658,25242
1512621348229881,1512621348255126,67108864,2097152,32,2658,25245
1512621348744021,1512621348769277,67108864,2097152,32,2657,25256
1512621349257817,1512621349283004,67108864,2097152,32,2664,25187
1512621349771637,1512621349796908,67108864,2097152,32,2655,25271
1512621350285478,1512621350310878,67108864,2097152,32,2642,25400
1512621350799889,1512621350825207,67108864,2097152,32,2650,25318
1512621351314001,1512621351339379,67108864,2097152,32,2644,25378
1512621351828052,1512621351853374,67108864,2097152,32,2650,25322
1512621352342329,1512621352367514,67108864,2097152,32,2664,25185
1512621352856211,1512621352881330,67108864,2097152,32,2671,25119
1512621353370045,1512621353395204,67108864,2097152,32,2667,25159
1512621353884019,1512621353909423,67108864,2097152,32,2641,25404
1512621354397643,1512621354422816,67108864,2097152,32,2665,25173
1512621354911863,1512621354936911,67108864,2097152,32,2679,25048
1512621355425553,1512621355450679,67108864,2097152,32,2670,25126
1512621355939400,1512621355964454,67108864,2097152,32,2678,25054
1512621356453081,1512621356478259,67108864,2097152,32,2665,25178
1512621356966820,1512621356992065,67108864,2097152,32,2658,25245
1512621357480443,1512621357505679,67108864,2097152,32,2659,25236
1512621357994371,1512621358019554,67108864,2097152,32,2664,25183
1512621358508346,1512621358533745,67108864,2097152,32,2642,25399
1512621359022319,1512621359047520,67108864,2097152,32,2662,25201
1512621359536039,1512621359561376,67108864,2097152,32,2648,25337
1512621360050244,1512621360075308,67108864,2097152,32,2677,25064
1512621360563891,1512621360588939,67108864,2097152,32,2679,25048
1512621361077707,1512621361103033,67108864,2097152,32,2649,25326
1512621361591881,1512621361617223,67108864,2097152,32,2648,25342
1512621362105964,1512621362131191,67108864,2097152,32,2660,25227
1512621362619983,1512621362645195,67108864,2097152,32,2661,25212
1512621363134188,1512621363159389,67108864,2097152,32,2662,25201
1512621363648057,1512621363673300,67108864,2097152,32,2658,25243
1512621364162012,1512621364187341,67108864,2097152,32,2649,25329
1512621364676340,1512621364701697,67108864,2097152,32,2646,25357
1512621365190237,1512621365215340,67108864,2097152,32,2673,25103
1512621365704038,1512621365729356,67108864,2097152,32,2650,25318
1512621366218000,1512621366242969,67108864,2097152,32,2687,24969
1512621366731377,1512621366756716,67108864,2097152,32,2648,25339
1512621367245372,1512621367270730,67108864,2097152,32,2646,25358
1512621367759515,1512621367784620,67108864,2097152,32,2673,25105
