1512447489822966,1512447490921101,536870912,16777216,32,488,1098135
1512447494682266,1512447495752853,536870912,16777216,32,501,1070587
1512447499508250,1512447500578684,536870912,16777216,32,501,1070434
1512447504338797,1512447505412797,536870912,16777216,32,499,1074000
1512447509173246,1512447510243867,536870912,16777216,32,501,1070621
1512447514007730,1512447515080009,536870912,16777216,32,500,1072279
1512447518846464,1512447519916861,536870912,16777216,32,501,1070397
1512447523679584,1512447524745965,536870912,16777216,32,503,1066381
1512447528514411,1512447529586043,536870912,16777216,32,500,1071632
1512447533352733,1512447534425985,536870912,16777216,32,500,1073252
1512447538191057,1512447539256587,536870912,16777216,32,503,1065530
1512447543029369,1512447544094755,536870912,16777216,32,503,1065386
1512447547860963,1512447548924990,536870912,16777216,32,504,1064027
1512447552690048,1512447553757829,536870912,16777216,32,502,1067781
1512447557541747,1512447558611442,536870912,16777216,32,501,1069695
1512447562375515,1512447563444715,536870912,16777216,32,502,1069200
1512447567209399,1512447568279392,536870912,16777216,32,501,1069993
1512447572034319,1512447573102577,536870912,16777216,32,502,1068258
1512447576865266,1512447577935096,536870912,16777216,32,501,1069830
1512447581696132,1512447582765781,536870912,16777216,32,501,1069649
1512447586524131,1512447587588900,536870912,16777216,32,504,1064769
1512447591350278,1512447592421774,536870912,16777216,32,501,1071496
1512447596184365,1512447597258413,536870912,16777216,32,499,1074048
1512447601021679,1512447602087053,536870912,16777216,32,503,1065374
1512447605855219,1512447606926076,536870912,16777216,32,501,1070857
1512447610695087,1512447611762519,536870912,16777216,32,502,1067432
1512447615527867,1512447616600892,536870912,16777216,32,500,1073025
1512447620370582,1512447621439393,536870912,16777216,32,502,1068811
1512447625210146,1512447626276541,536870912,16777216,32,503,1066395
1512447630042853,1512447631116106,536870912,16777216,32,500,1073253
1512447634885437,1512447635953575,536870912,16777216,32,502,1068138
1512447639716503,1512447640781454,536870912,16777216,32,504,1064951
1512447644549889,1512447645618235,536870912,16777216,32,502,1068346
1512447649389295,1512447650456249,536870912,16777216,32,503,1066954
1512447654225339,1512447655291704,536870912,16777216,32,503,1066365
1512447659061548,1512447660134800,536870912,16777216,32,500,1073252
1512447663900434,1512447664967846,536870912,16777216,32,502,1067412
1512447668737951,1512447669806359,536870912,16777216,32,502,1068408
1512447673570192,1512447674634424,536870912,16777216,32,504,1064232
1512447678402969,1512447679470780,536870912,16777216,32,502,1067811
1512447683236966,1512447684307704,536870912,16777216,32,501,1070738
1512447688073076,1512447689139212,536870912,16777216,32,503,1066136
1512447692908000,1512447693978696,536870912,16777216,32,501,1070696
1512447697745927,1512447698813339,536870912,16777216,32,502,1067412
1512447702585615,1512447703656427,536870912,16777216,32,501,1070812
1512447707430372,1512447708497169,536870912,16777216,32,503,1066797
1512447712272786,1512447713344575,536870912,16777216,32,500,1071789
1512447717111460,1512447718182258,536870912,16777216,32,501,1070798
1512447721955190,1512447723024500,536870912,16777216,32,502,1069310
1512447726794427,1512447727863866,536870912,16777216,32,502,1069439
1512447731634679,1512447732706060,536870912,16777216,32,501,1071381
1512447736482216,1512447737555612,536870912,16777216,32,500,1073396
1512447741324803,1512447742396642,536870912,16777216,32,500,1071839
1512447746166609,1512447747237197,536870912,16777216,32,501,1070588
1512447751040150,1512447752112248,536870912,16777216,32,500,1072098
1512447755874976,1512447756935312,536870912,16777216,32,506,1060336
1512447760702750,1512447761773148,536870912,16777216,32,501,1070398
1512447765542727,1512447766616268,536870912,16777216,32,500,1073541
1512447770382518,1512447771452482,536870912,16777216,32,501,1069964
1512447775220433,1512447776284026,536870912,16777216,32,504,1063593
1512447780052123,1512447781119262,536870912,16777216,32,503,1067139
1512447784889342,1512447785958172,536870912,16777216,32,502,1068830
1512447789723005,1512447790792342,536870912,16777216,32,502,1069337
1512447794561764,1512447795631339,536870912,16777216,32,501,1069575
1512447799399943,1512447800467528,536870912,16777216,32,502,1067585
1512447804235219,1512447805304278,536870912,16777216,32,502,1069059
1512447809073077,1512447810144156,536870912,16777216,32,501,1071079
1512447813928114,1512447815001016,536870912,16777216,32,500,1072902
1512447818771288,1512447819840413,536870912,16777216,32,502,1069125
1512447823607010,1512447824676284,536870912,16777216,32,502,1069274
1512447828451725,1512447829524342,536870912,16777216,32,500,1072617
1512447833293366,1512447834366673,536870912,16777216,32,500,1073307
1512447838138466,1512447839205689,536870912,16777216,32,503,1067223
1512447842968249,1512447844034438,536870912,16777216,32,503,1066189
1512447847803014,1512447848870796,536870912,16777216,32,502,1067782
1512447852634097,1512447853702978,536870912,16777216,32,502,1068881
1512447857473219,1512447858540180,536870912,16777216,32,503,1066961
1512447862311998,1512447863383268,536870912,16777216,32,501,1071270
1512447867149257,1512447868218224,536870912,16777216,32,502,1068967
1512447872000820,1512447873067420,536870912,16777216,32,503,1066600
1512447876834952,1512447877905715,536870912,16777216,32,501,1070763
1512447881686346,1512447882753097,536870912,16777216,32,503,1066751
1512447886515898,1512447887584884,536870912,16777216,32,502,1068986
1512447891354372,1512447892420960,536870912,16777216,32,503,1066588
1512447896189177,1512447897258187,536870912,16777216,32,502,1069010
1512447901021562,1512447902088552,536870912,16777216,32,503,1066990
1512447905855428,1512447906924513,536870912,16777216,32,502,1069085
1512447910697540,1512447911765626,536870912,16777216,32,502,1068086
1512447915541279,1512447916607790,536870912,16777216,32,503,1066511
1512447920376182,1512447921446485,536870912,16777216,32,501,1070303
1512447925217793,1512447926288439,536870912,16777216,32,501,1070646
1512447930058309,1512447931127120,536870912,16777216,32,502,1068811
1512447934896982,1512447935967646,536870912,16777216,32,501,1070664
1512447939739530,1512447940810335,536870912,16777216,32,501,1070805
1512447944621186,1512447945690028,536870912,16777216,32,502,1068842
1512447949462957,1512447950533567,536870912,16777216,32,501,1070610
1512447954295480,1512447955365905,536870912,16777216,32,501,1070425
1512447959138970,1512447960212278,536870912,16777216,32,500,1073308
1512447963977644,1512447965047889,536870912,16777216,32,501,1070245
1512447968809727,1512447969874538,536870912,16777216,32,504,1064811
1512447973684394,1512447974749595,536870912,16777216,32,504,1065201
1512447978512227,1512447979583503,536870912,16777216,32,501,1071276
1512447983344113,1512447984411020,536870912,16777216,32,503,1066907
1512447988169518,1512447989239411,536870912,16777216,32,501,1069893
1512447993000668,1512447994067030,536870912,16777216,32,503,1066362
1512447997825302,1512447998896105,536870912,16777216,32,501,1070803
1512448002651966,1512448003717382,536870912,16777216,32,503,1065416
1512448007497879,1512448008569071,536870912,16777216,32,501,1071192
1512448012332282,1512448013397355,536870912,16777216,32,504,1065073
1512448017161257,1512448018230481,536870912,16777216,32,502,1069224
1512448021997893,1512448023061403,536870912,16777216,32,504,1063510
1512448026826064,1512448027895402,536870912,16777216,32,502,1069338
1512448031661328,1512448032734649,536870912,16777216,32,500,1073321
1512448036498270,1512448037571362,536870912,16777216,32,500,1073092
1512448041335551,1512448042402816,536870912,16777216,32,503,1067265
1512448046166046,1512448047233798,536870912,16777216,32,502,1067752
1512448050994268,1512448052060193,536870912,16777216,32,503,1065925
1512448055823525,1512448056890335,536870912,16777216,32,503,1066810
1512448060649486,1512448061718076,536870912,16777216,32,502,1068590
1512448065484357,1512448066553720,536870912,16777216,32,502,1069363
1512448070315895,1512448071388143,536870912,16777216,32,500,1072248
1512448075160692,1512448076232826,536870912,16777216,32,500,1072134
1512448079992699,1512448081056541,536870912,16777216,32,504,1063842
1512448084814399,1512448085881628,536870912,16777216,32,503,1067229
1512448089644278,1512448090713136,536870912,16777216,32,502,1068858
1512448094476769,1512448095540549,536870912,16777216,32,504,1063780
1512448099304898,1512448100376268,536870912,16777216,32,501,1071370
1512448104140391,1512448105209721,536870912,16777216,32,502,1069330
1512448108973424,1512448110046280,536870912,16777216,32,500,1072856
1512448113810003,1512448114878538,536870912,16777216,32,502,1068535
1512448118629711,1512448119695971,536870912,16777216,32,503,1066260
1512448123453198,1512448124517222,536870912,16777216,32,504,1064024
1512448128273923,1512448129344275,536870912,16777216,32,501,1070352
1512448133099570,1512448134165973,536870912,16777216,32,503,1066403
1512448137937861,1512448139013578,536870912,16777216,32,499,1075717
1512448142769485,1512448143840087,536870912,16777216,32,501,1070602
1512448147592243,1512448148661881,536870912,16777216,32,501,1069638
1512448152428043,1512448153495586,536870912,16777216,32,502,1067543
1512448157262283,1512448158333243,536870912,16777216,32,501,1070960
1512448162095927,1512448163169520,536870912,16777216,32,500,1073593
1512448166931158,1512448168000592,536870912,16777216,32,502,1069434
1512448171757098,1512448172824972,536870912,16777216,32,502,1067874
1512448176589631,1512448177654001,536870912,16777216,32,504,1064370
1512448181420451,1512448182484902,536870912,16777216,32,504,1064451
1512448186249975,1512448187315039,536870912,16777216,32,504,1065064
1512448191065736,1512448192134445,536870912,16777216,32,502,1068709
1512448195893139,1512448196959773,536870912,16777216,32,503,1066634
1512448200724677,1512448201794310,536870912,16777216,32,501,1069633
1512448205560245,1512448206629161,536870912,16777216,32,502,1068916
1512448210399366,1512448211467641,536870912,16777216,32,502,1068275
1512448215237947,1512448216308715,536870912,16777216,32,501,1070768
1512448220069312,1512448221139241,536870912,16777216,32,501,1069929
1512448224900608,1512448225966542,536870912,16777216,32,503,1065934
1512448229730466,1512448230802552,536870912,16777216,32,500,1072086
1512448234561027,1512448235632027,536870912,16777216,32,501,1071000
1512448239394196,1512448240460334,536870912,16777216,32,503,1066138
1512448244214524,1512448245281426,536870912,16777216,32,503,1066902
1512448249037970,1512448250104570,536870912,16777216,32,503,1066600
1512448253858931,1512448254929703,536870912,16777216,32,501,1070772
1512448258685096,1512448259753299,536870912,16777216,32,502,1068203
1512448263515212,1512448264580692,536870912,16777216,32,503,1065480
1512448268382468,1512448269454052,536870912,16777216,32,501,1071584
1512448273223963,1512448274289650,536870912,16777216,32,503,1065687
1512448278046536,1512448279109926,536870912,16777216,32,504,1063390
1512448282867598,1512448283934109,536870912,16777216,32,503,1066511
1512448287701661,1512448288768374,536870912,16777216,32,503,1066713
1512448292539988,1512448293608796,536870912,16777216,32,502,1068808
1512448297367911,1512448298433520,536870912,16777216,32,503,1065609
1512448302187183,1512448303251364,536870912,16777216,32,504,1064181
1512448307005984,1512448308065011,536870912,16777216,32,506,1059027
1512448311823166,1512448312885649,536870912,16777216,32,505,1062483
1512448316647623,1512448317713270,536870912,16777216,32,503,1065647
1512448321474040,1512448322538114,536870912,16777216,32,504,1064074
1512448326299861,1512448327367590,536870912,16777216,32,502,1067729
1512448331137611,1512448332199880,536870912,16777216,32,505,1062269
1512448335965475,1512448337030190,536870912,16777216,32,504,1064715
1512448340798926,1512448341868620,536870912,16777216,32,501,1069694
1512448345634329,1512448346700636,536870912,16777216,32,503,1066307
1512448350466660,1512448351535068,536870912,16777216,32,502,1068408
1512448355304883,1512448356371399,536870912,16777216,32,503,1066516
1512448360130576,1512448361197738,536870912,16777216,32,503,1067162
1512448364954858,1512448366022253,536870912,16777216,32,502,1067395
1512448369779342,1512448370837030,536870912,16777216,32,507,1057688
1512448374595893,1512448375659849,536870912,16777216,32,504,1063956
1512448379423210,1512448380488619,536870912,16777216,32,503,1065409
1512448384262976,1512448385331413,536870912,16777216,32,502,1068437
1512448389091745,1512448390154513,536870912,16777216,32,505,1062768
1512448393917554,1512448394986851,536870912,16777216,32,502,1069297
1512448398776170,1512448399848008,536870912,16777216,32,500,1071838
1512448403605807,1512448404673290,536870912,16777216,32,502,1067483
1512448408449666,1512448409520115,536870912,16777216,32,501,1070449
1512448413288126,1512448414359385,536870912,16777216,32,501,1071259
1512448418140308,1512448419211040,536870912,16777216,32,501,1070732
1512448422978316,1512448424045840,536870912,16777216,32,502,1067524
1512448427802880,1512448428869897,536870912,16777216,32,503,1067017
1512448432631025,1512448433702218,536870912,16777216,32,501,1071193
1512448437471271,1512448438538401,536870912,16777216,32,503,1067130
1512448442299713,1512448443363053,536870912,16777216,32,504,1063340
1512448447124467,1512448448195887,536870912,16777216,32,501,1071420
1512448451953727,1512448453017654,536870912,16777216,32,504,1063927
1512448456785663,1512448457853335,536870912,16777216,32,502,1067672
1512448461639720,1512448462711084,536870912,16777216,32,501,1071364
1512448466477916,1512448467547889,536870912,16777216,32,501,1069973
1512448471307263,1512448472375179,536870912,16777216,32,502,1067916
1512448476138564,1512448477210599,536870912,16777216,32,500,1072035
1512448480978672,1512448482041925,536870912,16777216,32,504,1063253
1512448485800879,1512448486872145,536870912,16777216,32,501,1071266
1512448490631600,1512448491701456,536870912,16777216,32,501,1069856
1512448495458675,1512448496529107,536870912,16777216,32,501,1070432
1512448500296306,1512448501362582,536870912,16777216,32,503,1066276
1512448505122361,1512448506188240,536870912,16777216,32,503,1065879
1512448509955766,1512448511022457,536870912,16777216,32,503,1066691
1512448514778305,1512448515844798,536870912,16777216,32,503,1066493
1512448519602060,1512448520665123,536870912,16777216,32,505,1063063
1512448524435868,1512448525502011,536870912,16777216,32,503,1066143
1512448529279694,1512448530339177,536870912,16777216,32,506,1059483
1512448534105070,1512448535173141,536870912,16777216,32,502,1068071
1512448538930244,1512448539996427,536870912,16777216,32,503,1066183
1512448543747652,1512448544815512,536870912,16777216,32,502,1067860
1512448548571643,1512448549632401,536870912,16777216,32,506,1060758
1512448553390789,1512448554454453,536870912,16777216,32,504,1063664
1512448558211560,1512448559282119,536870912,16777216,32,501,1070559
1512448563041144,1512448564108062,536870912,16777216,32,503,1066918
1512448567871445,1512448568938360,536870912,16777216,32,503,1066915
1512448572693748,1512448573762456,536870912,16777216,32,502,1068708
1512448577518120,1512448578583532,536870912,16777216,32,503,1065412
1512448582334508,1512448583402060,536870912,16777216,32,502,1067552
1512448587161420,1512448588231952,536870912,16777216,32,501,1070532
1512448592025148,1512448593094037,536870912,16777216,32,502,1068889
1512448596858315,1512448597925518,536870912,16777216,32,503,1067203
1512448601678562,1512448602743814,536870912,16777216,32,503,1065252
1512448606497962,1512448607569151,536870912,16777216,32,501,1071189
1512448611325525,1512448612392741,536870912,16777216,32,503,1067216
1512448616155702,1512448617222879,536870912,16777216,32,503,1067177
1512448620975382,1512448622035279,536870912,16777216,32,506,1059897
1512448625795516,1512448626858978,536870912,16777216,32,504,1063462
1512448630619552,1512448631687122,536870912,16777216,32,502,1067570
1512448635444001,1512448636513590,536870912,16777216,32,501,1069589
1512448640266646,1512448641331280,536870912,16777216,32,504,1064634
1512448645086701,1512448646148390,536870912,16777216,32,505,1061689
1512448649907581,1512448650971279,536870912,16777216,32,504,1063698
1512448654733533,1512448655797872,536870912,16777216,32,504,1064339
1512448659556795,1512448660625689,536870912,16777216,32,502,1068894
1512448664385376,1512448665452232,536870912,16777216,32,503,1066856
1512448669211416,1512448670278611,536870912,16777216,32,503,1067195
1512448674030205,1512448675092933,536870912,16777216,32,505,1062728
1512448678847816,1512448679914527,536870912,16777216,32,503,1066711
1512448683671247,1512448684737026,536870912,16777216,32,503,1065779
1512448688495768,1512448689565741,536870912,16777216,32,501,1069973
1512448693331696,1512448694393511,536870912,16777216,32,505,1061815
1512448698154946,1512448699222108,536870912,16777216,32,503,1067162
1512448702982612,1512448704046725,536870912,16777216,32,504,1064113
1512448707813160,1512448708878657,536870912,16777216,32,503,1065497
1512448712641443,1512448713706942,536870912,16777216,32,503,1065499
1512448717462487,1512448718528340,536870912,16777216,32,503,1065853
1512448722331151,1512448723401032,536870912,16777216,32,501,1069881
1512448727160518,1512448728225141,536870912,16777216,32,504,1064623
1512448731991724,1512448733062418,536870912,16777216,32,501,1070694
1512448736830809,1512448737898076,536870912,16777216,32,503,1067267
1512448741665700,1512448742734534,536870912,16777216,32,502,1068834
1512448746504786,1512448747574169,536870912,16777216,32,502,1069383
1512448751344066,1512448752414301,536870912,16777216,32,501,1070235
1512448756175758,1512448757247565,536870912,16777216,32,500,1071807
1512448761015487,1512448762086464,536870912,16777216,32,501,1070977
1512448765856325,1512448766927696,536870912,16777216,32,501,1071371
1512448770693097,1512448771762163,536870912,16777216,32,502,1069066
1512448775532893,1512448776603821,536870912,16777216,32,501,1070928
1512448780371709,1512448781440203,536870912,16777216,32,502,1068494
1512448785250231,1512448786321114,536870912,16777216,32,501,1070883
1512448790095438,1512448791164458,536870912,16777216,32,502,1069020
1512448794933164,1512448796000473,536870912,16777216,32,503,1067309
1512448799771591,1512448800845086,536870912,16777216,32,500,1073495
1512448804607886,1512448805678401,536870912,16777216,32,501,1070515
1512448809440136,1512448810511112,536870912,16777216,32,501,1070976
1512448814275919,1512448815346833,536870912,16777216,32,501,1070914
1512448819108173,1512448820178796,536870912,16777216,32,501,1070623
1512448823938983,1512448825000698,536870912,16777216,32,505,1061715
1512448828767460,1512448829835770,536870912,16777216,32,502,1068310
1512448833602326,1512448834669490,536870912,16777216,32,503,1067164
1512448838436829,1512448839506740,536870912,16777216,32,501,1069911
1512448843265962,1512448844337881,536870912,16777216,32,500,1071919
1512448848101993,1512448849169976,536870912,16777216,32,502,1067983
1512448852938325,1512448854006830,536870912,16777216,32,502,1068505
1512448857771306,1512448858838796,536870912,16777216,32,502,1067490
1512448862599752,1512448863668251,536870912,16777216,32,502,1068499
1512448867434124,1512448868498050,536870912,16777216,32,504,1063926
1512448872263402,1512448873334806,536870912,16777216,32,501,1071404
1512448877098684,1512448878168999,536870912,16777216,32,501,1070315
1512448881935710,1512448883001873,536870912,16777216,32,503,1066163
1512448886763336,1512448887834646,536870912,16777216,32,501,1071310
1512448891594662,1512448892664339,536870912,16777216,32,501,1069677
1512448896451444,1512448897520256,536870912,16777216,32,502,1068812
1512448901286829,1512448902356512,536870912,16777216,32,501,1069683
1512448906118767,1512448907192715,536870912,16777216,32,499,1073948
1512448910952970,1512448912019880,536870912,16777216,32,503,1066910
1512448915806571,1512448916878561,536870912,16777216,32,500,1071990
1512448920643884,1512448921709104,536870912,16777216,32,504,1065220
1512448925484027,1512448926558170,536870912,16777216,32,499,1074143
1512448930326873,1512448931398408,536870912,16777216,32,501,1071535
1512448935161605,1512448936231508,536870912,16777216,32,501,1069903
1512448939988187,1512448941060750,536870912,16777216,32,500,1072563
1512448944833083,1512448945904734,536870912,16777216,32,500,1071651
1512448949668088,1512448950737880,536870912,16777216,32,501,1069792
1512448954503482,1512448955576709,536870912,16777216,32,500,1073227
1512448959342262,1512448960415922,536870912,16777216,32,500,1073660
1512448964179492,1512448965251610,536870912,16777216,32,500,1072118
1512448969011261,1512448970082534,536870912,16777216,32,501,1071273
1512448973839058,1512448974906635,536870912,16777216,32,502,1067577
1512448978708947,1512448979786517,536870912,16777216,32,498,1077570
1512448983544195,1512448984615536,536870912,16777216,32,501,1071341
1512448988380093,1512448989447736,536870912,16777216,32,502,1067643
1512448993204123,1512448994271269,536870912,16777216,32,503,1067146
1512448998027966,1512448999102023,536870912,16777216,32,499,1074057
1512449002862110,1512449003934752,536870912,16777216,32,500,1072642
1512449007709775,1512449008783801,536870912,16777216,32,499,1074026
1512449012547481,1512449013620324,536870912,16777216,32,500,1072843
1512449017383276,1512449018449684,536870912,16777216,32,503,1066408
1512449022204900,1512449023275101,536870912,16777216,32,501,1070201
1512449027034035,1512449028103794,536870912,16777216,32,501,1069759
1512449031860329,1512449032930674,536870912,16777216,32,501,1070345
1512449036690064,1512449037759412,536870912,16777216,32,502,1069348
1512449041521311,1512449042589199,536870912,16777216,32,502,1067888
1512449046360087,1512449047429173,536870912,16777216,32,502,1069086
1512449051200839,1512449052271108,536870912,16777216,32,501,1070269
1512449056041840,1512449057113297,536870912,16777216,32,501,1071457
1512449060884033,1512449061956602,536870912,16777216,32,500,1072569
1512449065718448,1512449066783459,536870912,16777216,32,504,1065011
1512449070551165,1512449071621479,536870912,16777216,32,501,1070314
1512449075387368,1512449076457622,536870912,16777216,32,501,1070254
1512449080226910,1512449081299945,536870912,16777216,32,500,1073035
1512449085073502,1512449086144336,536870912,16777216,32,501,1070834
1512449089903698,1512449090977247,536870912,16777216,32,500,1073549
1512449094731062,1512449095802785,536870912,16777216,32,500,1071723
1512449099567569,1512449100639475,536870912,16777216,32,500,1071906
1512449104395570,1512449105465530,536870912,16777216,32,501,1069960
1512449109253428,1512449110323772,536870912,16777216,32,501,1070344
1512449114092619,1512449115161708,536870912,16777216,32,502,1069089
1512449118929467,1512449119999922,536870912,16777216,32,501,1070455
1512449123767281,1512449124838752,536870912,16777216,32,501,1071471
1512449128613835,1512449129680243,536870912,16777216,32,503,1066408
1512449133449320,1512449134519177,536870912,16777216,32,501,1069857
1512449138293839,1512449139361292,536870912,16777216,32,502,1067453
1512449143130313,1512449144198244,536870912,16777216,32,502,1067931
1512449147967868,1512449149037944,536870912,16777216,32,501,1070076
1512449152792054,1512449153865440,536870912,16777216,32,500,1073386
1512449157621102,1512449158686780,536870912,16777216,32,503,1065678
1512449162446258,1512449163510328,536870912,16777216,32,504,1064070
1512449167270099,1512449168337790,536870912,16777216,32,502,1067691
1512449172123270,1512449173195093,536870912,16777216,32,500,1071823
1512449176966479,1512449178032795,536870912,16777216,32,503,1066316
1512449181803493,1512449182872119,536870912,16777216,32,502,1068626
1512449186630902,1512449187699956,536870912,16777216,32,502,1069054
1512449191468788,1512449192542755,536870912,16777216,32,499,1073967
1512449196312167,1512449197383847,536870912,16777216,32,500,1071680
1512449201164282,1512449202232066,536870912,16777216,32,502,1067784
1512449205987383,1512449207061654,536870912,16777216,32,499,1074271
1512449210818530,1512449211890247,536870912,16777216,32,500,1071717
1512449215653964,1512449216721631,536870912,16777216,32,502,1067667
1512449220484077,1512449221552510,536870912,16777216,32,502,1068433
1512449225312720,1512449226379361,536870912,16777216,32,503,1066641
1512449230144078,1512449231213130,536870912,16777216,32,502,1069052
1512449234974559,1512449236038030,536870912,16777216,32,504,1063471
1512449239799930,1512449240871173,536870912,16777216,32,501,1071243
1512449244632217,1512449245704934,536870912,16777216,32,500,1072717
1512449249462382,1512449250531226,536870912,16777216,32,502,1068844
1512449254291096,1512449255363686,536870912,16777216,32,500,1072590
1512449259128195,1512449260194698,536870912,16777216,32,503,1066503
1512449263959158,1512449265026841,536870912,16777216,32,502,1067683
1512449268792069,1512449269862720,536870912,16777216,32,501,1070651
1512449273624178,1512449274694789,536870912,16777216,32,501,1070611
1512449278466382,1512449279535236,536870912,16777216,32,502,1068854
1512449283300785,1512449284364822,536870912,16777216,32,504,1064037
1512449288127135,1512449289199249,536870912,16777216,32,500,1072114
1512449292963140,1512449294033550,536870912,16777216,32,501,1070410
1512449297803999,1512449298872954,536870912,16777216,32,502,1068955
1512449302683497,1512449303754128,536870912,16777216,32,501,1070631
1512449307521504,1512449308589370,536870912,16777216,32,502,1067866
1512449312358683,1512449313430619,536870912,16777216,32,500,1071936
1512449317204148,1512449318271024,536870912,16777216,32,503,1066876
1512449322024955,1512449323090916,536870912,16777216,32,503,1065961
1512449326844482,1512449327912774,536870912,16777216,32,502,1068292
1512449331669438,1512449332737558,536870912,16777216,32,502,1068120
1512449336502490,1512449337568491,536870912,16777216,32,503,1066001
1512449341326236,1512449342396374,536870912,16777216,32,501,1070138
1512449346154354,1512449347224801,536870912,16777216,32,501,1070447
1512449350977696,1512449352049749,536870912,16777216,32,500,1072053
1512449355803545,1512449356871136,536870912,16777216,32,502,1067591
1512449360633409,1512449361697283,536870912,16777216,32,504,1063874
1512449365462936,1512449366537927,536870912,16777216,32,499,1074991
1512449370296322,1512449371362729,536870912,16777216,32,503,1066407
1512449375123754,1512449376190246,536870912,16777216,32,503,1066492
1512449379948634,1512449381018457,536870912,16777216,32,501,1069823
1512449384773377,1512449385841059,536870912,16777216,32,502,1067682
1512449389601439,1512449390671652,536870912,16777216,32,501,1070213
1512449394429868,1512449395496148,536870912,16777216,32,503,1066280
1512449399247749,1512449400314381,536870912,16777216,32,503,1066632
1512449404071002,1512449405137156,536870912,16777216,32,503,1066154
1512449408904558,1512449409972754,536870912,16777216,32,502,1068196
1512449413731400,1512449414799206,536870912,16777216,32,502,1067806
1512449418608139,1512449419680206,536870912,16777216,32,500,1072067
1512449423441727,1512449424509045,536870912,16777216,32,503,1067318
1512449428268039,1512449429339166,536870912,16777216,32,501,1071127
1512449433126676,1512449434199235,536870912,16777216,32,500,1072559
1512449437958938,1512449439017812,536870912,16777216,32,507,1058874
1512449442780130,1512449443848064,536870912,16777216,32,502,1067934
1512449447606820,1512449448672755,536870912,16777216,32,503,1065935
1512449452431134,1512449453499168,536870912,16777216,32,502,1068034
1512449457257260,1512449458324676,536870912,16777216,32,502,1067416
1512449462078182,1512449463139801,536870912,16777216,32,505,1061619
1512449466896621,1512449467961950,536870912,16777216,32,503,1065329
1512449471722601,1512449472786124,536870912,16777216,32,504,1063523
1512449476542576,1512449477609872,536870912,16777216,32,503,1067296
1512449481367964,1512449482435407,536870912,16777216,32,502,1067443
1512449486195453,1512449487265017,536870912,16777216,32,501,1069564
1512449491022588,1512449492090332,536870912,16777216,32,502,1067744
1512449495871260,1512449496939087,536870912,16777216,32,502,1067827
1512449500694728,1512449501764364,536870912,16777216,32,501,1069636
1512449505521659,1512449506592192,536870912,16777216,32,501,1070533
1512449510352514,1512449511417040,536870912,16777216,32,504,1064526
1512449515176325,1512449516235163,536870912,16777216,32,507,1058838
1512449519995896,1512449521063804,536870912,16777216,32,502,1067908
1512449524817674,1512449525887967,536870912,16777216,32,501,1070293
1512449529641691,1512449530713096,536870912,16777216,32,501,1071405
1512449534465716,1512449535531354,536870912,16777216,32,503,1065638
1512449539290134,1512449540357933,536870912,16777216,32,502,1067799
1512449544116286,1512449545188102,536870912,16777216,32,500,1071816
1512449548946616,1512449550014738,536870912,16777216,32,502,1068122
1512449553775163,1512449554845771,536870912,16777216,32,501,1070608
1512449558619910,1512449559694931,536870912,16777216,32,499,1075021
1512449563458776,1512449564527284,536870912,16777216,32,502,1068508
1512449568291247,1512449569359874,536870912,16777216,32,502,1068627
1512449573123387,1512449574190292,536870912,16777216,32,503,1066905
1512449577955352,1512449579022244,536870912,16777216,32,503,1066892
1512449582780079,1512449583842209,536870912,16777216,32,505,1062130
1512449587590914,1512449588662011,536870912,16777216,32,501,1071097
1512449592426219,1512449593494877,536870912,16777216,32,502,1068658
1512449597261749,1512449598323254,536870912,16777216,32,505,1061505
1512449602085254,1512449603151853,536870912,16777216,32,503,1066599
1512449606908499,1512449607970257,536870912,16777216,32,505,1061758
1512449611734026,1512449612799156,536870912,16777216,32,504,1065130
1512449616561181,1512449617633619,536870912,16777216,32,500,1072438
1512449621391351,1512449622463809,536870912,16777216,32,500,1072458
1512449626223929,1512449627296599,536870912,16777216,32,500,1072670
1512449631063588,1512449632132976,536870912,16777216,32,502,1069388
1512449635899224,1512449636964649,536870912,16777216,32,503,1065425
1512449640723908,1512449641794316,536870912,16777216,32,501,1070408
1512449645555545,1512449646626662,536870912,16777216,32,501,1071117
1512449650391604,1512449651461350,536870912,16777216,32,501,1069746
1512449655226861,1512449656296941,536870912,16777216,32,501,1070080
1512449660060264,1512449661130660,536870912,16777216,32,501,1070396
1512449664895002,1512449665964827,536870912,16777216,32,501,1069825
1512449669731481,1512449670799375,536870912,16777216,32,502,1067894
1512449674555170,1512449675623926,536870912,16777216,32,502,1068756
1512449679385240,1512449680456891,536870912,16777216,32,500,1071651
1512449684216028,1512449685287228,536870912,16777216,32,501,1071200
1512449689064831,1512449690142930,536870912,16777216,32,497,1078099
1512449693909654,1512449694981281,536870912,16777216,32,500,1071627
1512449698746242,1512449699814516,536870912,16777216,32,502,1068274
1512449703571714,1512449704645195,536870912,16777216,32,500,1073481
1512449708406082,1512449709475803,536870912,16777216,32,501,1069721
1512449713239466,1512449714311696,536870912,16777216,32,500,1072230
1512449718077617,1512449719151843,536870912,16777216,32,499,1074226
1512449722912750,1512449723984459,536870912,16777216,32,500,1071709
1512449727742688,1512449728815683,536870912,16777216,32,500,1072995
1512449732576698,1512449733645642,536870912,16777216,32,502,1068944
1512449737402029,1512449738473711,536870912,16777216,32,500,1071682
1512449742228376,1512449743296271,536870912,16777216,32,502,1067895
1512449747063930,1512449748134101,536870912,16777216,32,501,1070171
1512449751901243,1512449752965919,536870912,16777216,32,504,1064676
1512449756726840,1512449757795570,536870912,16777216,32,502,1068730
1512449761555911,1512449762624649,536870912,16777216,32,502,1068738
1512449766388694,1512449767462276,536870912,16777216,32,500,1073582
1512449771226909,1512449772295987,536870912,16777216,32,502,1069078
1512449776054371,1512449777123660,536870912,16777216,32,502,1069289
1512449780889842,1512449781958626,536870912,16777216,32,502,1068784
1512449785727475,1512449786792710,536870912,16777216,32,503,1065235
1512449790563597,1512449791628793,536870912,16777216,32,504,1065196
1512449795388842,1512449796460286,536870912,16777216,32,501,1071444
1512449800226228,1512449801293883,536870912,16777216,32,502,1067655
1512449805049160,1512449806122097,536870912,16777216,32,500,1072937
1512449809885593,1512449810951745,536870912,16777216,32,503,1066152
1512449814708981,1512449815777815,536870912,16777216,32,502,1068834
1512449819553763,1512449820624630,536870912,16777216,32,501,1070867
1512449824393011,1512449825464538,536870912,16777216,32,501,1071527
1512449829225832,1512449830296898,536870912,16777216,32,501,1071066
1512449834063465,1512449835129215,536870912,16777216,32,503,1065750
1512449838892100,1512449839963320,536870912,16777216,32,501,1071220
1512449843722630,1512449844793658,536870912,16777216,32,501,1071028
1512449848565076,1512449849635594,536870912,16777216,32,501,1070518
1512449853398825,1512449854464131,536870912,16777216,32,503,1065306
1512449858226744,1512449859300132,536870912,16777216,32,500,1073388
1512449863069633,1512449864141133,536870912,16777216,32,501,1071500
1512449867897893,1512449868969006,536870912,16777216,32,501,1071113
1512449872731186,1512449873800118,536870912,16777216,32,502,1068932
1512449877563907,1512449878628718,536870912,16777216,32,504,1064811
1512449882411462,1512449883484972,536870912,16777216,32,500,1073510
1512449887251317,1512449888319127,536870912,16777216,32,502,1067810
1512449892082599,1512449893149320,536870912,16777216,32,503,1066721
1512449896913367,1512449897983319,536870912,16777216,32,501,1069952
1512449901751222,1512449902822046,536870912,16777216,32,501,1070824
1512449906589672,1512449907661238,536870912,16777216,32,501,1071566
1512449911421892,1512449912483577,536870912,16777216,32,505,1061685
1512449916250139,1512449917322089,536870912,16777216,32,500,1071950
1512449921083570,1512449922150792,536870912,16777216,32,503,1067222
1512449925912631,1512449926979916,536870912,16777216,32,503,1067285
1512449930744793,1512449931808437,536870912,16777216,32,504,1063644
1512449935575210,1512449936646327,536870912,16777216,32,501,1071117
1512449940412820,1512449941483259,536870912,16777216,32,501,1070439
1512449945248070,1512449946316548,536870912,16777216,32,502,1068478
1512449950079120,1512449951153925,536870912,16777216,32,499,1074805
1512449954911974,1512449955986484,536870912,16777216,32,499,1074510
1512449959754516,1512449960819711,536870912,16777216,32,504,1065195
1512449964591419,1512449965663503,536870912,16777216,32,500,1072084
1512449969444178,1512449970520903,536870912,16777216,32,498,1076725
1512449974286302,1512449975360762,536870912,16777216,32,499,1074460
1512449979113388,1512449980186225,536870912,16777216,32,500,1072837
1512449983944616,1512449985013501,536870912,16777216,32,502,1068885
1512449988769340,1512449989841571,536870912,16777216,32,500,1072231
1512449993597217,1512449994663780,536870912,16777216,32,503,1066563
1512449998423055,1512449999493630,536870912,16777216,32,501,1070575
1512450003248003,1512450004321787,536870912,16777216,32,499,1073784
1512450008071728,1512450009145999,536870912,16777216,32,499,1074271
1512450012916097,1512450013988197,536870912,16777216,32,500,1072100
1512450017748004,1512450018819063,536870912,16777216,32,501,1071059
1512450022581613,1512450023649370,536870912,16777216,32,502,1067757
1512450027407308,1512450028476625,536870912,16777216,32,502,1069317
1512450032231959,1512450033302340,536870912,16777216,32,501,1070381
1512450037057122,1512450038130490,536870912,16777216,32,500,1073368
1512450041885097,1512450042956441,536870912,16777216,32,501,1071344
1512450046713068,1512450047779518,536870912,16777216,32,503,1066450
1512450051536037,1512450052609494,536870912,16777216,32,500,1073457
1512450056367764,1512450057436837,536870912,16777216,32,502,1069073
1512450061198575,1512450062269403,536870912,16777216,32,501,1070828
1512450066032348,1512450067101854,536870912,16777216,32,501,1069506
1512450070857697,1512450071927868,536870912,16777216,32,501,1070171
1512450075688719,1512450076759083,536870912,16777216,32,501,1070364
1512450080522962,1512450081589078,536870912,16777216,32,503,1066116
1512450085356049,1512450086428485,536870912,16777216,32,500,1072436
1512450090188134,1512450091257204,536870912,16777216,32,502,1069070
1512450095021664,1512450096084067,536870912,16777216,32,505,1062403
1512450099840028,1512450100909342,536870912,16777216,32,502,1069314
1512450104670545,1512450105735733,536870912,16777216,32,504,1065188
1512450109491220,1512450110558257,536870912,16777216,32,503,1067037
1512450114318414,1512450115387700,536870912,16777216,32,502,1069286
1512450119140633,1512450120212119,536870912,16777216,32,501,1071486
1512450123968431,1512450125040757,536870912,16777216,32,500,1072326
1512450128802593,1512450129870546,536870912,16777216,32,502,1067953
1512450133628014,1512450134695078,536870912,16777216,32,503,1067064
1512450138450381,1512450139518894,536870912,16777216,32,502,1068513
1512450143322674,1512450144391624,536870912,16777216,32,502,1068950
1512450148155703,1512450149228293,536870912,16777216,32,500,1072590
1512450152989557,1512450154058813,536870912,16777216,32,502,1069256
1512450157818919,1512450158885176,536870912,16777216,32,503,1066257
1512450162642472,1512450163713005,536870912,16777216,32,501,1070533
1512450167477425,1512450168544069,536870912,16777216,32,503,1066644
1512450172299835,1512450173371575,536870912,16777216,32,500,1071740
1512450177126484,1512450178187001,536870912,16777216,32,506,1060517
1512450181944551,1512450183011544,536870912,16777216,32,503,1066993
1512450186773825,1512450187842366,536870912,16777216,32,502,1068541
1512450191604804,1512450192677046,536870912,16777216,32,500,1072242
1512450196437393,1512450197506470,536870912,16777216,32,502,1069077
1512450201273990,1512450202345624,536870912,16777216,32,500,1071634
1512450206127256,1512450207202440,536870912,16777216,32,499,1075184
1512450210966942,1512450212042829,536870912,16777216,32,499,1075887
1512450215799717,1512450216862518,536870912,16777216,32,505,1062801
1512450220617670,1512450221690223,536870912,16777216,32,500,1072553
1512450225446315,1512450226520576,536870912,16777216,32,499,1074261
1512450230287028,1512450231360482,536870912,16777216,32,500,1073454
1512450235123342,1512450236195934,536870912,16777216,32,500,1072592
1512450239952777,1512450241026374,536870912,16777216,32,500,1073597
1512450244783793,1512450245856173,536870912,16777216,32,500,1072380
1512450249611353,1512450250681712,536870912,16777216,32,501,1070359
1512450254441078,1512450255510295,536870912,16777216,32,502,1069217
1512450259270937,1512450260343378,536870912,16777216,32,500,1072441
1512450264110955,1512450265182977,536870912,16777216,32,500,1072022
1512450268949896,1512450270018970,536870912,16777216,32,502,1069074
1512450273788041,1512450274858062,536870912,16777216,32,501,1070021
1512450278618729,1512450279686934,536870912,16777216,32,502,1068205
1512450283442240,1512450284509764,536870912,16777216,32,502,1067524
1512450288267672,1512450289337179,536870912,16777216,32,501,1069507
1512450293095251,1512450294159486,536870912,16777216,32,504,1064235
1512450297912030,1512450298975683,536870912,16777216,32,504,1063653
1512450302734438,1512450303800544,536870912,16777216,32,503,1066106
1512450307555176,1512450308623627,536870912,16777216,32,502,1068451
1512450312381437,1512450313448009,536870912,16777216,32,503,1066572
1512450317209078,1512450318278616,536870912,16777216,32,501,1069538
1512450322039321,1512450323108806,536870912,16777216,32,501,1069485
1512450326861690,1512450327930224,536870912,16777216,32,502,1068534
1512450331689254,1512450332759059,536870912,16777216,32,501,1069805
1512450336539778,1512450337606450,536870912,16777216,32,503,1066672
1512450341362306,1512450342424624,536870912,16777216,32,505,1062318
1512450346180309,1512450347248878,536870912,16777216,32,502,1068569
1512450351010203,1512450352080517,536870912,16777216,32,501,1070314
1512450355843579,1512450356912137,536870912,16777216,32,502,1068558
1512450360667018,1512450361734677,536870912,16777216,32,502,1067659
1512450365496366,1512450366566257,536870912,16777216,32,501,1069891
1512450370325479,1512450371397772,536870912,16777216,32,500,1072293
1512450375154163,1512450376224919,536870912,16777216,32,501,1070756
1512450379979775,1512450381049508,536870912,16777216,32,501,1069733
1512450384809038,1512450385879634,536870912,16777216,32,501,1070596
1512450389633491,1512450390704472,536870912,16777216,32,501,1070981
1512450394459546,1512450395529421,536870912,16777216,32,501,1069875
1512450399289351,1512450400355026,536870912,16777216,32,503,1065675
1512450404113449,1512450405183400,536870912,16777216,32,501,1069951
1512450408934562,1512450410005532,536870912,16777216,32,501,1070970
1512450413767875,1512450414832752,536870912,16777216,32,504,1064877
1512450418586123,1512450419657110,536870912,16777216,32,501,1070987
1512450423417488,1512450424488777,536870912,16777216,32,501,1071289
1512450428244145,1512450429311066,536870912,16777216,32,503,1066921
1512450433066823,1512450434132772,536870912,16777216,32,503,1065949
1512450437884634,1512450438950396,536870912,16777216,32,503,1065762
1512450442705725,1512450443776442,536870912,16777216,32,501,1070717
1512450447531681,1512450448601064,536870912,16777216,32,502,1069383
1512450452363446,1512450453428325,536870912,16777216,32,504,1064879
1512450457213699,1512450458279893,536870912,16777216,32,503,1066194
1512450462053654,1512450463123499,536870912,16777216,32,501,1069845
1512450466899865,1512450467965858,536870912,16777216,32,503,1065993
1512450471739850,1512450472807810,536870912,16777216,32,502,1067960
1512450476578254,1512450477648524,536870912,16777216,32,501,1070270
1512450481416660,1512450482480794,536870912,16777216,32,504,1064134
1512450486245176,1512450487315591,536870912,16777216,32,501,1070415
1512450491080219,1512450492151152,536870912,16777216,32,501,1070933
1512450495921377,1512450496994847,536870912,16777216,32,500,1073470
1512450500767509,1512450501835826,536870912,16777216,32,502,1068317
1512450505607552,1512450506677403,536870912,16777216,32,501,1069851
1512450510444912,1512450511509670,536870912,16777216,32,504,1064758
1512450515274415,1512450516336850,536870912,16777216,32,505,1062435
1512450520097725,1512450521165382,536870912,16777216,32,502,1067657
1512450524926597,1512450525996224,536870912,16777216,32,501,1069627
1512450529754360,1512450530823126,536870912,16777216,32,502,1068766
1512450534589417,1512450535660141,536870912,16777216,32,501,1070724
1512450539422483,1512450540489760,536870912,16777216,32,503,1067277
1512450544249159,1512450545308850,536870912,16777216,32,506,1059691
1512450549064768,1512450550135902,536870912,16777216,32,501,1071134
1512450553896609,1512450554958935,536870912,16777216,32,505,1062326
1512450558724801,1512450559791498,536870912,16777216,32,503,1066697
1512450563560165,1512450564630757,536870912,16777216,32,501,1070592
1512450568396873,1512450569467791,536870912,16777216,32,501,1070918
1512450573238582,1512450574307702,536870912,16777216,32,502,1069120
1512450578074642,1512450579141874,536870912,16777216,32,503,1067232
1512450582902903,1512450583973530,536870912,16777216,32,501,1070627
1512450587740147,1512450588808628,536870912,16777216,32,502,1068481
1512450592599327,1512450593670467,536870912,16777216,32,501,1071140
1512450597438354,1512450598502703,536870912,16777216,32,504,1064349
1512450602269912,1512450603334252,536870912,16777216,32,504,1064340
1512450607101582,1512450608168507,536870912,16777216,32,503,1066925
1512450611924921,1512450612991198,536870912,16777216,32,503,1066277
1512450616754311,1512450617822985,536870912,16777216,32,502,1068674
1512450621583642,1512450622651162,536870912,16777216,32,502,1067520
1512450626409494,1512450627481493,536870912,16777216,32,500,1071999
1512450631242397,1512450632306766,536870912,16777216,32,504,1064369
1512450636062699,1512450637128181,536870912,16777216,32,503,1065482
1512450640885971,1512450641955893,536870912,16777216,32,501,1069922
1512450645722276,1512450646791199,536870912,16777216,32,502,1068923
1512450650559495,1512450651625388,536870912,16777216,32,503,1065893
1512450655381379,1512450656448109,536870912,16777216,32,503,1066730
1512450660207180,1512450661278333,536870912,16777216,32,501,1071153
1512450665040582,1512450666110262,536870912,16777216,32,501,1069680
1512450669886022,1512450670954710,536870912,16777216,32,502,1068688
1512450674708590,1512450675779536,536870912,16777216,32,501,1070946
1512450679541525,1512450680612779,536870912,16777216,32,501,1071254
1512450684373034,1512450685440917,536870912,16777216,32,502,1067883
1512450689198201,1512450690270531,536870912,16777216,32,500,1072330
1512450694033826,1512450695103304,536870912,16777216,32,501,1069478
1512450698867724,1512450699940799,536870912,16777216,32,500,1073075
1512450703706377,1512450704777583,536870912,16777216,32,501,1071206
1512450708546917,1512450709619055,536870912,16777216,32,500,1072138
1512450713382362,1512450714448166,536870912,16777216,32,503,1065804
1512450718206470,1512450719276580,536870912,16777216,32,501,1070110
1512450723069365,1512450724142017,536870912,16777216,32,500,1072652
1512450727909164,1512450728979684,536870912,16777216,32,501,1070520
1512450732745558,1512450733815048,536870912,16777216,32,501,1069490
1512450737578247,1512450738649356,536870912,16777216,32,501,1071109
1512450742411954,1512450743481853,536870912,16777216,32,501,1069899
1512450747242875,1512450748310067,536870912,16777216,32,503,1067192
1512450752074853,1512450753144843,536870912,16777216,32,501,1069990
1512450756906906,1512450757974567,536870912,16777216,32,502,1067661
1512450761738298,1512450762805547,536870912,16777216,32,503,1067249
1512450766570460,1512450767640125,536870912,16777216,32,501,1069665
1512450771408114,1512450772473922,536870912,16777216,32,503,1065808
1512450776243171,1512450777311218,536870912,16777216,32,502,1068047
1512450781081887,1512450782147601,536870912,16777216,32,503,1065714
1512450785915048,1512450786985280,536870912,16777216,32,501,1070232
1512450790771843,1512450791841175,536870912,16777216,32,502,1069332
1512450795610832,1512450796675573,536870912,16777216,32,504,1064741
1512450800446163,1512450801517810,536870912,16777216,32,500,1071647
1512450805280673,1512450806353110,536870912,16777216,32,500,1072437
1512450810126784,1512450811200475,536870912,16777216,32,500,1073691
1512450814968421,1512450816035120,536870912,16777216,32,503,1066699
1512450819801811,1512450820869330,536870912,16777216,32,502,1067519
1512450824631293,1512450825700819,536870912,16777216,32,501,1069526
1512450829470305,1512450830541234,536870912,16777216,32,501,1070929
1512450834309270,1512450835376804,536870912,16777216,32,502,1067534
1512450839133856,1512450840206305,536870912,16777216,32,500,1072449
1512450843965910,1512450845037632,536870912,16777216,32,500,1071722
1512450848793858,1512450849867718,536870912,16777216,32,499,1073860
1512450853657271,1512450854731224,536870912,16777216,32,499,1073953
1512450858502657,1512450859570550,536870912,16777216,32,502,1067893
1512450863339632,1512450864410181,536870912,16777216,32,501,1070549
1512450868173972,1512450869243496,536870912,16777216,32,501,1069524
1512450873009954,1512450874077448,536870912,16777216,32,502,1067494
1512450877841723,1512450878907190,536870912,16777216,32,503,1065467
1512450882667044,1512450883734004,536870912,16777216,32,503,1066960
1512450887497884,1512450888562988,536870912,16777216,32,504,1065104
1512450892321324,1512450893385228,536870912,16777216,32,504,1063904
1512450897149542,1512450898218276,536870912,16777216,32,502,1068734
1512450901978342,1512450903049592,536870912,16777216,32,501,1071250
1512450906811840,1512450907881391,536870912,16777216,32,501,1069551
1512450911645781,1512450912715088,536870912,16777216,32,502,1069307
1512450916476066,1512450917551765,536870912,16777216,32,499,1075699
1512450921325739,1512450922399221,536870912,16777216,32,500,1073482
1512450926159321,1512450927228962,536870912,16777216,32,501,1069641
1512450930986717,1512450932048750,536870912,16777216,32,505,1062033
1512450935821638,1512450936892378,536870912,16777216,32,501,1070740
1512450940647585,1512450941718814,536870912,16777216,32,501,1071229
1512450945480504,1512450946551481,536870912,16777216,32,501,1070977
1512450950303260,1512450951370233,536870912,16777216,32,503,1066973
1512450955129434,1512450956197656,536870912,16777216,32,502,1068222
1512450959963417,1512450961034783,536870912,16777216,32,501,1071366
1512450964801028,1512450965869400,536870912,16777216,32,502,1068372
1512450969654181,1512450970717979,536870912,16777216,32,504,1063798
1512450974483582,1512450975556577,536870912,16777216,32,500,1072995
1512450979321567,1512450980392862,536870912,16777216,32,501,1071295
1512450984198308,1512450985265297,536870912,16777216,32,503,1066989
1512450989031807,1512450990102088,536870912,16777216,32,501,1070281
1512450993867940,1512450994937266,536870912,16777216,32,502,1069326
1512450998713414,1512450999784561,536870912,16777216,32,501,1071147
1512451003567761,1512451004638571,536870912,16777216,32,501,1070810
1512451008400423,1512451009469507,536870912,16777216,32,502,1069084
1512451013235155,1512451014305566,536870912,16777216,32,501,1070411
1512451018080388,1512451019153643,536870912,16777216,32,500,1073255
1512451022919332,1512451023990031,536870912,16777216,32,501,1070699
1512451027745427,1512451028813112,536870912,16777216,32,502,1067685
1512451032579013,1512451033648435,536870912,16777216,32,502,1069422
1512451037408718,1512451038479340,536870912,16777216,32,501,1070622
1512451042240211,1512451043306401,536870912,16777216,32,503,1066190
1512451047078520,1512451048145740,536870912,16777216,32,503,1067220
1512451051913692,1512451052982997,536870912,16777216,32,502,1069305
1512451056748651,1512451057813699,536870912,16777216,32,504,1065048
1512451061581876,1512451062648444,536870912,16777216,32,503,1066568
1512451066418986,1512451067487893,536870912,16777216,32,502,1068907
1512451071259737,1512451072329795,536870912,16777216,32,501,1070058
1512451076099087,1512451077165325,536870912,16777216,32,503,1066238
1512451080925330,1512451081995114,536870912,16777216,32,501,1069784
1512451085755866,1512451086826693,536870912,16777216,32,501,1070827
1512451090599517,1512451091672017,536870912,16777216,32,500,1072500
1512451095435758,1512451096503115,536870912,16777216,32,502,1067357
1512451100268121,1512451101340590,536870912,16777216,32,500,1072469
1512451105103277,1512451106174061,536870912,16777216,32,501,1070784
1512451109941885,1512451111008270,536870912,16777216,32,503,1066385
1512451114783354,1512451115853551,536870912,16777216,32,501,1070197
1512451119624002,1512451120690992,536870912,16777216,32,503,1066990
1512451124450566,1512451125518333,536870912,16777216,32,502,1067767
1512451129276350,1512451130342849,536870912,16777216,32,503,1066499
1512451134098261,1512451135165798,536870912,16777216,32,502,1067537
1512451138924222,1512451139992119,536870912,16777216,32,502,1067897
1512451143750070,1512451144816982,536870912,16777216,32,503,1066912
1512451148580006,1512451149651499,536870912,16777216,32,501,1071493
1512451153418034,1512451154485799,536870912,16777216,32,502,1067765
1512451158250393,1512451159317929,536870912,16777216,32,502,1067536
1512451163091533,1512451164156934,536870912,16777216,32,503,1065401
1512451167920471,1512451168989235,536870912,16777216,32,502,1068764
1512451172758412,1512451173826524,536870912,16777216,32,502,1068112
1512451177609777,1512451178679285,536870912,16777216,32,501,1069508
1512451182436391,1512451183504960,536870912,16777216,32,502,1068569
1512451187261465,1512451188327535,536870912,16777216,32,503,1066070
1512451192088972,1512451193161027,536870912,16777216,32,500,1072055
1512451196929690,1512451197997760,536870912,16777216,32,502,1068070
1512451201761169,1512451202830569,536870912,16777216,32,502,1069400
1512451206594353,1512451207660947,536870912,16777216,32,503,1066594
1512451211424110,1512451212491727,536870912,16777216,32,502,1067617
1512451216270985,1512451217341779,536870912,16777216,32,501,1070794
1512451221114320,1512451222183838,536870912,16777216,32,501,1069518
1512451225936018,1512451227003043,536870912,16777216,32,503,1067025
1512451230763372,1512451231832461,536870912,16777216,32,502,1069089
1512451235592701,1512451236662863,536870912,16777216,32,501,1070162
1512451240422219,1512451241493918,536870912,16777216,32,500,1071699
1512451245256688,1512451246324132,536870912,16777216,32,502,1067444
1512451250085684,1512451251156937,536870912,16777216,32,501,1071253
1512451254918764,1512451255986249,536870912,16777216,32,502,1067485
1512451259744806,1512451260812744,536870912,16777216,32,502,1067938
1512451264579668,1512451265648703,536870912,16777216,32,502,1069035
1512451269441275,1512451270517048,536870912,16777216,32,499,1075773
1512451274296249,1512451275359277,536870912,16777216,32,505,1063028
1512451279134297,1512451280203338,536870912,16777216,32,502,1069041
1512451283972341,1512451285043319,536870912,16777216,32,501,1070978
1512451288810990,1512451289879887,536870912,16777216,32,502,1068897
1512451293651838,1512451294720579,536870912,16777216,32,502,1068741
1512451298492638,1512451299562782,536870912,16777216,32,501,1070144
1512451303329279,1512451304398035,536870912,16777216,32,502,1068756
1512451308201667,1512451309272972,536870912,16777216,32,501,1071305
1512451313042775,1512451314111339,536870912,16777216,32,502,1068564
1512451317879268,1512451318946514,536870912,16777216,32,503,1067246
1512451322710473,1512451323776980,536870912,16777216,32,503,1066507
1512451327531305,1512451328597312,536870912,16777216,32,503,1066007
1512451332357824,1512451333430020,536870912,16777216,32,500,1072196
1512451337191824,1512451338264380,536870912,16777216,32,500,1072556
1512451342032756,1512451343095914,536870912,16777216,32,504,1063158
1512451346860740,1512451347931787,536870912,16777216,32,501,1071047
1512451351695103,1512451352755886,536870912,16777216,32,506,1060783
1512451356518445,1512451357584201,536870912,16777216,32,503,1065756
1512451361346739,1512451362419339,536870912,16777216,32,500,1072600
1512451366168936,1512451367236039,536870912,16777216,32,503,1067103
1512451371017787,1512451372089827,536870912,16777216,32,500,1072040
1512451375859287,1512451376929645,536870912,16777216,32,501,1070358
1512451380693764,1512451381758616,536870912,16777216,32,504,1064852
1512451385523523,1512451386594779,536870912,16777216,32,501,1071256
1512451390355188,1512451391426685,536870912,16777216,32,501,1071497
1512451395196612,1512451396266006,536870912,16777216,32,502,1069394
1512451400021404,1512451401091030,536870912,16777216,32,501,1069626
1512451404859486,1512451405929105,536870912,16777216,32,501,1069619
1512451409696843,1512451410769069,536870912,16777216,32,500,1072226
1512451414541224,1512451415608653,536870912,16777216,32,502,1067429
1512451419372493,1512451420434127,536870912,16777216,32,505,1061634
1512451424191366,1512451425259676,536870912,16777216,32,502,1068310
1512451429024752,1512451430094617,536870912,16777216,32,501,1069865
1512451433858095,1512451434928447,536870912,16777216,32,501,1070352
1512451438696702,1512451439763384,536870912,16777216,32,503,1066682
1512451443522450,1512451444588043,536870912,16777216,32,503,1065593
1512451448355732,1512451449421650,536870912,16777216,32,503,1065918
1512451453180433,1512451454251089,536870912,16777216,32,501,1070656
1512451458015383,1512451459084384,536870912,16777216,32,502,1069001
1512451462850860,1512451463923069,536870912,16777216,32,500,1072209
1512451467679700,1512451468750874,536870912,16777216,32,501,1071174
1512451472516738,1512451473578557,536870912,16777216,32,505,1061819
1512451477346262,1512451478416606,536870912,16777216,32,501,1070344
1512451482173723,1512451483241141,536870912,16777216,32,502,1067418
1512451487003223,1512451488072670,536870912,16777216,32,502,1069447
1512451491845651,1512451492916486,536870912,16777216,32,501,1070835
1512451496681919,1512451497748239,536870912,16777216,32,503,1066320
1512451501536182,1512451502600492,536870912,16777216,32,504,1064310
1512451506361385,1512451507431601,536870912,16777216,32,501,1070216
1512451511202251,1512451512269350,536870912,16777216,32,503,1067099
1512451516027876,1512451517095762,536870912,16777216,32,502,1067886
1512451520857802,1512451521926983,536870912,16777216,32,502,1069181
1512451525699759,1512451526768381,536870912,16777216,32,502,1068622
1512451530527046,1512451531592577,536870912,16777216,32,503,1065531
1512451535357545,1512451536428400,536870912,16777216,32,501,1070855
1512451540193869,1512451541263056,536870912,16777216,32,502,1069187
1512451545019422,1512451546091603,536870912,16777216,32,500,1072181
1512451549849569,1512451550918375,536870912,16777216,32,502,1068806
1512451554679417,1512451555752335,536870912,16777216,32,500,1072918
1512451559517915,1512451560586278,536870912,16777216,32,502,1068363
1512451564368605,1512451565441641,536870912,16777216,32,500,1073036
1512451569203111,1512451570270197,536870912,16777216,32,503,1067086
1512451574031936,1512451575096520,536870912,16777216,32,504,1064584
1512451578862076,1512451579934341,536870912,16777216,32,500,1072265
1512451583693242,1512451584764274,536870912,16777216,32,501,1071032
1512451588528435,1512451589595182,536870912,16777216,32,503,1066747
1512451593350687,1512451594417228,536870912,16777216,32,503,1066541
1512451598177990,1512451599247579,536870912,16777216,32,501,1069589
1512451603009516,1512451604074079,536870912,16777216,32,504,1064563
1512451607832453,1512451608902717,536870912,16777216,32,501,1070264
1512451612658096,1512451613728455,536870912,16777216,32,501,1070359
1512451617485530,1512451618546201,536870912,16777216,32,506,1060671
1512451622314246,1512451623380838,536870912,16777216,32,503,1066592
1512451627155455,1512451628224550,536870912,16777216,32,502,1069095
1512451632038701,1512451633108828,536870912,16777216,32,501,1070127
1512451636863144,1512451637936641,536870912,16777216,32,500,1073497
1512451641691633,1512451642761652,536870912,16777216,32,501,1070019
1512451646521177,1512451647588958,536870912,16777216,32,502,1067781
1512451651339870,1512451652409173,536870912,16777216,32,502,1069303
1512451656170212,1512451657237886,536870912,16777216,32,502,1067674
1512451660993135,1512451662062972,536870912,16777216,32,501,1069837
1512451665818470,1512451666893881,536870912,16777216,32,499,1075411
1512451670649187,1512451671714273,536870912,16777216,32,504,1065086
1512451675465828,1512451676534979,536870912,16777216,32,502,1069151
1512451680289766,1512451681359090,536870912,16777216,32,502,1069324
1512451685116792,1512451686189084,536870912,16777216,32,500,1072292
1512451689946184,1512451691014389,536870912,16777216,32,502,1068205
1512451694788862,1512451695864470,536870912,16777216,32,499,1075608
1512451699627403,1512451700699052,536870912,16777216,32,500,1071649
1512451704462660,1512451705534876,536870912,16777216,32,500,1072216
1512451709290815,1512451710360187,536870912,16777216,32,502,1069372
1512451714119116,1512451715189056,536870912,16777216,32,501,1069940
1512451718962703,1512451720033755,536870912,16777216,32,501,1071052
1512451723796837,1512451724869939,536870912,16777216,32,500,1073102
1512451728637307,1512451729709113,536870912,16777216,32,500,1071806
1512451733473637,1512451734532136,536870912,16777216,32,507,1058499
1512451738304518,1512451739372211,536870912,16777216,32,502,1067693
1512451743143192,1512451744211845,536870912,16777216,32,502,1068653
1512451747979394,1512451749046427,536870912,16777216,32,503,1067033
1512451752805412,1512451753869158,536870912,16777216,32,504,1063746
1512451757656893,1512451758734534,536870912,16777216,32,498,1077641
1512451762508017,1512451763580174,536870912,16777216,32,500,1072157
1512451767357935,1512451768428852,536870912,16777216,32,501,1070917
1512451772203802,1512451773274502,536870912,16777216,32,501,1070700
1512451777048344,1512451778119127,536870912,16777216,32,501,1070783
1512451781896656,1512451782966459,536870912,16777216,32,501,1069803
1512451786731286,1512451787799823,536870912,16777216,32,502,1068537
1512451791563569,1512451792631442,536870912,16777216,32,502,1067873
1512451796399887,1512451797466502,536870912,16777216,32,503,1066615
1512451801231858,1512451802299427,536870912,16777216,32,502,1067569
1512451806068054,1512451807132410,536870912,16777216,32,504,1064356
1512451810901158,1512451811970839,536870912,16777216,32,501,1069681
1512451815746854,1512451816813010,536870912,16777216,32,503,1066156
1512451820579163,1512451821647099,536870912,16777216,32,502,1067936
1512451825410267,1512451826480642,536870912,16777216,32,501,1070375
1512451830241408,1512451831313417,536870912,16777216,32,500,1072009
1512451835071620,1512451836136708,536870912,16777216,32,504,1065088
1512451839900884,1512451840965076,536870912,16777216,32,504,1064192
1512451844727397,1512451845790545,536870912,16777216,32,504,1063148
1512451849557076,1512451850622727,536870912,16777216,32,503,1065651
1512451854380955,1512451855451870,536870912,16777216,32,501,1070915
1512451859207603,1512451860275944,536870912,16777216,32,502,1068341
1512451864031941,1512451865100766,536870912,16777216,32,502,1068825
1512451868855847,1512451869918482,536870912,16777216,32,505,1062635
1512451873673100,1512451874735056,536870912,16777216,32,505,1061956
1512451878487882,1512451879556467,536870912,16777216,32,502,1068585
1512451883315162,1512451884387318,536870912,16777216,32,500,1072156
1512451888143715,1512451889213457,536870912,16777216,32,501,1069742
1512451892968656,1512451894039998,536870912,16777216,32,501,1071342
1512451897803568,1512451898874000,536870912,16777216,32,501,1070432
1512451902632212,1512451903698700,536870912,16777216,32,503,1066488
1512451907458891,1512451908529723,536870912,16777216,32,501,1070832
1512451912292709,1512451913359154,536870912,16777216,32,503,1066445
1512451917119729,1512451918190371,536870912,16777216,32,501,1070642
1512451921944388,1512451923012140,536870912,16777216,32,502,1067752
1512451926771860,1512451927842211,536870912,16777216,32,501,1070351
1512451931600117,1512451932668371,536870912,16777216,32,502,1068254
1512451936419831,1512451937476872,536870912,16777216,32,507,1057041
1512451941234857,1512451942303384,536870912,16777216,32,502,1068527
1512451946061162,1512451947128844,536870912,16777216,32,502,1067682
1512451950887964,1512451951958747,536870912,16777216,32,501,1070783
1512451955712881,1512451956780716,536870912,16777216,32,502,1067835
1512451960538591,1512451961607681,536870912,16777216,32,502,1069090
1512451965367025,1512451966438453,536870912,16777216,32,501,1071428
1512451970195736,1512451971266442,536870912,16777216,32,501,1070706
1512451975024261,1512451976093583,536870912,16777216,32,502,1069322
1512451979845322,1512451980913823,536870912,16777216,32,502,1068501
1512451984665221,1512451985733262,536870912,16777216,32,502,1068041
1512451989492099,1512451990559124,536870912,16777216,32,503,1067025
1512451994316058,1512451995384182,536870912,16777216,32,502,1068124
1512451999136667,1512452000205445,536870912,16777216,32,502,1068778
1512452003953814,1512452005026784,536870912,16777216,32,500,1072970
1512452008783218,1512452009853571,536870912,16777216,32,501,1070353
1512452013608007,1512452014678548,536870912,16777216,32,501,1070541
1512452018473077,1512452019545646,536870912,16777216,32,500,1072569
1512452023304807,1512452024374210,536870912,16777216,32,502,1069403
1512452028133281,1512452029202610,536870912,16777216,32,502,1069329
1512452032963775,1512452034029676,536870912,16777216,32,503,1065901
1512452037820572,1512452038887306,536870912,16777216,32,503,1066734
1512452042648238,1512452043715259,536870912,16777216,32,503,1067021
1512452047467219,1512452048538177,536870912,16777216,32,501,1070958
1512452052296938,1512452053364056,536870912,16777216,32,503,1067118
1512452057122359,1512452058194327,536870912,16777216,32,500,1071968
1512452061952943,1512452063025935,536870912,16777216,32,500,1072992
1512452066782414,1512452067853163,536870912,16777216,32,501,1070749
1512452071612735,1512452072684314,536870912,16777216,32,501,1071579
1512452076441361,1512452077512056,536870912,16777216,32,501,1070695
1512452081269493,1512452082337541,536870912,16777216,32,502,1068048
1512452086098033,1512452087167329,536870912,16777216,32,502,1069296
1512452090928221,1512452091998038,536870912,16777216,32,501,1069817
1512452095761942,1512452096827535,536870912,16777216,32,503,1065593
1512452100581318,1512452101641084,536870912,16777216,32,506,1059766
1512452105397886,1512452106470363,536870912,16777216,32,500,1072477
1512452110231267,1512452111300564,536870912,16777216,32,502,1069297
1512452115066035,1512452116132873,536870912,16777216,32,503,1066838
1512452119902233,1512452120969117,536870912,16777216,32,503,1066884
1512452124736250,1512452125801719,536870912,16777216,32,503,1065469
1512452129563336,1512452130627256,536870912,16777216,32,504,1063920
1512452134393336,1512452135460943,536870912,16777216,32,502,1067607
1512452139228415,1512452140295630,536870912,16777216,32,503,1067215
1512452144067261,1512452145124894,536870912,16777216,32,507,1057633
1512452148937768,1512452150007175,536870912,16777216,32,502,1069407
1512452153770159,1512452154841041,536870912,16777216,32,501,1070882
1512452158606047,1512452159675697,536870912,16777216,32,501,1069650
1512452163443720,1512452164514718,536870912,16777216,32,501,1070998
1512452168279333,1512452169348801,536870912,16777216,32,501,1069468
1512452173111662,1512452174182920,536870912,16777216,32,501,1071258
1512452177950191,1512452179018404,536870912,16777216,32,502,1068213
1512452182782101,1512452183844189,536870912,16777216,32,505,1062088
1512452187612803,1512452188676797,536870912,16777216,32,504,1063994
1512452192448706,1512452193519893,536870912,16777216,32,501,1071187
1512452197290197,1512452198361627,536870912,16777216,32,501,1071430
1512452202124874,1512452203198124,536870912,16777216,32,500,1073250
1512452206961963,1512452208033239,536870912,16777216,32,501,1071276
1512452211803323,1512452212871007,536870912,16777216,32,502,1067684
1512452216633744,1512452217706981,536870912,16777216,32,500,1073237
1512452221472933,1512452222539994,536870912,16777216,32,503,1067061
1512452226309849,1512452227376504,536870912,16777216,32,503,1066655
1512452231137896,1512452232205011,536870912,16777216,32,503,1067115
1512452235966386,1512452237036086,536870912,16777216,32,501,1069700
1512452240795140,1512452241864201,536870912,16777216,32,502,1069061
1512452245626532,1512452246697484,536870912,16777216,32,501,1070952
1512452250461399,1512452251534170,536870912,16777216,32,500,1072771
1512452255289845,1512452256361491,536870912,16777216,32,500,1071646
1512452260114438,1512452261178256,536870912,16777216,32,504,1063818
1512452264941614,1512452266013400,536870912,16777216,32,500,1071786
1512452269783090,1512452270852858,536870912,16777216,32,501,1069768
1512452274622679,1512452275688122,536870912,16777216,32,503,1065443
1512452279460905,1512452280534460,536870912,16777216,32,500,1073555
1512452284297539,1512452285370926,536870912,16777216,32,500,1073387
1512452289137411,1512452290208627,536870912,16777216,32,501,1071216
1512452293976280,1512452295048078,536870912,16777216,32,500,1071798
1512452298818923,1512452299892010,536870912,16777216,32,500,1073087
1512452303660256,1512452304729582,536870912,16777216,32,502,1069326
1512452308506291,1512452309578482,536870912,16777216,32,500,1072191
1512452313348916,1512452314413306,536870912,16777216,32,504,1064390
1512452318190946,1512452319260911,536870912,16777216,32,501,1069965
