1512601110581174,1512601110631281,268435456,33554432,8,5357,50107
1512601112672959,1512601112723035,268435456,33554432,8,5360,50076
1512601114765553,1512601114815418,268435456,33554432,8,5383,49865
1512601116858300,1512601116908296,268435456,33554432,8,5369,49996
1512601118952734,1512601119002736,268435456,33554432,8,5368,50002
1512601121046614,1512601121096537,268435456,33554432,8,5376,49923
1512601123138127,1512601123188181,268435456,33554432,8,5362,50054
1512601125229732,1512601125279854,268435456,33554432,8,5355,50122
1512601127322489,1512601127372524,268435456,33554432,8,5364,50035
1512601129413347,1512601129463371,268435456,33554432,8,5366,50024
1512601131506581,1512601131556789,268435456,33554432,8,5346,50208
1512601133598404,1512601133648435,268435456,33554432,8,5365,50031
1512601135690208,1512601135740166,268435456,33554432,8,5373,49958
1512601137783280,1512601137833296,268435456,33554432,8,5366,50016
1512601139875534,1512601139925548,268435456,33554432,8,5367,50014
1512601141966132,1512601142016161,268435456,33554432,8,5365,50029
1512601144057877,1512601144107882,268435456,33554432,8,5368,50005
1512601146149647,1512601146199675,268435456,33554432,8,5365,50028
1512601148242740,1512601148292661,268435456,33554432,8,5377,49921
1512601150336045,1512601150386064,268435456,33554432,8,5366,50019
1512601152428714,1512601152478671,268435456,33554432,8,5373,49957
1512601154521175,1512601154571058,268435456,33554432,8,5381,49883
1512601156612913,1512601156663064,268435456,33554432,8,5352,50151
1512601158705573,1512601158755605,268435456,33554432,8,5365,50032
1512601160795843,1512601160845942,268435456,33554432,8,5358,50099
1512601162887633,1512601162937571,268435456,33554432,8,5375,49938
1512601164979029,1512601165029043,268435456,33554432,8,5367,50014
1512601167070896,1512601167120861,268435456,33554432,8,5372,49965
1512601169163284,1512601169213304,268435456,33554432,8,5366,50020
1512601171255488,1512601171305419,268435456,33554432,8,5376,49931
1512601173347172,1512601173397172,268435456,33554432,8,5368,50000
1512601175439234,1512601175489178,268435456,33554432,8,5374,49944
1512601177530920,1512601177581010,268435456,33554432,8,5359,50090
1512601179623120,1512601179673088,268435456,33554432,8,5372,49968
1512601181716030,1512601181766001,268435456,33554432,8,5371,49971
1512601183815422,1512601183865113,268435456,33554432,8,5402,49691
1512601185905491,1512601185955430,268435456,33554432,8,5375,49939
1512601187996962,1512601188046918,268435456,33554432,8,5373,49956
1512601190088685,1512601190138646,268435456,33554432,8,5372,49961
1512601192180216,1512601192230169,268435456,33554432,8,5373,49953
1512601194270693,1512601194320707,268435456,33554432,8,5367,50014
1512601196361093,1512601196410958,268435456,33554432,8,5383,49865
1512601198454989,1512601198505005,268435456,33554432,8,5366,50016
1512601200548230,1512601200598243,268435456,33554432,8,5367,50013
1512601202638548,1512601202688700,268435456,33554432,8,5352,50152
1512601204731029,1512601204781062,268435456,33554432,8,5365,50033
1512601206822365,1512601206872500,268435456,33554432,8,5354,50135
1512601208914078,1512601208964268,268435456,33554432,8,5348,50190
1512601211010674,1512601211060737,268435456,33554432,8,5361,50063
1512601213102821,1512601213152974,268435456,33554432,8,5352,50153
1512601215196410,1512601215246488,268435456,33554432,8,5360,50078
1512601217289638,1512601217339664,268435456,33554432,8,5365,50026
1512601219381347,1512601219431319,268435456,33554432,8,5371,49972
1512601221474675,1512601221524838,268435456,33554432,8,5351,50163
1512601223567461,1512601223617491,268435456,33554432,8,5365,50030
1512601225658114,1512601225708103,268435456,33554432,8,5369,49989
1512601227750917,1512601227800876,268435456,33554432,8,5373,49959
1512601229843371,1512601229893396,268435456,33554432,8,5366,50025
1512601231936970,1512601231986980,268435456,33554432,8,5367,50010
1512601234029265,1512601234079411,268435456,33554432,8,5353,50146
1512601236121695,1512601236171688,268435456,33554432,8,5369,49993
1512601238215148,1512601238265018,268435456,33554432,8,5382,49870
1512601240305737,1512601240355679,268435456,33554432,8,5374,49942
1512601242398342,1512601242448270,268435456,33554432,8,5376,49928
1512601244490380,1512601244540311,268435456,33554432,8,5376,49931
1512601246582282,1512601246632233,268435456,33554432,8,5373,49951
1512601248678003,1512601248728116,268435456,33554432,8,5356,50113
1512601250771025,1512601250821042,268435456,33554432,8,5366,50017
1512601252864535,1512601252914492,268435456,33554432,8,5373,49957
1512601254958352,1512601255008359,268435456,33554432,8,5367,50007
1512601257051218,1512601257101133,268435456,33554432,8,5377,49915
1512601259144100,1512601259193992,268435456,33554432,8,5380,49892
1512601261238242,1512601261288396,268435456,33554432,8,5352,50154
1512601263332094,1512601263382234,268435456,33554432,8,5353,50140
1512601265425684,1512601265475796,268435456,33554432,8,5356,50112
1512601267516998,1512601267567081,268435456,33554432,8,5359,50083
1512601269609354,1512601269659484,268435456,33554432,8,5354,50130
1512601271702403,1512601271752406,268435456,33554432,8,5368,50003
1512601273794339,1512601273844220,268435456,33554432,8,5381,49881
1512601275888524,1512601275938435,268435456,33554432,8,5378,49911
1512601277979054,1512601278029049,268435456,33554432,8,5369,49995
1512601280070284,1512601280120236,268435456,33554432,8,5373,49952
1512601282163288,1512601282213400,268435456,33554432,8,5356,50112
1512601284280153,1512601284329972,268435456,33554432,8,5388,49819
1512601286374783,1512601286424878,268435456,33554432,8,5358,50095
1512601288473294,1512601288523264,268435456,33554432,8,5371,49970
1512601290565442,1512601290615489,268435456,33554432,8,5363,50047
1512601292658538,1512601292708652,268435456,33554432,8,5356,50114
1512601294753581,1512601294803548,268435456,33554432,8,5372,49967
1512601296854832,1512601296904780,268435456,33554432,8,5374,49948
1512601298953090,1512601299003120,268435456,33554432,8,5365,50030
1512601301050102,1512601301100141,268435456,33554432,8,5364,50039
1512601303144097,1512601303194134,268435456,33554432,8,5364,50037
1512601305238691,1512601305288682,268435456,33554432,8,5369,49991
1512601307332436,1512601307382356,268435456,33554432,8,5377,49920
1512601309428871,1512601309478849,268435456,33554432,8,5371,49978
1512601311523714,1512601311573678,268435456,33554432,8,5372,49964
1512601313620241,1512601313670323,268435456,33554432,8,5359,50082
1512601315717519,1512601315767607,268435456,33554432,8,5359,50088
1512601317811134,1512601317861191,268435456,33554432,8,5362,50057
1512601319905302,1512601319955326,268435456,33554432,8,5366,50024
1512601321997950,1512601322047941,268435456,33554432,8,5369,49991
1512601324090848,1512601324140805,268435456,33554432,8,5373,49957
1512601326186449,1512601326236650,268435456,33554432,8,5347,50201
1512601328282961,1512601328332944,268435456,33554432,8,5370,49983
1512601330377160,1512601330427170,268435456,33554432,8,5367,50010
1512601332470209,1512601332520208,268435456,33554432,8,5368,49999
1512601334567138,1512601334617132,268435456,33554432,8,5369,49994
1512601336664051,1512601336714002,268435456,33554432,8,5373,49951
1512601338759130,1512601338809145,268435456,33554432,8,5367,50015
1512601340855303,1512601340905309,268435456,33554432,8,5368,50006
1512601342951942,1512601343001934,268435456,33554432,8,5369,49992
1512601345045982,1512601345096012,268435456,33554432,8,5365,50030
1512601347142328,1512601347192180,268435456,33554432,8,5384,49852
1512601349237690,1512601349287674,268435456,33554432,8,5370,49984
1512601351333769,1512601351383857,268435456,33554432,8,5359,50088
1512601353429812,1512601353479884,268435456,33554432,8,5360,50072
1512601355522924,1512601355573013,268435456,33554432,8,5359,50089
1512601357618026,1512601357668175,268435456,33554432,8,5352,50149
1512601359715099,1512601359765254,268435456,33554432,8,5352,50155
1512601361815593,1512601361865750,268435456,33554432,8,5351,50157
1512601363912129,1512601363962275,268435456,33554432,8,5353,50146
1512601366009710,1512601366059772,268435456,33554432,8,5362,50062
1512601368101536,1512601368151648,268435456,33554432,8,5356,50112
1512601370197262,1512601370247311,268435456,33554432,8,5363,50049
1512601372291292,1512601372341424,268435456,33554432,8,5354,50132
1512601374384730,1512601374434845,268435456,33554432,8,5356,50115
1512601376479276,1512601376529430,268435456,33554432,8,5352,50154
1512601378577556,1512601378627630,268435456,33554432,8,5360,50074
1512601380673383,1512601380723420,268435456,33554432,8,5364,50037
1512601382769063,1512601382819277,268435456,33554432,8,5345,50214
1512601384868264,1512601384918337,268435456,33554432,8,5360,50073
1512601386965122,1512601387015093,268435456,33554432,8,5371,49971
1512601389064462,1512601389114470,268435456,33554432,8,5367,50008
1512601391157011,1512601391206995,268435456,33554432,8,5370,49984
1512601393252535,1512601393302650,268435456,33554432,8,5356,50115
1512601395346320,1512601395396340,268435456,33554432,8,5366,50020
1512601397441135,1512601397491144,268435456,33554432,8,5367,50009
1512601399536909,1512601399586975,268435456,33554432,8,5361,50066
1512601401632151,1512601401682196,268435456,33554432,8,5363,50045
1512601403724182,1512601403774211,268435456,33554432,8,5365,50029
1512601405821567,1512601405871515,268435456,33554432,8,5374,49948
1512601407918418,1512601407968456,268435456,33554432,8,5364,50038
1512601410016724,1512601410066795,268435456,33554432,8,5361,50071
1512601412118131,1512601412168287,268435456,33554432,8,5352,50156
1512601414214623,1512601414264709,268435456,33554432,8,5359,50086
1512601416313443,1512601416363487,268435456,33554432,8,5363,50044
1512601418408346,1512601418458307,268435456,33554432,8,5372,49961
1512601420500330,1512601420550573,268435456,33554432,8,5342,50243
1512601422599496,1512601422649569,268435456,33554432,8,5360,50073
1512601424698595,1512601424748827,268435456,33554432,8,5343,50232
1512601426799015,1512601426849054,268435456,33554432,8,5364,50039
1512601428894643,1512601428944639,268435456,33554432,8,5369,49996
1512601430991250,1512601431041236,268435456,33554432,8,5370,49986
1512601433086156,1512601433136203,268435456,33554432,8,5363,50047
1512601435180990,1512601435231075,268435456,33554432,8,5359,50085
1512601437276588,1512601437326690,268435456,33554432,8,5357,50102
1512601439374887,1512601439425058,268435456,33554432,8,5350,50171
1512601441469583,1512601441519793,268435456,33554432,8,5346,50210
1512601443564332,1512601443614512,268435456,33554432,8,5349,50180
1512601445660143,1512601445710267,268435456,33554432,8,5355,50124
1512601447757299,1512601447807325,268435456,33554432,8,5365,50026
1512601449852677,1512601449902822,268435456,33554432,8,5353,50145
1512601451950792,1512601452000852,268435456,33554432,8,5362,50060
1512601454046946,1512601454097068,268435456,33554432,8,5355,50122
1512601456143557,1512601456193647,268435456,33554432,8,5359,50090
1512601458240110,1512601458290160,268435456,33554432,8,5363,50050
1512601460333516,1512601460383679,268435456,33554432,8,5351,50163
1512601462429659,1512601462479793,268435456,33554432,8,5354,50134
1512601464525526,1512601464575758,268435456,33554432,8,5343,50232
1512601466618998,1512601466669148,268435456,33554432,8,5352,50150
1512601468715791,1512601468765873,268435456,33554432,8,5359,50082
1512601470810413,1512601470860523,268435456,33554432,8,5356,50110
1512601472911061,1512601472961092,268435456,33554432,8,5365,50031
1512601475007014,1512601475057272,268435456,33554432,8,5341,50258
1512601477105592,1512601477155608,268435456,33554432,8,5366,50016
1512601479204750,1512601479255065,268435456,33554432,8,5335,50315
1512601481300389,1512601481350541,268435456,33554432,8,5352,50152
1512601483397555,1512601483447587,268435456,33554432,8,5365,50032
1512601485494515,1512601485544776,268435456,33554432,8,5340,50261
1512601487591879,1512601487642079,268435456,33554432,8,5347,50200
1512601489690907,1512601489740988,268435456,33554432,8,5360,50081
1512601491785599,1512601491835607,268435456,33554432,8,5367,50008
1512601493881864,1512601493931956,268435456,33554432,8,5358,50092
1512601495979403,1512601496029290,268435456,33554432,8,5380,49887
1512601498073821,1512601498124003,268435456,33554432,8,5349,50182
1512601500171403,1512601500221433,268435456,33554432,8,5365,50030
1512601502274164,1512601502323895,268435456,33554432,8,5397,49731
1512601504369210,1512601504419241,268435456,33554432,8,5365,50031
1512601506464459,1512601506514258,268435456,33554432,8,5390,49799
1512601508559432,1512601508609354,268435456,33554432,8,5377,49922
1512601510653965,1512601510703948,268435456,33554432,8,5370,49983
1512601512748352,1512601512798469,268435456,33554432,8,5356,50117
1512601514843527,1512601514893577,268435456,33554432,8,5363,50050
1512601516941229,1512601516991133,268435456,33554432,8,5379,49904
1512601519034192,1512601519084212,268435456,33554432,8,5366,50020
1512601521131631,1512601521181511,268435456,33554432,8,5381,49880
1512601523227097,1512601523277096,268435456,33554432,8,5368,49999
1512601525320092,1512601525370129,268435456,33554432,8,5364,50037
1512601527417842,1512601527467950,268435456,33554432,8,5357,50108
1512601529515476,1512601529565585,268435456,33554432,8,5357,50109
1512601531612059,1512601531662049,268435456,33554432,8,5369,49990
1512601533706617,1512601533756617,268435456,33554432,8,5368,50000
1512601535802318,1512601535852246,268435456,33554432,8,5376,49928
1512601537902102,1512601537952159,268435456,33554432,8,5362,50057
1512601539995986,1512601540045890,268435456,33554432,8,5379,49904
1512601542089641,1512601542139728,268435456,33554432,8,5359,50087
1512601544184889,1512601544235004,268435456,33554432,8,5356,50115
1512601546280306,1512601546330358,268435456,33554432,8,5363,50052
1512601548377455,1512601548427549,268435456,33554432,8,5358,50094
1512601550469970,1512601550519964,268435456,33554432,8,5369,49994
1512601552566558,1512601552616653,268435456,33554432,8,5358,50095
1512601554659526,1512601554709506,268435456,33554432,8,5370,49980
1512601556755952,1512601556805946,268435456,33554432,8,5369,49994
1512601558850856,1512601558900958,268435456,33554432,8,5357,50102
1512601560947885,1512601560997938,268435456,33554432,8,5363,50053
1512601563043845,1512601563093914,268435456,33554432,8,5361,50069
1512601565138888,1512601565189030,268435456,33554432,8,5353,50142
1512601567233223,1512601567283228,268435456,33554432,8,5368,50005
1512601569328200,1512601569378414,268435456,33554432,8,5345,50214
1512601571437251,1512601571487374,268435456,33554432,8,5355,50123
1512601573546941,1512601573597162,268435456,33554432,8,5345,50221
1512601575651304,1512601575701368,268435456,33554432,8,5361,50064
1512601577746896,1512601577797042,268435456,33554432,8,5353,50146
1512601579842018,1512601579892283,268435456,33554432,8,5340,50265
1512601581941931,1512601581991987,268435456,33554432,8,5362,50056
1512601584040999,1512601584091182,268435456,33554432,8,5349,50183
1512601586138447,1512601586188461,268435456,33554432,8,5367,50014
1512601588236638,1512601588286795,268435456,33554432,8,5351,50157
1512601590333854,1512601590383867,268435456,33554432,8,5367,50013
1512601592431070,1512601592481114,268435456,33554432,8,5363,50044
1512601594526506,1512601594576502,268435456,33554432,8,5369,49996
1512601596624344,1512601596674370,268435456,33554432,8,5365,50026
1512601598720036,1512601598770126,268435456,33554432,8,5359,50090
1512601600817039,1512601600867202,268435456,33554432,8,5351,50163
1512601602926421,1512601602976451,268435456,33554432,8,5365,50030
1512601605025904,1512601605075871,268435456,33554432,8,5372,49967
1512601607121110,1512601607171013,268435456,33554432,8,5379,49903
1512601609224134,1512601609274037,268435456,33554432,8,5379,49903
1512601611319817,1512601611369858,268435456,33554432,8,5364,50041
1512601613415901,1512601613465940,268435456,33554432,8,5364,50039
1512601615512034,1512601615561963,268435456,33554432,8,5376,49929
1512601617602505,1512601617652576,268435456,33554432,8,5361,50071
1512601619696275,1512601619746311,268435456,33554432,8,5364,50036
1512601621791214,1512601621841245,268435456,33554432,8,5365,50031
1512601623892196,1512601623942209,268435456,33554432,8,5367,50013
1512601625989566,1512601626039598,268435456,33554432,8,5365,50032
1512601628085628,1512601628135592,268435456,33554432,8,5372,49964
1512601630187495,1512601630237475,268435456,33554432,8,5370,49980
1512601632282842,1512601632332722,268435456,33554432,8,5381,49880
1512601634376801,1512601634426778,268435456,33554432,8,5371,49977
1512601636471671,1512601636521600,268435456,33554432,8,5376,49929
1512601638569290,1512601638619302,268435456,33554432,8,5367,50012
1512601640663923,1512601640713984,268435456,33554432,8,5362,50061
1512601642760234,1512601642810178,268435456,33554432,8,5374,49944
1512601644855433,1512601644905546,268435456,33554432,8,5356,50113
1512601646951581,1512601647001522,268435456,33554432,8,5375,49941
1512601649050713,1512601649100696,268435456,33554432,8,5370,49983
1512601651150214,1512601651200293,268435456,33554432,8,5360,50079
1512601653246301,1512601653296254,268435456,33554432,8,5373,49953
1512601655342109,1512601655392165,268435456,33554432,8,5362,50056
1512601657436442,1512601657486404,268435456,33554432,8,5372,49962
1512601659529350,1512601659579343,268435456,33554432,8,5369,49993
1512601661624747,1512601661674875,268435456,33554432,8,5355,50128
1512601663722296,1512601663772384,268435456,33554432,8,5359,50088
1512601665818503,1512601665868761,268435456,33554432,8,5341,50258
1512601667912396,1512601667962495,268435456,33554432,8,5358,50099
1512601670008682,1512601670058895,268435456,33554432,8,5345,50213
1512601672108386,1512601672158463,268435456,33554432,8,5360,50077
1512601674205082,1512601674255276,268435456,33554432,8,5347,50194
1512601676300805,1512601676350859,268435456,33554432,8,5362,50054
1512601678395936,1512601678445998,268435456,33554432,8,5362,50062
1512601680493561,1512601680543608,268435456,33554432,8,5363,50047
1512601682594744,1512601682644845,268435456,33554432,8,5357,50101
1512601684692269,1512601684742355,268435456,33554432,8,5359,50086
1512601686785546,1512601686835564,268435456,33554432,8,5366,50018
1512601688881485,1512601688931453,268435456,33554432,8,5372,49968
1512601690978846,1512601691029031,268435456,33554432,8,5348,50185
1512601693074275,1512601693124358,268435456,33554432,8,5359,50083
1512601695168077,1512601695218298,268435456,33554432,8,5345,50221
1512601697265276,1512601697315397,268435456,33554432,8,5355,50121
1512601699359284,1512601699409416,268435456,33554432,8,5354,50132
1512601701455411,1512601701505485,268435456,33554432,8,5360,50074
1512601703550593,1512601703600620,268435456,33554432,8,5365,50027
1512601705645036,1512601705695196,268435456,33554432,8,5351,50160
1512601707739977,1512601707790075,268435456,33554432,8,5358,50098
1512601709837114,1512601709887172,268435456,33554432,8,5362,50058
1512601711933543,1512601711983580,268435456,33554432,8,5364,50037
1512601714028716,1512601714078842,268435456,33554432,8,5355,50126
1512601716122886,1512601716173016,268435456,33554432,8,5354,50130
1512601718218034,1512601718268191,268435456,33554432,8,5351,50157
1512601720311092,1512601720361124,268435456,33554432,8,5365,50032
1512601722407124,1512601722457366,268435456,33554432,8,5342,50242
1512601724503340,1512601724553347,268435456,33554432,8,5367,50007
1512601726597915,1512601726648085,268435456,33554432,8,5350,50170
1512601728693840,1512601728743966,268435456,33554432,8,5355,50126
1512601730789759,1512601730839787,268435456,33554432,8,5365,50028
1512601732883136,1512601732933170,268435456,33554432,8,5365,50034
1512601734977391,1512601735027461,268435456,33554432,8,5361,50070
1512601737074653,1512601737124705,268435456,33554432,8,5363,50052
1512601739171074,1512601739221346,268435456,33554432,8,5339,50272
1512601741265186,1512601741315369,268435456,33554432,8,5349,50183
1512601743359325,1512601743409393,268435456,33554432,8,5361,50068
1512601745458624,1512601745508804,268435456,33554432,8,5349,50180
1512601747555287,1512601747605354,268435456,33554432,8,5361,50067
1512601749650138,1512601749700182,268435456,33554432,8,5363,50044
1512601751745651,1512601751795730,268435456,33554432,8,5360,50079
1512601753841519,1512601753891641,268435456,33554432,8,5355,50122
1512601755939912,1512601755990063,268435456,33554432,8,5352,50151
1512601758036199,1512601758086438,268435456,33554432,8,5343,50239
1512601760129786,1512601760179916,268435456,33554432,8,5354,50130
1512601762226415,1512601762276561,268435456,33554432,8,5353,50146
1512601764321974,1512601764372027,268435456,33554432,8,5363,50053
1512601766418195,1512601766468240,268435456,33554432,8,5363,50045
1512601768517962,1512601768567918,268435456,33554432,8,5373,49956
1512601770609984,1512601770659969,268435456,33554432,8,5370,49985
1512601772706154,1512601772756260,268435456,33554432,8,5357,50106
1512601774801660,1512601774851882,268435456,33554432,8,5344,50222
1512601776897918,1512601776947942,268435456,33554432,8,5366,50024
1512601778991993,1512601779042162,268435456,33554432,8,5350,50169
1512601781089501,1512601781139787,268435456,33554432,8,5338,50286
1512601783182685,1512601783232982,268435456,33554432,8,5337,50297
1512601785279668,1512601785329702,268435456,33554432,8,5365,50034
1512601787373283,1512601787423465,268435456,33554432,8,5349,50182
1512601789468033,1512601789518098,268435456,33554432,8,5361,50065
1512601791563179,1512601791613175,268435456,33554432,8,5369,49996
1512601793658218,1512601793708161,268435456,33554432,8,5374,49943
1512601795752310,1512601795802346,268435456,33554432,8,5364,50036
1512601797846954,1512601797896918,268435456,33554432,8,5372,49964
1512601799946316,1512601799996418,268435456,33554432,8,5357,50102
1512601802040206,1512601802090435,268435456,33554432,8,5344,50229
1512601804136345,1512601804186417,268435456,33554432,8,5360,50072
1512601806235400,1512601806285640,268435456,33554432,8,5343,50240
1512601808335641,1512601808385809,268435456,33554432,8,5350,50168
1512601810433154,1512601810483301,268435456,33554432,8,5352,50147
1512601812527099,1512601812577234,268435456,33554432,8,5354,50135
1512601814623935,1512601814674024,268435456,33554432,8,5359,50089
1512601816721465,1512601816771545,268435456,33554432,8,5360,50080
1512601818817814,1512601818867879,268435456,33554432,8,5361,50065
1512601820913709,1512601820963687,268435456,33554432,8,5371,49978
1512601823015251,1512601823065298,268435456,33554432,8,5363,50047
1512601825123790,1512601825173932,268435456,33554432,8,5353,50142
1512601827220161,1512601827270280,268435456,33554432,8,5355,50119
1512601829314094,1512601829364272,268435456,33554432,8,5349,50178
1512601831414337,1512601831464497,268435456,33554432,8,5351,50160
1512601833510312,1512601833560476,268435456,33554432,8,5351,50164
1512601835609589,1512601835659737,268435456,33554432,8,5352,50148
1512601837703140,1512601837753113,268435456,33554432,8,5371,49973
1512601839799624,1512601839849683,268435456,33554432,8,5362,50059
1512601841893154,1512601841943388,268435456,33554432,8,5343,50234
1512601843992009,1512601844042067,268435456,33554432,8,5362,50058
1512601846085299,1512601846135321,268435456,33554432,8,5366,50022
1512601848181604,1512601848231716,268435456,33554432,8,5356,50112
1512601850282411,1512601850332454,268435456,33554432,8,5364,50043
1512601852380990,1512601852431063,268435456,33554432,8,5360,50073
1512601854487355,1512601854537426,268435456,33554432,8,5361,50071
1512601856584991,1512601856635050,268435456,33554432,8,5362,50059
1512601858684309,1512601858734508,268435456,33554432,8,5347,50199
1512601860779250,1512601860829234,268435456,33554432,8,5370,49984
1512601862875094,1512601862925152,268435456,33554432,8,5362,50058
1512601864971985,1512601865022029,268435456,33554432,8,5363,50044
1512601867069735,1512601867119925,268435456,33554432,8,5348,50190
1512601869165264,1512601869215376,268435456,33554432,8,5356,50112
1512601871259982,1512601871310056,268435456,33554432,8,5360,50074
1512601873354742,1512601873405003,268435456,33554432,8,5340,50261
1512601875451920,1512601875502036,268435456,33554432,8,5356,50116
1512601877547136,1512601877597314,268435456,33554432,8,5349,50178
1512601879643768,1512601879693978,268435456,33554432,8,5346,50210
1512601881737969,1512601881787985,268435456,33554432,8,5366,50016
1512601883834733,1512601883884805,268435456,33554432,8,5360,50072
1512601885931260,1512601885981351,268435456,33554432,8,5358,50091
1512601888026648,1512601888076602,268435456,33554432,8,5373,49954
1512601890121444,1512601890171486,268435456,33554432,8,5364,50042
1512601892216259,1512601892266358,268435456,33554432,8,5358,50099
1512601894310255,1512601894360191,268435456,33554432,8,5375,49936
1512601896404065,1512601896454099,268435456,33554432,8,5365,50034
1512601898496938,1512601898547006,268435456,33554432,8,5361,50068
1512601900592265,1512601900642490,268435456,33554432,8,5344,50225
1512601902699009,1512601902749077,268435456,33554432,8,5361,50068
1512601904795425,1512601904845471,268435456,33554432,8,5363,50046
1512601906893864,1512601906943901,268435456,33554432,8,5364,50037
1512601908994346,1512601909044468,268435456,33554432,8,5355,50122
1512601911089530,1512601911139749,268435456,33554432,8,5345,50219
1512601913184812,1512601913235007,268435456,33554432,8,5347,50195
1512601915282409,1512601915332672,268435456,33554432,8,5340,50263
1512601917376957,1512601917427163,268435456,33554432,8,5346,50206
1512601919474773,1512601919524903,268435456,33554432,8,5354,50130
1512601921573643,1512601921623736,268435456,33554432,8,5358,50093
1512601923672957,1512601923722983,268435456,33554432,8,5365,50026
1512601925770516,1512601925820812,268435456,33554432,8,5337,50296
1512601927868061,1512601927918226,268435456,33554432,8,5351,50165
1512601929962435,1512601930012559,268435456,33554432,8,5355,50124
1512601932060190,1512601932110469,268435456,33554432,8,5338,50279
1512601934158016,1512601934208233,268435456,33554432,8,5345,50217
1512601936256815,1512601936306904,268435456,33554432,8,5359,50089
1512601938353175,1512601938403317,268435456,33554432,8,5353,50142
1512601940451476,1512601940501657,268435456,33554432,8,5349,50181
1512601942548251,1512601942598397,268435456,33554432,8,5353,50146
1512601944645512,1512601944695596,268435456,33554432,8,5359,50084
1512601946743518,1512601946793894,268435456,33554432,8,5328,50376
1512601948840533,1512601948890753,268435456,33554432,8,5345,50220
1512601950935669,1512601950985882,268435456,33554432,8,5345,50213
1512601953042059,1512601953092182,268435456,33554432,8,5355,50123
1512601955135973,1512601955186069,268435456,33554432,8,5358,50096
1512601957232502,1512601957282763,268435456,33554432,8,5340,50261
1512601959331468,1512601959381551,268435456,33554432,8,5359,50083
1512601961428185,1512601961478299,268435456,33554432,8,5356,50114
1512601963524748,1512601963574979,268435456,33554432,8,5344,50231
1512601965622799,1512601965673104,268435456,33554432,8,5336,50305
1512601967721468,1512601967771617,268435456,33554432,8,5352,50149
1512601969820482,1512601969870450,268435456,33554432,8,5372,49968
1512601971917634,1512601971967777,268435456,33554432,8,5353,50143
1512601974016094,1512601974066207,268435456,33554432,8,5356,50113
1512601976111737,1512601976161878,268435456,33554432,8,5353,50141
1512601978207125,1512601978257133,268435456,33554432,8,5367,50008
1512601980303353,1512601980353660,268435456,33554432,8,5335,50307
1512601982400810,1512601982451035,268435456,33554432,8,5344,50225
1512601984497992,1512601984548155,268435456,33554432,8,5351,50163
1512601986591213,1512601986641436,268435456,33554432,8,5344,50223
1512601988685920,1512601988736011,268435456,33554432,8,5358,50091
1512601990781158,1512601990831326,268435456,33554432,8,5350,50168
1512601992878346,1512601992928520,268435456,33554432,8,5350,50174
1512601994976558,1512601995026740,268435456,33554432,8,5349,50182
1512601997071884,1512601997121993,268435456,33554432,8,5357,50109
1512601999168440,1512601999218645,268435456,33554432,8,5346,50205
1512602001262317,1512602001312446,268435456,33554432,8,5354,50129
1512602003359222,1512602003409281,268435456,33554432,8,5362,50059
1512602005454558,1512602005504669,268435456,33554432,8,5356,50111
1512602007547965,1512602007598152,268435456,33554432,8,5348,50187
1512602009644632,1512602009694873,268435456,33554432,8,5342,50241
1512602011742253,1512602011792259,268435456,33554432,8,5368,50006
1512602013837307,1512602013887478,268435456,33554432,8,5350,50171
1512602015933012,1512602015983221,268435456,33554432,8,5346,50209
1512602018028643,1512602018078898,268435456,33554432,8,5341,50255
1512602020123406,1512602020173632,268435456,33554432,8,5344,50226
1512602022219246,1512602022269475,268435456,33554432,8,5344,50229
1512602024315029,1512602024365030,268435456,33554432,8,5368,50001
1512602026411377,1512602026461490,268435456,33554432,8,5356,50113
1512602028504303,1512602028554397,268435456,33554432,8,5358,50094
1512602030599842,1512602030649978,268435456,33554432,8,5354,50136
1512602032696297,1512602032746561,268435456,33554432,8,5340,50264
1512602034792505,1512602034842669,268435456,33554432,8,5351,50164
1512602036892564,1512602036942782,268435456,33554432,8,5345,50218
1512602038989518,1512602039039748,268435456,33554432,8,5344,50230
1512602041086403,1512602041136594,268435456,33554432,8,5348,50191
1512602043182822,1512602043232909,268435456,33554432,8,5359,50087
1512602045280544,1512602045330741,268435456,33554432,8,5347,50197
1512602047376334,1512602047426539,268435456,33554432,8,5346,50205
1512602049473150,1512602049523305,268435456,33554432,8,5352,50155
1512602051575639,1512602051625775,268435456,33554432,8,5354,50136
1512602053674177,1512602053724451,268435456,33554432,8,5339,50274
1512602055775313,1512602055825528,268435456,33554432,8,5345,50215
1512602057871280,1512602057921259,268435456,33554432,8,5370,49979
1512602059971574,1512602060021740,268435456,33554432,8,5350,50166
1512602062070182,1512602062120381,268435456,33554432,8,5347,50199
1512602064169487,1512602064219620,268435456,33554432,8,5354,50133
1512602066263860,1512602066314098,268435456,33554432,8,5343,50238
1512602068359777,1512602068410084,268435456,33554432,8,5335,50307
1512602070456020,1512602070506186,268435456,33554432,8,5350,50166
1512602072553974,1512602072604373,268435456,33554432,8,5326,50399
1512602074654671,1512602074705008,268435456,33554432,8,5332,50337
1512602076750294,1512602076800469,268435456,33554432,8,5349,50175
1512602078851358,1512602078901316,268435456,33554432,8,5373,49958
1512602080947630,1512602080997797,268435456,33554432,8,5350,50167
1512602083045153,1512602083095332,268435456,33554432,8,5349,50179
1512602085144990,1512602085194963,268435456,33554432,8,5371,49973
1512602087242206,1512602087292416,268435456,33554432,8,5346,50210
1512602089337917,1512602089388065,268435456,33554432,8,5352,50148
1512602091433101,1512602091483278,268435456,33554432,8,5349,50177
1512602093528264,1512602093578347,268435456,33554432,8,5359,50083
1512602095627187,1512602095677349,268435456,33554432,8,5351,50162
1512602097726261,1512602097776372,268435456,33554432,8,5356,50111
1512602099827182,1512602099877296,268435456,33554432,8,5356,50114
1512602101923541,1512602101973691,268435456,33554432,8,5352,50150
1512602104020182,1512602104070352,268435456,33554432,8,5350,50170
1512602106115594,1512602106165791,268435456,33554432,8,5347,50197
1512602108213537,1512602108263531,268435456,33554432,8,5369,49994
1512602110312067,1512602110362172,268435456,33554432,8,5357,50105
1512602112419054,1512602112469208,268435456,33554432,8,5352,50154
1512602114516535,1512602114566656,268435456,33554432,8,5355,50121
1512602116613667,1512602116663759,268435456,33554432,8,5358,50092
1512602118711887,1512602118762022,268435456,33554432,8,5354,50135
1512602120809710,1512602120859889,268435456,33554432,8,5349,50179
1512602122905534,1512602122955744,268435456,33554432,8,5346,50210
1512602124999938,1512602125050216,268435456,33554432,8,5339,50278
1512602127098995,1512602127149069,268435456,33554432,8,5360,50074
1512602129201530,1512602129251764,268435456,33554432,8,5343,50234
1512602131300652,1512602131350804,268435456,33554432,8,5352,50152
1512602133398797,1512602133448870,268435456,33554432,8,5360,50073
1512602135497469,1512602135547602,268435456,33554432,8,5354,50133
1512602137594337,1512602137644445,268435456,33554432,8,5357,50108
1512602139691322,1512602139741461,268435456,33554432,8,5353,50139
1512602141791452,1512602141841732,268435456,33554432,8,5338,50280
1512602143889708,1512602143939835,268435456,33554432,8,5355,50127
1512602145984640,1512602146034937,268435456,33554432,8,5337,50297
1512602148084059,1512602148134222,268435456,33554432,8,5351,50163
1512602150179012,1512602150229309,268435456,33554432,8,5337,50297
1512602152277935,1512602152328117,268435456,33554432,8,5349,50182
1512602154371408,1512602154421677,268435456,33554432,8,5339,50269
1512602156468739,1512602156518819,268435456,33554432,8,5360,50080
1512602158564087,1512602158614289,268435456,33554432,8,5347,50202
1512602160660076,1512602160710212,268435456,33554432,8,5354,50136
1512602162762838,1512602162813132,268435456,33554432,8,5337,50294
1512602164857916,1512602164908124,268435456,33554432,8,5346,50208
1512602166952132,1512602167002133,268435456,33554432,8,5368,50001
1512602169057295,1512602169107240,268435456,33554432,8,5374,49945
1512602171151819,1512602171201836,268435456,33554432,8,5366,50017
1512602173247736,1512602173297837,268435456,33554432,8,5357,50101
1512602175348304,1512602175398247,268435456,33554432,8,5374,49943
1512602177451774,1512602177501757,268435456,33554432,8,5370,49983
1512602179544350,1512602179594468,268435456,33554432,8,5356,50118
1512602181641350,1512602181691397,268435456,33554432,8,5363,50047
1512602183737080,1512602183787207,268435456,33554432,8,5355,50127
1512602185832230,1512602185882281,268435456,33554432,8,5363,50051
1512602187927091,1512602187977127,268435456,33554432,8,5364,50036
1512602190022147,1512602190072213,268435456,33554432,8,5361,50066
1512602192116791,1512602192166872,268435456,33554432,8,5360,50081
1512602194210772,1512602194260814,268435456,33554432,8,5364,50042
1512602196307652,1512602196357922,268435456,33554432,8,5339,50270
1512602198402845,1512602198452938,268435456,33554432,8,5358,50093
1512602200499517,1512602200549714,268435456,33554432,8,5347,50197
1512602202594412,1512602202644627,268435456,33554432,8,5345,50215
1512602204688256,1512602204738438,268435456,33554432,8,5349,50182
1512602206785647,1512602206835795,268435456,33554432,8,5352,50148
1512602208882712,1512602208932981,268435456,33554432,8,5339,50269
1512602210977401,1512602211027569,268435456,33554432,8,5350,50168
1512602213084358,1512602213134240,268435456,33554432,8,5381,49882
1512602215177612,1512602215227449,268435456,33554432,8,5386,49837
1512602217276472,1512602217326513,268435456,33554432,8,5364,50041
1512602219371474,1512602219421567,268435456,33554432,8,5358,50093
1512602221468053,1512602221518152,268435456,33554432,8,5358,50099
1512602223565308,1512602223615310,268435456,33554432,8,5368,50002
1512602225661030,1512602225711026,268435456,33554432,8,5369,49996
1512602227754614,1512602227804530,268435456,33554432,8,5377,49916
1512602229846746,1512602229896761,268435456,33554432,8,5367,50015
1512602231941530,1512602231991498,268435456,33554432,8,5372,49968
1512602234038440,1512602234088396,268435456,33554432,8,5373,49956
1512602236130588,1512602236180693,268435456,33554432,8,5357,50105
1512602238225203,1512602238275441,268435456,33554432,8,5343,50238
1512602240321715,1512602240371690,268435456,33554432,8,5371,49975
1512602242418443,1512602242468572,268435456,33554432,8,5354,50129
1512602244513273,1512602244563315,268435456,33554432,8,5364,50042
1512602246606565,1512602246656683,268435456,33554432,8,5356,50118
1512602248701628,1512602248751623,268435456,33554432,8,5369,49995
1512602250800502,1512602250850409,268435456,33554432,8,5378,49907
1512602252897391,1512602252947508,268435456,33554432,8,5356,50117
1512602254997496,1512602255047400,268435456,33554432,8,5379,49904
1512602257092815,1512602257142895,268435456,33554432,8,5360,50080
1512602259190569,1512602259240613,268435456,33554432,8,5363,50044
1512602261293685,1512602261343773,268435456,33554432,8,5359,50088
1512602263388641,1512602263438731,268435456,33554432,8,5359,50090
1512602265483265,1512602265533244,268435456,33554432,8,5370,49979
1512602267578811,1512602267628927,268435456,33554432,8,5356,50116
1512602269674452,1512602269724578,268435456,33554432,8,5355,50126
1512602271774111,1512602271824302,268435456,33554432,8,5348,50191
1512602273867127,1512602273917409,268435456,33554432,8,5338,50282
1512602275964664,1512602276014747,268435456,33554432,8,5359,50083
1512602278060334,1512602278110474,268435456,33554432,8,5353,50140
1512602280161418,1512602280211490,268435456,33554432,8,5360,50072
1512602282256735,1512602282306816,268435456,33554432,8,5360,50081
1512602284354324,1512602284404375,268435456,33554432,8,5363,50051
1512602286448639,1512602286498644,268435456,33554432,8,5368,50005
1512602288546525,1512602288596537,268435456,33554432,8,5367,50012
1512602290641797,1512602290691863,268435456,33554432,8,5361,50066
1512602292739699,1512602292789933,268435456,33554432,8,5343,50234
1512602294836344,1512602294886383,268435456,33554432,8,5364,50039
1512602296936841,1512602296986992,268435456,33554432,8,5352,50151
1512602299033204,1512602299083284,268435456,33554432,8,5360,50080
1512602301129288,1512602301179552,268435456,33554432,8,5340,50264
1512602303225627,1512602303275726,268435456,33554432,8,5358,50099
1512602305324189,1512602305374212,268435456,33554432,8,5366,50023
1512602307418247,1512602307468357,268435456,33554432,8,5356,50110
1512602309514360,1512602309564383,268435456,33554432,8,5366,50023
1512602311612716,1512602311662893,268435456,33554432,8,5349,50177
1512602313709349,1512602313759461,268435456,33554432,8,5356,50112
1512602315805934,1512602315856083,268435456,33554432,8,5352,50149
1512602317903910,1512602317954087,268435456,33554432,8,5349,50177
1512602320001012,1512602320051099,268435456,33554432,8,5359,50087
1512602322097969,1512602322147994,268435456,33554432,8,5366,50025
1512602324214127,1512602324264070,268435456,33554432,8,5374,49943
1512602326308011,1512602326358074,268435456,33554432,8,5361,50063
1512602328402552,1512602328452457,268435456,33554432,8,5378,49905
1512602330495043,1512602330544965,268435456,33554432,8,5377,49922
1512602332586669,1512602332636821,268435456,33554432,8,5352,50152
1512602334678713,1512602334728632,268435456,33554432,8,5377,49919
1512602336772103,1512602336822007,268435456,33554432,8,5379,49904
1512602338865034,1512602338914953,268435456,33554432,8,5377,49919
1512602340957563,1512602341007437,268435456,33554432,8,5382,49874
1512602343048842,1512602343098739,268435456,33554432,8,5379,49897
1512602345141216,1512602345191128,268435456,33554432,8,5378,49912
1512602347232686,1512602347282602,268435456,33554432,8,5377,49916
1512602349325680,1512602349375767,268435456,33554432,8,5359,50087
1512602351417576,1512602351467459,268435456,33554432,8,5381,49883
1512602353510356,1512602353560319,268435456,33554432,8,5372,49963
1512602355602790,1512602355652780,268435456,33554432,8,5369,49990
1512602357694068,1512602357744122,268435456,33554432,8,5362,50054
1512602359785615,1512602359835657,268435456,33554432,8,5364,50042
1512602361878198,1512602361928195,268435456,33554432,8,5369,49997
1512602363970257,1512602364020193,268435456,33554432,8,5375,49936
1512602366063810,1512602366113761,268435456,33554432,8,5373,49951
1512602368156304,1512602368206318,268435456,33554432,8,5367,50014
1512602370249759,1512602370299690,268435456,33554432,8,5376,49931
1512602372341789,1512602372391782,268435456,33554432,8,5369,49993
1512602374435125,1512602374485063,268435456,33554432,8,5375,49938
1512602376530487,1512602376580339,268435456,33554432,8,5384,49852
1512602378625172,1512602378674962,268435456,33554432,8,5391,49790
1512602380719166,1512602380769120,268435456,33554432,8,5373,49954
1512602382813006,1512602382863089,268435456,33554432,8,5359,50083
1512602384905771,1512602384956008,268435456,33554432,8,5343,50237
1512602386997825,1512602387047823,268435456,33554432,8,5368,49998
1512602389091052,1512602389141172,268435456,33554432,8,5355,50120
1512602391183260,1512602391233372,268435456,33554432,8,5356,50112
1512602393277097,1512602393327115,268435456,33554432,8,5366,50018
1512602395370810,1512602395421094,268435456,33554432,8,5338,50284
1512602397463058,1512602397513048,268435456,33554432,8,5369,49990
1512602399555675,1512602399605879,268435456,33554432,8,5346,50204
1512602401649848,1512602401699958,268435456,33554432,8,5356,50110
1512602403743597,1512602403793627,268435456,33554432,8,5365,50030
1512602405837562,1512602405887671,268435456,33554432,8,5357,50109
1512602407931311,1512602407981524,268435456,33554432,8,5345,50213
1512602410024077,1512602410074058,268435456,33554432,8,5370,49981
1512602412118518,1512602412168602,268435456,33554432,8,5359,50084
1512602414210299,1512602414260376,268435456,33554432,8,5360,50077
1512602416302329,1512602416352570,268435456,33554432,8,5342,50241
1512602418393984,1512602418444237,268435456,33554432,8,5341,50253
1512602420488329,1512602420538388,268435456,33554432,8,5362,50059
1512602422582274,1512602422632261,268435456,33554432,8,5370,49987
1512602424676864,1512602424726847,268435456,33554432,8,5370,49983
1512602426771060,1512602426821242,268435456,33554432,8,5349,50182
1512602428863922,1512602428914025,268435456,33554432,8,5357,50103
1512602430957499,1512602431007712,268435456,33554432,8,5345,50213
1512602433052466,1512602433102547,268435456,33554432,8,5360,50081
1512602435145852,1512602435195983,268435456,33554432,8,5354,50131
1512602437240271,1512602437290421,268435456,33554432,8,5352,50150
1512602439331914,1512602439382008,268435456,33554432,8,5358,50094
1512602441425237,1512602441475415,268435456,33554432,8,5349,50178
1512602443518661,1512602443568735,268435456,33554432,8,5360,50074
1512602445612227,1512602445662305,268435456,33554432,8,5360,50078
1512602447705833,1512602447755872,268435456,33554432,8,5364,50039
1512602449801165,1512602449851097,268435456,33554432,8,5376,49932
1512602451896085,1512602451946264,268435456,33554432,8,5349,50179
1512602453990896,1512602454041096,268435456,33554432,8,5347,50200
1512602456084948,1512602456135071,268435456,33554432,8,5355,50123
1512602458178411,1512602458228427,268435456,33554432,8,5366,50016
1512602460272087,1512602460322205,268435456,33554432,8,5356,50118
1512602462367787,1512602462417937,268435456,33554432,8,5352,50150
1512602464461674,1512602464511899,268435456,33554432,8,5344,50225
1512602466555298,1512602466605385,268435456,33554432,8,5359,50087
1512602468649063,1512602468699130,268435456,33554432,8,5361,50067
1512602470743350,1512602470793420,268435456,33554432,8,5361,50070
1512602472835451,1512602472885444,268435456,33554432,8,5369,49993
1512602474928609,1512602474978606,268435456,33554432,8,5369,49997
1512602477023184,1512602477073396,268435456,33554432,8,5346,50212
1512602479118383,1512602479168379,268435456,33554432,8,5369,49996
1512602481211508,1512602481261512,268435456,33554432,8,5368,50004
1512602483304836,1512602483354925,268435456,33554432,8,5359,50089
1512602485398988,1512602485449124,268435456,33554432,8,5354,50136
1512602487494908,1512602487545004,268435456,33554432,8,5358,50096
1512602489588847,1512602489638962,268435456,33554432,8,5356,50115
1512602491683112,1512602491733215,268435456,33554432,8,5357,50103
1512602493775930,1512602493826201,268435456,33554432,8,5339,50271
1512602495869879,1512602495920031,268435456,33554432,8,5352,50152
1512602497963116,1512602498013156,268435456,33554432,8,5364,50040
1512602500057449,1512602500107642,268435456,33554432,8,5348,50193
1512602502149776,1512602502199918,268435456,33554432,8,5353,50142
1512602504243585,1512602504293619,268435456,33554432,8,5365,50034
1512602506334521,1512602506384603,268435456,33554432,8,5359,50082
1512602508428051,1512602508478000,268435456,33554432,8,5374,49949
1512602510519932,1512602510570006,268435456,33554432,8,5360,50074
1512602512613715,1512602512663869,268435456,33554432,8,5352,50154
1512602514708513,1512602514758558,268435456,33554432,8,5363,50045
1512602516803477,1512602516853550,268435456,33554432,8,5360,50073
1512602518900012,1512602518950067,268435456,33554432,8,5362,50055
1512602520994393,1512602521044485,268435456,33554432,8,5358,50092
1512602523087832,1512602523137905,268435456,33554432,8,5360,50073
1512602525180602,1512602525230633,268435456,33554432,8,5365,50031
1512602527275507,1512602527325571,268435456,33554432,8,5361,50064
1512602529369963,1512602529420065,268435456,33554432,8,5357,50102
1512602531463101,1512602531513249,268435456,33554432,8,5352,50148
1512602533594062,1512602533643821,268435456,33554432,8,5394,49759
1512602535690601,1512602535740669,268435456,33554432,8,5361,50068
1512602537785169,1512602537835237,268435456,33554432,8,5361,50068
1512602539878969,1512602539928944,268435456,33554432,8,5371,49975
1512602541971470,1512602542021430,268435456,33554432,8,5373,49960
1512602544065473,1512602544115551,268435456,33554432,8,5360,50078
1512602546158977,1512602546209060,268435456,33554432,8,5359,50083
1512602548253533,1512602548303409,268435456,33554432,8,5382,49876
1512602550347057,1512602550396965,268435456,33554432,8,5378,49908
1512602552439658,1512602552489717,268435456,33554432,8,5362,50059
1512602554531445,1512602554581347,268435456,33554432,8,5379,49902
1512602556624624,1512602556674689,268435456,33554432,8,5361,50065
1512602558716862,1512602558766936,268435456,33554432,8,5360,50074
1512602560810577,1512602560860595,268435456,33554432,8,5366,50018
1512602562904574,1512602562954599,268435456,33554432,8,5366,50025
1512602564998276,1512602565048159,268435456,33554432,8,5381,49883
1512602567092465,1512602567142432,268435456,33554432,8,5372,49967
1512602569185937,1512602569235911,268435456,33554432,8,5371,49974
1512602571278193,1512602571328150,268435456,33554432,8,5373,49957
1512602573371224,1512602573421223,268435456,33554432,8,5368,49999
1512602575464326,1512602575514383,268435456,33554432,8,5362,50057
1512602577558873,1512602577608934,268435456,33554432,8,5362,50061
1512602579651067,1512602579701012,268435456,33554432,8,5374,49945
1512602581743506,1512602581793685,268435456,33554432,8,5349,50179
1512602583837180,1512602583887230,268435456,33554432,8,5363,50050
1512602585930272,1512602585980343,268435456,33554432,8,5361,50071
1512602588024666,1512602588074905,268435456,33554432,8,5343,50239
1512602590118540,1512602590168753,268435456,33554432,8,5345,50213
1512602592211573,1512602592261676,268435456,33554432,8,5357,50103
1512602594304988,1512602594355009,268435456,33554432,8,5366,50021
1512602596398852,1512602596448944,268435456,33554432,8,5358,50092
1512602598491880,1512602598541874,268435456,33554432,8,5369,49994
1512602600585401,1512602600635511,268435456,33554432,8,5356,50110
1512602602680413,1512602602730435,268435456,33554432,8,5366,50022
1512602604774406,1512602604824486,268435456,33554432,8,5360,50080
1512602606868449,1512602606918452,268435456,33554432,8,5368,50003
1512602608963424,1512602609013471,268435456,33554432,8,5363,50047
1512602611057103,1512602611107179,268435456,33554432,8,5360,50076
1512602613149998,1512602613200105,268435456,33554432,8,5357,50107
1512602615242212,1512602615292192,268435456,33554432,8,5370,49980
1512602617335720,1512602617385867,268435456,33554432,8,5352,50147
1512602619427928,1512602619478127,268435456,33554432,8,5347,50199
1512602621522041,1512602621572168,268435456,33554432,8,5355,50127
1512602623613734,1512602623663734,268435456,33554432,8,5368,50000
1512602625706993,1512602625757070,268435456,33554432,8,5360,50077
1512602627800273,1512602627850396,268435456,33554432,8,5355,50123
1512602629894248,1512602629944367,268435456,33554432,8,5355,50119
1512602631988161,1512602632038270,268435456,33554432,8,5357,50109
1512602634081588,1512602634131683,268435456,33554432,8,5358,50095
1512602636175388,1512602636225643,268435456,33554432,8,5341,50255
1512602638270021,1512602638320084,268435456,33554432,8,5361,50063
1512602640363278,1512602640413438,268435456,33554432,8,5351,50160
1512602642459373,1512602642509513,268435456,33554432,8,5353,50140
1512602644555019,1512602644605272,268435456,33554432,8,5341,50253
1512602646651874,1512602646701652,268435456,33554432,8,5392,49778
1512602648746874,1512602648796783,268435456,33554432,8,5378,49909
1512602650841043,1512602650890961,268435456,33554432,8,5377,49918
1512602652934095,1512602652984100,268435456,33554432,8,5368,50005
1512602655026111,1512602655075934,268435456,33554432,8,5387,49823
1512602657120221,1512602657170112,268435456,33554432,8,5380,49891
1512602659212274,1512602659262199,268435456,33554432,8,5376,49925
1512602661303386,1512602661353356,268435456,33554432,8,5371,49970
1512602663393626,1512602663443671,268435456,33554432,8,5363,50045
1512602665485824,1512602665535835,268435456,33554432,8,5367,50011
1512602667577927,1512602667627876,268435456,33554432,8,5374,49949
1512602669670306,1512602669720211,268435456,33554432,8,5378,49905
1512602671763235,1512602671813130,268435456,33554432,8,5380,49895
1512602673855600,1512602673905549,268435456,33554432,8,5374,49949
1512602675949334,1512602675999287,268435456,33554432,8,5373,49953
1512602678039969,1512602678089905,268435456,33554432,8,5375,49936
1512602680132530,1512602680182565,268435456,33554432,8,5364,50035
1512602682225688,1512602682275809,268435456,33554432,8,5355,50121
1512602684318371,1512602684368445,268435456,33554432,8,5360,50074
1512602686411101,1512602686461169,268435456,33554432,8,5361,50068
1512602688503836,1512602688553785,268435456,33554432,8,5374,49949
1512602690598419,1512602690648517,268435456,33554432,8,5358,50098
1512602692691652,1512602692741586,268435456,33554432,8,5375,49934
1512602694785337,1512602694835291,268435456,33554432,8,5373,49954
1512602696879947,1512602696929979,268435456,33554432,8,5365,50032
1512602698973088,1512602699023164,268435456,33554432,8,5360,50076
1512602701067002,1512602701117017,268435456,33554432,8,5367,50015
1512602703167333,1512602703217311,268435456,33554432,8,5371,49978
1512602705264321,1512602705314457,268435456,33554432,8,5354,50136
1512602707362938,1512602707413175,268435456,33554432,8,5343,50237
1512602709457731,1512602709507860,268435456,33554432,8,5354,50129
1512602711549683,1512602711599877,268435456,33554432,8,5347,50194
1512602713643847,1512602713693895,268435456,33554432,8,5363,50048
1512602715738739,1512602715788708,268435456,33554432,8,5372,49969
1512602717831624,1512602717881609,268435456,33554432,8,5370,49985
1512602719925851,1512602719975852,268435456,33554432,8,5368,50001
1512602722020716,1512602722070877,268435456,33554432,8,5351,50161
1512602724114117,1512602724164284,268435456,33554432,8,5350,50167
1512602726210041,1512602726260099,268435456,33554432,8,5362,50058
1512602728302220,1512602728352225,268435456,33554432,8,5368,50005
1512602730395832,1512602730445856,268435456,33554432,8,5366,50024
1512602732490255,1512602732540284,268435456,33554432,8,5365,50029
1512602734583213,1512602734633432,268435456,33554432,8,5345,50219
1512602736678937,1512602736729155,268435456,33554432,8,5345,50218
1512602738772926,1512602738822930,268435456,33554432,8,5368,50004
1512602740865766,1512602740915787,268435456,33554432,8,5366,50021
1512602742960585,1512602743010631,268435456,33554432,8,5363,50046
1512602745052452,1512602745102637,268435456,33554432,8,5348,50185
1512602747147319,1512602747197452,268435456,33554432,8,5354,50133
1512602749241657,1512602749291695,268435456,33554432,8,5364,50038
1512602751335580,1512602751385704,268435456,33554432,8,5355,50124
1512602753428825,1512602753478906,268435456,33554432,8,5360,50081
1512602755523542,1512602755573488,268435456,33554432,8,5374,49946
1512602757617801,1512602757667808,268435456,33554432,8,5367,50007
1512602759713557,1512602759763622,268435456,33554432,8,5361,50065
1512602761809961,1512602761859981,268435456,33554432,8,5366,50020
1512602763903398,1512602763953406,268435456,33554432,8,5367,50008
1512602765996076,1512602766046091,268435456,33554432,8,5367,50015
1512602768089177,1512602768139359,268435456,33554432,8,5349,50182
1512602770182549,1512602770232745,268435456,33554432,8,5347,50196
1512602772275876,1512602772326049,268435456,33554432,8,5350,50173
1512602774370068,1512602774420422,268435456,33554432,8,5330,50354
1512602776465012,1512602776515118,268435456,33554432,8,5357,50106
1512602778557730,1512602778607903,268435456,33554432,8,5350,50173
1512602780650703,1512602780700959,268435456,33554432,8,5341,50256
1512602782745454,1512602782795739,268435456,33554432,8,5338,50285
1512602784839914,1512602784890018,268435456,33554432,8,5357,50104
1512602786934647,1512602786984761,268435456,33554432,8,5356,50114
1512602789028903,1512602789078938,268435456,33554432,8,5364,50035
1512602791123340,1512602791173460,268435456,33554432,8,5355,50120
1512602793219274,1512602793269402,268435456,33554432,8,5355,50128
1512602795311541,1512602795361680,268435456,33554432,8,5353,50139
1512602797406049,1512602797456267,268435456,33554432,8,5345,50218
1512602799499152,1512602799549215,268435456,33554432,8,5361,50063
1512602801594791,1512602801645045,268435456,33554432,8,5341,50254
1512602803688169,1512602803738317,268435456,33554432,8,5352,50148
1512602805782381,1512602805832585,268435456,33554432,8,5346,50204
1512602807875023,1512602807924995,268435456,33554432,8,5371,49972
1512602809968731,1512602810018757,268435456,33554432,8,5365,50026
1512602812060634,1512602812110807,268435456,33554432,8,5350,50173
1512602814153615,1512602814203820,268435456,33554432,8,5346,50205
1512602816248262,1512602816298286,268435456,33554432,8,5366,50024
1512602818341322,1512602818391352,268435456,33554432,8,5365,50030
1512602820433782,1512602820483987,268435456,33554432,8,5346,50205
1512602822527867,1512602822577920,268435456,33554432,8,5363,50053
1512602824622754,1512602824672846,268435456,33554432,8,5358,50092
1512602826716087,1512602826766120,268435456,33554432,8,5365,50033
1512602828809973,1512602828860014,268435456,33554432,8,5364,50041
1512602830904340,1512602830954506,268435456,33554432,8,5350,50166
1512602832998966,1512602833048963,268435456,33554432,8,5369,49997
1512602835093367,1512602835143418,268435456,33554432,8,5363,50051
1512602837188579,1512602837238664,268435456,33554432,8,5359,50085
1512602839282843,1512602839332811,268435456,33554432,8,5372,49968
1512602841377118,1512602841427219,268435456,33554432,8,5357,50101
1512602843469641,1512602843519943,268435456,33554432,8,5336,50302
1512602845561822,1512602845611992,268435456,33554432,8,5350,50170
1512602847655277,1512602847705427,268435456,33554432,8,5352,50150
1512602849748304,1512602849798398,268435456,33554432,8,5358,50094
1512602851843152,1512602851893420,268435456,33554432,8,5340,50268
1512602853936250,1512602853986274,268435456,33554432,8,5366,50024
1512602856031183,1512602856081407,268435456,33554432,8,5344,50224
1512602858123706,1512602858173768,268435456,33554432,8,5362,50062
1512602860218200,1512602860268243,268435456,33554432,8,5364,50043
1512602862311391,1512602862361613,268435456,33554432,8,5344,50222
1512602864404663,1512602864454783,268435456,33554432,8,5355,50120
1512602866498226,1512602866548410,268435456,33554432,8,5349,50184
1512602868591290,1512602868641393,268435456,33554432,8,5357,50103
1512602870687966,1512602870738013,268435456,33554432,8,5363,50047
1512602872781306,1512602872831519,268435456,33554432,8,5345,50213
1512602874874204,1512602874924432,268435456,33554432,8,5344,50228
1512602876966541,1512602877016622,268435456,33554432,8,5360,50081
1512602879060465,1512602879110497,268435456,33554432,8,5365,50032
1512602881154624,1512602881204788,268435456,33554432,8,5351,50164
1512602883248301,1512602883298373,268435456,33554432,8,5360,50072
1512602885341218,1512602885391514,268435456,33554432,8,5337,50296
1512602887433761,1512602887483953,268435456,33554432,8,5348,50192
1512602889527529,1512602889577594,268435456,33554432,8,5361,50065
1512602891622648,1512602891672860,268435456,33554432,8,5346,50212
1512602893714808,1512602893764844,268435456,33554432,8,5364,50036
1512602895807430,1512602895857517,268435456,33554432,8,5359,50087
1512602897899917,1512602897949997,268435456,33554432,8,5360,50080
1512602899992468,1512602900042612,268435456,33554432,8,5353,50144
1512602902086354,1512602902136502,268435456,33554432,8,5352,50148
1512602904179295,1512602904229346,268435456,33554432,8,5363,50051
1512602906274126,1512602906324182,268435456,33554432,8,5362,50056
1512602908368504,1512602908418525,268435456,33554432,8,5366,50021
1512602910462372,1512602910512640,268435456,33554432,8,5340,50268
1512602912554515,1512602912604738,268435456,33554432,8,5344,50223
1512602914647390,1512602914697455,268435456,33554432,8,5361,50065
1512602916741290,1512602916791330,268435456,33554432,8,5364,50040
1512602918833946,1512602918884053,268435456,33554432,8,5357,50107
1512602920928969,1512602920979017,268435456,33554432,8,5363,50048
1512602923021609,1512602923071790,268435456,33554432,8,5349,50181
1512602925114862,1512602925164978,268435456,33554432,8,5356,50116
1512602927208261,1512602927258500,268435456,33554432,8,5343,50239
1512602929302161,1512602929352236,268435456,33554432,8,5360,50075
1512602931395920,1512602931446007,268435456,33554432,8,5359,50087
1512602933489518,1512602933539585,268435456,33554432,8,5361,50067
1512602935583362,1512602935633559,268435456,33554432,8,5347,50197
1512602937677819,1512602937728044,268435456,33554432,8,5344,50225
1512602939771154,1512602939821229,268435456,33554432,8,5360,50075
1512602941864553,1512602941914502,268435456,33554432,8,5374,49949
1512602943962556,1512602944012673,268435456,33554432,8,5356,50117
1512602946055283,1512602946105269,268435456,33554432,8,5370,49986
1512602948148413,1512602948198470,268435456,33554432,8,5362,50057
1512602950241523,1512602950291481,268435456,33554432,8,5373,49958
1512602952335733,1512602952385986,268435456,33554432,8,5341,50253
1512602954427858,1512602954477978,268435456,33554432,8,5355,50120
1512602956521584,1512602956571618,268435456,33554432,8,5365,50034
1512602958616707,1512602958666844,268435456,33554432,8,5354,50137
1512602960711433,1512602960761545,268435456,33554432,8,5356,50112
1512602962807330,1512602962857367,268435456,33554432,8,5364,50037
1512602964900243,1512602964950290,268435456,33554432,8,5363,50047
1512602966993553,1512602967043657,268435456,33554432,8,5357,50104
1512602969088098,1512602969138185,268435456,33554432,8,5359,50087
1512602971180697,1512602971230826,268435456,33554432,8,5354,50129
1512602973276394,1512602973326592,268435456,33554432,8,5347,50198
1512602975371021,1512602975421189,268435456,33554432,8,5350,50168
1512602977465701,1512602977515798,268435456,33554432,8,5358,50097
1512602979558617,1512602979608714,268435456,33554432,8,5358,50097
1512602981651816,1512602981701825,268435456,33554432,8,5367,50009
1512602983745176,1512602983795338,268435456,33554432,8,5351,50162
1512602985838268,1512602985888281,268435456,33554432,8,5367,50013
1512602987931499,1512602987981665,268435456,33554432,8,5350,50166
1512602990029617,1512602990079729,268435456,33554432,8,5356,50112
1512602992124800,1512602992174851,268435456,33554432,8,5363,50051
1512602994218811,1512602994268955,268435456,33554432,8,5353,50144
1512602996311601,1512602996361706,268435456,33554432,8,5357,50105
1512602998404100,1512602998454200,268435456,33554432,8,5357,50100
1512603000496095,1512603000546091,268435456,33554432,8,5369,49996
1512603002590189,1512603002640270,268435456,33554432,8,5360,50081
1512603004684353,1512603004734471,268435456,33554432,8,5356,50118
1512603006778652,1512603006828788,268435456,33554432,8,5354,50136
1512603008873174,1512603008923278,268435456,33554432,8,5357,50104
1512603010967249,1512603011017296,268435456,33554432,8,5363,50047
1512603013060053,1512603013110134,268435456,33554432,8,5360,50081
1512603015154054,1512603015204158,268435456,33554432,8,5357,50104
1512603017247804,1512603017297891,268435456,33554432,8,5359,50087
1512603019342273,1512603019392445,268435456,33554432,8,5350,50172
1512603021435756,1512603021485780,268435456,33554432,8,5366,50024
1512603023529150,1512603023579271,268435456,33554432,8,5355,50121
1512603025623251,1512603025673332,268435456,33554432,8,5360,50081
1512603027716898,1512603027766874,268435456,33554432,8,5371,49976
1512603029809413,1512603029859660,268435456,33554432,8,5342,50247
1512603031903688,1512603031953804,268435456,33554432,8,5356,50116
1512603033998251,1512603034048461,268435456,33554432,8,5346,50210
1512603036091187,1512603036141483,268435456,33554432,8,5337,50296
1512603038186379,1512603038236624,268435456,33554432,8,5342,50245
1512603040281305,1512603040331442,268435456,33554432,8,5354,50137
1512603042374846,1512603042424892,268435456,33554432,8,5363,50046
1512603044467799,1512603044517994,268435456,33554432,8,5347,50195
1512603046561097,1512603046611210,268435456,33554432,8,5356,50113
1512603048654648,1512603048704730,268435456,33554432,8,5359,50082
1512603050747010,1512603050797066,268435456,33554432,8,5362,50056
1512603052841695,1512603052891883,268435456,33554432,8,5348,50188
1512603054936122,1512603054986481,268435456,33554432,8,5330,50359
1512603057029164,1512603057079406,268435456,33554432,8,5342,50242
1512603059122381,1512603059172562,268435456,33554432,8,5349,50181
1512603061216510,1512603061266784,268435456,33554432,8,5339,50274
1512603063310387,1512603063360501,268435456,33554432,8,5356,50114
1512603065408975,1512603065459028,268435456,33554432,8,5363,50053
1512603067504246,1512603067554231,268435456,33554432,8,5370,49985
1512603069599049,1512603069649105,268435456,33554432,8,5362,50056
1512603071692015,1512603071742136,268435456,33554432,8,5355,50121
1512603073785080,1512603073835115,268435456,33554432,8,5364,50035
1512603075879872,1512603075929962,268435456,33554432,8,5359,50090
1512603077976606,1512603078026714,268435456,33554432,8,5357,50108
1512603080072440,1512603080122637,268435456,33554432,8,5347,50197
1512603082166545,1512603082216561,268435456,33554432,8,5366,50016
1512603084260510,1512603084310591,268435456,33554432,8,5360,50081
1512603086353353,1512603086403565,268435456,33554432,8,5346,50212
1512603088447200,1512603088497291,268435456,33554432,8,5358,50091
1512603090540398,1512603090590523,268435456,33554432,8,5355,50125
1512603092638649,1512603092688654,268435456,33554432,8,5368,50005
1512603094732227,1512603094782306,268435456,33554432,8,5360,50079
1512603096826038,1512603096876060,268435456,33554432,8,5366,50022
1512603098918860,1512603098968856,268435456,33554432,8,5369,49996
1512603101012467,1512603101062397,268435456,33554432,8,5376,49930
1512603103106150,1512603103156171,268435456,33554432,8,5366,50021
1512603105198651,1512603105248607,268435456,33554432,8,5373,49956
1512603107292471,1512603107342491,268435456,33554432,8,5366,50020
1512603109385503,1512603109435459,268435456,33554432,8,5373,49956
1512603111478592,1512603111528629,268435456,33554432,8,5364,50037
1512603113573963,1512603113623923,268435456,33554432,8,5373,49960
1512603115666813,1512603115716871,268435456,33554432,8,5362,50058
1512603117759832,1512603117809988,268435456,33554432,8,5352,50156
1512603119853986,1512603119904196,268435456,33554432,8,5346,50210
1512603121947920,1512603121998051,268435456,33554432,8,5354,50131
1512603124042592,1512603124092726,268435456,33554432,8,5354,50134
1512603126136399,1512603126186472,268435456,33554432,8,5360,50073
1512603128230733,1512603128280750,268435456,33554432,8,5366,50017
1512603130326789,1512603130376877,268435456,33554432,8,5359,50088
1512603132419311,1512603132469427,268435456,33554432,8,5356,50116
1512603134514073,1512603134564145,268435456,33554432,8,5360,50072
1512603136608550,1512603136658633,268435456,33554432,8,5359,50083
1512603138701322,1512603138751503,268435456,33554432,8,5349,50181
1512603140794063,1512603140844193,268435456,33554432,8,5354,50130
1512603142888721,1512603142938875,268435456,33554432,8,5352,50154
1512603144984435,1512603145034572,268435456,33554432,8,5354,50137
1512603147085327,1512603147135596,268435456,33554432,8,5339,50269
1512603149182476,1512603149232756,268435456,33554432,8,5338,50280
1512603151275582,1512603151325656,268435456,33554432,8,5360,50074
1512603153371373,1512603153421508,268435456,33554432,8,5354,50135
1512603155465462,1512603155515775,268435456,33554432,8,5335,50313
1512603157558804,1512603157608817,268435456,33554432,8,5367,50013
1512603159653423,1512603159703553,268435456,33554432,8,5354,50130
1512603161747899,1512603161797982,268435456,33554432,8,5359,50083
1512603163843089,1512603163893222,268435456,33554432,8,5354,50133
1512603165935294,1512603165985639,268435456,33554432,8,5331,50345
1512603168029805,1512603168079843,268435456,33554432,8,5364,50038
1512603170125904,1512603170175916,268435456,33554432,8,5367,50012
1512603172219684,1512603172269815,268435456,33554432,8,5354,50131
1512603174316067,1512603174366138,268435456,33554432,8,5361,50071
1512603176409523,1512603176459530,268435456,33554432,8,5367,50007
1512603178504138,1512603178554178,268435456,33554432,8,5364,50040
1512603180599002,1512603180648957,268435456,33554432,8,5373,49955
1512603182693469,1512603182743765,268435456,33554432,8,5337,50296
1512603184787986,1512603184838043,268435456,33554432,8,5362,50057
1512603186879920,1512603186930007,268435456,33554432,8,5359,50087
1512603188973110,1512603189023177,268435456,33554432,8,5361,50067
1512603191067290,1512603191117395,268435456,33554432,8,5357,50105
1512603193161306,1512603193211390,268435456,33554432,8,5359,50084
1512603195255682,1512603195305823,268435456,33554432,8,5353,50141
1512603197350212,1512603197400427,268435456,33554432,8,5345,50215
1512603199445342,1512603199495531,268435456,33554432,8,5348,50189
1512603201538847,1512603201589004,268435456,33554432,8,5351,50157
1512603203633796,1512603203683953,268435456,33554432,8,5351,50157
