1512538701991913,1512538701991917,1024,64,16,256,4
1512538701997292,1512538701997294,1024,64,16,512,2
1512538702002405,1512538702002407,1024,64,16,512,2
1512538702007404,1512538702007406,1024,64,16,512,2
1512538702012314,1512538702012316,1024,64,16,512,2
1512538702017113,1512538702017115,1024,64,16,512,2
1512538702021676,1512538702021678,1024,64,16,512,2
1512538702026005,1512538702026008,1024,64,16,341,3
1512538702030171,1512538702030173,1024,64,16,512,2
1512538702034142,1512538702034144,1024,64,16,512,2
1512538702038119,1512538702038121,1024,64,16,512,2
1512538702042085,1512538702042087,1024,64,16,512,2
1512538702046073,1512538702046075,1024,64,16,512,2
1512538702050026,1512538702050028,1024,64,16,512,2
1512538702053972,1512538702053975,1024,64,16,341,3
1512538702057911,1512538702057913,1024,64,16,512,2
1512538702061874,1512538702061876,1024,64,16,512,2
1512538702065835,1512538702065837,1024,64,16,512,2
1512538702069828,1512538702069831,1024,64,16,341,3
1512538702073826,1512538702073828,1024,64,16,512,2
1512538702077833,1512538702077835,1024,64,16,512,2
1512538702081795,1512538702081797,1024,64,16,512,2
1512538702085761,1512538702085764,1024,64,16,341,3
1512538702089697,1512538702089699,1024,64,16,512,2
1512538702093539,1512538702093541,1024,64,16,512,2
1512538702097392,1512538702097394,1024,64,16,512,2
1512538702101240,1512538702101242,1024,64,16,512,2
1512538702105151,1512538702105153,1024,64,16,512,2
1512538702109040,1512538702109042,1024,64,16,512,2
1512538702112944,1512538702112947,1024,64,16,341,3
1512538702116805,1512538702116807,1024,64,16,512,2
1512538702120659,1512538702120661,1024,64,16,512,2
1512538702124532,1512538702124534,1024,64,16,512,2
1512538702128377,1512538702128380,1024,64,16,341,3
1512538702132234,1512538702132236,1024,64,16,512,2
1512538702136092,1512538702136094,1024,64,16,512,2
1512538702139944,1512538702139946,1024,64,16,512,2
1512538702143803,1512538702143805,1024,64,16,512,2
1512538702147669,1512538702147671,1024,64,16,512,2
1512538702151532,1512538702151534,1024,64,16,512,2
1512538702155410,1512538702155412,1024,64,16,512,2
1512538702159276,1512538702159278,1024,64,16,512,2
1512538702163119,1512538702163121,1024,64,16,512,2
1512538702166961,1512538702166963,1024,64,16,512,2
1512538702170803,1512538702170805,1024,64,16,512,2
1512538702174644,1512538702174646,1024,64,16,512,2
1512538702178543,1512538702178545,1024,64,16,512,2
1512538702182446,1512538702182448,1024,64,16,512,2
1512538702186323,1512538702186325,1024,64,16,512,2
1512538702190180,1512538702190182,1024,64,16,512,2
1512538702194017,1512538702194019,1024,64,16,512,2
1512538702197868,1512538702197870,1024,64,16,512,2
1512538702201713,1512538702201715,1024,64,16,512,2
1512538702205615,1512538702205617,1024,64,16,512,2
1512538702209469,1512538702209471,1024,64,16,512,2
1512538702213296,1512538702213298,1024,64,16,512,2
1512538702217129,1512538702217131,1024,64,16,512,2
1512538702220976,1512538702220978,1024,64,16,512,2
1512538702224820,1512538702224822,1024,64,16,512,2
1512538702228702,1512538702228704,1024,64,16,512,2
1512538702232555,1512538702232557,1024,64,16,512,2
1512538702236401,1512538702236403,1024,64,16,512,2
1512538702240272,1512538702240274,1024,64,16,512,2
1512538702244121,1512538702244123,1024,64,16,512,2
1512538702247964,1512538702247966,1024,64,16,512,2
1512538702251819,1512538702251821,1024,64,16,512,2
1512538702255676,1512538702255678,1024,64,16,512,2
1512538702259506,1512538702259508,1024,64,16,512,2
1512538702263375,1512538702263378,1024,64,16,341,3
1512538702267223,1512538702267226,1024,64,16,341,3
1512538702271142,1512538702271144,1024,64,16,512,2
1512538702275010,1512538702275012,1024,64,16,512,2
1512538702278839,1512538702278841,1024,64,16,512,2
1512538702282688,1512538702282690,1024,64,16,512,2
1512538702286569,1512538702286571,1024,64,16,512,2
1512538702290396,1512538702290398,1024,64,16,512,2
1512538702294343,1512538702294345,1024,64,16,512,2
1512538702298243,1512538702298245,1024,64,16,512,2
1512538702302096,1512538702302098,1024,64,16,512,2
1512538702305936,1512538702305938,1024,64,16,512,2
1512538702309790,1512538702309792,1024,64,16,512,2
1512538702313691,1512538702313693,1024,64,16,512,2
1512538702317578,1512538702317580,1024,64,16,512,2
1512538702321510,1512538702321512,1024,64,16,512,2
1512538702325376,1512538702325378,1024,64,16,512,2
1512538702329260,1512538702329262,1024,64,16,512,2
1512538702333123,1512538702333126,1024,64,16,341,3
1512538702337063,1512538702337065,1024,64,16,512,2
1512538702340999,1512538702341001,1024,64,16,512,2
1512538702344940,1512538702344942,1024,64,16,512,2
1512538702348877,1512538702348879,1024,64,16,512,2
1512538702352834,1512538702352836,1024,64,16,512,2
1512538702356782,1512538702356784,1024,64,16,512,2
1512538702360732,1512538702360734,1024,64,16,512,2
1512538702364676,1512538702364679,1024,64,16,341,3
1512538702368612,1512538702368614,1024,64,16,512,2
1512538702372449,1512538702372452,1024,64,16,341,3
1512538702376351,1512538702376353,1024,64,16,512,2
1512538702380324,1512538702380326,1024,64,16,512,2
1512538702384259,1512538702384261,1024,64,16,512,2
1512538702388115,1512538702388117,1024,64,16,512,2
1512538702391976,1512538702391978,1024,64,16,512,2
1512538702395934,1512538702395936,1024,64,16,512,2
1512538702399899,1512538702399901,1024,64,16,512,2
1512538702403886,1512538702403888,1024,64,16,512,2
1512538702407839,1512538702407842,1024,64,16,341,3
1512538702411778,1512538702411780,1024,64,16,512,2
1512538702415717,1512538702415720,1024,64,16,341,3
1512538702419651,1512538702419654,1024,64,16,341,3
1512538702423581,1512538702423583,1024,64,16,512,2
1512538702427543,1512538702427545,1024,64,16,512,2
1512538702431472,1512538702431474,1024,64,16,512,2
1512538702435386,1512538702435388,1024,64,16,512,2
1512538702439343,1512538702439346,1024,64,16,341,3
1512538702443297,1512538702443299,1024,64,16,512,2
1512538702447240,1512538702447242,1024,64,16,512,2
1512538702451201,1512538702451203,1024,64,16,512,2
1512538702455102,1512538702455105,1024,64,16,341,3
1512538702459056,1512538702459058,1024,64,16,512,2
1512538702463024,1512538702463027,1024,64,16,341,3
1512538702466977,1512538702466980,1024,64,16,341,3
1512538702470939,1512538702470941,1024,64,16,512,2
1512538702474936,1512538702474939,1024,64,16,341,3
1512538702478911,1512538702478913,1024,64,16,512,2
1512538702482880,1512538702482882,1024,64,16,512,2
1512538702486826,1512538702486828,1024,64,16,512,2
1512538702490790,1512538702490792,1024,64,16,512,2
1512538702494737,1512538702494739,1024,64,16,512,2
1512538702498708,1512538702498710,1024,64,16,512,2
1512538702502658,1512538702502661,1024,64,16,341,3
1512538702506617,1512538702506619,1024,64,16,512,2
1512538702510529,1512538702510531,1024,64,16,512,2
1512538702514400,1512538702514403,1024,64,16,341,3
1512538702518271,1512538702518273,1024,64,16,512,2
1512538702522142,1512538702522144,1024,64,16,512,2
1512538702525993,1512538702525995,1024,64,16,512,2
1512538702529953,1512538702529956,1024,64,16,341,3
1512538702533942,1512538702533944,1024,64,16,512,2
1512538702537914,1512538702537916,1024,64,16,512,2
1512538702541856,1512538702541858,1024,64,16,512,2
1512538702545818,1512538702545820,1024,64,16,512,2
1512538702549781,1512538702549783,1024,64,16,512,2
1512538702553755,1512538702553757,1024,64,16,512,2
1512538702557713,1512538702557715,1024,64,16,512,2
1512538702561667,1512538702561669,1024,64,16,512,2
1512538702565551,1512538702565553,1024,64,16,512,2
1512538702569510,1512538702569512,1024,64,16,512,2
1512538702573470,1512538702573472,1024,64,16,512,2
1512538702577430,1512538702577432,1024,64,16,512,2
1512538702581380,1512538702581382,1024,64,16,512,2
1512538702585346,1512538702585349,1024,64,16,341,3
1512538702589293,1512538702589296,1024,64,16,341,3
1512538702593257,1512538702593259,1024,64,16,512,2
1512538702597151,1512538702597153,1024,64,16,512,2
1512538702601068,1512538702601071,1024,64,16,341,3
1512538702605043,1512538702605045,1024,64,16,512,2
1512538702608994,1512538702608996,1024,64,16,512,2
1512538702612960,1512538702612963,1024,64,16,341,3
1512538702616962,1512538702616964,1024,64,16,512,2
1512538702620943,1512538702620945,1024,64,16,512,2
1512538702624920,1512538702624922,1024,64,16,512,2
1512538702628885,1512538702628887,1024,64,16,512,2
1512538702632850,1512538702632853,1024,64,16,341,3
1512538702636794,1512538702636796,1024,64,16,512,2
1512538702640739,1512538702640742,1024,64,16,341,3
1512538702644688,1512538702644690,1024,64,16,512,2
1512538702648632,1512538702648634,1024,64,16,512,2
1512538702652605,1512538702652607,1024,64,16,512,2
1512538702656567,1512538702656569,1024,64,16,512,2
1512538702660475,1512538702660478,1024,64,16,341,3
1512538702664375,1512538702664377,1024,64,16,512,2
1512538702668334,1512538702668336,1024,64,16,512,2
1512538702672165,1512538702672167,1024,64,16,512,2
1512538702676016,1512538702676018,1024,64,16,512,2
1512538702679837,1512538702679839,1024,64,16,512,2
1512538702683686,1512538702683688,1024,64,16,512,2
1512538702687545,1512538702687548,1024,64,16,341,3
1512538702691377,1512538702691380,1024,64,16,341,3
1512538702695225,1512538702695227,1024,64,16,512,2
1512538702699055,1512538702699057,1024,64,16,512,2
1512538702702898,1512538702702901,1024,64,16,341,3
1512538702706743,1512538702706746,1024,64,16,341,3
1512538702710574,1512538702710576,1024,64,16,512,2
1512538702714424,1512538702714426,1024,64,16,512,2
1512538702718268,1512538702718270,1024,64,16,512,2
1512538702722122,1512538702722124,1024,64,16,512,2
1512538702725964,1512538702725966,1024,64,16,512,2
1512538702729839,1512538702729841,1024,64,16,512,2
1512538702733685,1512538702733687,1024,64,16,512,2
1512538702737526,1512538702737528,1024,64,16,512,2
1512538702741390,1512538702741392,1024,64,16,512,2
1512538702745226,1512538702745228,1024,64,16,512,2
1512538702749076,1512538702749079,1024,64,16,341,3
1512538702752929,1512538702752931,1024,64,16,512,2
1512538702756792,1512538702756794,1024,64,16,512,2
1512538702760623,1512538702760625,1024,64,16,512,2
1512538702764475,1512538702764477,1024,64,16,512,2
1512538702768329,1512538702768331,1024,64,16,512,2
1512538702772200,1512538702772202,1024,64,16,512,2
1512538702776072,1512538702776074,1024,64,16,512,2
1512538702779941,1512538702779943,1024,64,16,512,2
1512538702783801,1512538702783803,1024,64,16,512,2
1512538702787653,1512538702787656,1024,64,16,341,3
1512538702791500,1512538702791502,1024,64,16,512,2
1512538702795355,1512538702795357,1024,64,16,512,2
1512538702799251,1512538702799253,1024,64,16,512,2
1512538702803111,1512538702803113,1024,64,16,512,2
1512538702806954,1512538702806956,1024,64,16,512,2
1512538702810800,1512538702810802,1024,64,16,512,2
1512538702814661,1512538702814663,1024,64,16,512,2
1512538702818515,1512538702818517,1024,64,16,512,2
1512538702822354,1512538702822356,1024,64,16,512,2
1512538702826230,1512538702826232,1024,64,16,512,2
1512538702830090,1512538702830092,1024,64,16,512,2
1512538702833938,1512538702833940,1024,64,16,512,2
1512538702837780,1512538702837782,1024,64,16,512,2
1512538702841614,1512538702841616,1024,64,16,512,2
1512538702845429,1512538702845431,1024,64,16,512,2
1512538702849250,1512538702849252,1024,64,16,512,2
1512538702853091,1512538702853093,1024,64,16,512,2
1512538702856940,1512538702856943,1024,64,16,341,3
1512538702860803,1512538702860805,1024,64,16,512,2
1512538702864634,1512538702864636,1024,64,16,512,2
1512538702868472,1512538702868474,1024,64,16,512,2
1512538702872301,1512538702872303,1024,64,16,512,2
1512538702876145,1512538702876147,1024,64,16,512,2
1512538702880002,1512538702880004,1024,64,16,512,2
1512538702883867,1512538702883869,1024,64,16,512,2
1512538702887724,1512538702887727,1024,64,16,341,3
1512538702891575,1512538702891577,1024,64,16,512,2
1512538702895414,1512538702895416,1024,64,16,512,2
1512538702899285,1512538702899287,1024,64,16,512,2
1512538702903154,1512538702903156,1024,64,16,512,2
1512538702907004,1512538702907006,1024,64,16,512,2
1512538702910843,1512538702910845,1024,64,16,512,2
1512538702914655,1512538702914657,1024,64,16,512,2
1512538702918473,1512538702918475,1024,64,16,512,2
1512538702922309,1512538702922311,1024,64,16,512,2
1512538702926163,1512538702926165,1024,64,16,512,2
1512538702930012,1512538702930014,1024,64,16,512,2
1512538702933879,1512538702933881,1024,64,16,512,2
1512538702937745,1512538702937747,1024,64,16,512,2
1512538702941603,1512538702941605,1024,64,16,512,2
1512538702945453,1512538702945455,1024,64,16,512,2
1512538702949303,1512538702949306,1024,64,16,341,3
1512538702953146,1512538702953148,1024,64,16,512,2
1512538702956985,1512538702956987,1024,64,16,512,2
1512538702960839,1512538702960841,1024,64,16,512,2
1512538702964679,1512538702964681,1024,64,16,512,2
1512538702968513,1512538702968515,1024,64,16,512,2
1512538702972379,1512538702972381,1024,64,16,512,2
1512538702976239,1512538702976241,1024,64,16,512,2
1512538702980078,1512538702980080,1024,64,16,512,2
1512538702983949,1512538702983951,1024,64,16,512,2
1512538702987781,1512538702987783,1024,64,16,512,2
1512538702991603,1512538702991605,1024,64,16,512,2
1512538702995446,1512538702995448,1024,64,16,512,2
1512538702999276,1512538702999278,1024,64,16,512,2
1512538703003106,1512538703003108,1024,64,16,512,2
1512538703006952,1512538703006954,1024,64,16,512,2
1512538703010811,1512538703010813,1024,64,16,512,2
1512538703014660,1512538703014662,1024,64,16,512,2
1512538703018529,1512538703018531,1024,64,16,512,2
1512538703022421,1512538703022423,1024,64,16,512,2
1512538703026312,1512538703026314,1024,64,16,512,2
1512538703030192,1512538703030195,1024,64,16,341,3
1512538703034052,1512538703034055,1024,64,16,341,3
1512538703037900,1512538703037902,1024,64,16,512,2
1512538703041734,1512538703041736,1024,64,16,512,2
1512538703045581,1512538703045583,1024,64,16,512,2
1512538703049448,1512538703049450,1024,64,16,512,2
1512538703053304,1512538703053306,1024,64,16,512,2
1512538703057147,1512538703057149,1024,64,16,512,2
1512538703061015,1512538703061017,1024,64,16,512,2
1512538703064838,1512538703064840,1024,64,16,512,2
1512538703068681,1512538703068683,1024,64,16,512,2
1512538703072519,1512538703072521,1024,64,16,512,2
1512538703076364,1512538703076366,1024,64,16,512,2
1512538703080216,1512538703080218,1024,64,16,512,2
1512538703084080,1512538703084082,1024,64,16,512,2
1512538703087927,1512538703087929,1024,64,16,512,2
1512538703091765,1512538703091767,1024,64,16,512,2
1512538703095605,1512538703095607,1024,64,16,512,2
1512538703099450,1512538703099452,1024,64,16,512,2
1512538703103296,1512538703103298,1024,64,16,512,2
1512538703107192,1512538703107194,1024,64,16,512,2
1512538703111069,1512538703111071,1024,64,16,512,2
1512538703114957,1512538703114960,1024,64,16,341,3
1512538703118817,1512538703118819,1024,64,16,512,2
1512538703122685,1512538703122687,1024,64,16,512,2
1512538703126531,1512538703126533,1024,64,16,512,2
1512538703130383,1512538703130386,1024,64,16,341,3
1512538703134231,1512538703134233,1024,64,16,512,2
1512538703138084,1512538703138086,1024,64,16,512,2
1512538703141918,1512538703141920,1024,64,16,512,2
1512538703145775,1512538703145777,1024,64,16,512,2
1512538703149629,1512538703149631,1024,64,16,512,2
1512538703153489,1512538703153491,1024,64,16,512,2
1512538703157329,1512538703157331,1024,64,16,512,2
1512538703161173,1512538703161175,1024,64,16,512,2
1512538703165010,1512538703165012,1024,64,16,512,2
1512538703168843,1512538703168845,1024,64,16,512,2
1512538703172695,1512538703172697,1024,64,16,512,2
1512538703176559,1512538703176561,1024,64,16,512,2
1512538703180408,1512538703180410,1024,64,16,512,2
1512538703184256,1512538703184258,1024,64,16,512,2
1512538703188124,1512538703188126,1024,64,16,512,2
1512538703191992,1512538703191994,1024,64,16,512,2
1512538703195875,1512538703195877,1024,64,16,512,2
1512538703199726,1512538703199728,1024,64,16,512,2
1512538703203571,1512538703203573,1024,64,16,512,2
1512538703207427,1512538703207429,1024,64,16,512,2
1512538703211271,1512538703211273,1024,64,16,512,2
1512538703215150,1512538703215153,1024,64,16,341,3
1512538703219025,1512538703219027,1024,64,16,512,2
1512538703222896,1512538703222898,1024,64,16,512,2
1512538703226747,1512538703226749,1024,64,16,512,2
1512538703230586,1512538703230588,1024,64,16,512,2
1512538703234435,1512538703234437,1024,64,16,512,2
1512538703238292,1512538703238294,1024,64,16,512,2
1512538703242141,1512538703242143,1024,64,16,512,2
1512538703246010,1512538703246012,1024,64,16,512,2
1512538703249870,1512538703249872,1024,64,16,512,2
1512538703253743,1512538703253746,1024,64,16,341,3
1512538703257600,1512538703257602,1024,64,16,512,2
1512538703261460,1512538703261461,1024,64,16,1024,1
1512538703265312,1512538703265314,1024,64,16,512,2
1512538703269160,1512538703269162,1024,64,16,512,2
1512538703272998,1512538703273001,1024,64,16,341,3
1512538703276834,1512538703276836,1024,64,16,512,2
1512538703280673,1512538703280675,1024,64,16,512,2
1512538703284500,1512538703284502,1024,64,16,512,2
1512538703288347,1512538703288350,1024,64,16,341,3
1512538703292195,1512538703292197,1024,64,16,512,2
1512538703296017,1512538703296019,1024,64,16,512,2
1512538703299863,1512538703299865,1024,64,16,512,2
1512538703303709,1512538703303711,1024,64,16,512,2
1512538703307535,1512538703307537,1024,64,16,512,2
1512538703311372,1512538703311374,1024,64,16,512,2
1512538703315210,1512538703315212,1024,64,16,512,2
1512538703319043,1512538703319045,1024,64,16,512,2
1512538703322892,1512538703322894,1024,64,16,512,2
1512538703326735,1512538703326737,1024,64,16,512,2
1512538703330572,1512538703330574,1024,64,16,512,2
1512538703334424,1512538703334426,1024,64,16,512,2
1512538703338261,1512538703338263,1024,64,16,512,2
1512538703342092,1512538703342094,1024,64,16,512,2
1512538703345939,1512538703345941,1024,64,16,512,2
1512538703349801,1512538703349803,1024,64,16,512,2
1512538703353639,1512538703353641,1024,64,16,512,2
1512538703357472,1512538703357474,1024,64,16,512,2
1512538703361298,1512538703361300,1024,64,16,512,2
1512538703365110,1512538703365112,1024,64,16,512,2
1512538703368934,1512538703368936,1024,64,16,512,2
1512538703372750,1512538703372752,1024,64,16,512,2
1512538703376611,1512538703376613,1024,64,16,512,2
1512538703380454,1512538703380456,1024,64,16,512,2
1512538703384275,1512538703384277,1024,64,16,512,2
1512538703388098,1512538703388100,1024,64,16,512,2
1512538703391911,1512538703391913,1024,64,16,512,2
1512538703395734,1512538703395736,1024,64,16,512,2
1512538703399577,1512538703399579,1024,64,16,512,2
1512538703403460,1512538703403462,1024,64,16,512,2
1512538703407335,1512538703407337,1024,64,16,512,2
1512538703411228,1512538703411231,1024,64,16,341,3
1512538703415071,1512538703415073,1024,64,16,512,2
1512538703418923,1512538703418926,1024,64,16,341,3
1512538703422764,1512538703422766,1024,64,16,512,2
1512538703426600,1512538703426602,1024,64,16,512,2
1512538703430446,1512538703430448,1024,64,16,512,2
1512538703434294,1512538703434296,1024,64,16,512,2
1512538703438156,1512538703438159,1024,64,16,341,3
1512538703442010,1512538703442012,1024,64,16,512,2
1512538703445843,1512538703445845,1024,64,16,512,2
1512538703449679,1512538703449681,1024,64,16,512,2
1512538703453514,1512538703453517,1024,64,16,341,3
1512538703457350,1512538703457352,1024,64,16,512,2
1512538703461187,1512538703461190,1024,64,16,341,3
1512538703465048,1512538703465050,1024,64,16,512,2
1512538703468911,1512538703468913,1024,64,16,512,2
1512538703472787,1512538703472789,1024,64,16,512,2
1512538703476635,1512538703476637,1024,64,16,512,2
1512538703480484,1512538703480486,1024,64,16,512,2
1512538703484342,1512538703484344,1024,64,16,512,2
1512538703488185,1512538703488187,1024,64,16,512,2
1512538703492043,1512538703492045,1024,64,16,512,2
1512538703495903,1512538703495905,1024,64,16,512,2
1512538703499754,1512538703499756,1024,64,16,512,2
1512538703503625,1512538703503627,1024,64,16,512,2
1512538703507458,1512538703507460,1024,64,16,512,2
1512538703511292,1512538703511294,1024,64,16,512,2
1512538703515157,1512538703515159,1024,64,16,512,2
1512538703519006,1512538703519008,1024,64,16,512,2
1512538703522854,1512538703522856,1024,64,16,512,2
1512538703526688,1512538703526691,1024,64,16,341,3
1512538703530531,1512538703530533,1024,64,16,512,2
1512538703534367,1512538703534369,1024,64,16,512,2
1512538703538229,1512538703538231,1024,64,16,512,2
1512538703542077,1512538703542079,1024,64,16,512,2
1512538703545939,1512538703545941,1024,64,16,512,2
1512538703549763,1512538703549765,1024,64,16,512,2
1512538703553620,1512538703553622,1024,64,16,512,2
1512538703557473,1512538703557475,1024,64,16,512,2
1512538703561306,1512538703561308,1024,64,16,512,2
1512538703565147,1512538703565149,1024,64,16,512,2
1512538703568980,1512538703568982,1024,64,16,512,2
1512538703572809,1512538703572811,1024,64,16,512,2
1512538703576645,1512538703576647,1024,64,16,512,2
1512538703580470,1512538703580472,1024,64,16,512,2
1512538703584322,1512538703584324,1024,64,16,512,2
1512538703588189,1512538703588191,1024,64,16,512,2
1512538703592052,1512538703592054,1024,64,16,512,2
1512538703595915,1512538703595917,1024,64,16,512,2
1512538703599783,1512538703599785,1024,64,16,512,2
1512538703603646,1512538703603648,1024,64,16,512,2
1512538703607504,1512538703607506,1024,64,16,512,2
1512538703611361,1512538703611363,1024,64,16,512,2
1512538703615194,1512538703615196,1024,64,16,512,2
1512538703619045,1512538703619047,1024,64,16,512,2
1512538703622910,1512538703622912,1024,64,16,512,2
1512538703626755,1512538703626757,1024,64,16,512,2
1512538703630593,1512538703630595,1024,64,16,512,2
1512538703634429,1512538703634431,1024,64,16,512,2
1512538703638286,1512538703638288,1024,64,16,512,2
1512538703642149,1512538703642151,1024,64,16,512,2
1512538703646009,1512538703646011,1024,64,16,512,2
1512538703649871,1512538703649873,1024,64,16,512,2
1512538703653701,1512538703653703,1024,64,16,512,2
1512538703657523,1512538703657525,1024,64,16,512,2
1512538703661359,1512538703661361,1024,64,16,512,2
1512538703665211,1512538703665213,1024,64,16,512,2
1512538703669043,1512538703669045,1024,64,16,512,2
1512538703672881,1512538703672883,1024,64,16,512,2
1512538703676719,1512538703676721,1024,64,16,512,2
1512538703680550,1512538703680552,1024,64,16,512,2
1512538703684387,1512538703684389,1024,64,16,512,2
1512538703688224,1512538703688226,1024,64,16,512,2
1512538703692046,1512538703692048,1024,64,16,512,2
1512538703695879,1512538703695881,1024,64,16,512,2
1512538703699735,1512538703699737,1024,64,16,512,2
1512538703703559,1512538703703562,1024,64,16,341,3
1512538703707380,1512538703707382,1024,64,16,512,2
1512538703711200,1512538703711202,1024,64,16,512,2
1512538703715025,1512538703715027,1024,64,16,512,2
1512538703718870,1512538703718872,1024,64,16,512,2
1512538703722683,1512538703722685,1024,64,16,512,2
1512538703726545,1512538703726547,1024,64,16,512,2
1512538703730396,1512538703730398,1024,64,16,512,2
1512538703734240,1512538703734242,1024,64,16,512,2
1512538703738107,1512538703738109,1024,64,16,512,2
1512538703741961,1512538703741963,1024,64,16,512,2
1512538703745798,1512538703745800,1024,64,16,512,2
1512538703749654,1512538703749657,1024,64,16,341,3
1512538703753496,1512538703753498,1024,64,16,512,2
1512538703757347,1512538703757349,1024,64,16,512,2
1512538703761183,1512538703761186,1024,64,16,341,3
1512538703765022,1512538703765024,1024,64,16,512,2
1512538703768840,1512538703768843,1024,64,16,341,3
1512538703772671,1512538703772673,1024,64,16,512,2
1512538703776516,1512538703776519,1024,64,16,341,3
1512538703780380,1512538703780382,1024,64,16,512,2
1512538703784229,1512538703784231,1024,64,16,512,2
1512538703788083,1512538703788085,1024,64,16,512,2
1512538703791935,1512538703791938,1024,64,16,341,3
1512538703795760,1512538703795762,1024,64,16,512,2
1512538703799602,1512538703799604,1024,64,16,512,2
1512538703803463,1512538703803465,1024,64,16,512,2
1512538703807340,1512538703807342,1024,64,16,512,2
1512538703811209,1512538703811211,1024,64,16,512,2
1512538703815082,1512538703815084,1024,64,16,512,2
1512538703818943,1512538703818945,1024,64,16,512,2
1512538703822814,1512538703822816,1024,64,16,512,2
1512538703826657,1512538703826659,1024,64,16,512,2
1512538703830493,1512538703830495,1024,64,16,512,2
1512538703834336,1512538703834338,1024,64,16,512,2
1512538703838195,1512538703838197,1024,64,16,512,2
1512538703842058,1512538703842060,1024,64,16,512,2
1512538703845919,1512538703845921,1024,64,16,512,2
1512538703849780,1512538703849782,1024,64,16,512,2
1512538703853618,1512538703853620,1024,64,16,512,2
1512538703857469,1512538703857471,1024,64,16,512,2
1512538703861322,1512538703861324,1024,64,16,512,2
1512538703865164,1512538703865166,1024,64,16,512,2
1512538703869005,1512538703869007,1024,64,16,512,2
1512538703872851,1512538703872853,1024,64,16,512,2
1512538703876688,1512538703876690,1024,64,16,512,2
1512538703880527,1512538703880529,1024,64,16,512,2
1512538703884362,1512538703884364,1024,64,16,512,2
1512538703888201,1512538703888203,1024,64,16,512,2
1512538703892045,1512538703892047,1024,64,16,512,2
1512538703895899,1512538703895901,1024,64,16,512,2
1512538703899746,1512538703899748,1024,64,16,512,2
1512538703903590,1512538703903592,1024,64,16,512,2
1512538703907453,1512538703907455,1024,64,16,512,2
1512538703911291,1512538703911293,1024,64,16,512,2
1512538703915142,1512538703915145,1024,64,16,341,3
1512538703918992,1512538703918994,1024,64,16,512,2
1512538703922846,1512538703922848,1024,64,16,512,2
1512538703926693,1512538703926695,1024,64,16,512,2
1512538703930568,1512538703930570,1024,64,16,512,2
1512538703934408,1512538703934411,1024,64,16,341,3
1512538703938268,1512538703938270,1024,64,16,512,2
1512538703942129,1512538703942131,1024,64,16,512,2
1512538703945968,1512538703945970,1024,64,16,512,2
1512538703949805,1512538703949807,1024,64,16,512,2
1512538703953638,1512538703953640,1024,64,16,512,2
1512538703957486,1512538703957488,1024,64,16,512,2
1512538703961325,1512538703961327,1024,64,16,512,2
1512538703965173,1512538703965175,1024,64,16,512,2
1512538703969038,1512538703969039,1024,64,16,1024,1
1512538703972895,1512538703972897,1024,64,16,512,2
1512538703976753,1512538703976755,1024,64,16,512,2
1512538703980594,1512538703980596,1024,64,16,512,2
1512538703984457,1512538703984459,1024,64,16,512,2
1512538703988313,1512538703988315,1024,64,16,512,2
1512538703992150,1512538703992152,1024,64,16,512,2
1512538703995993,1512538703995995,1024,64,16,512,2
1512538703999835,1512538703999837,1024,64,16,512,2
1512538704003689,1512538704003691,1024,64,16,512,2
1512538704007531,1512538704007533,1024,64,16,512,2
1512538704011380,1512538704011382,1024,64,16,512,2
1512538704015204,1512538704015206,1024,64,16,512,2
1512538704019052,1512538704019055,1024,64,16,341,3
1512538704022876,1512538704022878,1024,64,16,512,2
1512538704026706,1512538704026708,1024,64,16,512,2
1512538704030564,1512538704030566,1024,64,16,512,2
1512538704034406,1512538704034408,1024,64,16,512,2
1512538704038255,1512538704038257,1024,64,16,512,2
1512538704042092,1512538704042094,1024,64,16,512,2
1512538704045940,1512538704045942,1024,64,16,512,2
1512538704049775,1512538704049777,1024,64,16,512,2
1512538704053621,1512538704053623,1024,64,16,512,2
1512538704057476,1512538704057478,1024,64,16,512,2
1512538704061324,1512538704061326,1024,64,16,512,2
1512538704065198,1512538704065200,1024,64,16,512,2
1512538704069023,1512538704069025,1024,64,16,512,2
1512538704072879,1512538704072881,1024,64,16,512,2
1512538704076708,1512538704076710,1024,64,16,512,2
1512538704080541,1512538704080543,1024,64,16,512,2
1512538704084409,1512538704084411,1024,64,16,512,2
1512538704088268,1512538704088270,1024,64,16,512,2
1512538704092136,1512538704092138,1024,64,16,512,2
1512538704096000,1512538704096002,1024,64,16,512,2
1512538704099867,1512538704099869,1024,64,16,512,2
1512538704103724,1512538704103726,1024,64,16,512,2
1512538704107579,1512538704107581,1024,64,16,512,2
1512538704111440,1512538704111442,1024,64,16,512,2
1512538704115289,1512538704115291,1024,64,16,512,2
1512538704119157,1512538704119159,1024,64,16,512,2
1512538704123042,1512538704123044,1024,64,16,512,2
1512538704126906,1512538704126908,1024,64,16,512,2
1512538704130769,1512538704130771,1024,64,16,512,2
1512538704134623,1512538704134625,1024,64,16,512,2
1512538704138482,1512538704138484,1024,64,16,512,2
1512538704142365,1512538704142367,1024,64,16,512,2
1512538704146238,1512538704146241,1024,64,16,341,3
1512538704150100,1512538704150102,1024,64,16,512,2
1512538704153959,1512538704153961,1024,64,16,512,2
1512538704157795,1512538704157797,1024,64,16,512,2
1512538704161643,1512538704161645,1024,64,16,512,2
1512538704165498,1512538704165500,1024,64,16,512,2
1512538704169337,1512538704169339,1024,64,16,512,2
1512538704173206,1512538704173208,1024,64,16,512,2
1512538704177060,1512538704177062,1024,64,16,512,2
1512538704180915,1512538704180917,1024,64,16,512,2
1512538704184782,1512538704184784,1024,64,16,512,2
1512538704188648,1512538704188650,1024,64,16,512,2
1512538704192508,1512538704192510,1024,64,16,512,2
1512538704196354,1512538704196356,1024,64,16,512,2
1512538704200201,1512538704200203,1024,64,16,512,2
1512538704204038,1512538704204040,1024,64,16,512,2
1512538704207896,1512538704207898,1024,64,16,512,2
1512538704211743,1512538704211746,1024,64,16,341,3
1512538704215583,1512538704215585,1024,64,16,512,2
1512538704219432,1512538704219434,1024,64,16,512,2
1512538704223262,1512538704223264,1024,64,16,512,2
1512538704227116,1512538704227118,1024,64,16,512,2
1512538704230955,1512538704230957,1024,64,16,512,2
1512538704234805,1512538704234807,1024,64,16,512,2
1512538704238644,1512538704238646,1024,64,16,512,2
1512538704242485,1512538704242487,1024,64,16,512,2
1512538704246343,1512538704246345,1024,64,16,512,2
1512538704250199,1512538704250201,1024,64,16,512,2
1512538704254051,1512538704254054,1024,64,16,341,3
1512538704257892,1512538704257894,1024,64,16,512,2
1512538704261729,1512538704261731,1024,64,16,512,2
1512538704265572,1512538704265574,1024,64,16,512,2
1512538704269426,1512538704269428,1024,64,16,512,2
1512538704273300,1512538704273302,1024,64,16,512,2
1512538704277166,1512538704277168,1024,64,16,512,2
1512538704281036,1512538704281038,1024,64,16,512,2
1512538704284905,1512538704284907,1024,64,16,512,2
1512538704288763,1512538704288766,1024,64,16,341,3
1512538704292618,1512538704292620,1024,64,16,512,2
1512538704296478,1512538704296480,1024,64,16,512,2
1512538704300329,1512538704300331,1024,64,16,512,2
1512538704304168,1512538704304170,1024,64,16,512,2
1512538704308018,1512538704308020,1024,64,16,512,2
1512538704311867,1512538704311870,1024,64,16,341,3
1512538704315745,1512538704315747,1024,64,16,512,2
1512538704319622,1512538704319624,1024,64,16,512,2
1512538704323480,1512538704323482,1024,64,16,512,2
1512538704327323,1512538704327325,1024,64,16,512,2
1512538704331178,1512538704331180,1024,64,16,512,2
1512538704335032,1512538704335034,1024,64,16,512,2
1512538704338898,1512538704338900,1024,64,16,512,2
1512538704342761,1512538704342763,1024,64,16,512,2
1512538704346613,1512538704346615,1024,64,16,512,2
1512538704350474,1512538704350476,1024,64,16,512,2
1512538704354333,1512538704354336,1024,64,16,341,3
1512538704358185,1512538704358187,1024,64,16,512,2
1512538704362054,1512538704362056,1024,64,16,512,2
1512538704365920,1512538704365922,1024,64,16,512,2
1512538704369793,1512538704369795,1024,64,16,512,2
1512538704373689,1512538704373691,1024,64,16,512,2
1512538704377566,1512538704377569,1024,64,16,341,3
1512538704381432,1512538704381434,1024,64,16,512,2
1512538704385301,1512538704385304,1024,64,16,341,3
1512538704389153,1512538704389155,1024,64,16,512,2
1512538704393016,1512538704393018,1024,64,16,512,2
1512538704396873,1512538704396875,1024,64,16,512,2
1512538704400728,1512538704400730,1024,64,16,512,2
1512538704404597,1512538704404599,1024,64,16,512,2
1512538704408447,1512538704408449,1024,64,16,512,2
1512538704412307,1512538704412309,1024,64,16,512,2
1512538704416151,1512538704416153,1024,64,16,512,2
1512538704420006,1512538704420008,1024,64,16,512,2
1512538704423855,1512538704423857,1024,64,16,512,2
1512538704427722,1512538704427724,1024,64,16,512,2
1512538704431575,1512538704431577,1024,64,16,512,2
1512538704435425,1512538704435427,1024,64,16,512,2
1512538704439292,1512538704439294,1024,64,16,512,2
1512538704443151,1512538704443153,1024,64,16,512,2
1512538704447000,1512538704447003,1024,64,16,341,3
1512538704450855,1512538704450857,1024,64,16,512,2
1512538704454731,1512538704454734,1024,64,16,341,3
1512538704458573,1512538704458575,1024,64,16,512,2
1512538704462408,1512538704462410,1024,64,16,512,2
1512538704466256,1512538704466258,1024,64,16,512,2
1512538704470129,1512538704470131,1024,64,16,512,2
1512538704473973,1512538704473976,1024,64,16,341,3
1512538704477827,1512538704477829,1024,64,16,512,2
1512538704481681,1512538704481683,1024,64,16,512,2
1512538704485539,1512538704485541,1024,64,16,512,2
1512538704489374,1512538704489376,1024,64,16,512,2
1512538704493251,1512538704493254,1024,64,16,341,3
1512538704497100,1512538704497102,1024,64,16,512,2
1512538704500936,1512538704500938,1024,64,16,512,2
1512538704504795,1512538704504797,1024,64,16,512,2
1512538704508668,1512538704508670,1024,64,16,512,2
1512538704512530,1512538704512532,1024,64,16,512,2
1512538704516405,1512538704516407,1024,64,16,512,2
1512538704520266,1512538704520269,1024,64,16,341,3
1512538704524114,1512538704524116,1024,64,16,512,2
1512538704527951,1512538704527953,1024,64,16,512,2
1512538704531796,1512538704531798,1024,64,16,512,2
1512538704535639,1512538704535641,1024,64,16,512,2
1512538704539503,1512538704539505,1024,64,16,512,2
1512538704543365,1512538704543367,1024,64,16,512,2
1512538704547212,1512538704547214,1024,64,16,512,2
1512538704551061,1512538704551063,1024,64,16,512,2
1512538704554898,1512538704554900,1024,64,16,512,2
1512538704558736,1512538704558738,1024,64,16,512,2
1512538704562583,1512538704562585,1024,64,16,512,2
1512538704566421,1512538704566423,1024,64,16,512,2
1512538704570276,1512538704570278,1024,64,16,512,2
1512538704574129,1512538704574131,1024,64,16,512,2
1512538704577995,1512538704577998,1024,64,16,341,3
1512538704581855,1512538704581857,1024,64,16,512,2
1512538704585706,1512538704585708,1024,64,16,512,2
1512538704589574,1512538704589576,1024,64,16,512,2
1512538704593407,1512538704593409,1024,64,16,512,2
1512538704597240,1512538704597242,1024,64,16,512,2
1512538704601048,1512538704601050,1024,64,16,512,2
1512538704604885,1512538704604887,1024,64,16,512,2
1512538704608731,1512538704608734,1024,64,16,341,3
1512538704612581,1512538704612583,1024,64,16,512,2
1512538704616447,1512538704616449,1024,64,16,512,2
1512538704620325,1512538704620327,1024,64,16,512,2
1512538704624199,1512538704624201,1024,64,16,512,2
1512538704628063,1512538704628065,1024,64,16,512,2
1512538704631959,1512538704631961,1024,64,16,512,2
1512538704635832,1512538704635834,1024,64,16,512,2
1512538704639678,1512538704639680,1024,64,16,512,2
1512538704643538,1512538704643540,1024,64,16,512,2
1512538704647404,1512538704647406,1024,64,16,512,2
1512538704651298,1512538704651300,1024,64,16,512,2
1512538704655190,1512538704655192,1024,64,16,512,2
1512538704659064,1512538704659066,1024,64,16,512,2
1512538704662936,1512538704662938,1024,64,16,512,2
1512538704666785,1512538704666787,1024,64,16,512,2
1512538704670636,1512538704670639,1024,64,16,341,3
1512538704674506,1512538704674508,1024,64,16,512,2
1512538704678361,1512538704678363,1024,64,16,512,2
1512538704682227,1512538704682229,1024,64,16,512,2
1512538704686096,1512538704686098,1024,64,16,512,2
1512538704689963,1512538704689965,1024,64,16,512,2
1512538704693817,1512538704693819,1024,64,16,512,2
1512538704697680,1512538704697682,1024,64,16,512,2
1512538704701533,1512538704701535,1024,64,16,512,2
1512538704705367,1512538704705370,1024,64,16,341,3
1512538704709204,1512538704709206,1024,64,16,512,2
1512538704713052,1512538704713054,1024,64,16,512,2
1512538704716921,1512538704716923,1024,64,16,512,2
1512538704720762,1512538704720764,1024,64,16,512,2
1512538704724621,1512538704724623,1024,64,16,512,2
1512538704728452,1512538704728454,1024,64,16,512,2
1512538704732281,1512538704732283,1024,64,16,512,2
1512538704736117,1512538704736119,1024,64,16,512,2
1512538704739962,1512538704739965,1024,64,16,341,3
1512538704743797,1512538704743800,1024,64,16,341,3
1512538704747631,1512538704747633,1024,64,16,512,2
1512538704751472,1512538704751474,1024,64,16,512,2
1512538704755323,1512538704755325,1024,64,16,512,2
1512538704759160,1512538704759162,1024,64,16,512,2
1512538704762997,1512538704762999,1024,64,16,512,2
1512538704766839,1512538704766841,1024,64,16,512,2
1512538704770679,1512538704770681,1024,64,16,512,2
1512538704774498,1512538704774500,1024,64,16,512,2
1512538704778341,1512538704778344,1024,64,16,341,3
1512538704782199,1512538704782201,1024,64,16,512,2
1512538704786037,1512538704786039,1024,64,16,512,2
1512538704789875,1512538704789877,1024,64,16,512,2
1512538704793732,1512538704793734,1024,64,16,512,2
1512538704797569,1512538704797571,1024,64,16,512,2
1512538704801400,1512538704801402,1024,64,16,512,2
1512538704805241,1512538704805243,1024,64,16,512,2
1512538704809099,1512538704809101,1024,64,16,512,2
1512538704812969,1512538704812971,1024,64,16,512,2
1512538704816807,1512538704816809,1024,64,16,512,2
1512538704820663,1512538704820666,1024,64,16,341,3
1512538704824510,1512538704824512,1024,64,16,512,2
1512538704828348,1512538704828351,1024,64,16,341,3
1512538704832220,1512538704832222,1024,64,16,512,2
1512538704836083,1512538704836085,1024,64,16,512,2
1512538704839930,1512538704839932,1024,64,16,512,2
1512538704843800,1512538704843802,1024,64,16,512,2
1512538704847662,1512538704847664,1024,64,16,512,2
1512538704851513,1512538704851515,1024,64,16,512,2
1512538704855391,1512538704855393,1024,64,16,512,2
1512538704859263,1512538704859265,1024,64,16,512,2
1512538704863134,1512538704863136,1024,64,16,512,2
1512538704867004,1512538704867006,1024,64,16,512,2
1512538704870854,1512538704870856,1024,64,16,512,2
1512538704874696,1512538704874699,1024,64,16,341,3
1512538704878526,1512538704878528,1024,64,16,512,2
1512538704882371,1512538704882373,1024,64,16,512,2
1512538704886224,1512538704886226,1024,64,16,512,2
1512538704890083,1512538704890085,1024,64,16,512,2
1512538704893935,1512538704893937,1024,64,16,512,2
1512538704897822,1512538704897824,1024,64,16,512,2
1512538704901701,1512538704901703,1024,64,16,512,2
1512538704905566,1512538704905568,1024,64,16,512,2
1512538704909444,1512538704909446,1024,64,16,512,2
1512538704913292,1512538704913294,1024,64,16,512,2
1512538704917147,1512538704917150,1024,64,16,341,3
1512538704921004,1512538704921007,1024,64,16,341,3
1512538704924866,1512538704924868,1024,64,16,512,2
1512538704928720,1512538704928722,1024,64,16,512,2
1512538704932573,1512538704932576,1024,64,16,341,3
1512538704936447,1512538704936449,1024,64,16,512,2
1512538704940299,1512538704940301,1024,64,16,512,2
1512538704944160,1512538704944162,1024,64,16,512,2
1512538704948011,1512538704948013,1024,64,16,512,2
1512538704951850,1512538704951852,1024,64,16,512,2
1512538704955701,1512538704955703,1024,64,16,512,2
1512538704959559,1512538704959561,1024,64,16,512,2
1512538704963427,1512538704963429,1024,64,16,512,2
1512538704967298,1512538704967300,1024,64,16,512,2
1512538704971139,1512538704971141,1024,64,16,512,2
1512538704974990,1512538704974992,1024,64,16,512,2
1512538704978856,1512538704978858,1024,64,16,512,2
1512538704982722,1512538704982724,1024,64,16,512,2
1512538704986571,1512538704986573,1024,64,16,512,2
1512538704990411,1512538704990413,1024,64,16,512,2
1512538704994246,1512538704994248,1024,64,16,512,2
1512538704998122,1512538704998124,1024,64,16,512,2
1512538705001975,1512538705001977,1024,64,16,512,2
1512538705005844,1512538705005846,1024,64,16,512,2
1512538705009703,1512538705009705,1024,64,16,512,2
1512538705013568,1512538705013570,1024,64,16,512,2
1512538705017420,1512538705017422,1024,64,16,512,2
1512538705021282,1512538705021284,1024,64,16,512,2
1512538705025146,1512538705025148,1024,64,16,512,2
1512538705029012,1512538705029014,1024,64,16,512,2
1512538705032862,1512538705032864,1024,64,16,512,2
1512538705036723,1512538705036725,1024,64,16,512,2
1512538705040605,1512538705040607,1024,64,16,512,2
1512538705044474,1512538705044476,1024,64,16,512,2
1512538705048339,1512538705048341,1024,64,16,512,2
1512538705052197,1512538705052199,1024,64,16,512,2
1512538705056038,1512538705056040,1024,64,16,512,2
1512538705059893,1512538705059896,1024,64,16,341,3
1512538705063740,1512538705063742,1024,64,16,512,2
1512538705067596,1512538705067598,1024,64,16,512,2
1512538705071461,1512538705071463,1024,64,16,512,2
1512538705075329,1512538705075331,1024,64,16,512,2
1512538705079200,1512538705079202,1024,64,16,512,2
1512538705083066,1512538705083069,1024,64,16,341,3
1512538705086924,1512538705086926,1024,64,16,512,2
1512538705090775,1512538705090778,1024,64,16,341,3
1512538705094599,1512538705094601,1024,64,16,512,2
1512538705098429,1512538705098431,1024,64,16,512,2
1512538705102267,1512538705102269,1024,64,16,512,2
1512538705106107,1512538705106110,1024,64,16,341,3
1512538705109993,1512538705109996,1024,64,16,341,3
1512538705113834,1512538705113836,1024,64,16,512,2
1512538705117672,1512538705117674,1024,64,16,512,2
1512538705121510,1512538705121512,1024,64,16,512,2
1512538705125339,1512538705125341,1024,64,16,512,2
1512538705129178,1512538705129180,1024,64,16,512,2
1512538705133000,1512538705133002,1024,64,16,512,2
1512538705136861,1512538705136863,1024,64,16,512,2
1512538705140710,1512538705140712,1024,64,16,512,2
1512538705144552,1512538705144554,1024,64,16,512,2
1512538705148380,1512538705148382,1024,64,16,512,2
1512538705152231,1512538705152233,1024,64,16,512,2
1512538705156083,1512538705156085,1024,64,16,512,2
1512538705159946,1512538705159948,1024,64,16,512,2
1512538705163796,1512538705163798,1024,64,16,512,2
1512538705167624,1512538705167626,1024,64,16,512,2
1512538705171505,1512538705171507,1024,64,16,512,2
1512538705175370,1512538705175372,1024,64,16,512,2
1512538705179215,1512538705179217,1024,64,16,512,2
1512538705183078,1512538705183080,1024,64,16,512,2
1512538705186928,1512538705186930,1024,64,16,512,2
1512538705190790,1512538705190792,1024,64,16,512,2
1512538705194650,1512538705194652,1024,64,16,512,2
1512538705198498,1512538705198500,1024,64,16,512,2
1512538705202359,1512538705202361,1024,64,16,512,2
1512538705206217,1512538705206219,1024,64,16,512,2
1512538705210066,1512538705210068,1024,64,16,512,2
1512538705213917,1512538705213920,1024,64,16,341,3
1512538705217759,1512538705217761,1024,64,16,512,2
1512538705221617,1512538705221619,1024,64,16,512,2
1512538705225471,1512538705225473,1024,64,16,512,2
1512538705229316,1512538705229318,1024,64,16,512,2
1512538705233168,1512538705233170,1024,64,16,512,2
1512538705237031,1512538705237033,1024,64,16,512,2
1512538705240885,1512538705240887,1024,64,16,512,2
1512538705244731,1512538705244733,1024,64,16,512,2
1512538705248588,1512538705248590,1024,64,16,512,2
1512538705252451,1512538705252453,1024,64,16,512,2
1512538705256330,1512538705256333,1024,64,16,341,3
1512538705260192,1512538705260194,1024,64,16,512,2
1512538705264056,1512538705264058,1024,64,16,512,2
1512538705267896,1512538705267898,1024,64,16,512,2
1512538705271743,1512538705271745,1024,64,16,512,2
1512538705275598,1512538705275600,1024,64,16,512,2
1512538705279468,1512538705279470,1024,64,16,512,2
1512538705283316,1512538705283318,1024,64,16,512,2
1512538705287152,1512538705287155,1024,64,16,341,3
1512538705291028,1512538705291030,1024,64,16,512,2
1512538705294919,1512538705294921,1024,64,16,512,2
1512538705298786,1512538705298788,1024,64,16,512,2
1512538705302661,1512538705302663,1024,64,16,512,2
1512538705306551,1512538705306554,1024,64,16,341,3
1512538705310426,1512538705310429,1024,64,16,341,3
1512538705314305,1512538705314307,1024,64,16,512,2
1512538705318160,1512538705318162,1024,64,16,512,2
1512538705322033,1512538705322036,1024,64,16,341,3
1512538705325894,1512538705325896,1024,64,16,512,2
1512538705329760,1512538705329762,1024,64,16,512,2
1512538705333642,1512538705333644,1024,64,16,512,2
1512538705337501,1512538705337504,1024,64,16,341,3
1512538705341360,1512538705341362,1024,64,16,512,2
1512538705345222,1512538705345224,1024,64,16,512,2
1512538705349085,1512538705349087,1024,64,16,512,2
1512538705352934,1512538705352936,1024,64,16,512,2
1512538705356782,1512538705356784,1024,64,16,512,2
1512538705360622,1512538705360624,1024,64,16,512,2
1512538705364462,1512538705364464,1024,64,16,512,2
1512538705368312,1512538705368314,1024,64,16,512,2
1512538705372148,1512538705372150,1024,64,16,512,2
1512538705375990,1512538705375992,1024,64,16,512,2
1512538705379839,1512538705379841,1024,64,16,512,2
1512538705383723,1512538705383725,1024,64,16,512,2
1512538705387586,1512538705387588,1024,64,16,512,2
1512538705391447,1512538705391449,1024,64,16,512,2
1512538705395323,1512538705395326,1024,64,16,341,3
1512538705399208,1512538705399211,1024,64,16,341,3
1512538705403066,1512538705403068,1024,64,16,512,2
1512538705406944,1512538705406946,1024,64,16,512,2
1512538705410814,1512538705410817,1024,64,16,341,3
1512538705414682,1512538705414684,1024,64,16,512,2
1512538705418535,1512538705418537,1024,64,16,512,2
1512538705422389,1512538705422391,1024,64,16,512,2
1512538705426242,1512538705426244,1024,64,16,512,2
1512538705430113,1512538705430115,1024,64,16,512,2
1512538705433969,1512538705433971,1024,64,16,512,2
1512538705437833,1512538705437836,1024,64,16,341,3
1512538705441661,1512538705441663,1024,64,16,512,2
1512538705445512,1512538705445514,1024,64,16,512,2
1512538705449369,1512538705449372,1024,64,16,341,3
1512538705453226,1512538705453228,1024,64,16,512,2
1512538705457085,1512538705457087,1024,64,16,512,2
1512538705460954,1512538705460957,1024,64,16,341,3
1512538705464816,1512538705464818,1024,64,16,512,2
1512538705468684,1512538705468686,1024,64,16,512,2
1512538705472543,1512538705472545,1024,64,16,512,2
1512538705476412,1512538705476414,1024,64,16,512,2
1512538705480263,1512538705480265,1024,64,16,512,2
1512538705484112,1512538705484114,1024,64,16,512,2
1512538705487959,1512538705487961,1024,64,16,512,2
1512538705491828,1512538705491830,1024,64,16,512,2
1512538705495695,1512538705495697,1024,64,16,512,2
1512538705499568,1512538705499570,1024,64,16,512,2
1512538705503436,1512538705503438,1024,64,16,512,2
1512538705507297,1512538705507299,1024,64,16,512,2
1512538705511151,1512538705511153,1024,64,16,512,2
1512538705515013,1512538705515015,1024,64,16,512,2
1512538705518877,1512538705518880,1024,64,16,341,3
1512538705522763,1512538705522765,1024,64,16,512,2
1512538705526618,1512538705526620,1024,64,16,512,2
1512538705530489,1512538705530491,1024,64,16,512,2
1512538705534350,1512538705534352,1024,64,16,512,2
1512538705538237,1512538705538239,1024,64,16,512,2
1512538705542103,1512538705542105,1024,64,16,512,2
1512538705545938,1512538705545941,1024,64,16,341,3
1512538705549806,1512538705549808,1024,64,16,512,2
1512538705553673,1512538705553676,1024,64,16,341,3
1512538705557538,1512538705557540,1024,64,16,512,2
1512538705561400,1512538705561403,1024,64,16,341,3
1512538705565273,1512538705565275,1024,64,16,512,2
1512538705569139,1512538705569141,1024,64,16,512,2
1512538705573023,1512538705573025,1024,64,16,512,2
1512538705576898,1512538705576900,1024,64,16,512,2
1512538705580773,1512538705580775,1024,64,16,512,2
1512538705584631,1512538705584633,1024,64,16,512,2
1512538705588490,1512538705588492,1024,64,16,512,2
1512538705592367,1512538705592369,1024,64,16,512,2
1512538705596241,1512538705596243,1024,64,16,512,2
1512538705600098,1512538705600100,1024,64,16,512,2
1512538705603933,1512538705603935,1024,64,16,512,2
1512538705607751,1512538705607754,1024,64,16,341,3
1512538705611598,1512538705611600,1024,64,16,512,2
1512538705615451,1512538705615453,1024,64,16,512,2
1512538705619331,1512538705619333,1024,64,16,512,2
1512538705623204,1512538705623206,1024,64,16,512,2
1512538705627060,1512538705627062,1024,64,16,512,2
1512538705630933,1512538705630935,1024,64,16,512,2
1512538705634797,1512538705634799,1024,64,16,512,2
1512538705638657,1512538705638659,1024,64,16,512,2
1512538705642484,1512538705642486,1024,64,16,512,2
1512538705646342,1512538705646344,1024,64,16,512,2
1512538705650211,1512538705650213,1024,64,16,512,2
1512538705654085,1512538705654087,1024,64,16,512,2
1512538705657957,1512538705657959,1024,64,16,512,2
1512538705661832,1512538705661834,1024,64,16,512,2
1512538705665700,1512538705665702,1024,64,16,512,2
1512538705669557,1512538705669559,1024,64,16,512,2
1512538705673414,1512538705673417,1024,64,16,341,3
1512538705677273,1512538705677275,1024,64,16,512,2
1512538705681135,1512538705681137,1024,64,16,512,2
1512538705685007,1512538705685009,1024,64,16,512,2
1512538705688862,1512538705688864,1024,64,16,512,2
1512538705692721,1512538705692723,1024,64,16,512,2
1512538705696589,1512538705696592,1024,64,16,341,3
1512538705700420,1512538705700422,1024,64,16,512,2
1512538705704271,1512538705704273,1024,64,16,512,2
1512538705708116,1512538705708118,1024,64,16,512,2
1512538705711967,1512538705711969,1024,64,16,512,2
1512538705715815,1512538705715817,1024,64,16,512,2
1512538705719671,1512538705719673,1024,64,16,512,2
1512538705723529,1512538705723531,1024,64,16,512,2
1512538705727396,1512538705727399,1024,64,16,341,3
1512538705731262,1512538705731264,1024,64,16,512,2
1512538705735126,1512538705735128,1024,64,16,512,2
1512538705738984,1512538705738986,1024,64,16,512,2
1512538705742825,1512538705742827,1024,64,16,512,2
1512538705746706,1512538705746708,1024,64,16,512,2
1512538705750566,1512538705750568,1024,64,16,512,2
1512538705754458,1512538705754460,1024,64,16,512,2
1512538705758312,1512538705758314,1024,64,16,512,2
1512538705762173,1512538705762175,1024,64,16,512,2
1512538705766026,1512538705766028,1024,64,16,512,2
1512538705769888,1512538705769890,1024,64,16,512,2
1512538705773720,1512538705773722,1024,64,16,512,2
1512538705777574,1512538705777576,1024,64,16,512,2
1512538705781431,1512538705781433,1024,64,16,512,2
1512538705785274,1512538705785276,1024,64,16,512,2
1512538705789117,1512538705789120,1024,64,16,341,3
1512538705792966,1512538705792968,1024,64,16,512,2
1512538705796844,1512538705796846,1024,64,16,512,2
1512538705800713,1512538705800715,1024,64,16,512,2
1512538705804550,1512538705804552,1024,64,16,512,2
1512538705808385,1512538705808388,1024,64,16,341,3
1512538705812225,1512538705812227,1024,64,16,512,2
1512538705816070,1512538705816073,1024,64,16,341,3
1512538705819917,1512538705819919,1024,64,16,512,2
1512538705823749,1512538705823752,1024,64,16,341,3
1512538705827588,1512538705827590,1024,64,16,512,2
1512538705831440,1512538705831442,1024,64,16,512,2
1512538705835295,1512538705835297,1024,64,16,512,2
1512538705839141,1512538705839143,1024,64,16,512,2
1512538705842993,1512538705842995,1024,64,16,512,2
1512538705846868,1512538705846870,1024,64,16,512,2
1512538705850746,1512538705850748,1024,64,16,512,2
1512538705854601,1512538705854603,1024,64,16,512,2
1512538705858452,1512538705858454,1024,64,16,512,2
