1512767900320523,1512767900320526,1024,64,16,341,3
1512767900325754,1512767900325756,1024,64,16,512,2
1512767900330789,1512767900330792,1024,64,16,341,3
1512767900335781,1512767900335783,1024,64,16,512,2
1512767900340629,1512767900340630,1024,64,16,1024,1
1512767900345161,1512767900345164,1024,64,16,341,3
1512767900349455,1512767900349457,1024,64,16,512,2
1512767900353575,1512767900353577,1024,64,16,512,2
1512767900357530,1512767900357532,1024,64,16,512,2
1512767900361500,1512767900361503,1024,64,16,341,3
1512767900365497,1512767900365500,1024,64,16,341,3
1512767900369473,1512767900369476,1024,64,16,341,3
1512767900373448,1512767900373450,1024,64,16,512,2
1512767900377417,1512767900377420,1024,64,16,341,3
1512767900381365,1512767900381368,1024,64,16,341,3
1512767900385326,1512767900385328,1024,64,16,512,2
1512767900389275,1512767900389278,1024,64,16,341,3
1512767900393213,1512767900393215,1024,64,16,512,2
1512767900397153,1512767900397156,1024,64,16,341,3
1512767900401111,1512767900401113,1024,64,16,512,2
1512767900405074,1512767900405076,1024,64,16,512,2
1512767900409034,1512767900409036,1024,64,16,512,2
1512767900412998,1512767900413000,1024,64,16,512,2
1512767900416930,1512767900416932,1024,64,16,512,2
1512767900420784,1512767900420787,1024,64,16,341,3
1512767900424657,1512767900424659,1024,64,16,512,2
1512767900428543,1512767900428545,1024,64,16,512,2
1512767900432396,1512767900432398,1024,64,16,512,2
1512767900436303,1512767900436305,1024,64,16,512,2
1512767900440158,1512767900440160,1024,64,16,512,2
1512767900444075,1512767900444077,1024,64,16,512,2
1512767900447976,1512767900447978,1024,64,16,512,2
1512767900451822,1512767900451824,1024,64,16,512,2
1512767900455720,1512767900455722,1024,64,16,512,2
1512767900459625,1512767900459627,1024,64,16,512,2
1512767900463498,1512767900463500,1024,64,16,512,2
1512767900467355,1512767900467357,1024,64,16,512,2
1512767900471256,1512767900471258,1024,64,16,512,2
1512767900475123,1512767900475125,1024,64,16,512,2
1512767900479035,1512767900479037,1024,64,16,512,2
1512767900482909,1512767900482911,1024,64,16,512,2
1512767900486827,1512767900486829,1024,64,16,512,2
1512767900490737,1512767900490739,1024,64,16,512,2
1512767900494600,1512767900494602,1024,64,16,512,2
1512767900498458,1512767900498461,1024,64,16,341,3
1512767900502378,1512767900502381,1024,64,16,341,3
1512767900506281,1512767900506283,1024,64,16,512,2
1512767900510203,1512767900510205,1024,64,16,512,2
1512767900514158,1512767900514160,1024,64,16,512,2
1512767900518094,1512767900518096,1024,64,16,512,2
1512767900521955,1512767900521957,1024,64,16,512,2
1512767900525809,1512767900525811,1024,64,16,512,2
1512767900529668,1512767900529670,1024,64,16,512,2
1512767900533539,1512767900533541,1024,64,16,512,2
1512767900537394,1512767900537396,1024,64,16,512,2
1512767900541277,1512767900541279,1024,64,16,512,2
1512767900545212,1512767900545215,1024,64,16,341,3
1512767900549119,1512767900549121,1024,64,16,512,2
1512767900552984,1512767900552986,1024,64,16,512,2
1512767900556852,1512767900556854,1024,64,16,512,2
1512767900560719,1512767900560722,1024,64,16,341,3
1512767900564596,1512767900564598,1024,64,16,512,2
1512767900568470,1512767900568472,1024,64,16,512,2
1512767900572326,1512767900572329,1024,64,16,341,3
1512767900576180,1512767900576182,1024,64,16,512,2
1512767900580032,1512767900580034,1024,64,16,512,2
1512767900583903,1512767900583905,1024,64,16,512,2
1512767900587773,1512767900587775,1024,64,16,512,2
1512767900591647,1512767900591650,1024,64,16,341,3
1512767900595509,1512767900595511,1024,64,16,512,2
1512767900599378,1512767900599380,1024,64,16,512,2
1512767900603235,1512767900603237,1024,64,16,512,2
1512767900607100,1512767900607102,1024,64,16,512,2
1512767900610993,1512767900610995,1024,64,16,512,2
1512767900614842,1512767900614844,1024,64,16,512,2
1512767900618694,1512767900618696,1024,64,16,512,2
1512767900622557,1512767900622559,1024,64,16,512,2
1512767900626409,1512767900626411,1024,64,16,512,2
1512767900630276,1512767900630278,1024,64,16,512,2
1512767900634182,1512767900634184,1024,64,16,512,2
1512767900638050,1512767900638053,1024,64,16,341,3
1512767900641931,1512767900641933,1024,64,16,512,2
1512767900645792,1512767900645794,1024,64,16,512,2
1512767900649688,1512767900649690,1024,64,16,512,2
1512767900653563,1512767900653565,1024,64,16,512,2
1512767900657441,1512767900657444,1024,64,16,341,3
1512767900661297,1512767900661299,1024,64,16,512,2
1512767900665153,1512767900665155,1024,64,16,512,2
1512767900669008,1512767900669010,1024,64,16,512,2
1512767900672872,1512767900672874,1024,64,16,512,2
1512767900676744,1512767900676746,1024,64,16,512,2
1512767900680591,1512767900680593,1024,64,16,512,2
1512767900684440,1512767900684442,1024,64,16,512,2
1512767900688298,1512767900688301,1024,64,16,341,3
1512767900692154,1512767900692156,1024,64,16,512,2
1512767900696015,1512767900696017,1024,64,16,512,2
1512767900699859,1512767900699861,1024,64,16,512,2
1512767900703728,1512767900703731,1024,64,16,341,3
1512767900707562,1512767900707564,1024,64,16,512,2
1512767900711401,1512767900711403,1024,64,16,512,2
1512767900715249,1512767900715251,1024,64,16,512,2
1512767900719102,1512767900719104,1024,64,16,512,2
1512767900722965,1512767900722967,1024,64,16,512,2
1512767900726823,1512767900726826,1024,64,16,341,3
1512767900730699,1512767900730701,1024,64,16,512,2
1512767900734571,1512767900734573,1024,64,16,512,2
1512767900738432,1512767900738435,1024,64,16,341,3
1512767900742280,1512767900742283,1024,64,16,341,3
1512767900746117,1512767900746119,1024,64,16,512,2
1512767900749972,1512767900749974,1024,64,16,512,2
1512767900753825,1512767900753827,1024,64,16,512,2
1512767900757690,1512767900757693,1024,64,16,341,3
1512767900761523,1512767900761525,1024,64,16,512,2
1512767900765376,1512767900765378,1024,64,16,512,2
1512767900769233,1512767900769235,1024,64,16,512,2
1512767900773082,1512767900773084,1024,64,16,512,2
1512767900776947,1512767900776949,1024,64,16,512,2
1512767900780796,1512767900780798,1024,64,16,512,2
1512767900784664,1512767900784666,1024,64,16,512,2
1512767900788507,1512767900788509,1024,64,16,512,2
1512767900792384,1512767900792386,1024,64,16,512,2
1512767900796247,1512767900796249,1024,64,16,512,2
1512767900800117,1512767900800119,1024,64,16,512,2
1512767900803992,1512767900803994,1024,64,16,512,2
1512767900807885,1512767900807887,1024,64,16,512,2
1512767900811780,1512767900811782,1024,64,16,512,2
1512767900815666,1512767900815668,1024,64,16,512,2
1512767900819559,1512767900819561,1024,64,16,512,2
1512767900823427,1512767900823429,1024,64,16,512,2
1512767900827311,1512767900827313,1024,64,16,512,2
1512767900831192,1512767900831194,1024,64,16,512,2
1512767900835092,1512767900835095,1024,64,16,341,3
1512767900838971,1512767900838973,1024,64,16,512,2
1512767900842836,1512767900842838,1024,64,16,512,2
1512767900846706,1512767900846708,1024,64,16,512,2
1512767900850590,1512767900850592,1024,64,16,512,2
1512767900854530,1512767900854532,1024,64,16,512,2
1512767900858424,1512767900858426,1024,64,16,512,2
1512767900862379,1512767900862382,1024,64,16,341,3
1512767900866249,1512767900866251,1024,64,16,512,2
1512767900870139,1512767900870141,1024,64,16,512,2
1512767900874036,1512767900874038,1024,64,16,512,2
1512767900877906,1512767900877908,1024,64,16,512,2
1512767900881782,1512767900881784,1024,64,16,512,2
1512767900885637,1512767900885639,1024,64,16,512,2
1512767900889508,1512767900889510,1024,64,16,512,2
1512767900893352,1512767900893354,1024,64,16,512,2
1512767900897225,1512767900897227,1024,64,16,512,2
1512767900901131,1512767900901134,1024,64,16,341,3
1512767900905003,1512767900905005,1024,64,16,512,2
1512767900908854,1512767900908856,1024,64,16,512,2
1512767900912774,1512767900912777,1024,64,16,341,3
1512767900916690,1512767900916692,1024,64,16,512,2
1512767900920612,1512767900920614,1024,64,16,512,2
1512767900924476,1512767900924478,1024,64,16,512,2
1512767900928357,1512767900928360,1024,64,16,341,3
1512767900932250,1512767900932252,1024,64,16,512,2
1512767900936105,1512767900936107,1024,64,16,512,2
1512767900939953,1512767900939956,1024,64,16,341,3
1512767900943808,1512767900943810,1024,64,16,512,2
1512767900947683,1512767900947685,1024,64,16,512,2
1512767900951527,1512767900951529,1024,64,16,512,2
1512767900955396,1512767900955398,1024,64,16,512,2
1512767900959283,1512767900959285,1024,64,16,512,2
1512767900963160,1512767900963162,1024,64,16,512,2
1512767900967057,1512767900967059,1024,64,16,512,2
1512767900970944,1512767900970946,1024,64,16,512,2
1512767900974806,1512767900974808,1024,64,16,512,2
1512767900978663,1512767900978665,1024,64,16,512,2
1512767900982509,1512767900982512,1024,64,16,341,3
1512767900986371,1512767900986373,1024,64,16,512,2
1512767900990226,1512767900990228,1024,64,16,512,2
1512767900994087,1512767900994090,1024,64,16,341,3
1512767900997930,1512767900997933,1024,64,16,341,3
1512767901001774,1512767901001776,1024,64,16,512,2
1512767901005636,1512767901005638,1024,64,16,512,2
1512767901009591,1512767901009593,1024,64,16,512,2
1512767901013507,1512767901013509,1024,64,16,512,2
1512767901017378,1512767901017380,1024,64,16,512,2
1512767901021295,1512767901021297,1024,64,16,512,2
1512767901025148,1512767901025150,1024,64,16,512,2
1512767901029018,1512767901029020,1024,64,16,512,2
1512767901032925,1512767901032927,1024,64,16,512,2
1512767901036902,1512767901036905,1024,64,16,341,3
1512767901040791,1512767901040793,1024,64,16,512,2
1512767901044636,1512767901044639,1024,64,16,341,3
1512767901048497,1512767901048499,1024,64,16,512,2
1512767901052399,1512767901052401,1024,64,16,512,2
1512767901056228,1512767901056230,1024,64,16,512,2
1512767901060065,1512767901060067,1024,64,16,512,2
1512767901063966,1512767901063968,1024,64,16,512,2
1512767901067829,1512767901067831,1024,64,16,512,2
1512767901071686,1512767901071688,1024,64,16,512,2
1512767901075547,1512767901075549,1024,64,16,512,2
1512767901079398,1512767901079400,1024,64,16,512,2
1512767901083283,1512767901083285,1024,64,16,512,2
1512767901087172,1512767901087174,1024,64,16,512,2
1512767901091108,1512767901091110,1024,64,16,512,2
1512767901094965,1512767901094968,1024,64,16,341,3
1512767901098859,1512767901098861,1024,64,16,512,2
1512767901102739,1512767901102741,1024,64,16,512,2
1512767901106623,1512767901106625,1024,64,16,512,2
1512767901110504,1512767901110506,1024,64,16,512,2
1512767901114369,1512767901114371,1024,64,16,512,2
1512767901118234,1512767901118236,1024,64,16,512,2
1512767901122169,1512767901122172,1024,64,16,341,3
1512767901126038,1512767901126040,1024,64,16,512,2
1512767901129911,1512767901129913,1024,64,16,512,2
1512767901133761,1512767901133763,1024,64,16,512,2
1512767901137649,1512767901137651,1024,64,16,512,2
1512767901141567,1512767901141569,1024,64,16,512,2
1512767901145431,1512767901145434,1024,64,16,341,3
1512767901149284,1512767901149287,1024,64,16,341,3
1512767901153136,1512767901153138,1024,64,16,512,2
1512767901157043,1512767901157046,1024,64,16,341,3
1512767901160879,1512767901160881,1024,64,16,512,2
1512767901164741,1512767901164743,1024,64,16,512,2
1512767901168621,1512767901168624,1024,64,16,341,3
1512767901172498,1512767901172500,1024,64,16,512,2
1512767901176363,1512767901176365,1024,64,16,512,2
1512767901180221,1512767901180223,1024,64,16,512,2
1512767901184076,1512767901184078,1024,64,16,512,2
1512767901187932,1512767901187934,1024,64,16,512,2
1512767901191789,1512767901191791,1024,64,16,512,2
1512767901195647,1512767901195649,1024,64,16,512,2
1512767901199516,1512767901199519,1024,64,16,341,3
1512767901203370,1512767901203372,1024,64,16,512,2
1512767901207229,1512767901207231,1024,64,16,512,2
1512767901211079,1512767901211081,1024,64,16,512,2
1512767901214932,1512767901214935,1024,64,16,341,3
1512767901218788,1512767901218791,1024,64,16,341,3
1512767901222638,1512767901222640,1024,64,16,512,2
1512767901226508,1512767901226510,1024,64,16,512,2
1512767901230377,1512767901230379,1024,64,16,512,2
1512767901234267,1512767901234269,1024,64,16,512,2
1512767901238137,1512767901238139,1024,64,16,512,2
1512767901241986,1512767901241988,1024,64,16,512,2
1512767901245851,1512767901245853,1024,64,16,512,2
1512767901249777,1512767901249779,1024,64,16,512,2
1512767901253663,1512767901253665,1024,64,16,512,2
1512767901257581,1512767901257583,1024,64,16,512,2
1512767901261451,1512767901261453,1024,64,16,512,2
1512767901265304,1512767901265306,1024,64,16,512,2
1512767901269144,1512767901269146,1024,64,16,512,2
1512767901272993,1512767901272995,1024,64,16,512,2
1512767901276837,1512767901276839,1024,64,16,512,2
1512767901280668,1512767901280670,1024,64,16,512,2
1512767901284509,1512767901284511,1024,64,16,512,2
1512767901288355,1512767901288357,1024,64,16,512,2
1512767901292205,1512767901292207,1024,64,16,512,2
1512767901296073,1512767901296075,1024,64,16,512,2
1512767901299944,1512767901299946,1024,64,16,512,2
1512767901303810,1512767901303812,1024,64,16,512,2
1512767901307677,1512767901307679,1024,64,16,512,2
1512767901311523,1512767901311525,1024,64,16,512,2
1512767901315416,1512767901315418,1024,64,16,512,2
1512767901319274,1512767901319276,1024,64,16,512,2
1512767901323142,1512767901323145,1024,64,16,341,3
1512767901326993,1512767901326995,1024,64,16,512,2
1512767901330851,1512767901330853,1024,64,16,512,2
1512767901334701,1512767901334703,1024,64,16,512,2
1512767901338553,1512767901338555,1024,64,16,512,2
1512767901342411,1512767901342414,1024,64,16,341,3
1512767901346266,1512767901346268,1024,64,16,512,2
1512767901350140,1512767901350142,1024,64,16,512,2
1512767901354014,1512767901354016,1024,64,16,512,2
1512767901357861,1512767901357863,1024,64,16,512,2
1512767901361720,1512767901361723,1024,64,16,341,3
1512767901365563,1512767901365565,1024,64,16,512,2
1512767901369429,1512767901369432,1024,64,16,341,3
1512767901373322,1512767901373324,1024,64,16,512,2
1512767901377192,1512767901377194,1024,64,16,512,2
1512767901381069,1512767901381071,1024,64,16,512,2
1512767901384929,1512767901384931,1024,64,16,512,2
1512767901388808,1512767901388810,1024,64,16,512,2
1512767901392678,1512767901392680,1024,64,16,512,2
1512767901396527,1512767901396529,1024,64,16,512,2
1512767901400390,1512767901400392,1024,64,16,512,2
1512767901404241,1512767901404243,1024,64,16,512,2
1512767901408090,1512767901408092,1024,64,16,512,2
1512767901411938,1512767901411939,1024,64,16,1024,1
1512767901415807,1512767901415809,1024,64,16,512,2
1512767901419661,1512767901419663,1024,64,16,512,2
1512767901423514,1512767901423516,1024,64,16,512,2
1512767901427360,1512767901427362,1024,64,16,512,2
1512767901431210,1512767901431212,1024,64,16,512,2
1512767901435062,1512767901435064,1024,64,16,512,2
1512767901438925,1512767901438927,1024,64,16,512,2
1512767901442791,1512767901442793,1024,64,16,512,2
1512767901446652,1512767901446656,1024,64,16,256,4
1512767901450517,1512767901450519,1024,64,16,512,2
1512767901454377,1512767901454379,1024,64,16,512,2
1512767901458237,1512767901458239,1024,64,16,512,2
1512767901462119,1512767901462122,1024,64,16,341,3
1512767901465994,1512767901465997,1024,64,16,341,3
1512767901469872,1512767901469875,1024,64,16,341,3
1512767901473735,1512767901473737,1024,64,16,512,2
1512767901477593,1512767901477595,1024,64,16,512,2
1512767901481443,1512767901481445,1024,64,16,512,2
1512767901485296,1512767901485298,1024,64,16,512,2
1512767901489163,1512767901489165,1024,64,16,512,2
1512767901493023,1512767901493025,1024,64,16,512,2
1512767901496881,1512767901496883,1024,64,16,512,2
1512767901500749,1512767901500751,1024,64,16,512,2
1512767901504585,1512767901504588,1024,64,16,341,3
1512767901508434,1512767901508436,1024,64,16,512,2
1512767901512280,1512767901512282,1024,64,16,512,2
1512767901516135,1512767901516137,1024,64,16,512,2
1512767901520001,1512767901520004,1024,64,16,341,3
1512767901523867,1512767901523870,1024,64,16,341,3
1512767901527745,1512767901527748,1024,64,16,341,3
1512767901531618,1512767901531620,1024,64,16,512,2
1512767901535477,1512767901535479,1024,64,16,512,2
1512767901539333,1512767901539336,1024,64,16,341,3
1512767901543188,1512767901543190,1024,64,16,512,2
1512767901547054,1512767901547056,1024,64,16,512,2
1512767901550939,1512767901550941,1024,64,16,512,2
1512767901554803,1512767901554805,1024,64,16,512,2
1512767901558651,1512767901558653,1024,64,16,512,2
1512767901562519,1512767901562522,1024,64,16,341,3
1512767901566406,1512767901566408,1024,64,16,512,2
1512767901570309,1512767901570311,1024,64,16,512,2
1512767901574180,1512767901574182,1024,64,16,512,2
1512767901578068,1512767901578070,1024,64,16,512,2
1512767901581956,1512767901581958,1024,64,16,512,2
1512767901585847,1512767901585849,1024,64,16,512,2
1512767901589733,1512767901589735,1024,64,16,512,2
1512767901593626,1512767901593628,1024,64,16,512,2
1512767901597475,1512767901597477,1024,64,16,512,2
1512767901601349,1512767901601351,1024,64,16,512,2
1512767901605223,1512767901605225,1024,64,16,512,2
1512767901609091,1512767901609093,1024,64,16,512,2
1512767901612954,1512767901612956,1024,64,16,512,2
1512767901616819,1512767901616821,1024,64,16,512,2
1512767901620686,1512767901620688,1024,64,16,512,2
1512767901624545,1512767901624547,1024,64,16,512,2
1512767901628394,1512767901628396,1024,64,16,512,2
1512767901632258,1512767901632260,1024,64,16,512,2
1512767901636107,1512767901636109,1024,64,16,512,2
1512767901639958,1512767901639960,1024,64,16,512,2
1512767901643863,1512767901643865,1024,64,16,512,2
1512767901647746,1512767901647748,1024,64,16,512,2
1512767901651616,1512767901651618,1024,64,16,512,2
1512767901655492,1512767901655494,1024,64,16,512,2
1512767901659353,1512767901659355,1024,64,16,512,2
1512767901663227,1512767901663229,1024,64,16,512,2
1512767901667106,1512767901667109,1024,64,16,341,3
1512767901670963,1512767901670965,1024,64,16,512,2
1512767901674839,1512767901674842,1024,64,16,341,3
1512767901678687,1512767901678689,1024,64,16,512,2
1512767901682548,1512767901682550,1024,64,16,512,2
1512767901686402,1512767901686404,1024,64,16,512,2
1512767901690272,1512767901690274,1024,64,16,512,2
1512767901694153,1512767901694155,1024,64,16,512,2
1512767901698014,1512767901698016,1024,64,16,512,2
1512767901701885,1512767901701888,1024,64,16,341,3
1512767901705750,1512767901705752,1024,64,16,512,2
1512767901709621,1512767901709623,1024,64,16,512,2
1512767901713489,1512767901713491,1024,64,16,512,2
1512767901717368,1512767901717371,1024,64,16,341,3
1512767901721231,1512767901721233,1024,64,16,512,2
1512767901725087,1512767901725089,1024,64,16,512,2
1512767901728971,1512767901728973,1024,64,16,512,2
1512767901732860,1512767901732862,1024,64,16,512,2
1512767901736762,1512767901736764,1024,64,16,512,2
1512767901740640,1512767901740642,1024,64,16,512,2
1512767901744512,1512767901744514,1024,64,16,512,2
1512767901748369,1512767901748371,1024,64,16,512,2
1512767901752220,1512767901752222,1024,64,16,512,2
1512767901756075,1512767901756078,1024,64,16,341,3
1512767901759915,1512767901759917,1024,64,16,512,2
1512767901763772,1512767901763774,1024,64,16,512,2
1512767901767636,1512767901767638,1024,64,16,512,2
1512767901771486,1512767901771489,1024,64,16,341,3
1512767901775358,1512767901775360,1024,64,16,512,2
1512767901779235,1512767901779237,1024,64,16,512,2
1512767901783105,1512767901783108,1024,64,16,341,3
1512767901786986,1512767901786989,1024,64,16,341,3
1512767901790868,1512767901790869,1024,64,16,1024,1
1512767901794753,1512767901794755,1024,64,16,512,2
1512767901798637,1512767901798639,1024,64,16,512,2
1512767901802504,1512767901802506,1024,64,16,512,2
1512767901806364,1512767901806366,1024,64,16,512,2
1512767901810229,1512767901810231,1024,64,16,512,2
1512767901814085,1512767901814087,1024,64,16,512,2
1512767901817956,1512767901817958,1024,64,16,512,2
1512767901821823,1512767901821825,1024,64,16,512,2
1512767901825684,1512767901825687,1024,64,16,341,3
1512767901829549,1512767901829551,1024,64,16,512,2
1512767901833423,1512767901833425,1024,64,16,512,2
1512767901837290,1512767901837292,1024,64,16,512,2
1512767901841139,1512767901841141,1024,64,16,512,2
1512767901845014,1512767901845016,1024,64,16,512,2
1512767901848894,1512767901848896,1024,64,16,512,2
1512767901852795,1512767901852797,1024,64,16,512,2
1512767901856670,1512767901856672,1024,64,16,512,2
1512767901860515,1512767901860517,1024,64,16,512,2
1512767901864391,1512767901864393,1024,64,16,512,2
1512767901868266,1512767901868268,1024,64,16,512,2
1512767901872166,1512767901872168,1024,64,16,512,2
1512767901876069,1512767901876071,1024,64,16,512,2
1512767901879976,1512767901879978,1024,64,16,512,2
1512767901883851,1512767901883853,1024,64,16,512,2
1512767901887733,1512767901887735,1024,64,16,512,2
1512767901891604,1512767901891607,1024,64,16,341,3
1512767901895475,1512767901895477,1024,64,16,512,2
1512767901899343,1512767901899345,1024,64,16,512,2
1512767901903210,1512767901903212,1024,64,16,512,2
1512767901907074,1512767901907076,1024,64,16,512,2
1512767901910944,1512767901910946,1024,64,16,512,2
1512767901914821,1512767901914824,1024,64,16,341,3
1512767901918704,1512767901918706,1024,64,16,512,2
1512767901922580,1512767901922582,1024,64,16,512,2
1512767901926449,1512767901926451,1024,64,16,512,2
1512767901930329,1512767901930331,1024,64,16,512,2
1512767901934208,1512767901934211,1024,64,16,341,3
1512767901938094,1512767901938096,1024,64,16,512,2
1512767901942004,1512767901942006,1024,64,16,512,2
1512767901945905,1512767901945907,1024,64,16,512,2
1512767901949816,1512767901949818,1024,64,16,512,2
1512767901953698,1512767901953700,1024,64,16,512,2
1512767901957585,1512767901957587,1024,64,16,512,2
1512767901961497,1512767901961499,1024,64,16,512,2
1512767901965384,1512767901965386,1024,64,16,512,2
1512767901969280,1512767901969282,1024,64,16,512,2
1512767901973165,1512767901973167,1024,64,16,512,2
1512767901977052,1512767901977055,1024,64,16,341,3
1512767901980932,1512767901980934,1024,64,16,512,2
1512767901984780,1512767901984782,1024,64,16,512,2
1512767901988641,1512767901988643,1024,64,16,512,2
1512767901992502,1512767901992504,1024,64,16,512,2
1512767901996368,1512767901996370,1024,64,16,512,2
1512767902000228,1512767902000230,1024,64,16,512,2
1512767902004097,1512767902004099,1024,64,16,512,2
1512767902007959,1512767902007961,1024,64,16,512,2
1512767902011821,1512767902011823,1024,64,16,512,2
1512767902015651,1512767902015653,1024,64,16,512,2
1512767902019510,1512767902019512,1024,64,16,512,2
1512767902023369,1512767902023371,1024,64,16,512,2
1512767902027220,1512767902027222,1024,64,16,512,2
1512767902031064,1512767902031066,1024,64,16,512,2
1512767902034914,1512767902034916,1024,64,16,512,2
1512767902038752,1512767902038754,1024,64,16,512,2
1512767902042594,1512767902042596,1024,64,16,512,2
1512767902046442,1512767902046444,1024,64,16,512,2
1512767902050299,1512767902050301,1024,64,16,512,2
1512767902054150,1512767902054152,1024,64,16,512,2
1512767902057988,1512767902057990,1024,64,16,512,2
1512767902061846,1512767902061848,1024,64,16,512,2
1512767902065698,1512767902065700,1024,64,16,512,2
1512767902069548,1512767902069551,1024,64,16,341,3
1512767902073392,1512767902073394,1024,64,16,512,2
1512767902077256,1512767902077258,1024,64,16,512,2
1512767902081127,1512767902081129,1024,64,16,512,2
1512767902084990,1512767902084992,1024,64,16,512,2
1512767902088839,1512767902088841,1024,64,16,512,2
1512767902092714,1512767902092717,1024,64,16,341,3
1512767902096570,1512767902096572,1024,64,16,512,2
1512767902100434,1512767902100436,1024,64,16,512,2
1512767902104299,1512767902104301,1024,64,16,512,2
1512767902108152,1512767902108154,1024,64,16,512,2
1512767902112016,1512767902112018,1024,64,16,512,2
1512767902115876,1512767902115878,1024,64,16,512,2
1512767902119728,1512767902119730,1024,64,16,512,2
1512767902123585,1512767902123587,1024,64,16,512,2
1512767902127428,1512767902127430,1024,64,16,512,2
1512767902131285,1512767902131287,1024,64,16,512,2
1512767902135148,1512767902135150,1024,64,16,512,2
1512767902139008,1512767902139010,1024,64,16,512,2
1512767902142890,1512767902142892,1024,64,16,512,2
1512767902146786,1512767902146788,1024,64,16,512,2
1512767902150676,1512767902150678,1024,64,16,512,2
1512767902154551,1512767902154553,1024,64,16,512,2
1512767902158425,1512767902158427,1024,64,16,512,2
1512767902162300,1512767902162303,1024,64,16,341,3
1512767902166158,1512767902166160,1024,64,16,512,2
1512767902170025,1512767902170027,1024,64,16,512,2
1512767902173906,1512767902173908,1024,64,16,512,2
1512767902177781,1512767902177783,1024,64,16,512,2
1512767902181663,1512767902181665,1024,64,16,512,2
1512767902185531,1512767902185533,1024,64,16,512,2
1512767902189400,1512767902189402,1024,64,16,512,2
1512767902193265,1512767902193268,1024,64,16,341,3
1512767902197183,1512767902197186,1024,64,16,341,3
1512767902201066,1512767902201068,1024,64,16,512,2
1512767902204955,1512767902204957,1024,64,16,512,2
1512767902208853,1512767902208855,1024,64,16,512,2
1512767902212723,1512767902212725,1024,64,16,512,2
1512767902216581,1512767902216583,1024,64,16,512,2
1512767902220444,1512767902220446,1024,64,16,512,2
1512767902224311,1512767902224313,1024,64,16,512,2
1512767902228194,1512767902228196,1024,64,16,512,2
1512767902232058,1512767902232060,1024,64,16,512,2
1512767902235921,1512767902235923,1024,64,16,512,2
1512767902239798,1512767902239800,1024,64,16,512,2
1512767902243641,1512767902243643,1024,64,16,512,2
1512767902247491,1512767902247493,1024,64,16,512,2
1512767902251367,1512767902251369,1024,64,16,512,2
1512767902255227,1512767902255229,1024,64,16,512,2
1512767902259090,1512767902259092,1024,64,16,512,2
1512767902262944,1512767902262946,1024,64,16,512,2
1512767902266781,1512767902266783,1024,64,16,512,2
1512767902270627,1512767902270629,1024,64,16,512,2
1512767902274464,1512767902274466,1024,64,16,512,2
1512767902278320,1512767902278322,1024,64,16,512,2
1512767902282174,1512767902282176,1024,64,16,512,2
1512767902286026,1512767902286028,1024,64,16,512,2
1512767902289875,1512767902289877,1024,64,16,512,2
1512767902293730,1512767902293732,1024,64,16,512,2
1512767902297586,1512767902297588,1024,64,16,512,2
1512767902301427,1512767902301430,1024,64,16,341,3
1512767902305265,1512767902305267,1024,64,16,512,2
1512767902309129,1512767902309131,1024,64,16,512,2
1512767902312954,1512767902312956,1024,64,16,512,2
1512767902316811,1512767902316813,1024,64,16,512,2
1512767902320671,1512767902320673,1024,64,16,512,2
1512767902324523,1512767902324525,1024,64,16,512,2
1512767902328383,1512767902328386,1024,64,16,341,3
1512767902332245,1512767902332248,1024,64,16,341,3
1512767902336131,1512767902336133,1024,64,16,512,2
1512767902339991,1512767902339993,1024,64,16,512,2
1512767902343852,1512767902343854,1024,64,16,512,2
1512767902347725,1512767902347728,1024,64,16,341,3
1512767902351585,1512767902351587,1024,64,16,512,2
1512767902355439,1512767902355441,1024,64,16,512,2
1512767902359278,1512767902359280,1024,64,16,512,2
1512767902363125,1512767902363127,1024,64,16,512,2
1512767902366977,1512767902366979,1024,64,16,512,2
1512767902370814,1512767902370816,1024,64,16,512,2
1512767902374660,1512767902374662,1024,64,16,512,2
1512767902378503,1512767902378505,1024,64,16,512,2
1512767902382338,1512767902382341,1024,64,16,341,3
1512767902386174,1512767902386176,1024,64,16,512,2
1512767902390019,1512767902390021,1024,64,16,512,2
1512767902393870,1512767902393872,1024,64,16,512,2
1512767902397735,1512767902397737,1024,64,16,512,2
1512767902401585,1512767902401587,1024,64,16,512,2
1512767902405448,1512767902405451,1024,64,16,341,3
1512767902409310,1512767902409312,1024,64,16,512,2
1512767902413160,1512767902413163,1024,64,16,341,3
1512767902417033,1512767902417035,1024,64,16,512,2
1512767902420901,1512767902420903,1024,64,16,512,2
1512767902424764,1512767902424766,1024,64,16,512,2
1512767902428638,1512767902428640,1024,64,16,512,2
1512767902432509,1512767902432511,1024,64,16,512,2
1512767902436359,1512767902436361,1024,64,16,512,2
1512767902440200,1512767902440202,1024,64,16,512,2
1512767902444061,1512767902444063,1024,64,16,512,2
1512767902447920,1512767902447922,1024,64,16,512,2
1512767902451792,1512767902451794,1024,64,16,512,2
1512767902455637,1512767902455639,1024,64,16,512,2
1512767902459489,1512767902459491,1024,64,16,512,2
1512767902463343,1512767902463345,1024,64,16,512,2
1512767902467178,1512767902467180,1024,64,16,512,2
1512767902471014,1512767902471016,1024,64,16,512,2
1512767902474860,1512767902474862,1024,64,16,512,2
1512767902478704,1512767902478706,1024,64,16,512,2
1512767902482563,1512767902482566,1024,64,16,341,3
1512767902486411,1512767902486413,1024,64,16,512,2
1512767902490309,1512767902490312,1024,64,16,341,3
1512767902494157,1512767902494159,1024,64,16,512,2
1512767902498018,1512767902498020,1024,64,16,512,2
1512767902501879,1512767902501881,1024,64,16,512,2
1512767902505739,1512767902505741,1024,64,16,512,2
1512767902509591,1512767902509593,1024,64,16,512,2
1512767902513437,1512767902513439,1024,64,16,512,2
1512767902517301,1512767902517304,1024,64,16,341,3
1512767902521139,1512767902521141,1024,64,16,512,2
1512767902524975,1512767902524977,1024,64,16,512,2
1512767902528828,1512767902528830,1024,64,16,512,2
1512767902532702,1512767902532704,1024,64,16,512,2
1512767902536559,1512767902536561,1024,64,16,512,2
1512767902540420,1512767902540422,1024,64,16,512,2
1512767902544263,1512767902544265,1024,64,16,512,2
1512767902548116,1512767902548118,1024,64,16,512,2
1512767902552003,1512767902552005,1024,64,16,512,2
1512767902555872,1512767902555874,1024,64,16,512,2
1512767902559739,1512767902559742,1024,64,16,341,3
1512767902563608,1512767902563610,1024,64,16,512,2
1512767902567486,1512767902567488,1024,64,16,512,2
1512767902571323,1512767902571326,1024,64,16,341,3
1512767902575191,1512767902575193,1024,64,16,512,2
1512767902579056,1512767902579058,1024,64,16,512,2
1512767902582901,1512767902582903,1024,64,16,512,2
1512767902586767,1512767902586770,1024,64,16,341,3
1512767902590629,1512767902590631,1024,64,16,512,2
1512767902594475,1512767902594477,1024,64,16,512,2
1512767902598343,1512767902598345,1024,64,16,512,2
1512767902602212,1512767902602214,1024,64,16,512,2
1512767902606061,1512767902606064,1024,64,16,341,3
1512767902609928,1512767902609930,1024,64,16,512,2
1512767902613789,1512767902613791,1024,64,16,512,2
1512767902617649,1512767902617651,1024,64,16,512,2
1512767902621509,1512767902621511,1024,64,16,512,2
1512767902625377,1512767902625379,1024,64,16,512,2
1512767902629241,1512767902629243,1024,64,16,512,2
1512767902633107,1512767902633109,1024,64,16,512,2
1512767902636950,1512767902636952,1024,64,16,512,2
1512767902640810,1512767902640812,1024,64,16,512,2
1512767902644660,1512767902644663,1024,64,16,341,3
1512767902648503,1512767902648505,1024,64,16,512,2
1512767902652362,1512767902652364,1024,64,16,512,2
1512767902656212,1512767902656214,1024,64,16,512,2
1512767902660051,1512767902660053,1024,64,16,512,2
1512767902663902,1512767902663904,1024,64,16,512,2
1512767902667761,1512767902667763,1024,64,16,512,2
1512767902671622,1512767902671624,1024,64,16,512,2
1512767902675504,1512767902675506,1024,64,16,512,2
1512767902679388,1512767902679390,1024,64,16,512,2
1512767902683248,1512767902683250,1024,64,16,512,2
1512767902687112,1512767902687114,1024,64,16,512,2
1512767902690981,1512767902690984,1024,64,16,341,3
1512767902694816,1512767902694818,1024,64,16,512,2
1512767902698661,1512767902698663,1024,64,16,512,2
1512767902702527,1512767902702529,1024,64,16,512,2
1512767902706374,1512767902706376,1024,64,16,512,2
1512767902710234,1512767902710236,1024,64,16,512,2
1512767902714090,1512767902714092,1024,64,16,512,2
1512767902717942,1512767902717944,1024,64,16,512,2
1512767902721817,1512767902721819,1024,64,16,512,2
1512767902725689,1512767902725691,1024,64,16,512,2
1512767902729540,1512767902729542,1024,64,16,512,2
1512767902733382,1512767902733384,1024,64,16,512,2
1512767902737244,1512767902737246,1024,64,16,512,2
1512767902741126,1512767902741128,1024,64,16,512,2
1512767902744977,1512767902744979,1024,64,16,512,2
1512767902748835,1512767902748837,1024,64,16,512,2
1512767902752696,1512767902752699,1024,64,16,341,3
1512767902756545,1512767902756547,1024,64,16,512,2
1512767902760386,1512767902760388,1024,64,16,512,2
1512767902764241,1512767902764243,1024,64,16,512,2
1512767902768086,1512767902768088,1024,64,16,512,2
1512767902771930,1512767902771932,1024,64,16,512,2
1512767902775799,1512767902775801,1024,64,16,512,2
1512767902779671,1512767902779673,1024,64,16,512,2
1512767902783549,1512767902783552,1024,64,16,341,3
1512767902787407,1512767902787409,1024,64,16,512,2
1512767902791263,1512767902791265,1024,64,16,512,2
1512767902795134,1512767902795136,1024,64,16,512,2
1512767902799007,1512767902799009,1024,64,16,512,2
1512767902802858,1512767902802860,1024,64,16,512,2
1512767902806739,1512767902806741,1024,64,16,512,2
1512767902810595,1512767902810597,1024,64,16,512,2
1512767902814470,1512767902814472,1024,64,16,512,2
1512767902818353,1512767902818355,1024,64,16,512,2
1512767902822236,1512767902822238,1024,64,16,512,2
1512767902826102,1512767902826104,1024,64,16,512,2
1512767902829977,1512767902829979,1024,64,16,512,2
1512767902833874,1512767902833876,1024,64,16,512,2
1512767902837738,1512767902837740,1024,64,16,512,2
1512767902841600,1512767902841602,1024,64,16,512,2
1512767902845466,1512767902845468,1024,64,16,512,2
1512767902849321,1512767902849323,1024,64,16,512,2
1512767902853214,1512767902853216,1024,64,16,512,2
1512767902857062,1512767902857064,1024,64,16,512,2
1512767902860926,1512767902860928,1024,64,16,512,2
1512767902864782,1512767902864784,1024,64,16,512,2
1512767902868659,1512767902868661,1024,64,16,512,2
1512767902872518,1512767902872520,1024,64,16,512,2
1512767902876431,1512767902876433,1024,64,16,512,2
1512767902880326,1512767902880328,1024,64,16,512,2
1512767902884195,1512767902884197,1024,64,16,512,2
1512767902888083,1512767902888086,1024,64,16,341,3
1512767902891969,1512767902891971,1024,64,16,512,2
1512767902895830,1512767902895833,1024,64,16,341,3
1512767902899687,1512767902899690,1024,64,16,341,3
1512767902903547,1512767902903550,1024,64,16,341,3
1512767902907396,1512767902907398,1024,64,16,512,2
1512767902911251,1512767902911253,1024,64,16,512,2
1512767902915092,1512767902915094,1024,64,16,512,2
1512767902918952,1512767902918954,1024,64,16,512,2
1512767902922814,1512767902922816,1024,64,16,512,2
1512767902926692,1512767902926694,1024,64,16,512,2
1512767902930553,1512767902930555,1024,64,16,512,2
1512767902934410,1512767902934412,1024,64,16,512,2
1512767902938278,1512767902938280,1024,64,16,512,2
1512767902942129,1512767902942131,1024,64,16,512,2
1512767902945998,1512767902946000,1024,64,16,512,2
1512767902949867,1512767902949870,1024,64,16,341,3
1512767902953723,1512767902953725,1024,64,16,512,2
1512767902957587,1512767902957590,1024,64,16,341,3
1512767902961481,1512767902961484,1024,64,16,341,3
1512767902965331,1512767902965333,1024,64,16,512,2
1512767902969199,1512767902969201,1024,64,16,512,2
1512767902973060,1512767902973062,1024,64,16,512,2
1512767902976910,1512767902976912,1024,64,16,512,2
1512767902980759,1512767902980761,1024,64,16,512,2
1512767902984600,1512767902984602,1024,64,16,512,2
1512767902988444,1512767902988447,1024,64,16,341,3
1512767902992281,1512767902992283,1024,64,16,512,2
1512767902996130,1512767902996132,1024,64,16,512,2
1512767902999974,1512767902999977,1024,64,16,341,3
1512767903003837,1512767903003840,1024,64,16,341,3
1512767903007697,1512767903007700,1024,64,16,341,3
1512767903011564,1512767903011566,1024,64,16,512,2
1512767903015419,1512767903015421,1024,64,16,512,2
1512767903019271,1512767903019274,1024,64,16,341,3
1512767903023130,1512767903023133,1024,64,16,341,3
1512767903026967,1512767903026969,1024,64,16,512,2
1512767903030821,1512767903030824,1024,64,16,341,3
1512767903034659,1512767903034661,1024,64,16,512,2
1512767903038526,1512767903038528,1024,64,16,512,2
1512767903042383,1512767903042385,1024,64,16,512,2
1512767903046236,1512767903046238,1024,64,16,512,2
1512767903050093,1512767903050095,1024,64,16,512,2
1512767903053956,1512767903053958,1024,64,16,512,2
1512767903057816,1512767903057818,1024,64,16,512,2
1512767903061684,1512767903061687,1024,64,16,341,3
1512767903065535,1512767903065537,1024,64,16,512,2
1512767903069390,1512767903069392,1024,64,16,512,2
1512767903073274,1512767903073276,1024,64,16,512,2
1512767903077130,1512767903077132,1024,64,16,512,2
1512767903080983,1512767903080985,1024,64,16,512,2
1512767903084830,1512767903084832,1024,64,16,512,2
1512767903088691,1512767903088693,1024,64,16,512,2
1512767903092562,1512767903092564,1024,64,16,512,2
1512767903096437,1512767903096439,1024,64,16,512,2
1512767903100310,1512767903100313,1024,64,16,341,3
1512767903104175,1512767903104178,1024,64,16,341,3
1512767903108046,1512767903108048,1024,64,16,512,2
1512767903111926,1512767903111928,1024,64,16,512,2
1512767903115797,1512767903115800,1024,64,16,341,3
1512767903119655,1512767903119657,1024,64,16,512,2
1512767903123539,1512767903123542,1024,64,16,341,3
1512767903127418,1512767903127421,1024,64,16,341,3
1512767903131270,1512767903131272,1024,64,16,512,2
1512767903135139,1512767903135141,1024,64,16,512,2
1512767903139011,1512767903139013,1024,64,16,512,2
1512767903142877,1512767903142879,1024,64,16,512,2
1512767903146725,1512767903146727,1024,64,16,512,2
1512767903150587,1512767903150589,1024,64,16,512,2
1512767903154447,1512767903154449,1024,64,16,512,2
1512767903158296,1512767903158298,1024,64,16,512,2
1512767903162188,1512767903162190,1024,64,16,512,2
1512767903166078,1512767903166080,1024,64,16,512,2
1512767903169954,1512767903169956,1024,64,16,512,2
1512767903173844,1512767903173846,1024,64,16,512,2
1512767903177694,1512767903177696,1024,64,16,512,2
1512767903181575,1512767903181577,1024,64,16,512,2
1512767903185443,1512767903185445,1024,64,16,512,2
1512767903189323,1512767903189325,1024,64,16,512,2
1512767903193163,1512767903193165,1024,64,16,512,2
1512767903197017,1512767903197019,1024,64,16,512,2
1512767903200868,1512767903200870,1024,64,16,512,2
1512767903204754,1512767903204756,1024,64,16,512,2
1512767903208599,1512767903208601,1024,64,16,512,2
1512767903212430,1512767903212432,1024,64,16,512,2
1512767903216281,1512767903216283,1024,64,16,512,2
1512767903220139,1512767903220141,1024,64,16,512,2
1512767903224007,1512767903224009,1024,64,16,512,2
1512767903227862,1512767903227864,1024,64,16,512,2
1512767903231727,1512767903231730,1024,64,16,341,3
1512767903235611,1512767903235613,1024,64,16,512,2
1512767903239495,1512767903239498,1024,64,16,341,3
1512767903243365,1512767903243368,1024,64,16,341,3
1512767903247229,1512767903247231,1024,64,16,512,2
1512767903251097,1512767903251099,1024,64,16,512,2
1512767903254968,1512767903254971,1024,64,16,341,3
1512767903258863,1512767903258865,1024,64,16,512,2
1512767903262737,1512767903262739,1024,64,16,512,2
1512767903266605,1512767903266608,1024,64,16,341,3
1512767903270460,1512767903270462,1024,64,16,512,2
1512767903274306,1512767903274309,1024,64,16,341,3
1512767903278153,1512767903278155,1024,64,16,512,2
1512767903282018,1512767903282020,1024,64,16,512,2
1512767903285874,1512767903285876,1024,64,16,512,2
1512767903289720,1512767903289722,1024,64,16,512,2
1512767903293574,1512767903293577,1024,64,16,341,3
1512767903297459,1512767903297462,1024,64,16,341,3
1512767903301323,1512767903301325,1024,64,16,512,2
1512767903305179,1512767903305181,1024,64,16,512,2
1512767903309020,1512767903309022,1024,64,16,512,2
1512767903312863,1512767903312865,1024,64,16,512,2
1512767903316705,1512767903316707,1024,64,16,512,2
1512767903320542,1512767903320544,1024,64,16,512,2
1512767903324395,1512767903324397,1024,64,16,512,2
1512767903328252,1512767903328255,1024,64,16,341,3
1512767903332127,1512767903332129,1024,64,16,512,2
1512767903335991,1512767903335993,1024,64,16,512,2
1512767903339842,1512767903339844,1024,64,16,512,2
1512767903343699,1512767903343702,1024,64,16,341,3
1512767903347555,1512767903347557,1024,64,16,512,2
1512767903351423,1512767903351425,1024,64,16,512,2
1512767903355285,1512767903355287,1024,64,16,512,2
1512767903359142,1512767903359144,1024,64,16,512,2
1512767903363000,1512767903363002,1024,64,16,512,2
1512767903366866,1512767903366868,1024,64,16,512,2
1512767903370727,1512767903370729,1024,64,16,512,2
1512767903374609,1512767903374611,1024,64,16,512,2
1512767903378483,1512767903378486,1024,64,16,341,3
1512767903382339,1512767903382341,1024,64,16,512,2
1512767903386188,1512767903386190,1024,64,16,512,2
1512767903390044,1512767903390047,1024,64,16,341,3
1512767903393914,1512767903393916,1024,64,16,512,2
1512767903397783,1512767903397785,1024,64,16,512,2
1512767903401648,1512767903401650,1024,64,16,512,2
1512767903405522,1512767903405524,1024,64,16,512,2
1512767903409369,1512767903409371,1024,64,16,512,2
1512767903413237,1512767903413240,1024,64,16,341,3
1512767903417063,1512767903417065,1024,64,16,512,2
1512767903420900,1512767903420902,1024,64,16,512,2
1512767903424748,1512767903424750,1024,64,16,512,2
1512767903428603,1512767903428606,1024,64,16,341,3
1512767903432432,1512767903432434,1024,64,16,512,2
1512767903436272,1512767903436274,1024,64,16,512,2
1512767903440139,1512767903440141,1024,64,16,512,2
1512767903443990,1512767903443993,1024,64,16,341,3
1512767903447827,1512767903447829,1024,64,16,512,2
1512767903451663,1512767903451665,1024,64,16,512,2
1512767903455514,1512767903455516,1024,64,16,512,2
1512767903459382,1512767903459384,1024,64,16,512,2
1512767903463227,1512767903463229,1024,64,16,512,2
1512767903467094,1512767903467096,1024,64,16,512,2
1512767903470960,1512767903470962,1024,64,16,512,2
1512767903474815,1512767903474817,1024,64,16,512,2
1512767903478665,1512767903478667,1024,64,16,512,2
1512767903482509,1512767903482512,1024,64,16,341,3
1512767903486388,1512767903486390,1024,64,16,512,2
1512767903490255,1512767903490257,1024,64,16,512,2
1512767903494110,1512767903494112,1024,64,16,512,2
1512767903497949,1512767903497951,1024,64,16,512,2
1512767903501812,1512767903501814,1024,64,16,512,2
1512767903505670,1512767903505672,1024,64,16,512,2
1512767903509525,1512767903509527,1024,64,16,512,2
1512767903513370,1512767903513373,1024,64,16,341,3
1512767903517221,1512767903517223,1024,64,16,512,2
1512767903521062,1512767903521064,1024,64,16,512,2
1512767903524898,1512767903524900,1024,64,16,512,2
1512767903528749,1512767903528751,1024,64,16,512,2
1512767903532603,1512767903532605,1024,64,16,512,2
1512767903536458,1512767903536460,1024,64,16,512,2
1512767903540303,1512767903540305,1024,64,16,512,2
1512767903544175,1512767903544177,1024,64,16,512,2
1512767903548031,1512767903548033,1024,64,16,512,2
1512767903551879,1512767903551881,1024,64,16,512,2
1512767903555751,1512767903555753,1024,64,16,512,2
1512767903559614,1512767903559616,1024,64,16,512,2
1512767903563463,1512767903563465,1024,64,16,512,2
1512767903567347,1512767903567349,1024,64,16,512,2
1512767903571199,1512767903571201,1024,64,16,512,2
1512767903575065,1512767903575067,1024,64,16,512,2
1512767903578916,1512767903578918,1024,64,16,512,2
1512767903582779,1512767903582781,1024,64,16,512,2
1512767903586680,1512767903586682,1024,64,16,512,2
1512767903590561,1512767903590563,1024,64,16,512,2
1512767903594436,1512767903594438,1024,64,16,512,2
1512767903598301,1512767903598303,1024,64,16,512,2
1512767903602184,1512767903602186,1024,64,16,512,2
1512767903606057,1512767903606059,1024,64,16,512,2
1512767903609917,1512767903609920,1024,64,16,341,3
1512767903613784,1512767903613786,1024,64,16,512,2
1512767903617649,1512767903617651,1024,64,16,512,2
1512767903621515,1512767903621517,1024,64,16,512,2
1512767903625396,1512767903625399,1024,64,16,341,3
1512767903629259,1512767903629261,1024,64,16,512,2
1512767903633115,1512767903633118,1024,64,16,341,3
1512767903636995,1512767903636997,1024,64,16,512,2
1512767903640893,1512767903640895,1024,64,16,512,2
1512767903644794,1512767903644797,1024,64,16,341,3
1512767903648680,1512767903648683,1024,64,16,341,3
1512767903652574,1512767903652576,1024,64,16,512,2
1512767903656440,1512767903656442,1024,64,16,512,2
1512767903660304,1512767903660306,1024,64,16,512,2
1512767903664172,1512767903664174,1024,64,16,512,2
1512767903668037,1512767903668039,1024,64,16,512,2
1512767903671903,1512767903671905,1024,64,16,512,2
1512767903675774,1512767903675776,1024,64,16,512,2
1512767903679646,1512767903679648,1024,64,16,512,2
1512767903683509,1512767903683511,1024,64,16,512,2
1512767903687359,1512767903687361,1024,64,16,512,2
1512767903691216,1512767903691218,1024,64,16,512,2
1512767903695084,1512767903695086,1024,64,16,512,2
1512767903698953,1512767903698955,1024,64,16,512,2
1512767903702828,1512767903702830,1024,64,16,512,2
1512767903706686,1512767903706689,1024,64,16,341,3
1512767903710540,1512767903710542,1024,64,16,512,2
1512767903714415,1512767903714417,1024,64,16,512,2
1512767903718275,1512767903718278,1024,64,16,341,3
1512767903722121,1512767903722123,1024,64,16,512,2
1512767903726001,1512767903726003,1024,64,16,512,2
1512767903729872,1512767903729875,1024,64,16,341,3
1512767903733734,1512767903733736,1024,64,16,512,2
1512767903737614,1512767903737616,1024,64,16,512,2
1512767903741460,1512767903741462,1024,64,16,512,2
1512767903745340,1512767903745342,1024,64,16,512,2
1512767903749239,1512767903749241,1024,64,16,512,2
1512767903753125,1512767903753128,1024,64,16,341,3
1512767903756983,1512767903756985,1024,64,16,512,2
1512767903760842,1512767903760844,1024,64,16,512,2
1512767903764693,1512767903764695,1024,64,16,512,2
1512767903768572,1512767903768574,1024,64,16,512,2
1512767903772458,1512767903772460,1024,64,16,512,2
1512767903776352,1512767903776354,1024,64,16,512,2
1512767903780209,1512767903780211,1024,64,16,512,2
1512767903784054,1512767903784057,1024,64,16,341,3
1512767903787883,1512767903787885,1024,64,16,512,2
1512767903791734,1512767903791736,1024,64,16,512,2
1512767903795606,1512767903795608,1024,64,16,512,2
1512767903799470,1512767903799472,1024,64,16,512,2
1512767903803324,1512767903803327,1024,64,16,341,3
1512767903807182,1512767903807184,1024,64,16,512,2
1512767903811037,1512767903811040,1024,64,16,341,3
1512767903814912,1512767903814915,1024,64,16,341,3
1512767903818772,1512767903818774,1024,64,16,512,2
1512767903822640,1512767903822642,1024,64,16,512,2
1512767903826539,1512767903826541,1024,64,16,512,2
1512767903830417,1512767903830420,1024,64,16,341,3
1512767903834294,1512767903834296,1024,64,16,512,2
1512767903838173,1512767903838175,1024,64,16,512,2
1512767903842047,1512767903842049,1024,64,16,512,2
1512767903845907,1512767903845910,1024,64,16,341,3
1512767903849761,1512767903849763,1024,64,16,512,2
1512767903853643,1512767903853645,1024,64,16,512,2
1512767903857533,1512767903857535,1024,64,16,512,2
1512767903861384,1512767903861387,1024,64,16,341,3
1512767903865241,1512767903865243,1024,64,16,512,2
1512767903869106,1512767903869108,1024,64,16,512,2
1512767903872963,1512767903872966,1024,64,16,341,3
1512767903876820,1512767903876822,1024,64,16,512,2
1512767903880660,1512767903880662,1024,64,16,512,2
1512767903884526,1512767903884528,1024,64,16,512,2
1512767903888385,1512767903888387,1024,64,16,512,2
1512767903892251,1512767903892253,1024,64,16,512,2
1512767903896122,1512767903896124,1024,64,16,512,2
1512767903899983,1512767903899985,1024,64,16,512,2
1512767903903843,1512767903903845,1024,64,16,512,2
1512767903907698,1512767903907700,1024,64,16,512,2
1512767903911559,1512767903911562,1024,64,16,341,3
1512767903915422,1512767903915424,1024,64,16,512,2
1512767903919288,1512767903919290,1024,64,16,512,2
1512767903923129,1512767903923131,1024,64,16,512,2
1512767903926973,1512767903926975,1024,64,16,512,2
1512767903930819,1512767903930821,1024,64,16,512,2
1512767903934655,1512767903934657,1024,64,16,512,2
1512767903938497,1512767903938500,1024,64,16,341,3
1512767903942334,1512767903942336,1024,64,16,512,2
1512767903946180,1512767903946182,1024,64,16,512,2
1512767903950032,1512767903950034,1024,64,16,512,2
1512767903953860,1512767903953862,1024,64,16,512,2
1512767903957702,1512767903957704,1024,64,16,512,2
1512767903961585,1512767903961587,1024,64,16,512,2
1512767903965445,1512767903965447,1024,64,16,512,2
1512767903969316,1512767903969318,1024,64,16,512,2
1512767903973195,1512767903973197,1024,64,16,512,2
1512767903977050,1512767903977052,1024,64,16,512,2
1512767903980915,1512767903980918,1024,64,16,341,3
1512767903984770,1512767903984772,1024,64,16,512,2
1512767903988659,1512767903988661,1024,64,16,512,2
1512767903992545,1512767903992547,1024,64,16,512,2
1512767903996422,1512767903996424,1024,64,16,512,2
1512767904000299,1512767904000302,1024,64,16,341,3
1512767904004187,1512767904004189,1024,64,16,512,2
1512767904008049,1512767904008051,1024,64,16,512,2
1512767904011905,1512767904011907,1024,64,16,512,2
1512767904015764,1512767904015766,1024,64,16,512,2
1512767904019604,1512767904019606,1024,64,16,512,2
1512767904023454,1512767904023456,1024,64,16,512,2
1512767904027312,1512767904027314,1024,64,16,512,2
1512767904031162,1512767904031164,1024,64,16,512,2
1512767904035009,1512767904035012,1024,64,16,341,3
1512767904038867,1512767904038869,1024,64,16,512,2
1512767904042738,1512767904042740,1024,64,16,512,2
1512767904046598,1512767904046601,1024,64,16,341,3
1512767904050471,1512767904050474,1024,64,16,341,3
1512767904054327,1512767904054329,1024,64,16,512,2
1512767904058199,1512767904058201,1024,64,16,512,2
1512767904062077,1512767904062079,1024,64,16,512,2
1512767904065928,1512767904065930,1024,64,16,512,2
1512767904069768,1512767904069770,1024,64,16,512,2
1512767904073623,1512767904073625,1024,64,16,512,2
1512767904077491,1512767904077493,1024,64,16,512,2
1512767904081373,1512767904081376,1024,64,16,341,3
1512767904085236,1512767904085238,1024,64,16,512,2
1512767904089087,1512767904089090,1024,64,16,341,3
1512767904092936,1512767904092939,1024,64,16,341,3
1512767904096793,1512767904096795,1024,64,16,512,2
1512767904100637,1512767904100639,1024,64,16,512,2
1512767904104506,1512767904104508,1024,64,16,512,2
1512767904108369,1512767904108371,1024,64,16,512,2
1512767904112238,1512767904112240,1024,64,16,512,2
1512767904116102,1512767904116104,1024,64,16,512,2
1512767904119956,1512767904119958,1024,64,16,512,2
1512767904123809,1512767904123811,1024,64,16,512,2
1512767904127664,1512767904127666,1024,64,16,512,2
1512767904131539,1512767904131541,1024,64,16,512,2
1512767904135406,1512767904135409,1024,64,16,341,3
1512767904139269,1512767904139272,1024,64,16,341,3
1512767904143137,1512767904143139,1024,64,16,512,2
1512767904146989,1512767904146991,1024,64,16,512,2
1512767904150858,1512767904150860,1024,64,16,512,2
1512767904154718,1512767904154720,1024,64,16,512,2
1512767904158599,1512767904158601,1024,64,16,512,2
1512767904162452,1512767904162454,1024,64,16,512,2
1512767904166313,1512767904166315,1024,64,16,512,2
1512767904170154,1512767904170156,1024,64,16,512,2
1512767904173999,1512767904174001,1024,64,16,512,2
1512767904177854,1512767904177856,1024,64,16,512,2
1512767904181698,1512767904181700,1024,64,16,512,2
1512767904185545,1512767904185547,1024,64,16,512,2
1512767904189397,1512767904189399,1024,64,16,512,2
