1512489953796844,1512489953796847,1024,128,8,341,3
1512489953802111,1512489953802114,1024,128,8,341,3
1512489953807204,1512489953807207,1024,128,8,341,3
1512489953812160,1512489953812176,1024,128,8,64,16
1512489953816753,1512489953816756,1024,128,8,341,3
1512489953821108,1512489953821112,1024,128,8,256,4
1512489953825271,1512489953825274,1024,128,8,341,3
1512489953829341,1512489953829344,1024,128,8,341,3
1512489953833390,1512489953833393,1024,128,8,341,3
1512489953837415,1512489953837418,1024,128,8,341,3
1512489953841436,1512489953841439,1024,128,8,341,3
1512489953845513,1512489953845516,1024,128,8,341,3
1512489953849531,1512489953849534,1024,128,8,341,3
1512489953853546,1512489953853549,1024,128,8,341,3
1512489953857588,1512489953857591,1024,128,8,341,3
1512489953861663,1512489953861666,1024,128,8,341,3
1512489953865692,1512489953865693,1024,128,8,1024,1
1512489953869754,1512489953869757,1024,128,8,341,3
1512489953873848,1512489953873851,1024,128,8,341,3
1512489953877905,1512489953877909,1024,128,8,256,4
1512489953881943,1512489953881946,1024,128,8,341,3
1512489953885945,1512489953885948,1024,128,8,341,3
1512489953889883,1512489953889886,1024,128,8,341,3
1512489953893799,1512489953893802,1024,128,8,341,3
1512489953897738,1512489953897741,1024,128,8,341,3
1512489953901660,1512489953901663,1024,128,8,341,3
1512489953905606,1512489953905609,1024,128,8,341,3
1512489953909516,1512489953909519,1024,128,8,341,3
1512489953913426,1512489953913429,1024,128,8,341,3
1512489953917366,1512489953917369,1024,128,8,341,3
1512489953921312,1512489953921315,1024,128,8,341,3
1512489953925218,1512489953925221,1024,128,8,341,3
1512489953929151,1512489953929154,1024,128,8,341,3
1512489953933044,1512489953933047,1024,128,8,341,3
1512489953937022,1512489953937025,1024,128,8,341,3
1512489953940919,1512489953940922,1024,128,8,341,3
1512489953944831,1512489953944834,1024,128,8,341,3
1512489953948764,1512489953948767,1024,128,8,341,3
1512489953952715,1512489953952718,1024,128,8,341,3
1512489953956691,1512489953956694,1024,128,8,341,3
1512489953960644,1512489953960647,1024,128,8,341,3
1512489953964563,1512489953964566,1024,128,8,341,3
1512489953968513,1512489953968516,1024,128,8,341,3
1512489953972472,1512489953972475,1024,128,8,341,3
1512489953976389,1512489953976392,1024,128,8,341,3
1512489953980330,1512489953980333,1024,128,8,341,3
1512489953984245,1512489953984248,1024,128,8,341,3
1512489953988233,1512489953988236,1024,128,8,341,3
1512489953992179,1512489953992182,1024,128,8,341,3
1512489953996124,1512489953996128,1024,128,8,256,4
1512489954000044,1512489954000047,1024,128,8,341,3
1512489954003955,1512489954003958,1024,128,8,341,3
1512489954007891,1512489954007894,1024,128,8,341,3
1512489954011818,1512489954011821,1024,128,8,341,3
1512489954015705,1512489954015708,1024,128,8,341,3
1512489954019704,1512489954019707,1024,128,8,341,3
1512489954023623,1512489954023626,1024,128,8,341,3
1512489954027612,1512489954027615,1024,128,8,341,3
1512489954031564,1512489954031567,1024,128,8,341,3
1512489954035595,1512489954035598,1024,128,8,341,3
1512489954039506,1512489954039509,1024,128,8,341,3
1512489954043490,1512489954043493,1024,128,8,341,3
1512489954047494,1512489954047497,1024,128,8,341,3
1512489954051455,1512489954051458,1024,128,8,341,3
1512489954055513,1512489954055516,1024,128,8,341,3
1512489954059536,1512489954059539,1024,128,8,341,3
1512489954063454,1512489954063457,1024,128,8,341,3
1512489954067413,1512489954067416,1024,128,8,341,3
1512489954071404,1512489954071407,1024,128,8,341,3
1512489954075409,1512489954075412,1024,128,8,341,3
1512489954079426,1512489954079429,1024,128,8,341,3
1512489954083472,1512489954083475,1024,128,8,341,3
1512489954087540,1512489954087543,1024,128,8,341,3
1512489954091605,1512489954091608,1024,128,8,341,3
1512489954095679,1512489954095682,1024,128,8,341,3
1512489954099688,1512489954099691,1024,128,8,341,3
1512489954103772,1512489954103775,1024,128,8,341,3
1512489954107857,1512489954107860,1024,128,8,341,3
1512489954111952,1512489954111955,1024,128,8,341,3
1512489954116015,1512489954116018,1024,128,8,341,3
1512489954120049,1512489954120052,1024,128,8,341,3
1512489954124079,1512489954124082,1024,128,8,341,3
1512489954128114,1512489954128117,1024,128,8,341,3
1512489954132136,1512489954132139,1024,128,8,341,3
1512489954136156,1512489954136159,1024,128,8,341,3
1512489954140214,1512489954140217,1024,128,8,341,3
1512489954144244,1512489954144247,1024,128,8,341,3
1512489954148244,1512489954148247,1024,128,8,341,3
1512489954152237,1512489954152239,1024,128,8,512,2
1512489954156277,1512489954156280,1024,128,8,341,3
1512489954160260,1512489954160263,1024,128,8,341,3
1512489954164195,1512489954164198,1024,128,8,341,3
1512489954168158,1512489954168161,1024,128,8,341,3
1512489954172141,1512489954172144,1024,128,8,341,3
1512489954176111,1512489954176114,1024,128,8,341,3
1512489954180052,1512489954180055,1024,128,8,341,3
1512489954184048,1512489954184051,1024,128,8,341,3
1512489954188056,1512489954188059,1024,128,8,341,3
1512489954192103,1512489954192106,1024,128,8,341,3
1512489954196025,1512489954196028,1024,128,8,341,3
1512489954199981,1512489954199984,1024,128,8,341,3
1512489954203896,1512489954203899,1024,128,8,341,3
1512489954207937,1512489954207940,1024,128,8,341,3
1512489954211903,1512489954211906,1024,128,8,341,3
1512489954215993,1512489954215996,1024,128,8,341,3
1512489954220089,1512489954220092,1024,128,8,341,3
1512489954224147,1512489954224150,1024,128,8,341,3
1512489954228186,1512489954228189,1024,128,8,341,3
1512489954232164,1512489954232167,1024,128,8,341,3
1512489954236225,1512489954236228,1024,128,8,341,3
1512489954240209,1512489954240212,1024,128,8,341,3
1512489954244259,1512489954244262,1024,128,8,341,3
1512489954248290,1512489954248293,1024,128,8,341,3
1512489954252304,1512489954252307,1024,128,8,341,3
1512489954256348,1512489954256351,1024,128,8,341,3
1512489954260394,1512489954260397,1024,128,8,341,3
1512489954264438,1512489954264441,1024,128,8,341,3
1512489954268461,1512489954268464,1024,128,8,341,3
1512489954272500,1512489954272503,1024,128,8,341,3
1512489954276528,1512489954276531,1024,128,8,341,3
1512489954280536,1512489954280539,1024,128,8,341,3
1512489954284539,1512489954284542,1024,128,8,341,3
1512489954288515,1512489954288518,1024,128,8,341,3
1512489954292575,1512489954292578,1024,128,8,341,3
1512489954296565,1512489954296568,1024,128,8,341,3
1512489954300607,1512489954300610,1024,128,8,341,3
1512489954304684,1512489954304687,1024,128,8,341,3
1512489954308736,1512489954308739,1024,128,8,341,3
1512489954312766,1512489954312770,1024,128,8,256,4
1512489954316791,1512489954316794,1024,128,8,341,3
1512489954320801,1512489954320804,1024,128,8,341,3
1512489954324885,1512489954324888,1024,128,8,341,3
1512489954328947,1512489954328950,1024,128,8,341,3
1512489954332947,1512489954332950,1024,128,8,341,3
1512489954337002,1512489954337005,1024,128,8,341,3
1512489954341005,1512489954341008,1024,128,8,341,3
1512489954345032,1512489954345035,1024,128,8,341,3
1512489954349091,1512489954349094,1024,128,8,341,3
1512489954353081,1512489954353084,1024,128,8,341,3
1512489954357082,1512489954357085,1024,128,8,341,3
1512489954361065,1512489954361068,1024,128,8,341,3
1512489954365071,1512489954365074,1024,128,8,341,3
1512489954369124,1512489954369127,1024,128,8,341,3
1512489954373154,1512489954373157,1024,128,8,341,3
1512489954377172,1512489954377175,1024,128,8,341,3
1512489954381183,1512489954381186,1024,128,8,341,3
1512489954385200,1512489954385203,1024,128,8,341,3
1512489954389279,1512489954389282,1024,128,8,341,3
1512489954393288,1512489954393291,1024,128,8,341,3
1512489954397311,1512489954397314,1024,128,8,341,3
1512489954401308,1512489954401311,1024,128,8,341,3
1512489954405376,1512489954405379,1024,128,8,341,3
1512489954409423,1512489954409425,1024,128,8,512,2
1512489954413437,1512489954413440,1024,128,8,341,3
1512489954417502,1512489954417505,1024,128,8,341,3
1512489954421536,1512489954421539,1024,128,8,341,3
1512489954425553,1512489954425556,1024,128,8,341,3
1512489954429604,1512489954429607,1024,128,8,341,3
1512489954433639,1512489954433642,1024,128,8,341,3
1512489954437675,1512489954437678,1024,128,8,341,3
1512489954441717,1512489954441720,1024,128,8,341,3
1512489954445739,1512489954445741,1024,128,8,512,2
1512489954449740,1512489954449743,1024,128,8,341,3
1512489954453753,1512489954453756,1024,128,8,341,3
1512489954457827,1512489954457830,1024,128,8,341,3
1512489954461877,1512489954461880,1024,128,8,341,3
1512489954465918,1512489954465921,1024,128,8,341,3
1512489954469967,1512489954469970,1024,128,8,341,3
1512489954473997,1512489954474000,1024,128,8,341,3
1512489954478008,1512489954478011,1024,128,8,341,3
1512489954482062,1512489954482065,1024,128,8,341,3
1512489954486080,1512489954486083,1024,128,8,341,3
1512489954490116,1512489954490119,1024,128,8,341,3
1512489954494149,1512489954494152,1024,128,8,341,3
1512489954498192,1512489954498195,1024,128,8,341,3
1512489954502199,1512489954502202,1024,128,8,341,3
1512489954506230,1512489954506233,1024,128,8,341,3
1512489954510318,1512489954510321,1024,128,8,341,3
1512489954514352,1512489954514355,1024,128,8,341,3
1512489954518432,1512489954518435,1024,128,8,341,3
1512489954522479,1512489954522482,1024,128,8,341,3
1512489954526516,1512489954526519,1024,128,8,341,3
1512489954530565,1512489954530568,1024,128,8,341,3
1512489954534576,1512489954534579,1024,128,8,341,3
1512489954538599,1512489954538602,1024,128,8,341,3
1512489954542643,1512489954542646,1024,128,8,341,3
1512489954546675,1512489954546678,1024,128,8,341,3
1512489954550742,1512489954550745,1024,128,8,341,3
1512489954554776,1512489954554779,1024,128,8,341,3
1512489954558718,1512489954558721,1024,128,8,341,3
1512489954562646,1512489954562649,1024,128,8,341,3
1512489954566573,1512489954566576,1024,128,8,341,3
1512489954570555,1512489954570558,1024,128,8,341,3
1512489954574458,1512489954574461,1024,128,8,341,3
1512489954578375,1512489954578378,1024,128,8,341,3
1512489954582303,1512489954582306,1024,128,8,341,3
1512489954586204,1512489954586207,1024,128,8,341,3
1512489954590165,1512489954590168,1024,128,8,341,3
1512489954594093,1512489954594096,1024,128,8,341,3
1512489954598091,1512489954598093,1024,128,8,512,2
1512489954602032,1512489954602035,1024,128,8,341,3
1512489954605972,1512489954605975,1024,128,8,341,3
1512489954609925,1512489954609928,1024,128,8,341,3
1512489954613864,1512489954613867,1024,128,8,341,3
1512489954617829,1512489954617832,1024,128,8,341,3
1512489954621748,1512489954621751,1024,128,8,341,3
1512489954625713,1512489954625716,1024,128,8,341,3
1512489954629592,1512489954629595,1024,128,8,341,3
1512489954633566,1512489954633569,1024,128,8,341,3
1512489954637444,1512489954637447,1024,128,8,341,3
1512489954641361,1512489954641364,1024,128,8,341,3
1512489954645347,1512489954645349,1024,128,8,512,2
1512489954649257,1512489954649260,1024,128,8,341,3
1512489954653230,1512489954653232,1024,128,8,512,2
1512489954657140,1512489954657143,1024,128,8,341,3
1512489954661105,1512489954661108,1024,128,8,341,3
1512489954665051,1512489954665054,1024,128,8,341,3
1512489954668983,1512489954668986,1024,128,8,341,3
1512489954672907,1512489954672910,1024,128,8,341,3
1512489954676820,1512489954676823,1024,128,8,341,3
1512489954680737,1512489954680740,1024,128,8,341,3
1512489954684644,1512489954684647,1024,128,8,341,3
1512489954688567,1512489954688570,1024,128,8,341,3
1512489954692496,1512489954692499,1024,128,8,341,3
1512489954696421,1512489954696424,1024,128,8,341,3
1512489954700370,1512489954700373,1024,128,8,341,3
1512489954704308,1512489954704311,1024,128,8,341,3
1512489954708194,1512489954708197,1024,128,8,341,3
1512489954712107,1512489954712110,1024,128,8,341,3
1512489954716045,1512489954716048,1024,128,8,341,3
1512489954719966,1512489954719969,1024,128,8,341,3
1512489954723880,1512489954723883,1024,128,8,341,3
1512489954727791,1512489954727794,1024,128,8,341,3
1512489954731697,1512489954731700,1024,128,8,341,3
1512489954735635,1512489954735638,1024,128,8,341,3
1512489954739586,1512489954739589,1024,128,8,341,3
1512489954743541,1512489954743544,1024,128,8,341,3
1512489954747471,1512489954747474,1024,128,8,341,3
1512489954751371,1512489954751374,1024,128,8,341,3
1512489954755293,1512489954755296,1024,128,8,341,3
1512489954759175,1512489954759178,1024,128,8,341,3
1512489954763106,1512489954763108,1024,128,8,512,2
1512489954767008,1512489954767011,1024,128,8,341,3
1512489954770931,1512489954770934,1024,128,8,341,3
1512489954774853,1512489954774856,1024,128,8,341,3
1512489954778779,1512489954778782,1024,128,8,341,3
1512489954782714,1512489954782717,1024,128,8,341,3
1512489954786646,1512489954786649,1024,128,8,341,3
1512489954790553,1512489954790556,1024,128,8,341,3
1512489954794426,1512489954794429,1024,128,8,341,3
1512489954798353,1512489954798356,1024,128,8,341,3
1512489954802261,1512489954802264,1024,128,8,341,3
1512489954806168,1512489954806171,1024,128,8,341,3
1512489954810096,1512489954810099,1024,128,8,341,3
1512489954813987,1512489954813990,1024,128,8,341,3
1512489954817890,1512489954817893,1024,128,8,341,3
1512489954821746,1512489954821749,1024,128,8,341,3
1512489954825687,1512489954825690,1024,128,8,341,3
1512489954829592,1512489954829595,1024,128,8,341,3
1512489954833538,1512489954833541,1024,128,8,341,3
1512489954837469,1512489954837472,1024,128,8,341,3
1512489954841452,1512489954841455,1024,128,8,341,3
1512489954845416,1512489954845419,1024,128,8,341,3
1512489954849345,1512489954849348,1024,128,8,341,3
1512489954853306,1512489954853309,1024,128,8,341,3
1512489954857194,1512489954857197,1024,128,8,341,3
1512489954861116,1512489954861119,1024,128,8,341,3
1512489954865048,1512489954865051,1024,128,8,341,3
1512489954868983,1512489954868986,1024,128,8,341,3
1512489954872900,1512489954872903,1024,128,8,341,3
1512489954876848,1512489954876851,1024,128,8,341,3
1512489954880781,1512489954880784,1024,128,8,341,3
1512489954884684,1512489954884687,1024,128,8,341,3
1512489954888634,1512489954888637,1024,128,8,341,3
1512489954892567,1512489954892570,1024,128,8,341,3
1512489954896512,1512489954896515,1024,128,8,341,3
1512489954900490,1512489954900493,1024,128,8,341,3
1512489954904407,1512489954904410,1024,128,8,341,3
1512489954908332,1512489954908335,1024,128,8,341,3
1512489954912289,1512489954912292,1024,128,8,341,3
1512489954916274,1512489954916277,1024,128,8,341,3
1512489954920221,1512489954920224,1024,128,8,341,3
1512489954924118,1512489954924121,1024,128,8,341,3
1512489954928093,1512489954928096,1024,128,8,341,3
1512489954932039,1512489954932042,1024,128,8,341,3
1512489954935974,1512489954935977,1024,128,8,341,3
1512489954939898,1512489954939901,1024,128,8,341,3
1512489954943787,1512489954943790,1024,128,8,341,3
1512489954947772,1512489954947775,1024,128,8,341,3
1512489954951687,1512489954951689,1024,128,8,512,2
1512489954955611,1512489954955614,1024,128,8,341,3
1512489954959576,1512489954959579,1024,128,8,341,3
1512489954963561,1512489954963564,1024,128,8,341,3
1512489954967551,1512489954967554,1024,128,8,341,3
1512489954971455,1512489954971457,1024,128,8,512,2
1512489954975395,1512489954975398,1024,128,8,341,3
1512489954979309,1512489954979312,1024,128,8,341,3
1512489954983220,1512489954983223,1024,128,8,341,3
1512489954987164,1512489954987167,1024,128,8,341,3
1512489954991079,1512489954991082,1024,128,8,341,3
1512489954995071,1512489954995074,1024,128,8,341,3
1512489954999028,1512489954999031,1024,128,8,341,3
1512489955002914,1512489955002917,1024,128,8,341,3
1512489955006840,1512489955006843,1024,128,8,341,3
1512489955010792,1512489955010795,1024,128,8,341,3
1512489955014734,1512489955014737,1024,128,8,341,3
1512489955018684,1512489955018687,1024,128,8,341,3
1512489955022629,1512489955022632,1024,128,8,341,3
1512489955026568,1512489955026571,1024,128,8,341,3
1512489955030467,1512489955030470,1024,128,8,341,3
1512489955034447,1512489955034450,1024,128,8,341,3
1512489955038396,1512489955038399,1024,128,8,341,3
1512489955042363,1512489955042366,1024,128,8,341,3
1512489955046271,1512489955046274,1024,128,8,341,3
1512489955050162,1512489955050165,1024,128,8,341,3
1512489955054106,1512489955054108,1024,128,8,512,2
1512489955058028,1512489955058031,1024,128,8,341,3
1512489955061959,1512489955061962,1024,128,8,341,3
1512489955065864,1512489955065867,1024,128,8,341,3
1512489955069794,1512489955069796,1024,128,8,512,2
1512489955073741,1512489955073744,1024,128,8,341,3
1512489955077645,1512489955077648,1024,128,8,341,3
1512489955081570,1512489955081573,1024,128,8,341,3
1512489955085515,1512489955085518,1024,128,8,341,3
1512489955089427,1512489955089430,1024,128,8,341,3
1512489955093343,1512489955093346,1024,128,8,341,3
1512489955097293,1512489955097296,1024,128,8,341,3
1512489955101214,1512489955101217,1024,128,8,341,3
1512489955105152,1512489955105155,1024,128,8,341,3
1512489955109072,1512489955109075,1024,128,8,341,3
1512489955112968,1512489955112971,1024,128,8,341,3
1512489955116881,1512489955116884,1024,128,8,341,3
1512489955120844,1512489955120847,1024,128,8,341,3
1512489955124764,1512489955124767,1024,128,8,341,3
1512489955128682,1512489955128685,1024,128,8,341,3
1512489955132604,1512489955132607,1024,128,8,341,3
1512489955136545,1512489955136548,1024,128,8,341,3
1512489955140492,1512489955140494,1024,128,8,512,2
1512489955144429,1512489955144432,1024,128,8,341,3
1512489955148373,1512489955148376,1024,128,8,341,3
1512489955152308,1512489955152311,1024,128,8,341,3
1512489955156221,1512489955156224,1024,128,8,341,3
1512489955160212,1512489955160215,1024,128,8,341,3
1512489955164160,1512489955164163,1024,128,8,341,3
1512489955168125,1512489955168127,1024,128,8,512,2
1512489955172076,1512489955172079,1024,128,8,341,3
1512489955175991,1512489955175994,1024,128,8,341,3
1512489955179917,1512489955179920,1024,128,8,341,3
1512489955183834,1512489955183837,1024,128,8,341,3
1512489955187795,1512489955187798,1024,128,8,341,3
1512489955191757,1512489955191760,1024,128,8,341,3
1512489955195713,1512489955195716,1024,128,8,341,3
1512489955199669,1512489955199672,1024,128,8,341,3
1512489955203641,1512489955203644,1024,128,8,341,3
1512489955207568,1512489955207571,1024,128,8,341,3
1512489955211539,1512489955211542,1024,128,8,341,3
1512489955215422,1512489955215425,1024,128,8,341,3
1512489955219423,1512489955219426,1024,128,8,341,3
1512489955223333,1512489955223336,1024,128,8,341,3
1512489955227278,1512489955227281,1024,128,8,341,3
1512489955231274,1512489955231277,1024,128,8,341,3
1512489955235221,1512489955235224,1024,128,8,341,3
1512489955239142,1512489955239145,1024,128,8,341,3
1512489955243049,1512489955243052,1024,128,8,341,3
1512489955246972,1512489955246975,1024,128,8,341,3
1512489955250956,1512489955250958,1024,128,8,512,2
1512489955254926,1512489955254928,1024,128,8,512,2
1512489955258896,1512489955258899,1024,128,8,341,3
1512489955262872,1512489955262875,1024,128,8,341,3
1512489955266799,1512489955266802,1024,128,8,341,3
1512489955270723,1512489955270726,1024,128,8,341,3
1512489955274707,1512489955274710,1024,128,8,341,3
1512489955278600,1512489955278603,1024,128,8,341,3
1512489955282523,1512489955282526,1024,128,8,341,3
1512489955286435,1512489955286438,1024,128,8,341,3
1512489955290408,1512489955290411,1024,128,8,341,3
1512489955294334,1512489955294337,1024,128,8,341,3
1512489955298290,1512489955298293,1024,128,8,341,3
1512489955302192,1512489955302195,1024,128,8,341,3
1512489955306160,1512489955306163,1024,128,8,341,3
1512489955310072,1512489955310075,1024,128,8,341,3
1512489955314026,1512489955314029,1024,128,8,341,3
1512489955317970,1512489955317973,1024,128,8,341,3
1512489955321927,1512489955321930,1024,128,8,341,3
1512489955325884,1512489955325887,1024,128,8,341,3
1512489955329840,1512489955329843,1024,128,8,341,3
1512489955333738,1512489955333741,1024,128,8,341,3
1512489955337681,1512489955337684,1024,128,8,341,3
1512489955341580,1512489955341583,1024,128,8,341,3
1512489955345500,1512489955345503,1024,128,8,341,3
1512489955349471,1512489955349474,1024,128,8,341,3
1512489955353377,1512489955353380,1024,128,8,341,3
1512489955357304,1512489955357307,1024,128,8,341,3
1512489955361195,1512489955361198,1024,128,8,341,3
1512489955365116,1512489955365119,1024,128,8,341,3
1512489955369048,1512489955369051,1024,128,8,341,3
1512489955372959,1512489955372962,1024,128,8,341,3
1512489955376841,1512489955376844,1024,128,8,341,3
1512489955380768,1512489955380771,1024,128,8,341,3
1512489955384730,1512489955384733,1024,128,8,341,3
1512489955388708,1512489955388711,1024,128,8,341,3
1512489955392627,1512489955392630,1024,128,8,341,3
1512489955396582,1512489955396585,1024,128,8,341,3
1512489955400531,1512489955400534,1024,128,8,341,3
1512489955404472,1512489955404475,1024,128,8,341,3
1512489955408384,1512489955408387,1024,128,8,341,3
1512489955412334,1512489955412336,1024,128,8,512,2
1512489955416283,1512489955416286,1024,128,8,341,3
1512489955420231,1512489955420234,1024,128,8,341,3
1512489955424146,1512489955424149,1024,128,8,341,3
1512489955428086,1512489955428088,1024,128,8,512,2
1512489955432050,1512489955432053,1024,128,8,341,3
1512489955435951,1512489955435954,1024,128,8,341,3
1512489955439894,1512489955439897,1024,128,8,341,3
1512489955443787,1512489955443790,1024,128,8,341,3
1512489955447772,1512489955447775,1024,128,8,341,3
1512489955451768,1512489955451771,1024,128,8,341,3
1512489955455691,1512489955455694,1024,128,8,341,3
1512489955459613,1512489955459616,1024,128,8,341,3
1512489955463514,1512489955463517,1024,128,8,341,3
1512489955467456,1512489955467459,1024,128,8,341,3
1512489955471407,1512489955471410,1024,128,8,341,3
1512489955475343,1512489955475345,1024,128,8,512,2
1512489955479314,1512489955479317,1024,128,8,341,3
1512489955483243,1512489955483246,1024,128,8,341,3
1512489955487174,1512489955487177,1024,128,8,341,3
1512489955491159,1512489955491161,1024,128,8,512,2
1512489955495074,1512489955495077,1024,128,8,341,3
1512489955498996,1512489955498999,1024,128,8,341,3
1512489955502915,1512489955502918,1024,128,8,341,3
1512489955506868,1512489955506871,1024,128,8,341,3
1512489955510815,1512489955510818,1024,128,8,341,3
1512489955514789,1512489955514792,1024,128,8,341,3
1512489955518778,1512489955518781,1024,128,8,341,3
1512489955522711,1512489955522714,1024,128,8,341,3
1512489955526650,1512489955526653,1024,128,8,341,3
1512489955530592,1512489955530595,1024,128,8,341,3
1512489955534537,1512489955534540,1024,128,8,341,3
1512489955538498,1512489955538501,1024,128,8,341,3
1512489955542426,1512489955542429,1024,128,8,341,3
1512489955546373,1512489955546376,1024,128,8,341,3
1512489955550287,1512489955550290,1024,128,8,341,3
1512489955554260,1512489955554263,1024,128,8,341,3
1512489955558135,1512489955558138,1024,128,8,341,3
1512489955562046,1512489955562049,1024,128,8,341,3
1512489955566006,1512489955566009,1024,128,8,341,3
1512489955569969,1512489955569972,1024,128,8,341,3
1512489955573876,1512489955573879,1024,128,8,341,3
1512489955577830,1512489955577833,1024,128,8,341,3
1512489955581717,1512489955581720,1024,128,8,341,3
1512489955585665,1512489955585668,1024,128,8,341,3
1512489955589602,1512489955589605,1024,128,8,341,3
1512489955593556,1512489955593559,1024,128,8,341,3
1512489955597450,1512489955597453,1024,128,8,341,3
1512489955601418,1512489955601421,1024,128,8,341,3
1512489955605370,1512489955605373,1024,128,8,341,3
1512489955609289,1512489955609292,1024,128,8,341,3
1512489955613277,1512489955613280,1024,128,8,341,3
1512489955617179,1512489955617182,1024,128,8,341,3
1512489955621076,1512489955621079,1024,128,8,341,3
1512489955625003,1512489955625006,1024,128,8,341,3
1512489955628940,1512489955628943,1024,128,8,341,3
1512489955632846,1512489955632848,1024,128,8,512,2
1512489955636764,1512489955636767,1024,128,8,341,3
1512489955640649,1512489955640652,1024,128,8,341,3
1512489955644585,1512489955644588,1024,128,8,341,3
1512489955648510,1512489955648513,1024,128,8,341,3
1512489955652420,1512489955652423,1024,128,8,341,3
1512489955656360,1512489955656363,1024,128,8,341,3
1512489955660299,1512489955660302,1024,128,8,341,3
1512489955664270,1512489955664273,1024,128,8,341,3
1512489955668197,1512489955668200,1024,128,8,341,3
1512489955672119,1512489955672122,1024,128,8,341,3
1512489955676070,1512489955676073,1024,128,8,341,3
1512489955679997,1512489955680000,1024,128,8,341,3
1512489955683883,1512489955683886,1024,128,8,341,3
1512489955687841,1512489955687844,1024,128,8,341,3
1512489955691782,1512489955691785,1024,128,8,341,3
1512489955695679,1512489955695682,1024,128,8,341,3
1512489955699627,1512489955699630,1024,128,8,341,3
1512489955703520,1512489955703522,1024,128,8,512,2
1512489955707502,1512489955707505,1024,128,8,341,3
1512489955711410,1512489955711413,1024,128,8,341,3
1512489955715332,1512489955715335,1024,128,8,341,3
1512489955719237,1512489955719240,1024,128,8,341,3
1512489955723165,1512489955723167,1024,128,8,512,2
1512489955727086,1512489955727089,1024,128,8,341,3
1512489955731006,1512489955731009,1024,128,8,341,3
1512489955734920,1512489955734923,1024,128,8,341,3
1512489955738832,1512489955738835,1024,128,8,341,3
1512489955742778,1512489955742781,1024,128,8,341,3
1512489955746689,1512489955746692,1024,128,8,341,3
1512489955750578,1512489955750581,1024,128,8,341,3
1512489955754519,1512489955754521,1024,128,8,512,2
1512489955758435,1512489955758438,1024,128,8,341,3
1512489955762371,1512489955762374,1024,128,8,341,3
1512489955766267,1512489955766270,1024,128,8,341,3
1512489955770188,1512489955770191,1024,128,8,341,3
1512489955774129,1512489955774132,1024,128,8,341,3
1512489955778045,1512489955778048,1024,128,8,341,3
1512489955781972,1512489955781975,1024,128,8,341,3
1512489955785948,1512489955785951,1024,128,8,341,3
1512489955789892,1512489955789895,1024,128,8,341,3
1512489955793832,1512489955793835,1024,128,8,341,3
1512489955797776,1512489955797779,1024,128,8,341,3
1512489955801671,1512489955801674,1024,128,8,341,3
1512489955805620,1512489955805623,1024,128,8,341,3
1512489955809533,1512489955809536,1024,128,8,341,3
1512489955813465,1512489955813468,1024,128,8,341,3
1512489955817437,1512489955817440,1024,128,8,341,3
1512489955821384,1512489955821387,1024,128,8,341,3
1512489955825302,1512489955825305,1024,128,8,341,3
1512489955829272,1512489955829275,1024,128,8,341,3
1512489955833236,1512489955833239,1024,128,8,341,3
1512489955837155,1512489955837158,1024,128,8,341,3
1512489955841088,1512489955841091,1024,128,8,341,3
1512489955845049,1512489955845052,1024,128,8,341,3
1512489955848965,1512489955848968,1024,128,8,341,3
1512489955852885,1512489955852888,1024,128,8,341,3
1512489955856862,1512489955856864,1024,128,8,512,2
1512489955860787,1512489955860790,1024,128,8,341,3
1512489955864718,1512489955864721,1024,128,8,341,3
1512489955868667,1512489955868670,1024,128,8,341,3
1512489955872653,1512489955872657,1024,128,8,256,4
1512489955876545,1512489955876548,1024,128,8,341,3
1512489955880468,1512489955880471,1024,128,8,341,3
1512489955884455,1512489955884458,1024,128,8,341,3
1512489955888423,1512489955888426,1024,128,8,341,3
1512489955892366,1512489955892369,1024,128,8,341,3
1512489955896309,1512489955896312,1024,128,8,341,3
1512489955900227,1512489955900229,1024,128,8,512,2
1512489955904161,1512489955904164,1024,128,8,341,3
1512489955908095,1512489955908098,1024,128,8,341,3
1512489955912013,1512489955912016,1024,128,8,341,3
1512489955915916,1512489955915919,1024,128,8,341,3
1512489955919809,1512489955919811,1024,128,8,512,2
1512489955923778,1512489955923781,1024,128,8,341,3
1512489955927709,1512489955927712,1024,128,8,341,3
1512489955931626,1512489955931629,1024,128,8,341,3
1512489955935553,1512489955935556,1024,128,8,341,3
1512489955939458,1512489955939461,1024,128,8,341,3
1512489955943408,1512489955943410,1024,128,8,512,2
1512489955947313,1512489955947316,1024,128,8,341,3
1512489955951247,1512489955951250,1024,128,8,341,3
1512489955955190,1512489955955193,1024,128,8,341,3
1512489955959139,1512489955959142,1024,128,8,341,3
1512489955963090,1512489955963093,1024,128,8,341,3
1512489955967017,1512489955967019,1024,128,8,512,2
1512489955970971,1512489955970974,1024,128,8,341,3
1512489955974907,1512489955974910,1024,128,8,341,3
1512489955978809,1512489955978812,1024,128,8,341,3
1512489955982730,1512489955982733,1024,128,8,341,3
1512489955986696,1512489955986699,1024,128,8,341,3
1512489955990615,1512489955990618,1024,128,8,341,3
1512489955994530,1512489955994533,1024,128,8,341,3
1512489955998452,1512489955998455,1024,128,8,341,3
1512489956002376,1512489956002379,1024,128,8,341,3
1512489956006302,1512489956006305,1024,128,8,341,3
1512489956010209,1512489956010212,1024,128,8,341,3
1512489956014107,1512489956014110,1024,128,8,341,3
1512489956018058,1512489956018061,1024,128,8,341,3
1512489956021977,1512489956021980,1024,128,8,341,3
1512489956025879,1512489956025882,1024,128,8,341,3
1512489956029815,1512489956029818,1024,128,8,341,3
1512489956033749,1512489956033752,1024,128,8,341,3
1512489956037695,1512489956037698,1024,128,8,341,3
1512489956041605,1512489956041608,1024,128,8,341,3
1512489956045504,1512489956045507,1024,128,8,341,3
1512489956049407,1512489956049410,1024,128,8,341,3
1512489956053364,1512489956053367,1024,128,8,341,3
1512489956057284,1512489956057287,1024,128,8,341,3
1512489956061233,1512489956061236,1024,128,8,341,3
1512489956065194,1512489956065197,1024,128,8,341,3
1512489956069112,1512489956069115,1024,128,8,341,3
1512489956073034,1512489956073037,1024,128,8,341,3
1512489956076924,1512489956076927,1024,128,8,341,3
1512489956080814,1512489956080817,1024,128,8,341,3
1512489956084717,1512489956084720,1024,128,8,341,3
1512489956088696,1512489956088699,1024,128,8,341,3
1512489956092648,1512489956092651,1024,128,8,341,3
1512489956096540,1512489956096543,1024,128,8,341,3
1512489956100460,1512489956100463,1024,128,8,341,3
1512489956104391,1512489956104394,1024,128,8,341,3
1512489956108305,1512489956108308,1024,128,8,341,3
1512489956112258,1512489956112261,1024,128,8,341,3
1512489956116163,1512489956116166,1024,128,8,341,3
1512489956120031,1512489956120034,1024,128,8,341,3
1512489956123936,1512489956123939,1024,128,8,341,3
1512489956127839,1512489956127842,1024,128,8,341,3
1512489956131726,1512489956131729,1024,128,8,341,3
1512489956135684,1512489956135687,1024,128,8,341,3
1512489956139629,1512489956139632,1024,128,8,341,3
1512489956143570,1512489956143573,1024,128,8,341,3
1512489956147467,1512489956147470,1024,128,8,341,3
1512489956151397,1512489956151400,1024,128,8,341,3
1512489956155297,1512489956155300,1024,128,8,341,3
1512489956159241,1512489956159244,1024,128,8,341,3
1512489956163150,1512489956163152,1024,128,8,512,2
1512489956167060,1512489956167063,1024,128,8,341,3
1512489956170969,1512489956170972,1024,128,8,341,3
1512489956174923,1512489956174926,1024,128,8,341,3
1512489956178872,1512489956178875,1024,128,8,341,3
1512489956182788,1512489956182791,1024,128,8,341,3
1512489956186775,1512489956186778,1024,128,8,341,3
1512489956190754,1512489956190757,1024,128,8,341,3
1512489956194667,1512489956194670,1024,128,8,341,3
1512489956198570,1512489956198573,1024,128,8,341,3
1512489956202462,1512489956202465,1024,128,8,341,3
1512489956206338,1512489956206339,1024,128,8,1024,1
1512489956210258,1512489956210261,1024,128,8,341,3
1512489956214226,1512489956214229,1024,128,8,341,3
1512489956218153,1512489956218156,1024,128,8,341,3
1512489956222107,1512489956222108,1024,128,8,1024,1
1512489956226072,1512489956226075,1024,128,8,341,3
1512489956230021,1512489956230024,1024,128,8,341,3
1512489956233958,1512489956233961,1024,128,8,341,3
1512489956237892,1512489956237895,1024,128,8,341,3
1512489956241856,1512489956241859,1024,128,8,341,3
1512489956245829,1512489956245832,1024,128,8,341,3
1512489956249741,1512489956249744,1024,128,8,341,3
1512489956253692,1512489956253695,1024,128,8,341,3
1512489956257669,1512489956257672,1024,128,8,341,3
1512489956261619,1512489956261622,1024,128,8,341,3
1512489956265554,1512489956265557,1024,128,8,341,3
1512489956269466,1512489956269469,1024,128,8,341,3
1512489956273352,1512489956273355,1024,128,8,341,3
1512489956277310,1512489956277313,1024,128,8,341,3
1512489956281209,1512489956281212,1024,128,8,341,3
1512489956285128,1512489956285131,1024,128,8,341,3
1512489956289030,1512489956289033,1024,128,8,341,3
1512489956292990,1512489956292993,1024,128,8,341,3
1512489956296903,1512489956296906,1024,128,8,341,3
1512489956300809,1512489956300812,1024,128,8,341,3
1512489956304734,1512489956304737,1024,128,8,341,3
1512489956308688,1512489956308691,1024,128,8,341,3
1512489956312638,1512489956312641,1024,128,8,341,3
1512489956316572,1512489956316575,1024,128,8,341,3
1512489956320545,1512489956320548,1024,128,8,341,3
1512489956324440,1512489956324443,1024,128,8,341,3
1512489956328356,1512489956328359,1024,128,8,341,3
1512489956332290,1512489956332291,1024,128,8,1024,1
1512489956336231,1512489956336234,1024,128,8,341,3
1512489956340116,1512489956340119,1024,128,8,341,3
1512489956344061,1512489956344062,1024,128,8,1024,1
1512489956347974,1512489956347977,1024,128,8,341,3
1512489956351880,1512489956351883,1024,128,8,341,3
1512489956355773,1512489956355776,1024,128,8,341,3
1512489956359701,1512489956359704,1024,128,8,341,3
1512489956363680,1512489956363683,1024,128,8,341,3
1512489956367613,1512489956367615,1024,128,8,512,2
1512489956371576,1512489956371579,1024,128,8,341,3
1512489956375500,1512489956375503,1024,128,8,341,3
1512489956379410,1512489956379413,1024,128,8,341,3
1512489956383357,1512489956383360,1024,128,8,341,3
1512489956387312,1512489956387315,1024,128,8,341,3
1512489956391259,1512489956391262,1024,128,8,341,3
1512489956395157,1512489956395160,1024,128,8,341,3
1512489956399053,1512489956399056,1024,128,8,341,3
1512489956402995,1512489956402998,1024,128,8,341,3
1512489956406922,1512489956406925,1024,128,8,341,3
1512489956410934,1512489956410937,1024,128,8,341,3
1512489956414923,1512489956414926,1024,128,8,341,3
1512489956418912,1512489956418915,1024,128,8,341,3
1512489956422852,1512489956422854,1024,128,8,512,2
1512489956426773,1512489956426776,1024,128,8,341,3
1512489956430690,1512489956430693,1024,128,8,341,3
1512489956434592,1512489956434595,1024,128,8,341,3
1512489956438552,1512489956438555,1024,128,8,341,3
1512489956442483,1512489956442486,1024,128,8,341,3
1512489956446393,1512489956446396,1024,128,8,341,3
1512489956450323,1512489956450326,1024,128,8,341,3
1512489956454248,1512489956454251,1024,128,8,341,3
1512489956458165,1512489956458168,1024,128,8,341,3
1512489956462120,1512489956462122,1024,128,8,512,2
1512489956466039,1512489956466040,1024,128,8,1024,1
1512489956470026,1512489956470029,1024,128,8,341,3
1512489956473949,1512489956473952,1024,128,8,341,3
1512489956477930,1512489956477933,1024,128,8,341,3
1512489956481885,1512489956481888,1024,128,8,341,3
1512489956485877,1512489956485880,1024,128,8,341,3
1512489956489805,1512489956489808,1024,128,8,341,3
1512489956493717,1512489956493720,1024,128,8,341,3
1512489956497670,1512489956497673,1024,128,8,341,3
1512489956501607,1512489956501610,1024,128,8,341,3
1512489956505509,1512489956505512,1024,128,8,341,3
1512489956509440,1512489956509443,1024,128,8,341,3
1512489956513405,1512489956513408,1024,128,8,341,3
1512489956517315,1512489956517318,1024,128,8,341,3
1512489956521302,1512489956521305,1024,128,8,341,3
1512489956525271,1512489956525274,1024,128,8,341,3
1512489956529264,1512489956529267,1024,128,8,341,3
1512489956533228,1512489956533230,1024,128,8,512,2
1512489956537142,1512489956537144,1024,128,8,512,2
1512489956541082,1512489956541085,1024,128,8,341,3
1512489956544979,1512489956544982,1024,128,8,341,3
1512489956548936,1512489956548939,1024,128,8,341,3
1512489956552876,1512489956552879,1024,128,8,341,3
1512489956556811,1512489956556814,1024,128,8,341,3
1512489956560729,1512489956560732,1024,128,8,341,3
1512489956564637,1512489956564640,1024,128,8,341,3
1512489956568598,1512489956568601,1024,128,8,341,3
1512489956572520,1512489956572523,1024,128,8,341,3
1512489956576413,1512489956576416,1024,128,8,341,3
1512489956580300,1512489956580303,1024,128,8,341,3
1512489956584252,1512489956584255,1024,128,8,341,3
1512489956588202,1512489956588205,1024,128,8,341,3
1512489956592178,1512489956592181,1024,128,8,341,3
1512489956596158,1512489956596161,1024,128,8,341,3
1512489956600133,1512489956600136,1024,128,8,341,3
1512489956604066,1512489956604069,1024,128,8,341,3
1512489956607971,1512489956607974,1024,128,8,341,3
1512489956611852,1512489956611855,1024,128,8,341,3
1512489956615789,1512489956615792,1024,128,8,341,3
1512489956619680,1512489956619683,1024,128,8,341,3
1512489956623639,1512489956623642,1024,128,8,341,3
1512489956627572,1512489956627575,1024,128,8,341,3
1512489956631512,1512489956631515,1024,128,8,341,3
1512489956635446,1512489956635449,1024,128,8,341,3
1512489956639416,1512489956639419,1024,128,8,341,3
1512489956643357,1512489956643360,1024,128,8,341,3
1512489956647299,1512489956647302,1024,128,8,341,3
1512489956651238,1512489956651241,1024,128,8,341,3
1512489956655175,1512489956655178,1024,128,8,341,3
1512489956659094,1512489956659097,1024,128,8,341,3
1512489956663012,1512489956663015,1024,128,8,341,3
1512489956666986,1512489956666989,1024,128,8,341,3
1512489956670872,1512489956670875,1024,128,8,341,3
1512489956674859,1512489956674862,1024,128,8,341,3
1512489956678798,1512489956678801,1024,128,8,341,3
1512489956682730,1512489956682733,1024,128,8,341,3
1512489956686661,1512489956686664,1024,128,8,341,3
1512489956690563,1512489956690566,1024,128,8,341,3
1512489956694467,1512489956694470,1024,128,8,341,3
1512489956698366,1512489956698367,1024,128,8,1024,1
1512489956702268,1512489956702271,1024,128,8,341,3
1512489956706185,1512489956706188,1024,128,8,341,3
1512489956710072,1512489956710073,1024,128,8,1024,1
1512489956713969,1512489956713972,1024,128,8,341,3
1512489956717880,1512489956717883,1024,128,8,341,3
1512489956721761,1512489956721764,1024,128,8,341,3
1512489956725692,1512489956725695,1024,128,8,341,3
1512489956729609,1512489956729612,1024,128,8,341,3
1512489956733494,1512489956733497,1024,128,8,341,3
1512489956737413,1512489956737416,1024,128,8,341,3
1512489956741397,1512489956741400,1024,128,8,341,3
1512489956745353,1512489956745356,1024,128,8,341,3
1512489956749247,1512489956749250,1024,128,8,341,3
1512489956753167,1512489956753170,1024,128,8,341,3
1512489956757066,1512489956757069,1024,128,8,341,3
1512489956761025,1512489956761028,1024,128,8,341,3
1512489956764976,1512489956764979,1024,128,8,341,3
1512489956768915,1512489956768918,1024,128,8,341,3
1512489956772843,1512489956772846,1024,128,8,341,3
1512489956776767,1512489956776770,1024,128,8,341,3
1512489956780688,1512489956780691,1024,128,8,341,3
1512489956784570,1512489956784573,1024,128,8,341,3
1512489956788456,1512489956788459,1024,128,8,341,3
1512489956792400,1512489956792403,1024,128,8,341,3
1512489956796334,1512489956796337,1024,128,8,341,3
1512489956800265,1512489956800268,1024,128,8,341,3
1512489956804187,1512489956804190,1024,128,8,341,3
1512489956808113,1512489956808114,1024,128,8,1024,1
1512489956812041,1512489956812043,1024,128,8,512,2
1512489956815962,1512489956815965,1024,128,8,341,3
1512489956819869,1512489956819872,1024,128,8,341,3
1512489956823779,1512489956823782,1024,128,8,341,3
1512489956827726,1512489956827729,1024,128,8,341,3
1512489956831661,1512489956831664,1024,128,8,341,3
1512489956835568,1512489956835571,1024,128,8,341,3
1512489956839475,1512489956839478,1024,128,8,341,3
1512489956843403,1512489956843406,1024,128,8,341,3
1512489956847367,1512489956847370,1024,128,8,341,3
1512489956851309,1512489956851312,1024,128,8,341,3
1512489956855276,1512489956855279,1024,128,8,341,3
1512489956859234,1512489956859237,1024,128,8,341,3
1512489956863129,1512489956863132,1024,128,8,341,3
1512489956867056,1512489956867059,1024,128,8,341,3
1512489956871003,1512489956871006,1024,128,8,341,3
1512489956874990,1512489956874993,1024,128,8,341,3
1512489956878909,1512489956878911,1024,128,8,512,2
1512489956882803,1512489956882805,1024,128,8,512,2
1512489956886683,1512489956886686,1024,128,8,341,3
1512489956890632,1512489956890635,1024,128,8,341,3
1512489956894587,1512489956894590,1024,128,8,341,3
1512489956898541,1512489956898543,1024,128,8,512,2
1512489956902476,1512489956902479,1024,128,8,341,3
1512489956906397,1512489956906400,1024,128,8,341,3
1512489956910303,1512489956910306,1024,128,8,341,3
1512489956914222,1512489956914225,1024,128,8,341,3
1512489956918176,1512489956918179,1024,128,8,341,3
1512489956922054,1512489956922057,1024,128,8,341,3
1512489956926001,1512489956926004,1024,128,8,341,3
1512489956929931,1512489956929934,1024,128,8,341,3
1512489956933899,1512489956933902,1024,128,8,341,3
1512489956937869,1512489956937872,1024,128,8,341,3
1512489956941846,1512489956941849,1024,128,8,341,3
1512489956945774,1512489956945777,1024,128,8,341,3
1512489956949677,1512489956949679,1024,128,8,512,2
1512489956953583,1512489956953586,1024,128,8,341,3
1512489956957480,1512489956957482,1024,128,8,512,2
1512489956961402,1512489956961405,1024,128,8,341,3
1512489956965366,1512489956965369,1024,128,8,341,3
1512489956969329,1512489956969332,1024,128,8,341,3
1512489956973283,1512489956973286,1024,128,8,341,3
1512489956977168,1512489956977171,1024,128,8,341,3
1512489956981091,1512489956981093,1024,128,8,512,2
1512489956985008,1512489956985011,1024,128,8,341,3
1512489956988979,1512489956988982,1024,128,8,341,3
1512489956992910,1512489956992913,1024,128,8,341,3
1512489956996802,1512489956996805,1024,128,8,341,3
1512489957000741,1512489957000744,1024,128,8,341,3
1512489957004641,1512489957004644,1024,128,8,341,3
1512489957008587,1512489957008590,1024,128,8,341,3
1512489957012566,1512489957012569,1024,128,8,341,3
1512489957016559,1512489957016562,1024,128,8,341,3
1512489957020465,1512489957020468,1024,128,8,341,3
1512489957024375,1512489957024378,1024,128,8,341,3
1512489957028320,1512489957028323,1024,128,8,341,3
1512489957032248,1512489957032251,1024,128,8,341,3
1512489957036168,1512489957036171,1024,128,8,341,3
1512489957040139,1512489957040140,1024,128,8,1024,1
1512489957044042,1512489957044045,1024,128,8,341,3
1512489957047967,1512489957047970,1024,128,8,341,3
1512489957051946,1512489957051949,1024,128,8,341,3
1512489957055883,1512489957055886,1024,128,8,341,3
1512489957059808,1512489957059811,1024,128,8,341,3
1512489957063759,1512489957063762,1024,128,8,341,3
1512489957067659,1512489957067662,1024,128,8,341,3
1512489957071585,1512489957071588,1024,128,8,341,3
1512489957075507,1512489957075510,1024,128,8,341,3
1512489957079420,1512489957079422,1024,128,8,512,2
1512489957083374,1512489957083377,1024,128,8,341,3
1512489957087332,1512489957087333,1024,128,8,1024,1
1512489957091297,1512489957091300,1024,128,8,341,3
1512489957095222,1512489957095225,1024,128,8,341,3
1512489957099148,1512489957099151,1024,128,8,341,3
1512489957103110,1512489957103112,1024,128,8,512,2
1512489957107050,1512489957107053,1024,128,8,341,3
1512489957110938,1512489957110941,1024,128,8,341,3
1512489957114838,1512489957114841,1024,128,8,341,3
1512489957118829,1512489957118832,1024,128,8,341,3
1512489957122716,1512489957122719,1024,128,8,341,3
1512489957126667,1512489957126669,1024,128,8,512,2
1512489957130636,1512489957130639,1024,128,8,341,3
1512489957134616,1512489957134619,1024,128,8,341,3
1512489957138553,1512489957138556,1024,128,8,341,3
1512489957142479,1512489957142482,1024,128,8,341,3
1512489957146420,1512489957146423,1024,128,8,341,3
1512489957150325,1512489957150328,1024,128,8,341,3
1512489957154239,1512489957154242,1024,128,8,341,3
1512489957158168,1512489957158171,1024,128,8,341,3
1512489957162125,1512489957162128,1024,128,8,341,3
1512489957166066,1512489957166069,1024,128,8,341,3
1512489957169980,1512489957169983,1024,128,8,341,3
1512489957173968,1512489957173971,1024,128,8,341,3
1512489957177923,1512489957177925,1024,128,8,512,2
1512489957181856,1512489957181859,1024,128,8,341,3
1512489957185833,1512489957185836,1024,128,8,341,3
1512489957189779,1512489957189782,1024,128,8,341,3
1512489957193749,1512489957193752,1024,128,8,341,3
1512489957197649,1512489957197652,1024,128,8,341,3
1512489957201581,1512489957201584,1024,128,8,341,3
1512489957205484,1512489957205487,1024,128,8,341,3
1512489957209396,1512489957209399,1024,128,8,341,3
1512489957213339,1512489957213342,1024,128,8,341,3
1512489957217294,1512489957217297,1024,128,8,341,3
1512489957221217,1512489957221220,1024,128,8,341,3
1512489957225133,1512489957225135,1024,128,8,512,2
1512489957229107,1512489957229110,1024,128,8,341,3
1512489957233032,1512489957233035,1024,128,8,341,3
1512489957236992,1512489957236995,1024,128,8,341,3
1512489957240962,1512489957240965,1024,128,8,341,3
1512489957244875,1512489957244878,1024,128,8,341,3
1512489957248817,1512489957248820,1024,128,8,341,3
1512489957252713,1512489957252716,1024,128,8,341,3
1512489957256704,1512489957256707,1024,128,8,341,3
1512489957260626,1512489957260629,1024,128,8,341,3
1512489957264556,1512489957264559,1024,128,8,341,3
1512489957268529,1512489957268531,1024,128,8,512,2
1512489957272432,1512489957272435,1024,128,8,341,3
1512489957276387,1512489957276390,1024,128,8,341,3
1512489957280373,1512489957280376,1024,128,8,341,3
1512489957284301,1512489957284304,1024,128,8,341,3
1512489957288239,1512489957288241,1024,128,8,512,2
1512489957292181,1512489957292184,1024,128,8,341,3
1512489957296111,1512489957296114,1024,128,8,341,3
1512489957300019,1512489957300021,1024,128,8,512,2
1512489957303946,1512489957303949,1024,128,8,341,3
1512489957307919,1512489957307922,1024,128,8,341,3
1512489957311831,1512489957311834,1024,128,8,341,3
1512489957315775,1512489957315778,1024,128,8,341,3
1512489957319736,1512489957319739,1024,128,8,341,3
1512489957323736,1512489957323739,1024,128,8,341,3
1512489957327733,1512489957327736,1024,128,8,341,3
1512489957331656,1512489957331658,1024,128,8,512,2
1512489957335638,1512489957335640,1024,128,8,512,2
1512489957339592,1512489957339595,1024,128,8,341,3
1512489957343543,1512489957343546,1024,128,8,341,3
1512489957347510,1512489957347513,1024,128,8,341,3
1512489957351466,1512489957351469,1024,128,8,341,3
1512489957355407,1512489957355410,1024,128,8,341,3
1512489957359393,1512489957359394,1024,128,8,1024,1
1512489957363305,1512489957363307,1024,128,8,512,2
1512489957367256,1512489957367259,1024,128,8,341,3
1512489957371162,1512489957371165,1024,128,8,341,3
1512489957375140,1512489957375143,1024,128,8,341,3
1512489957379079,1512489957379082,1024,128,8,341,3
1512489957383012,1512489957383015,1024,128,8,341,3
1512489957386976,1512489957386979,1024,128,8,341,3
1512489957390937,1512489957390938,1024,128,8,1024,1
1512489957394907,1512489957394910,1024,128,8,341,3
1512489957398875,1512489957398878,1024,128,8,341,3
1512489957402815,1512489957402817,1024,128,8,512,2
1512489957406757,1512489957406760,1024,128,8,341,3
1512489957410723,1512489957410726,1024,128,8,341,3
1512489957414710,1512489957414712,1024,128,8,512,2
1512489957418653,1512489957418657,1024,128,8,256,4
1512489957422621,1512489957422624,1024,128,8,341,3
1512489957426556,1512489957426559,1024,128,8,341,3
1512489957430548,1512489957430551,1024,128,8,341,3
1512489957434530,1512489957434533,1024,128,8,341,3
1512489957438441,1512489957438444,1024,128,8,341,3
1512489957442389,1512489957442392,1024,128,8,341,3
1512489957446318,1512489957446321,1024,128,8,341,3
1512489957450314,1512489957450317,1024,128,8,341,3
1512489957454269,1512489957454272,1024,128,8,341,3
1512489957458274,1512489957458277,1024,128,8,341,3
1512489957462216,1512489957462219,1024,128,8,341,3
1512489957466123,1512489957466125,1024,128,8,512,2
1512489957470066,1512489957470069,1024,128,8,341,3
1512489957473994,1512489957473996,1024,128,8,512,2
1512489957477939,1512489957477940,1024,128,8,1024,1
1512489957481896,1512489957481898,1024,128,8,512,2
1512489957485804,1512489957485807,1024,128,8,341,3
1512489957489739,1512489957489742,1024,128,8,341,3
1512489957493723,1512489957493726,1024,128,8,341,3
1512489957497671,1512489957497674,1024,128,8,341,3
1512489957501636,1512489957501639,1024,128,8,341,3
1512489957505567,1512489957505570,1024,128,8,341,3
1512489957509539,1512489957509542,1024,128,8,341,3
1512489957513527,1512489957513530,1024,128,8,341,3
1512489957517476,1512489957517478,1024,128,8,512,2
1512489957521392,1512489957521394,1024,128,8,512,2
1512489957525360,1512489957525363,1024,128,8,341,3
1512489957529297,1512489957529299,1024,128,8,512,2
1512489957533287,1512489957533290,1024,128,8,341,3
1512489957537218,1512489957537221,1024,128,8,341,3
1512489957541158,1512489957541161,1024,128,8,341,3
1512489957545069,1512489957545072,1024,128,8,341,3
1512489957548967,1512489957548969,1024,128,8,512,2
1512489957552912,1512489957552915,1024,128,8,341,3
1512489957556907,1512489957556910,1024,128,8,341,3
1512489957560882,1512489957560885,1024,128,8,341,3
1512489957564821,1512489957564824,1024,128,8,341,3
1512489957568792,1512489957568795,1024,128,8,341,3
1512489957572779,1512489957572782,1024,128,8,341,3
1512489957576721,1512489957576724,1024,128,8,341,3
1512489957580638,1512489957580641,1024,128,8,341,3
1512489957584570,1512489957584573,1024,128,8,341,3
1512489957588515,1512489957588518,1024,128,8,341,3
1512489957592484,1512489957592486,1024,128,8,512,2
1512489957596433,1512489957596435,1024,128,8,512,2
1512489957600392,1512489957600395,1024,128,8,341,3
1512489957604302,1512489957604305,1024,128,8,341,3
1512489957608236,1512489957608239,1024,128,8,341,3
1512489957612163,1512489957612166,1024,128,8,341,3
1512489957616089,1512489957616092,1024,128,8,341,3
1512489957619991,1512489957619994,1024,128,8,341,3
1512489957623904,1512489957623907,1024,128,8,341,3
1512489957627822,1512489957627825,1024,128,8,341,3
1512489957631750,1512489957631753,1024,128,8,341,3
1512489957635715,1512489957635718,1024,128,8,341,3
1512489957639671,1512489957639674,1024,128,8,341,3
1512489957643613,1512489957643616,1024,128,8,341,3
1512489957647521,1512489957647524,1024,128,8,341,3
1512489957651510,1512489957651513,1024,128,8,341,3
1512489957655510,1512489957655513,1024,128,8,341,3
1512489957659459,1512489957659462,1024,128,8,341,3
1512489957663440,1512489957663443,1024,128,8,341,3
1512489957667430,1512489957667433,1024,128,8,341,3
1512489957671415,1512489957671418,1024,128,8,341,3
1512489957675394,1512489957675397,1024,128,8,341,3
1512489957679383,1512489957679386,1024,128,8,341,3
1512489957683377,1512489957683380,1024,128,8,341,3
1512489957687262,1512489957687264,1024,128,8,512,2
1512489957691195,1512489957691198,1024,128,8,341,3
1512489957695201,1512489957695204,1024,128,8,341,3
1512489957699139,1512489957699141,1024,128,8,512,2
1512489957703038,1512489957703041,1024,128,8,341,3
1512489957706964,1512489957706967,1024,128,8,341,3
1512489957710880,1512489957710883,1024,128,8,341,3
1512489957714813,1512489957714816,1024,128,8,341,3
1512489957718739,1512489957718742,1024,128,8,341,3
1512489957722676,1512489957722679,1024,128,8,341,3
1512489957726615,1512489957726618,1024,128,8,341,3
1512489957730525,1512489957730528,1024,128,8,341,3
1512489957734444,1512489957734447,1024,128,8,341,3
1512489957738409,1512489957738412,1024,128,8,341,3
1512489957742338,1512489957742341,1024,128,8,341,3
1512489957746249,1512489957746252,1024,128,8,341,3
