1512597605118876,1512597605120732,10485760,1310720,8,5649,1856
1512597605201574,1512597605203521,10485760,1310720,8,5385,1947
1512597605281949,1512597605283798,10485760,1310720,8,5671,1849
1512597605362263,1512597605364176,10485760,1310720,8,5481,1913
1512597605442554,1512597605444248,10485760,1310720,8,6189,1694
1512597605522266,1512597605524015,10485760,1310720,8,5995,1749
1512597605602282,1512597605603999,10485760,1310720,8,6107,1717
1512597605682030,1512597605683814,10485760,1310720,8,5877,1784
1512597605761754,1512597605763502,10485760,1310720,8,5998,1748
1512597605841485,1512597605843272,10485760,1310720,8,5867,1787
1512597605921261,1512597605923036,10485760,1310720,8,5907,1775
1512597606001125,1512597606002900,10485760,1310720,8,5907,1775
1512597606080933,1512597606082730,10485760,1310720,8,5835,1797
1512597606160811,1512597606162584,10485760,1310720,8,5914,1773
1512597606240721,1512597606242475,10485760,1310720,8,5978,1754
1512597606320317,1512597606322028,10485760,1310720,8,6128,1711
1512597606400046,1512597606401860,10485760,1310720,8,5780,1814
1512597606479720,1512597606481461,10485760,1310720,8,6022,1741
1512597606559353,1512597606561104,10485760,1310720,8,5988,1751
1512597606639075,1512597606640872,10485760,1310720,8,5835,1797
1512597606718767,1512597606720543,10485760,1310720,8,5904,1776
1512597606797976,1512597606799755,10485760,1310720,8,5894,1779
1512597606877023,1512597606878773,10485760,1310720,8,5991,1750
1512597606956135,1512597606957857,10485760,1310720,8,6089,1722
1512597607035199,1512597607036956,10485760,1310720,8,5967,1757
1512597607114200,1512597607115995,10485760,1310720,8,5841,1795
1512597607193424,1512597607195163,10485760,1310720,8,6029,1739
1512597607272496,1512597607274249,10485760,1310720,8,5981,1753
1512597607351538,1512597607353312,10485760,1310720,8,5910,1774
1512597607430677,1512597607432428,10485760,1310720,8,5988,1751
1512597607509709,1512597607511475,10485760,1310720,8,5937,1766
1512597607588834,1512597607590553,10485760,1310720,8,6099,1719
1512597607667791,1512597607669556,10485760,1310720,8,5940,1765
1512597607746837,1512597607748527,10485760,1310720,8,6204,1690
1512597607825790,1512597607827528,10485760,1310720,8,6033,1738
1512597607904875,1512597607906643,10485760,1310720,8,5930,1768
1512597607983919,1512597607985678,10485760,1310720,8,5961,1759
1512597608063048,1512597608064835,10485760,1310720,8,5867,1787
1512597608142174,1512597608143977,10485760,1310720,8,5815,1803
1512597608221273,1512597608222994,10485760,1310720,8,6092,1721
1512597608300337,1512597608302069,10485760,1310720,8,6054,1732
1512597608379326,1512597608381108,10485760,1310720,8,5884,1782
1512597608458460,1512597608460183,10485760,1310720,8,6085,1723
1512597608537433,1512597608539208,10485760,1310720,8,5907,1775
1512597608616468,1512597608618247,10485760,1310720,8,5894,1779
1512597608695578,1512597608697254,10485760,1310720,8,6256,1676
1512597608774543,1512597608776322,10485760,1310720,8,5894,1779
1512597608853583,1512597608855297,10485760,1310720,8,6117,1714
1512597608932866,1512597608934621,10485760,1310720,8,5974,1755
1512597609011970,1512597609013753,10485760,1310720,8,5880,1783
1512597609091152,1512597609092888,10485760,1310720,8,6040,1736
1512597609170286,1512597609172064,10485760,1310720,8,5897,1778
1512597609249548,1512597609251344,10485760,1310720,8,5838,1796
1512597609328697,1512597609330410,10485760,1310720,8,6121,1713
1512597609407742,1512597609409478,10485760,1310720,8,6040,1736
1512597609486732,1512597609488464,10485760,1310720,8,6054,1732
1512597609565743,1512597609567447,10485760,1310720,8,6153,1704
1512597609644713,1512597609646514,10485760,1310720,8,5822,1801
1512597609723764,1512597609725551,10485760,1310720,8,5867,1787
1512597609802932,1512597609804684,10485760,1310720,8,5985,1752
1512597609882028,1512597609883790,10485760,1310720,8,5951,1762
1512597609961040,1512597609962808,10485760,1310720,8,5930,1768
1512597610040097,1512597610041878,10485760,1310720,8,5887,1781
1512597610119113,1512597610120850,10485760,1310720,8,6036,1737
1512597610198130,1512597610199887,10485760,1310720,8,5967,1757
1512597610277117,1512597610278937,10485760,1310720,8,5761,1820
1512597610356157,1512597610357906,10485760,1310720,8,5995,1749
1512597610435188,1512597610436957,10485760,1310720,8,5927,1769
1512597610514201,1512597610515988,10485760,1310720,8,5867,1787
1512597610593302,1512597610595081,10485760,1310720,8,5894,1779
1512597610672466,1512597610674226,10485760,1310720,8,5957,1760
1512597610751480,1512597610753306,10485760,1310720,8,5742,1826
1512597610830545,1512597610832342,10485760,1310720,8,5835,1797
1512597610909585,1512597610911412,10485760,1310720,8,5739,1827
1512597610988709,1512597610990491,10485760,1310720,8,5884,1782
1512597611067826,1512597611069610,10485760,1310720,8,5877,1784
1512597611146994,1512597611148752,10485760,1310720,8,5964,1758
1512597611226021,1512597611227752,10485760,1310720,8,6057,1731
1512597611304968,1512597611306680,10485760,1310720,8,6124,1712
1512597611384005,1512597611385758,10485760,1310720,8,5981,1753
1512597611463041,1512597611464803,10485760,1310720,8,5951,1762
1512597611542107,1512597611543822,10485760,1310720,8,6114,1715
1512597611621203,1512597611622929,10485760,1310720,8,6075,1726
1512597611700344,1512597611702136,10485760,1310720,8,5851,1792
1512597611779386,1512597611781174,10485760,1310720,8,5864,1788
1512597611858436,1512597611860200,10485760,1310720,8,5944,1764
1512597611937456,1512597611939221,10485760,1310720,8,5940,1765
1512597612016518,1512597612018347,10485760,1310720,8,5733,1829
1512597612095680,1512597612097368,10485760,1310720,8,6211,1688
1512597612174711,1512597612176439,10485760,1310720,8,6068,1728
1512597612253758,1512597612255557,10485760,1310720,8,5828,1799
1512597612332823,1512597612334565,10485760,1310720,8,6019,1742
1512597612411818,1512597612413548,10485760,1310720,8,6061,1730
1512597612490850,1512597612492582,10485760,1310720,8,6054,1732
1512597612569863,1512597612571606,10485760,1310720,8,6015,1743
1512597612648904,1512597612650632,10485760,1310720,8,6068,1728
1512597612727889,1512597612729584,10485760,1310720,8,6186,1695
1512597612806868,1512597612808609,10485760,1310720,8,6022,1741
1512597612885929,1512597612887650,10485760,1310720,8,6092,1721
1512597612964993,1512597612966699,10485760,1310720,8,6146,1706
1512597613043988,1512597613045707,10485760,1310720,8,6099,1719
1512597613122996,1512597613124776,10485760,1310720,8,5890,1780
1512597613202036,1512597613203795,10485760,1310720,8,5961,1759
1512597613281051,1512597613282787,10485760,1310720,8,6040,1736
1512597613360043,1512597613361796,10485760,1310720,8,5981,1753
1512597613439036,1512597613440860,10485760,1310720,8,5748,1824
1512597613518134,1512597613519930,10485760,1310720,8,5838,1796
1512597613597257,1512597613599017,10485760,1310720,8,5957,1760
1512597613676333,1512597613678070,10485760,1310720,8,6036,1737
1512597613755493,1512597613757281,10485760,1310720,8,5864,1788
1512597613834602,1512597613836314,10485760,1310720,8,6124,1712
1512597613913582,1512597613915299,10485760,1310720,8,6107,1717
1512597613992567,1512597613994332,10485760,1310720,8,5940,1765
1512597614071594,1512597614073373,10485760,1310720,8,5894,1779
1512597614150624,1512597614152404,10485760,1310720,8,5890,1780
1512597614229781,1512597614231565,10485760,1310720,8,5877,1784
1512597614308883,1512597614310666,10485760,1310720,8,5880,1783
1512597614387929,1512597614389701,10485760,1310720,8,5917,1772
1512597614466992,1512597614468795,10485760,1310720,8,5815,1803
1512597614546077,1512597614547841,10485760,1310720,8,5944,1764
1512597614625093,1512597614626853,10485760,1310720,8,5957,1760
1512597614704112,1512597614705779,10485760,1310720,8,6290,1667
1512597614783099,1512597614784832,10485760,1310720,8,6050,1733
1512597614862082,1512597614863882,10485760,1310720,8,5825,1800
1512597614941204,1512597614943009,10485760,1310720,8,5809,1805
1512597615020303,1512597615022100,10485760,1310720,8,5835,1797
1512597615099393,1512597615101138,10485760,1310720,8,6009,1745
1512597615178396,1512597615180146,10485760,1310720,8,5991,1750
1512597615257492,1512597615259262,10485760,1310720,8,5924,1770
1512597615336499,1512597615338319,10485760,1310720,8,5761,1820
1512597615415633,1512597615417414,10485760,1310720,8,5887,1781
1512597615494689,1512597615496505,10485760,1310720,8,5774,1816
1512597615573750,1512597615575499,10485760,1310720,8,5995,1749
1512597615652736,1512597615654467,10485760,1310720,8,6057,1731
1512597615731694,1512597615733401,10485760,1310720,8,6142,1707
1512597615810754,1512597615812478,10485760,1310720,8,6082,1724
1512597615889732,1512597615891472,10485760,1310720,8,6026,1740
1512597615968735,1512597615970486,10485760,1310720,8,5988,1751
1512597616047709,1512597616049404,10485760,1310720,8,6186,1695
1512597616126613,1512597616128382,10485760,1310720,8,5927,1769
1512597616205682,1512597616207484,10485760,1310720,8,5818,1802
1512597616284698,1512597616286496,10485760,1310720,8,5831,1798
1512597616363692,1512597616365486,10485760,1310720,8,5844,1794
1512597616442737,1512597616444493,10485760,1310720,8,5971,1756
1512597616521779,1512597616523544,10485760,1310720,8,5940,1765
1512597616600987,1512597616602735,10485760,1310720,8,5998,1748
1512597616679977,1512597616681673,10485760,1310720,8,6182,1696
1512597616758889,1512597616760643,10485760,1310720,8,5978,1754
1512597616837915,1512597616839714,10485760,1310720,8,5828,1799
1512597616917081,1512597616918822,10485760,1310720,8,6022,1741
1512597616996066,1512597616997812,10485760,1310720,8,6005,1746
1512597617075036,1512597617076808,10485760,1310720,8,5917,1772
1512597617154064,1512597617155838,10485760,1310720,8,5910,1774
1512597617233153,1512597617234934,10485760,1310720,8,5887,1781
1512597617312182,1512597617313948,10485760,1310720,8,5937,1766
1512597617391169,1512597617392923,10485760,1310720,8,5978,1754
1512597617470173,1512597617471912,10485760,1310720,8,6029,1739
1512597617549203,1512597617550988,10485760,1310720,8,5874,1785
1512597617628212,1512597617629992,10485760,1310720,8,5890,1780
1512597617707230,1512597617708944,10485760,1310720,8,6117,1714
1512597617786256,1512597617788036,10485760,1310720,8,5890,1780
1512597617865252,1512597617867029,10485760,1310720,8,5900,1777
1512597617944255,1512597617946004,10485760,1310720,8,5995,1749
1512597618023309,1512597618025060,10485760,1310720,8,5988,1751
1512597618102286,1512597618103995,10485760,1310720,8,6135,1709
1512597618181305,1512597618183009,10485760,1310720,8,6153,1704
1512597618260209,1512597618261977,10485760,1310720,8,5930,1768
1512597618339262,1512597618340996,10485760,1310720,8,6047,1734
1512597618418206,1512597618419935,10485760,1310720,8,6064,1729
1512597618497202,1512597618498959,10485760,1310720,8,5967,1757
1512597618576202,1512597618577883,10485760,1310720,8,6237,1681
1512597618655071,1512597618656784,10485760,1310720,8,6121,1713
1512597618734085,1512597618735848,10485760,1310720,8,5947,1763
1512597618813091,1512597618814864,10485760,1310720,8,5914,1773
1512597618892208,1512597618893920,10485760,1310720,8,6124,1712
1512597618971186,1512597618972860,10485760,1310720,8,6263,1674
1512597619050052,1512597619051779,10485760,1310720,8,6071,1727
1512597619128977,1512597619130724,10485760,1310720,8,6002,1747
1512597619207947,1512597619209725,10485760,1310720,8,5897,1778
1512597619287051,1512597619288825,10485760,1310720,8,5910,1774
1512597619366023,1512597619367790,10485760,1310720,8,5934,1767
1512597619445037,1512597619446850,10485760,1310720,8,5783,1813
1512597619524225,1512597619526033,10485760,1310720,8,5799,1808
1512597619603252,1512597619605034,10485760,1310720,8,5884,1782
1512597619682279,1512597619684095,10485760,1310720,8,5774,1816
1512597619761315,1512597619763120,10485760,1310720,8,5809,1805
1512597619840350,1512597619842090,10485760,1310720,8,6026,1740
1512597619919317,1512597619921026,10485760,1310720,8,6135,1709
1512597619998290,1512597620000049,10485760,1310720,8,5961,1759
1512597620077301,1512597620079059,10485760,1310720,8,5964,1758
1512597620156380,1512597620158102,10485760,1310720,8,6089,1722
1512597620235442,1512597620237242,10485760,1310720,8,5825,1800
1512597620314571,1512597620316346,10485760,1310720,8,5907,1775
1512597620393639,1512597620395315,10485760,1310720,8,6256,1676
1512597620472539,1512597620474308,10485760,1310720,8,5927,1769
1512597620551541,1512597620553306,10485760,1310720,8,5940,1765
1512597620630562,1512597620632268,10485760,1310720,8,6146,1706
1512597620709599,1512597620711352,10485760,1310720,8,5981,1753
1512597620788687,1512597620790408,10485760,1310720,8,6092,1721
1512597620867621,1512597620869417,10485760,1310720,8,5838,1796
1512597620946667,1512597620948425,10485760,1310720,8,5964,1758
1512597621025659,1512597621027414,10485760,1310720,8,5974,1755
1512597621104674,1512597621106473,10485760,1310720,8,5828,1799
1512597621183731,1512597621185464,10485760,1310720,8,6050,1733
1512597621262801,1512597621264563,10485760,1310720,8,5951,1762
1512597621341827,1512597621343573,10485760,1310720,8,6005,1746
1512597621420931,1512597621422713,10485760,1310720,8,5884,1782
1512597621499930,1512597621501714,10485760,1310720,8,5877,1784
1512597621578914,1512597621580643,10485760,1310720,8,6064,1729
1512597621657871,1512597621659575,10485760,1310720,8,6153,1704
1512597621736871,1512597621738665,10485760,1310720,8,5844,1794
1512597621815899,1512597621817699,10485760,1310720,8,5825,1800
1512597621894970,1512597621896743,10485760,1310720,8,5914,1773
1512597621974039,1512597621975750,10485760,1310720,8,6128,1711
1512597622053134,1512597622054922,10485760,1310720,8,5864,1788
1512597622132155,1512597622133892,10485760,1310720,8,6036,1737
1512597622211145,1512597622212891,10485760,1310720,8,6005,1746
1512597622290290,1512597622292012,10485760,1310720,8,6089,1722
1512597622369227,1512597622371003,10485760,1310720,8,5904,1776
1512597622448277,1512597622449923,10485760,1310720,8,6370,1646
1512597622527206,1512597622528973,10485760,1310720,8,5934,1767
1512597622606259,1512597622608006,10485760,1310720,8,6002,1747
1512597622685255,1512597622687042,10485760,1310720,8,5867,1787
1512597622764266,1512597622766049,10485760,1310720,8,5880,1783
1512597622843359,1512597622845145,10485760,1310720,8,5871,1786
1512597622922477,1512597622924267,10485760,1310720,8,5857,1790
1512597623001479,1512597623003177,10485760,1310720,8,6175,1698
1512597623080406,1512597623082144,10485760,1310720,8,6033,1738
1512597623159422,1512597623161212,10485760,1310720,8,5857,1790
1512597623238467,1512597623240226,10485760,1310720,8,5961,1759
1512597623317526,1512597623319270,10485760,1310720,8,6012,1744
1512597623396513,1512597623398243,10485760,1310720,8,6061,1730
1512597623475467,1512597623477234,10485760,1310720,8,5934,1767
1512597623554520,1512597623556256,10485760,1310720,8,6040,1736
1512597623633495,1512597623635284,10485760,1310720,8,5861,1789
1512597623712657,1512597623714411,10485760,1310720,8,5978,1754
1512597623791779,1512597623793556,10485760,1310720,8,5900,1777
1512597623870809,1512597623872588,10485760,1310720,8,5894,1779
1512597623949964,1512597623951695,10485760,1310720,8,6057,1731
1512597624029124,1512597624030832,10485760,1310720,8,6139,1708
1512597624108254,1512597624110035,10485760,1310720,8,5887,1781
1512597624187517,1512597624189325,10485760,1310720,8,5799,1808
1512597624266584,1512597624268400,10485760,1310720,8,5774,1816
1512597624345653,1512597624347396,10485760,1310720,8,6015,1743
1512597624424617,1512597624426392,10485760,1310720,8,5907,1775
1512597624503721,1512597624505457,10485760,1310720,8,6040,1736
1512597624582845,1512597624584601,10485760,1310720,8,5971,1756
1512597624661822,1512597624663611,10485760,1310720,8,5861,1789
1512597624740991,1512597624742788,10485760,1310720,8,5835,1797
1512597624820030,1512597624821830,10485760,1310720,8,5825,1800
1512597624899100,1512597624900810,10485760,1310720,8,6132,1710
1512597624978075,1512597624979833,10485760,1310720,8,5964,1758
1512597625057296,1512597625059055,10485760,1310720,8,5961,1759
1512597625136364,1512597625138143,10485760,1310720,8,5894,1779
1512597625215389,1512597625217188,10485760,1310720,8,5828,1799
1512597625294413,1512597625296159,10485760,1310720,8,6005,1746
1512597625373514,1512597625375255,10485760,1310720,8,6022,1741
1512597625452637,1512597625454364,10485760,1310720,8,6071,1727
1512597625531669,1512597625533458,10485760,1310720,8,5861,1789
1512597625610756,1512597625612496,10485760,1310720,8,6026,1740
1512597625689812,1512597625691529,10485760,1310720,8,6107,1717
1512597625768882,1512597625770671,10485760,1310720,8,5861,1789
1512597625847923,1512597625849667,10485760,1310720,8,6012,1744
1512597625926912,1512597625928700,10485760,1310720,8,5864,1788
1512597626006052,1512597626007844,10485760,1310720,8,5851,1792
1512597626085093,1512597626086865,10485760,1310720,8,5917,1772
1512597626164197,1512597626165952,10485760,1310720,8,5974,1755
1512597626243307,1512597626245033,10485760,1310720,8,6075,1726
1512597626322255,1512597626324012,10485760,1310720,8,5967,1757
1512597626401269,1512597626403011,10485760,1310720,8,6019,1742
1512597626480264,1512597626481976,10485760,1310720,8,6124,1712
1512597626559371,1512597626561075,10485760,1310720,8,6153,1704
1512597626638336,1512597626640041,10485760,1310720,8,6150,1705
1512597626717339,1512597626719122,10485760,1310720,8,5880,1783
1512597626796401,1512597626798157,10485760,1310720,8,5971,1756
1512597626875772,1512597626877522,10485760,1310720,8,5991,1750
1512597626954840,1512597626956520,10485760,1310720,8,6241,1680
1512597627033917,1512597627035622,10485760,1310720,8,6150,1705
1512597627113059,1512597627114827,10485760,1310720,8,5930,1768
1512597627192120,1512597627193892,10485760,1310720,8,5917,1772
1512597627271232,1512597627273042,10485760,1310720,8,5793,1810
1512597627350359,1512597627352136,10485760,1310720,8,5900,1777
1512597627429507,1512597627431236,10485760,1310720,8,6064,1729
1512597627508616,1512597627510378,10485760,1310720,8,5951,1762
1512597627587654,1512597627589353,10485760,1310720,8,6171,1699
1512597627666708,1512597627668447,10485760,1310720,8,6029,1739
1512597627745736,1512597627747409,10485760,1310720,8,6267,1673
1512597627824684,1512597627826479,10485760,1310720,8,5841,1795
1512597627903753,1512597627905503,10485760,1310720,8,5991,1750
1512597627982840,1512597627984472,10485760,1310720,8,6425,1632
1512597628061738,1512597628063475,10485760,1310720,8,6036,1737
1512597628140893,1512597628142559,10485760,1310720,8,6293,1666
1512597628219967,1512597628221711,10485760,1310720,8,6012,1744
1512597628299062,1512597628300811,10485760,1310720,8,5995,1749
1512597628378066,1512597628379836,10485760,1310720,8,5924,1770
1512597628457119,1512597628458823,10485760,1310720,8,6153,1704
1512597628536236,1512597628538017,10485760,1310720,8,5887,1781
1512597628615363,1512597628617130,10485760,1310720,8,5934,1767
1512597628694450,1512597628696272,10485760,1310720,8,5755,1822
1512597628773536,1512597628775276,10485760,1310720,8,6026,1740
1512597628852523,1512597628854282,10485760,1310720,8,5961,1759
1512597628931567,1512597628933311,10485760,1310720,8,6012,1744
1512597629010518,1512597629012289,10485760,1310720,8,5920,1771
1512597629089591,1512597629091396,10485760,1310720,8,5809,1805
1512597629168692,1512597629170413,10485760,1310720,8,6092,1721
1512597629247667,1512597629249400,10485760,1310720,8,6050,1733
1512597629326612,1512597629328394,10485760,1310720,8,5884,1782
1512597629405662,1512597629407408,10485760,1310720,8,6005,1746
1512597629484651,1512597629486410,10485760,1310720,8,5961,1759
1512597629563726,1512597629565456,10485760,1310720,8,6061,1730
1512597629642689,1512597629644459,10485760,1310720,8,5924,1770
1512597629721696,1512597629723443,10485760,1310720,8,6002,1747
1512597629800683,1512597629802475,10485760,1310720,8,5851,1792
1512597629879736,1512597629881521,10485760,1310720,8,5874,1785
1512597629958759,1512597629960547,10485760,1310720,8,5864,1788
1512597630037845,1512597630039609,10485760,1310720,8,5944,1764
1512597630116864,1512597630118587,10485760,1310720,8,6085,1723
1512597630195844,1512597630197620,10485760,1310720,8,5904,1776
1512597630274864,1512597630276613,10485760,1310720,8,5995,1749
1512597630353862,1512597630355669,10485760,1310720,8,5802,1807
1512597630432888,1512597630434637,10485760,1310720,8,5995,1749
1512597630511978,1512597630513766,10485760,1310720,8,5864,1788
1512597630591086,1512597630592812,10485760,1310720,8,6075,1726
1512597630670172,1512597630671963,10485760,1310720,8,5854,1791
1512597630749223,1512597630750952,10485760,1310720,8,6064,1729
1512597630828228,1512597630830025,10485760,1310720,8,5835,1797
1512597630907314,1512597630909062,10485760,1310720,8,5998,1748
1512597630986550,1512597630988345,10485760,1310720,8,5841,1795
1512597631065707,1512597631067440,10485760,1310720,8,6050,1733
1512597631144839,1512597631146628,10485760,1310720,8,5861,1789
1512597631223949,1512597631225741,10485760,1310720,8,5851,1792
1512597631303017,1512597631304782,10485760,1310720,8,5940,1765
1512597631382046,1512597631383790,10485760,1310720,8,6012,1744
1512597631461210,1512597631462949,10485760,1310720,8,6029,1739
1512597631540207,1512597631541936,10485760,1310720,8,6064,1729
1512597631619202,1512597631620966,10485760,1310720,8,5944,1764
1512597631698310,1512597631700127,10485760,1310720,8,5770,1817
1512597631777394,1512597631779130,10485760,1310720,8,6040,1736
1512597631856436,1512597631858201,10485760,1310720,8,5940,1765
1512597631935433,1512597631937224,10485760,1310720,8,5854,1791
1512597632014446,1512597632016170,10485760,1310720,8,6082,1724
1512597632093391,1512597632095106,10485760,1310720,8,6114,1715
1512597632172398,1512597632174174,10485760,1310720,8,5904,1776
1512597632251520,1512597632253259,10485760,1310720,8,6029,1739
1512597632330497,1512597632332205,10485760,1310720,8,6139,1708
1512597632409525,1512597632411318,10485760,1310720,8,5848,1793
1512597632488565,1512597632490258,10485760,1310720,8,6193,1693
1512597632567541,1512597632569232,10485760,1310720,8,6200,1691
1512597632646481,1512597632648279,10485760,1310720,8,5831,1798
1512597632725622,1512597632727335,10485760,1310720,8,6121,1713
1512597632804572,1512597632806362,10485760,1310720,8,5857,1790
1512597632883680,1512597632885465,10485760,1310720,8,5874,1785
1512597632962716,1512597632964491,10485760,1310720,8,5907,1775
1512597633041795,1512597633043518,10485760,1310720,8,6085,1723
1512597633120908,1512597633122661,10485760,1310720,8,5981,1753
1512597633199888,1512597633201683,10485760,1310720,8,5841,1795
1512597633279124,1512597633280886,10485760,1310720,8,5951,1762
1512597633358114,1512597633359894,10485760,1310720,8,5890,1780
1512597633437152,1512597633438909,10485760,1310720,8,5967,1757
1512597633516228,1512597633518017,10485760,1310720,8,5861,1789
1512597633595314,1512597633597096,10485760,1310720,8,5884,1782
1512597633674406,1512597633676161,10485760,1310720,8,5974,1755
1512597633753412,1512597633755157,10485760,1310720,8,6009,1745
1512597633832421,1512597633834135,10485760,1310720,8,6117,1714
1512597633911357,1512597633913138,10485760,1310720,8,5887,1781
1512597633990369,1512597633992097,10485760,1310720,8,6068,1728
1512597634069476,1512597634071211,10485760,1310720,8,6043,1735
1512597634148497,1512597634150206,10485760,1310720,8,6135,1709
1512597634227467,1512597634229265,10485760,1310720,8,5831,1798
1512597634306551,1512597634308271,10485760,1310720,8,6096,1720
1512597634385595,1512597634387394,10485760,1310720,8,5828,1799
1512597634464723,1512597634466513,10485760,1310720,8,5857,1790
1512597634543943,1512597634545667,10485760,1310720,8,6082,1724
1512597634623177,1512597634624910,10485760,1310720,8,6050,1733
1512597634702169,1512597634703944,10485760,1310720,8,5907,1775
1512597634781269,1512597634783011,10485760,1310720,8,6019,1742
1512597634860283,1512597634862043,10485760,1310720,8,5957,1760
1512597634939364,1512597634941112,10485760,1310720,8,5998,1748
1512597635018583,1512597635020271,10485760,1310720,8,6211,1688
1512597635097657,1512597635099414,10485760,1310720,8,5967,1757
1512597635176778,1512597635178535,10485760,1310720,8,5967,1757
1512597635255821,1512597635257587,10485760,1310720,8,5937,1766
1512597635334952,1512597635336711,10485760,1310720,8,5961,1759
1512597635413985,1512597635415756,10485760,1310720,8,5920,1771
1512597635492996,1512597635494773,10485760,1310720,8,5900,1777
1512597635572055,1512597635573855,10485760,1310720,8,5825,1800
1512597635651239,1512597635653008,10485760,1310720,8,5927,1769
1512597635730309,1512597635732014,10485760,1310720,8,6150,1705
1512597635809246,1512597635810968,10485760,1310720,8,6089,1722
1512597635888375,1512597635890094,10485760,1310720,8,6099,1719
1512597635967350,1512597635969122,10485760,1310720,8,5917,1772
1512597636046438,1512597636048204,10485760,1310720,8,5937,1766
1512597636125481,1512597636127208,10485760,1310720,8,6071,1727
1512597636204534,1512597636206255,10485760,1310720,8,6092,1721
1512597636283552,1512597636285287,10485760,1310720,8,6043,1735
1512597636362553,1512597636364370,10485760,1310720,8,5770,1817
1512597636441640,1512597636443406,10485760,1310720,8,5937,1766
1512597636520759,1512597636522369,10485760,1310720,8,6512,1610
1512597636599847,1512597636601609,10485760,1310720,8,5951,1762
1512597636678870,1512597636680624,10485760,1310720,8,5978,1754
1512597636758047,1512597636759816,10485760,1310720,8,5927,1769
1512597636837144,1512597636838939,10485760,1310720,8,5841,1795
1512597636916347,1512597636918160,10485760,1310720,8,5783,1813
1512597636995382,1512597636997147,10485760,1310720,8,5940,1765
1512597637074596,1512597637076294,10485760,1310720,8,6175,1698
1512597637153592,1512597637155354,10485760,1310720,8,5951,1762
1512597637232628,1512597637234365,10485760,1310720,8,6036,1737
1512597637311681,1512597637313428,10485760,1310720,8,6002,1747
1512597637390677,1512597637392389,10485760,1310720,8,6124,1712
1512597637469770,1512597637471576,10485760,1310720,8,5806,1806
1512597637548866,1512597637550593,10485760,1310720,8,6071,1727
1512597637627912,1512597637629704,10485760,1310720,8,5851,1792
1512597637706936,1512597637708627,10485760,1310720,8,6200,1691
1512597637785923,1512597637787710,10485760,1310720,8,5867,1787
1512597637865048,1512597637866806,10485760,1310720,8,5964,1758
1512597637944145,1512597637945913,10485760,1310720,8,5930,1768
1512597638023151,1512597638024894,10485760,1310720,8,6015,1743
1512597638102141,1512597638103933,10485760,1310720,8,5851,1792
1512597638181238,1512597638183043,10485760,1310720,8,5809,1805
1512597638260303,1512597638262058,10485760,1310720,8,5974,1755
1512597638339478,1512597638341222,10485760,1310720,8,6012,1744
1512597638418645,1512597638420390,10485760,1310720,8,6009,1745
1512597638497667,1512597638499409,10485760,1310720,8,6019,1742
1512597638576685,1512597638578457,10485760,1310720,8,5917,1772
1512597638655793,1512597638657584,10485760,1310720,8,5854,1791
1512597638734828,1512597638736599,10485760,1310720,8,5920,1771
1512597638813831,1512597638815565,10485760,1310720,8,6047,1734
1512597638892794,1512597638894522,10485760,1310720,8,6068,1728
1512597638971768,1512597638973463,10485760,1310720,8,6186,1695
1512597639050885,1512597639052689,10485760,1310720,8,5812,1804
1512597639129888,1512597639131638,10485760,1310720,8,5991,1750
1512597639208903,1512597639210680,10485760,1310720,8,5900,1777
1512597639287932,1512597639289680,10485760,1310720,8,5998,1748
1512597639366941,1512597639368695,10485760,1310720,8,5978,1754
1512597639445947,1512597639447695,10485760,1310720,8,5998,1748
1512597639524952,1512597639526704,10485760,1310720,8,5985,1752
1512597639603988,1512597639605687,10485760,1310720,8,6171,1699
1512597639683023,1512597639684773,10485760,1310720,8,5991,1750
1512597639762033,1512597639763782,10485760,1310720,8,5995,1749
1512597639841094,1512597639842832,10485760,1310720,8,6033,1738
1512597639920192,1512597639921975,10485760,1310720,8,5880,1783
1512597639999266,1512597640001067,10485760,1310720,8,5822,1801
1512597640078349,1512597640080076,10485760,1310720,8,6071,1727
1512597640157425,1512597640159185,10485760,1310720,8,5957,1760
1512597640236455,1512597640238249,10485760,1310720,8,5844,1794
1512597640315498,1512597640317243,10485760,1310720,8,6009,1745
1512597640394546,1512597640396259,10485760,1310720,8,6121,1713
1512597640473544,1512597640475351,10485760,1310720,8,5802,1807
1512597640552662,1512597640554411,10485760,1310720,8,5995,1749
1512597640631780,1512597640633493,10485760,1310720,8,6121,1713
1512597640710726,1512597640712474,10485760,1310720,8,5998,1748
1512597640789842,1512597640791567,10485760,1310720,8,6078,1725
1512597640868818,1512597640870588,10485760,1310720,8,5924,1770
1512597640947982,1512597640949746,10485760,1310720,8,5944,1764
1512597641027188,1512597641028931,10485760,1310720,8,6015,1743
1512597641106204,1512597641108027,10485760,1310720,8,5751,1823
1512597641185295,1512597641187080,10485760,1310720,8,5874,1785
1512597641264455,1512597641266199,10485760,1310720,8,6012,1744
1512597641343665,1512597641345441,10485760,1310720,8,5904,1776
1512597641422750,1512597641424493,10485760,1310720,8,6015,1743
1512597641501847,1512597641503586,10485760,1310720,8,6029,1739
1512597641580847,1512597641582598,10485760,1310720,8,5988,1751
1512597641659867,1512597641661660,10485760,1310720,8,5848,1793
1512597641739021,1512597641740769,10485760,1310720,8,5998,1748
1512597641818054,1512597641819811,10485760,1310720,8,5967,1757
1512597641897052,1512597641898861,10485760,1310720,8,5796,1809
1512597641976108,1512597641977846,10485760,1310720,8,6033,1738
1512597642055097,1512597642056885,10485760,1310720,8,5864,1788
1512597642134264,1512597642136045,10485760,1310720,8,5887,1781
1512597642213307,1512597642214968,10485760,1310720,8,6312,1661
1512597642292351,1512597642294041,10485760,1310720,8,6204,1690
1512597642371368,1512597642373157,10485760,1310720,8,5861,1789
1512597642450492,1512597642452201,10485760,1310720,8,6135,1709
1512597642529511,1512597642531252,10485760,1310720,8,6022,1741
1512597642608520,1512597642610231,10485760,1310720,8,6128,1711
1512597642687519,1512597642689224,10485760,1310720,8,6150,1705
1512597642766524,1512597642768249,10485760,1310720,8,6078,1725
1512597642845626,1512597642847347,10485760,1310720,8,6092,1721
1512597642924606,1512597642926357,10485760,1310720,8,5988,1751
1512597643003607,1512597643005370,10485760,1310720,8,5947,1763
1512597643082700,1512597643084435,10485760,1310720,8,6043,1735
1512597643161698,1512597643163507,10485760,1310720,8,5796,1809
1512597643240809,1512597643242548,10485760,1310720,8,6029,1739
1512597643319847,1512597643321631,10485760,1310720,8,5877,1784
1512597643398928,1512597643400615,10485760,1310720,8,6215,1687
1512597643477900,1512597643479639,10485760,1310720,8,6029,1739
1512597643556947,1512597643558718,10485760,1310720,8,5920,1771
1512597643635991,1512597643637797,10485760,1310720,8,5806,1806
1512597643715033,1512597643716790,10485760,1310720,8,5967,1757
1512597643794136,1512597643795840,10485760,1310720,8,6153,1704
1512597643873102,1512597643874858,10485760,1310720,8,5971,1756
1512597643952096,1512597643953917,10485760,1310720,8,5758,1821
1512597644031316,1512597644033124,10485760,1310720,8,5799,1808
1512597644110359,1512597644112128,10485760,1310720,8,5927,1769
1512597644189448,1512597644191231,10485760,1310720,8,5880,1783
1512597644268579,1512597644270343,10485760,1310720,8,5944,1764
1512597644347764,1512597644349576,10485760,1310720,8,5786,1812
1512597644427070,1512597644428804,10485760,1310720,8,6047,1734
1512597644506084,1512597644507826,10485760,1310720,8,6019,1742
1512597644585091,1512597644586853,10485760,1310720,8,5951,1762
1512597644664210,1512597644665993,10485760,1310720,8,5880,1783
1512597644743190,1512597644744984,10485760,1310720,8,5844,1794
1512597644822296,1512597644824043,10485760,1310720,8,6002,1747
1512597644901295,1512597644903055,10485760,1310720,8,5957,1760
1512597644980375,1512597644982054,10485760,1310720,8,6245,1679
1512597645059391,1512597645061188,10485760,1310720,8,5835,1797
1512597645138449,1512597645140177,10485760,1310720,8,6068,1728
1512597645217485,1512597645219199,10485760,1310720,8,6117,1714
1512597645296560,1512597645298279,10485760,1310720,8,6099,1719
1512597645375614,1512597645377379,10485760,1310720,8,5940,1765
1512597645454642,1512597645456448,10485760,1310720,8,5806,1806
1512597645533866,1512597645535610,10485760,1310720,8,6012,1744
1512597645612978,1512597645614666,10485760,1310720,8,6211,1688
1512597645691938,1512597645693678,10485760,1310720,8,6026,1740
1512597645770993,1512597645772770,10485760,1310720,8,5900,1777
1512597645850045,1512597645851819,10485760,1310720,8,5910,1774
1512597645929087,1512597645930806,10485760,1310720,8,6099,1719
1512597646008128,1512597646009892,10485760,1310720,8,5944,1764
1512597646087140,1512597646088905,10485760,1310720,8,5940,1765
1512597646166149,1512597646167923,10485760,1310720,8,5910,1774
1512597646245191,1512597646246937,10485760,1310720,8,6005,1746
1512597646324164,1512597646325924,10485760,1310720,8,5957,1760
1512597646403340,1512597646405052,10485760,1310720,8,6124,1712
1512597646482271,1512597646484006,10485760,1310720,8,6043,1735
1512597646561283,1512597646563059,10485760,1310720,8,5904,1776
1512597646640347,1512597646642106,10485760,1310720,8,5961,1759
1512597646719334,1512597646721059,10485760,1310720,8,6078,1725
1512597646798309,1512597646800039,10485760,1310720,8,6061,1730
1512597646877318,1512597646879115,10485760,1310720,8,5835,1797
1512597646956394,1512597646958093,10485760,1310720,8,6171,1699
1512597647035351,1512597647037086,10485760,1310720,8,6043,1735
1512597647114443,1512597647116259,10485760,1310720,8,5774,1816
1512597647193570,1512597647195313,10485760,1310720,8,6015,1743
1512597647272785,1512597647274537,10485760,1310720,8,5985,1752
1512597647351808,1512597647353568,10485760,1310720,8,5957,1760
1512597647431063,1512597647432817,10485760,1310720,8,5978,1754
1512597647510055,1512597647511791,10485760,1310720,8,6040,1736
1512597647589048,1512597647590762,10485760,1310720,8,6117,1714
1512597647668016,1512597647669809,10485760,1310720,8,5848,1793
1512597647747085,1512597647748896,10485760,1310720,8,5790,1811
1512597647826151,1512597647827890,10485760,1310720,8,6029,1739
1512597647905165,1512597647906929,10485760,1310720,8,5944,1764
1512597647984191,1512597647985896,10485760,1310720,8,6150,1705
1512597648063144,1512597648064904,10485760,1310720,8,5957,1760
1512597648142145,1512597648143915,10485760,1310720,8,5924,1770
1512597648221157,1512597648222828,10485760,1310720,8,6275,1671
1512597648300088,1512597648301818,10485760,1310720,8,6061,1730
1512597648379065,1512597648380851,10485760,1310720,8,5871,1786
1512597648458091,1512597648459795,10485760,1310720,8,6153,1704
1512597648537031,1512597648538828,10485760,1310720,8,5835,1797
1512597648616235,1512597648617954,10485760,1310720,8,6099,1719
1512597648695246,1512597648697011,10485760,1310720,8,5940,1765
1512597648774298,1512597648776044,10485760,1310720,8,6005,1746
1512597648853292,1512597648855024,10485760,1310720,8,6054,1732
1512597648932287,1512597648934067,10485760,1310720,8,5890,1780
1512597649011302,1512597649013070,10485760,1310720,8,5930,1768
1512597649090300,1512597649092059,10485760,1310720,8,5961,1759
1512597649169359,1512597649171096,10485760,1310720,8,6036,1737
1512597649248330,1512597649250078,10485760,1310720,8,5998,1748
1512597649327309,1512597649329042,10485760,1310720,8,6050,1733
1512597649406398,1512597649408104,10485760,1310720,8,6146,1706
1512597649485454,1512597649487232,10485760,1310720,8,5897,1778
1512597649564478,1512597649566217,10485760,1310720,8,6029,1739
1512597649643495,1512597649645287,10485760,1310720,8,5851,1792
1512597649722628,1512597649724421,10485760,1310720,8,5848,1793
1512597649801674,1512597649803460,10485760,1310720,8,5871,1786
1512597649880708,1512597649882482,10485760,1310720,8,5910,1774
1512597649959842,1512597649961594,10485760,1310720,8,5985,1752
1512597650038934,1512597650040716,10485760,1310720,8,5884,1782
1512597650117978,1512597650119717,10485760,1310720,8,6029,1739
1512597650196994,1512597650198765,10485760,1310720,8,5920,1771
1512597650276093,1512597650277899,10485760,1310720,8,5806,1806
1512597650355127,1512597650356924,10485760,1310720,8,5835,1797
1512597650434152,1512597650435891,10485760,1310720,8,6029,1739
1512597650513205,1512597650514989,10485760,1310720,8,5877,1784
1512597650592336,1512597650594121,10485760,1310720,8,5874,1785
1512597650671476,1512597650673221,10485760,1310720,8,6009,1745
1512597650750460,1512597650752256,10485760,1310720,8,5838,1796
1512597650829631,1512597650831418,10485760,1310720,8,5867,1787
1512597650908866,1512597650910576,10485760,1310720,8,6132,1710
1512597650987850,1512597650989556,10485760,1310720,8,6146,1706
1512597651066839,1512597651068585,10485760,1310720,8,6005,1746
1512597651145984,1512597651147785,10485760,1310720,8,5822,1801
1512597651225038,1512597651226827,10485760,1310720,8,5861,1789
1512597651304175,1512597651305982,10485760,1310720,8,5802,1807
1512597651383194,1512597651384841,10485760,1310720,8,6366,1647
1512597651462096,1512597651463839,10485760,1310720,8,6015,1743
1512597651541084,1512597651542794,10485760,1310720,8,6132,1710
1512597651620085,1512597651621894,10485760,1310720,8,5796,1809
1512597651699114,1512597651700854,10485760,1310720,8,6026,1740
1512597651778264,1512597651780071,10485760,1310720,8,5802,1807
1512597651857328,1512597651859132,10485760,1310720,8,5812,1804
1512597651936782,1512597651938530,10485760,1310720,8,5998,1748
1512597652015874,1512597652017664,10485760,1310720,8,5857,1790
1512597652094916,1512597652096695,10485760,1310720,8,5894,1779
1512597652174028,1512597652175792,10485760,1310720,8,5944,1764
1512597652253032,1512597652254850,10485760,1310720,8,5767,1818
1512597652332229,1512597652334004,10485760,1310720,8,5907,1775
1512597652411295,1512597652413058,10485760,1310720,8,5947,1763
1512597652490363,1512597652492078,10485760,1310720,8,6114,1715
1512597652569318,1512597652571085,10485760,1310720,8,5934,1767
1512597652648353,1512597652650091,10485760,1310720,8,6033,1738
1512597652727329,1512597652729081,10485760,1310720,8,5985,1752
1512597652806327,1512597652808081,10485760,1310720,8,5978,1754
1512597652885458,1512597652887187,10485760,1310720,8,6064,1729
1512597652964452,1512597652966213,10485760,1310720,8,5954,1761
1512597653043467,1512597653045259,10485760,1310720,8,5851,1792
1512597653122528,1512597653124299,10485760,1310720,8,5920,1771
1512597653201586,1512597653203372,10485760,1310720,8,5871,1786
1512597653280670,1512597653282454,10485760,1310720,8,5877,1784
1512597653359939,1512597653361678,10485760,1310720,8,6029,1739
1512597653438951,1512597653440704,10485760,1310720,8,5981,1753
1512597653517988,1512597653519737,10485760,1310720,8,5995,1749
1512597653597011,1512597653598766,10485760,1310720,8,5974,1755
1512597653676026,1512597653677795,10485760,1310720,8,5927,1769
1512597653755031,1512597653756839,10485760,1310720,8,5799,1808
1512597653834106,1512597653835890,10485760,1310720,8,5877,1784
1512597653913214,1512597653914990,10485760,1310720,8,5904,1776
1512597653992236,1512597653993994,10485760,1310720,8,5964,1758
1512597654071255,1512597654073051,10485760,1310720,8,5838,1796
1512597654150393,1512597654152136,10485760,1310720,8,6015,1743
1512597654229425,1512597654231227,10485760,1310720,8,5818,1802
1512597654308538,1512597654310270,10485760,1310720,8,6054,1732
1512597654387617,1512597654389433,10485760,1310720,8,5774,1816
1512597654466723,1512597654468469,10485760,1310720,8,6005,1746
1512597654545764,1512597654547504,10485760,1310720,8,6026,1740
1512597654624964,1512597654626744,10485760,1310720,8,5890,1780
1512597654704002,1512597654705781,10485760,1310720,8,5894,1779
1512597654783028,1512597654784737,10485760,1310720,8,6135,1709
1512597654862010,1512597654863803,10485760,1310720,8,5848,1793
1512597654941051,1512597654942819,10485760,1310720,8,5930,1768
1512597655020160,1512597655021904,10485760,1310720,8,6012,1744
1512597655099156,1512597655100892,10485760,1310720,8,6040,1736
1512597655178136,1512597655179921,10485760,1310720,8,5874,1785
1512597655257216,1512597655258919,10485760,1310720,8,6157,1703
1512597655336253,1512597655338010,10485760,1310720,8,5967,1757
1512597655415387,1512597655417198,10485760,1310720,8,5790,1811
1512597655494509,1512597655496305,10485760,1310720,8,5838,1796
1512597655573541,1512597655575285,10485760,1310720,8,6012,1744
1512597655652670,1512597655654379,10485760,1310720,8,6135,1709
1512597655731678,1512597655733453,10485760,1310720,8,5907,1775
1512597655810738,1512597655812493,10485760,1310720,8,5974,1755
1512597655889740,1512597655891537,10485760,1310720,8,5835,1797
1512597655968923,1512597655970565,10485760,1310720,8,6385,1642
1512597656047820,1512597656049515,10485760,1310720,8,6186,1695
1512597656126867,1512597656128645,10485760,1310720,8,5897,1778
1512597656205914,1512597656207702,10485760,1310720,8,5864,1788
1512597656285027,1512597656286848,10485760,1310720,8,5758,1821
1512597656364229,1512597656366022,10485760,1310720,8,5848,1793
1512597656443251,1512597656445041,10485760,1310720,8,5857,1790
1512597656522310,1512597656524090,10485760,1310720,8,5890,1780
1512597656601316,1512597656603000,10485760,1310720,8,6226,1684
1512597656680332,1512597656682098,10485760,1310720,8,5937,1766
1512597656759402,1512597656761196,10485760,1310720,8,5844,1794
1512597656838552,1512597656840311,10485760,1310720,8,5961,1759
1512597656917591,1512597656919358,10485760,1310720,8,5934,1767
1512597656996661,1512597656998401,10485760,1310720,8,6026,1740
1512597657075793,1512597657077533,10485760,1310720,8,6026,1740
1512597657154800,1512597657156556,10485760,1310720,8,5971,1756
1512597657233836,1512597657235594,10485760,1310720,8,5964,1758
1512597657312895,1512597657314642,10485760,1310720,8,6002,1747
1512597657391906,1512597657393683,10485760,1310720,8,5900,1777
1512597657470918,1512597657472665,10485760,1310720,8,6002,1747
1512597657549908,1512597657551699,10485760,1310720,8,5854,1791
1512597657629064,1512597657630757,10485760,1310720,8,6193,1693
1512597657708045,1512597657709824,10485760,1310720,8,5894,1779
1512597657787082,1512597657788872,10485760,1310720,8,5857,1790
1512597657866160,1512597657867928,10485760,1310720,8,5930,1768
1512597657945200,1512597657946984,10485760,1310720,8,5877,1784
1512597658024264,1512597658026069,10485760,1310720,8,5809,1805
1512597658103330,1512597658105056,10485760,1310720,8,6075,1726
1512597658182385,1512597658184122,10485760,1310720,8,6036,1737
1512597658261445,1512597658263222,10485760,1310720,8,5900,1777
1512597658340442,1512597658342220,10485760,1310720,8,5897,1778
1512597658419720,1512597658421461,10485760,1310720,8,6022,1741
1512597658498736,1512597658500473,10485760,1310720,8,6036,1737
1512597658577875,1512597658579620,10485760,1310720,8,6009,1745
1512597658656911,1512597658658611,10485760,1310720,8,6168,1700
1512597658735854,1512597658737614,10485760,1310720,8,5957,1760
1512597658814999,1512597658816793,10485760,1310720,8,5844,1794
1512597658894033,1512597658895778,10485760,1310720,8,6009,1745
1512597658973011,1512597658974779,10485760,1310720,8,5930,1768
1512597659052087,1512597659053843,10485760,1310720,8,5971,1756
1512597659131162,1512597659132845,10485760,1310720,8,6230,1683
1512597659210226,1512597659212032,10485760,1310720,8,5806,1806
1512597659289349,1512597659291087,10485760,1310720,8,6033,1738
1512597659368539,1512597659370336,10485760,1310720,8,5835,1797
1512597659447620,1512597659449321,10485760,1310720,8,6164,1701
1512597659526659,1512597659528409,10485760,1310720,8,5991,1750
1512597659605755,1512597659607531,10485760,1310720,8,5904,1776
1512597659684881,1512597659686595,10485760,1310720,8,6117,1714
1512597659763817,1512597659765530,10485760,1310720,8,6121,1713
1512597659842892,1512597659844686,10485760,1310720,8,5844,1794
1512597659922076,1512597659923812,10485760,1310720,8,6040,1736
1512597660001436,1512597660003298,10485760,1310720,8,5631,1862
1512597660081152,1512597660082943,10485760,1310720,8,5854,1791
1512597660160233,1512597660162008,10485760,1310720,8,5907,1775
1512597660239352,1512597660241116,10485760,1310720,8,5944,1764
1512597660318573,1512597660320359,10485760,1310720,8,5871,1786
1512597660397619,1512597660399428,10485760,1310720,8,5796,1809
1512597660476734,1512597660478495,10485760,1310720,8,5954,1761
1512597660555890,1512597660557695,10485760,1310720,8,5809,1805
1512597660634988,1512597660636750,10485760,1310720,8,5951,1762
1512597660713999,1512597660715758,10485760,1310720,8,5961,1759
1512597660793086,1512597660794836,10485760,1310720,8,5991,1750
1512597660872278,1512597660874052,10485760,1310720,8,5910,1774
1512597660951274,1512597660952993,10485760,1310720,8,6099,1719
1512597661030333,1512597661032112,10485760,1310720,8,5894,1779
1512597661109407,1512597661111177,10485760,1310720,8,5924,1770
1512597661189567,1512597661191217,10485760,1310720,8,6355,1650
1512597661269099,1512597661270911,10485760,1310720,8,5786,1812
1512597661348166,1512597661349981,10485760,1310720,8,5777,1815
1512597661427426,1512597661429145,10485760,1310720,8,6099,1719
1512597661506505,1512597661508290,10485760,1310720,8,5874,1785
1512597661585553,1512597661587297,10485760,1310720,8,6012,1744
1512597661664639,1512597661666376,10485760,1310720,8,6036,1737
1512597661743639,1512597661745444,10485760,1310720,8,5809,1805
1512597661822747,1512597661824511,10485760,1310720,8,5944,1764
1512597661901729,1512597661903372,10485760,1310720,8,6382,1643
1512597661980652,1512597661982408,10485760,1310720,8,5971,1756
1512597662059652,1512597662061418,10485760,1310720,8,5937,1766
1512597662138706,1512597662140456,10485760,1310720,8,5991,1750
1512597662217821,1512597662219545,10485760,1310720,8,6082,1724
1512597662296793,1512597662298536,10485760,1310720,8,6015,1743
1512597662375775,1512597662377503,10485760,1310720,8,6068,1728
1512597662454880,1512597662456605,10485760,1310720,8,6078,1725
1512597662533910,1512597662535715,10485760,1310720,8,5809,1805
1512597662612999,1512597662614808,10485760,1310720,8,5796,1809
1512597662692200,1512597662693976,10485760,1310720,8,5904,1776
1512597662771372,1512597662773140,10485760,1310720,8,5930,1768
1512597662850619,1512597662852333,10485760,1310720,8,6117,1714
1512597662929718,1512597662931450,10485760,1310720,8,6054,1732
1512597663008742,1512597663010509,10485760,1310720,8,5934,1767
1512597663087765,1512597663089524,10485760,1310720,8,5961,1759
1512597663166843,1512597663168668,10485760,1310720,8,5745,1825
1512597663246138,1512597663247889,10485760,1310720,8,5988,1751
1512597663325233,1512597663326958,10485760,1310720,8,6078,1725
1512597663404215,1512597663406015,10485760,1310720,8,5825,1800
1512597663483303,1512597663485042,10485760,1310720,8,6029,1739
1512597663562320,1512597663564135,10485760,1310720,8,5777,1815
1512597663641403,1512597663643155,10485760,1310720,8,5985,1752
1512597663720515,1512597663722231,10485760,1310720,8,6110,1716
1512597663799672,1512597663801463,10485760,1310720,8,5854,1791
1512597663878736,1512597663880482,10485760,1310720,8,6005,1746
1512597663957700,1512597663959455,10485760,1310720,8,5974,1755
1512597664036740,1512597664038433,10485760,1310720,8,6193,1693
1512597664115702,1512597664117349,10485760,1310720,8,6366,1647
1512597664194643,1512597664196369,10485760,1310720,8,6075,1726
1512597664273733,1512597664275471,10485760,1310720,8,6033,1738
1512597664352810,1512597664354511,10485760,1310720,8,6164,1701
1512597664431785,1512597664433491,10485760,1310720,8,6146,1706
1512597664510742,1512597664512485,10485760,1310720,8,6015,1743
1512597664589726,1512597664591532,10485760,1310720,8,5806,1806
1512597664668947,1512597664670734,10485760,1310720,8,5867,1787
1512597664747974,1512597664749724,10485760,1310720,8,5991,1750
1512597664827023,1512597664828790,10485760,1310720,8,5934,1767
1512597664906051,1512597664907800,10485760,1310720,8,5995,1749
1512597664985055,1512597664986790,10485760,1310720,8,6043,1735
1512597665064048,1512597665065804,10485760,1310720,8,5971,1756
1512597665143050,1512597665144801,10485760,1310720,8,5988,1751
1512597665222072,1512597665223795,10485760,1310720,8,6085,1723
1512597665301094,1512597665302789,10485760,1310720,8,6186,1695
1512597665380063,1512597665381836,10485760,1310720,8,5914,1773
1512597665459126,1512597665460867,10485760,1310720,8,6022,1741
1512597665538154,1512597665539930,10485760,1310720,8,5904,1776
1512597665617302,1512597665619039,10485760,1310720,8,6036,1737
1512597665696413,1512597665698108,10485760,1310720,8,6186,1695
1512597665775385,1512597665777161,10485760,1310720,8,5904,1776
1512597665854504,1512597665856282,10485760,1310720,8,5897,1778
1512597665933519,1512597665935308,10485760,1310720,8,5861,1789
1512597666012581,1512597666014371,10485760,1310720,8,5857,1790
1512597666091836,1512597666093609,10485760,1310720,8,5914,1773
1512597666170875,1512597666172665,10485760,1310720,8,5857,1790
1512597666250080,1512597666251892,10485760,1310720,8,5786,1812
1512597666329262,1512597666331040,10485760,1310720,8,5897,1778
1512597666408382,1512597666410104,10485760,1310720,8,6089,1722
1512597666487359,1512597666489135,10485760,1310720,8,5904,1776
1512597666566475,1512597666568196,10485760,1310720,8,6092,1721
1512597666645496,1512597666647265,10485760,1310720,8,5927,1769
1512597666724526,1512597666726275,10485760,1310720,8,5995,1749
1512597666803664,1512597666805470,10485760,1310720,8,5806,1806
1512597666882818,1512597666884625,10485760,1310720,8,5802,1807
1512597666961899,1512597666963627,10485760,1310720,8,6068,1728
1512597667040914,1512597667042640,10485760,1310720,8,6075,1726
1512597667119943,1512597667121673,10485760,1310720,8,6061,1730
1512597667198934,1512597667200633,10485760,1310720,8,6171,1699
1512597667278062,1512597667279869,10485760,1310720,8,5802,1807
1512597667357157,1512597667358906,10485760,1310720,8,5995,1749
1512597667436247,1512597667438015,10485760,1310720,8,5930,1768
1512597667515352,1512597667517131,10485760,1310720,8,5894,1779
1512597667594477,1512597667596167,10485760,1310720,8,6204,1690
1512597667673512,1512597667675266,10485760,1310720,8,5978,1754
1512597667752610,1512597667754353,10485760,1310720,8,6015,1743
1512597667831680,1512597667833408,10485760,1310720,8,6068,1728
1512597667910761,1512597667912532,10485760,1310720,8,5920,1771
1512597667989789,1512597667991547,10485760,1310720,8,5964,1758
1512597668068792,1512597668070537,10485760,1310720,8,6009,1745
1512597668147883,1512597668149622,10485760,1310720,8,6029,1739
1512597668227002,1512597668228744,10485760,1310720,8,6019,1742
1512597668306005,1512597668307654,10485760,1310720,8,6358,1649
1512597668384906,1512597668386689,10485760,1310720,8,5880,1783
1512597668463948,1512597668465679,10485760,1310720,8,6057,1731
1512597668542918,1512597668544651,10485760,1310720,8,6050,1733
1512597668621914,1512597668623672,10485760,1310720,8,5964,1758
1512597668701001,1512597668702746,10485760,1310720,8,6009,1745
1512597668779985,1512597668781755,10485760,1310720,8,5924,1770
1512597668859099,1512597668860891,10485760,1310720,8,5851,1792
1512597668938193,1512597668939936,10485760,1310720,8,6015,1743
1512597669017250,1512597669019051,10485760,1310720,8,5822,1801
1512597669096324,1512597669098092,10485760,1310720,8,5930,1768
1512597669175327,1512597669177054,10485760,1310720,8,6071,1727
1512597669254314,1512597669256044,10485760,1310720,8,6061,1730
1512597669333334,1512597669335036,10485760,1310720,8,6160,1702
1512597669412395,1512597669414141,10485760,1310720,8,6005,1746
1512597669491463,1512597669493238,10485760,1310720,8,5907,1775
1512597669570563,1512597669572305,10485760,1310720,8,6019,1742
1512597669649576,1512597669651319,10485760,1310720,8,6015,1743
1512597669728584,1512597669730330,10485760,1310720,8,6005,1746
1512597669807750,1512597669809519,10485760,1310720,8,5927,1769
1512597669886834,1512597669888559,10485760,1310720,8,6078,1725
1512597669965791,1512597669967554,10485760,1310720,8,5947,1763
1512597670044792,1512597670046578,10485760,1310720,8,5871,1786
1512597670123837,1512597670125594,10485760,1310720,8,5967,1757
1512597670202813,1512597670204593,10485760,1310720,8,5890,1780
1512597670281838,1512597670283585,10485760,1310720,8,6002,1747
1512597670360827,1512597670362637,10485760,1310720,8,5793,1810
1512597670439889,1512597670441653,10485760,1310720,8,5944,1764
1512597670518929,1512597670520605,10485760,1310720,8,6256,1676
1512597670597843,1512597670599562,10485760,1310720,8,6099,1719
1512597670677009,1512597670678743,10485760,1310720,8,6047,1734
1512597670756068,1512597670757824,10485760,1310720,8,5971,1756
1512597670835151,1512597670836950,10485760,1310720,8,5828,1799
1512597670914277,1512597670916050,10485760,1310720,8,5914,1773
1512597670993513,1512597670995161,10485760,1310720,8,6362,1648
1512597671072390,1512597671074126,10485760,1310720,8,6040,1736
1512597671151366,1512597671153111,10485760,1310720,8,6009,1745
1512597671230467,1512597671232236,10485760,1310720,8,5927,1769
1512597671309459,1512597671311228,10485760,1310720,8,5927,1769
1512597671388581,1512597671390334,10485760,1310720,8,5981,1753
1512597671467629,1512597671469354,10485760,1310720,8,6078,1725
1512597671546729,1512597671548452,10485760,1310720,8,6085,1723
1512597671625717,1512597671627456,10485760,1310720,8,6029,1739
1512597671704736,1512597671706541,10485760,1310720,8,5809,1805
1512597671783838,1512597671785615,10485760,1310720,8,5900,1777
1512597671862920,1512597671864640,10485760,1310720,8,6096,1720
1512597671942018,1512597671943790,10485760,1310720,8,5917,1772
1512597672021694,1512597672023502,10485760,1310720,8,5799,1808
1512597672100850,1512597672102610,10485760,1310720,8,5957,1760
1512597672179960,1512597672181737,10485760,1310720,8,5900,1777
1512597672259046,1512597672260814,10485760,1310720,8,5930,1768
1512597672338148,1512597672339904,10485760,1310720,8,5971,1756
1512597672417188,1512597672418959,10485760,1310720,8,5920,1771
1512597672496253,1512597672498018,10485760,1310720,8,5940,1765
1512597672575298,1512597672577047,10485760,1310720,8,5995,1749
1512597672654443,1512597672656089,10485760,1310720,8,6370,1646
1512597672733569,1512597672735282,10485760,1310720,8,6121,1713
1512597672812743,1512597672814518,10485760,1310720,8,5907,1775
1512597672891811,1512597672893582,10485760,1310720,8,5920,1771
1512597672970895,1512597672972708,10485760,1310720,8,5783,1813
1512597673050096,1512597673051818,10485760,1310720,8,6089,1722
1512597673129098,1512597673130877,10485760,1310720,8,5894,1779
1512597673208145,1512597673209860,10485760,1310720,8,6114,1715
1512597673287114,1512597673288891,10485760,1310720,8,5900,1777
1512597673366180,1512597673367915,10485760,1310720,8,6043,1735
1512597673445191,1512597673446945,10485760,1310720,8,5978,1754
1512597673524267,1512597673526031,10485760,1310720,8,5944,1764
1512597673603298,1512597673605056,10485760,1310720,8,5964,1758
1512597673682457,1512597673684271,10485760,1310720,8,5780,1814
1512597673761555,1512597673763310,10485760,1310720,8,5974,1755
1512597673840577,1512597673842355,10485760,1310720,8,5897,1778
1512597673919631,1512597673921356,10485760,1310720,8,6078,1725
1512597673998710,1512597674000437,10485760,1310720,8,6071,1727
1512597674077707,1512597674079479,10485760,1310720,8,5917,1772
1512597674156747,1512597674158541,10485760,1310720,8,5844,1794
1512597674235854,1512597674237627,10485760,1310720,8,5914,1773
1512597674314978,1512597674316755,10485760,1310720,8,5900,1777
1512597674394074,1512597674395829,10485760,1310720,8,5974,1755
1512597674473073,1512597674474869,10485760,1310720,8,5838,1796
1512597674552122,1512597674553868,10485760,1310720,8,6005,1746
1512597674631216,1512597674632988,10485760,1310720,8,5917,1772
1512597674710313,1512597674712040,10485760,1310720,8,6071,1727
1512597674789291,1512597674791075,10485760,1310720,8,5877,1784
1512597674868354,1512597674870126,10485760,1310720,8,5917,1772
1512597674947384,1512597674949131,10485760,1310720,8,6002,1747
1512597675026543,1512597675028303,10485760,1310720,8,5957,1760
1512597675105560,1512597675107331,10485760,1310720,8,5920,1771
1512597675184576,1512597675186361,10485760,1310720,8,5874,1785
1512597675263626,1512597675265388,10485760,1310720,8,5951,1762
1512597675342645,1512597675344388,10485760,1310720,8,6015,1743
1512597675421744,1512597675423424,10485760,1310720,8,6241,1680
1512597675500786,1512597675502545,10485760,1310720,8,5961,1759
1512597675579843,1512597675581584,10485760,1310720,8,6022,1741
1512597675658891,1512597675660653,10485760,1310720,8,5951,1762
1512597675738068,1512597675739826,10485760,1310720,8,5964,1758
1512597675817128,1512597675818844,10485760,1310720,8,6110,1716
1512597675896279,1512597675898068,10485760,1310720,8,5861,1789
1512597675975334,1512597675977110,10485760,1310720,8,5904,1776
1512597676054351,1512597676056065,10485760,1310720,8,6117,1714
1512597676133304,1512597676135060,10485760,1310720,8,5971,1756
1512597676212381,1512597676214127,10485760,1310720,8,6005,1746
1512597676291368,1512597676293080,10485760,1310720,8,6124,1712
1512597676370399,1512597676372065,10485760,1310720,8,6293,1666
1512597676449290,1512597676451000,10485760,1310720,8,6132,1710
1512597676528225,1512597676529918,10485760,1310720,8,6193,1693
1512597676607174,1512597676608994,10485760,1310720,8,5761,1820
1512597676686426,1512597676688207,10485760,1310720,8,5887,1781
1512597676765448,1512597676767170,10485760,1310720,8,6089,1722
1512597676844483,1512597676846264,10485760,1310720,8,5887,1781
1512597676923605,1512597676925321,10485760,1310720,8,6110,1716
1512597677002573,1512597677004352,10485760,1310720,8,5894,1779
1512597677081660,1512597677083435,10485760,1310720,8,5907,1775
1512597677160673,1512597677162441,10485760,1310720,8,5930,1768
1512597677239846,1512597677241543,10485760,1310720,8,6178,1697
1512597677318829,1512597677320589,10485760,1310720,8,5957,1760
1512597677397916,1512597677399636,10485760,1310720,8,6096,1720
1512597677476905,1512597677478560,10485760,1310720,8,6335,1655
1512597677555857,1512597677557613,10485760,1310720,8,5971,1756
1512597677634910,1512597677636676,10485760,1310720,8,5937,1766
1512597677713957,1512597677715732,10485760,1310720,8,5907,1775
1512597677793063,1512597677794796,10485760,1310720,8,6050,1733
1512597677872093,1512597677873873,10485760,1310720,8,5890,1780
1512597677951213,1512597677952969,10485760,1310720,8,5971,1756
1512597678030203,1512597678031987,10485760,1310720,8,5877,1784
1512597678109350,1512597678111160,10485760,1310720,8,5793,1810
1512597678188405,1512597678190166,10485760,1310720,8,5954,1761
1512597678267416,1512597678269189,10485760,1310720,8,5914,1773
1512597678346478,1512597678348269,10485760,1310720,8,5854,1791
1512597678425575,1512597678427328,10485760,1310720,8,5981,1753
1512597678504562,1512597678506345,10485760,1310720,8,5880,1783
1512597678583639,1512597678585437,10485760,1310720,8,5831,1798
1512597678662749,1512597678664511,10485760,1310720,8,5951,1762
1512597678741777,1512597678743554,10485760,1310720,8,5900,1777
1512597678820821,1512597678822536,10485760,1310720,8,6114,1715
1512597678899888,1512597678901644,10485760,1310720,8,5971,1756
1512597678979040,1512597678980832,10485760,1310720,8,5851,1792
1512597679058213,1512597679059962,10485760,1310720,8,5995,1749
1512597679137194,1512597679139017,10485760,1310720,8,5751,1823
1512597679216272,1512597679218031,10485760,1310720,8,5961,1759
1512597679295385,1512597679297115,10485760,1310720,8,6061,1730
1512597679374338,1512597679376094,10485760,1310720,8,5971,1756
1512597679453432,1512597679455145,10485760,1310720,8,6121,1713
1512597679532403,1512597679534226,10485760,1310720,8,5751,1823
1512597679611531,1512597679613296,10485760,1310720,8,5940,1765
1512597679690553,1512597679692330,10485760,1310720,8,5900,1777
1512597679769644,1512597679771443,10485760,1310720,8,5828,1799
1512597679848778,1512597679850515,10485760,1310720,8,6036,1737
1512597679927821,1512597679929602,10485760,1310720,8,5887,1781
1512597680006886,1512597680008635,10485760,1310720,8,5995,1749
1512597680085878,1512597680087607,10485760,1310720,8,6064,1729
1512597680164857,1512597680166611,10485760,1310720,8,5978,1754
1512597680243870,1512597680245595,10485760,1310720,8,6078,1725
1512597680322859,1512597680324590,10485760,1310720,8,6057,1731
1512597680401840,1512597680403556,10485760,1310720,8,6110,1716
1512597680480851,1512597680482644,10485760,1310720,8,5848,1793
1512597680559893,1512597680561634,10485760,1310720,8,6022,1741
1512597680638983,1512597680640719,10485760,1310720,8,6040,1736
1512597680717991,1512597680719771,10485760,1310720,8,5890,1780
1512597680797014,1512597680798781,10485760,1310720,8,5934,1767
1512597680876063,1512597680877801,10485760,1310720,8,6033,1738
1512597680955104,1512597680956873,10485760,1310720,8,5927,1769
1512597681034132,1512597681035850,10485760,1310720,8,6103,1718
1512597681113159,1512597681114879,10485760,1310720,8,6096,1720
1512597681192195,1512597681193921,10485760,1310720,8,6075,1726
1512597681271184,1512597681272928,10485760,1310720,8,6012,1744
1512597681350268,1512597681352016,10485760,1310720,8,5998,1748
1512597681429321,1512597681431092,10485760,1310720,8,5920,1771
1512597681508362,1512597681510077,10485760,1310720,8,6114,1715
1512597681587433,1512597681589161,10485760,1310720,8,6068,1728
1512597681666467,1512597681668213,10485760,1310720,8,6005,1746
1512597681745536,1512597681747281,10485760,1310720,8,6009,1745
1512597681824665,1512597681826432,10485760,1310720,8,5934,1767
1512597681903777,1512597681905548,10485760,1310720,8,5920,1771
1512597681982991,1512597681984809,10485760,1310720,8,5767,1818
1512597682062097,1512597682063904,10485760,1310720,8,5802,1807
1512597682141241,1512597682142967,10485760,1310720,8,6075,1726
1512597682220465,1512597682222224,10485760,1310720,8,5961,1759
1512597682299488,1512597682301173,10485760,1310720,8,6223,1685
1512597682378456,1512597682380247,10485760,1310720,8,5854,1791
1512597682457573,1512597682459365,10485760,1310720,8,5851,1792
1512597682536630,1512597682538414,10485760,1310720,8,5877,1784
1512597682615706,1512597682617480,10485760,1310720,8,5910,1774
1512597682694744,1512597682696497,10485760,1310720,8,5981,1753
1512597682773781,1512597682775551,10485760,1310720,8,5924,1770
1512597682852890,1512597682854662,10485760,1310720,8,5917,1772
1512597682931932,1512597682933636,10485760,1310720,8,6153,1704
1512597683010960,1512597683012703,10485760,1310720,8,6015,1743
1512597683089966,1512597683091731,10485760,1310720,8,5940,1765
1512597683168961,1512597683170749,10485760,1310720,8,5864,1788
1512597683248046,1512597683249778,10485760,1310720,8,6054,1732
1512597683327138,1512597683328917,10485760,1310720,8,5894,1779
1512597683406253,1512597683407999,10485760,1310720,8,6005,1746
1512597683485258,1512597683487018,10485760,1310720,8,5957,1760
1512597683564261,1512597683566004,10485760,1310720,8,6015,1743
1512597683643276,1512597683645017,10485760,1310720,8,6022,1741
1512597683722453,1512597683724221,10485760,1310720,8,5930,1768
1512597683801609,1512597683803382,10485760,1310720,8,5914,1773
1512597683880674,1512597683882452,10485760,1310720,8,5897,1778
1512597683959683,1512597683961327,10485760,1310720,8,6378,1644
1512597684038581,1512597684040359,10485760,1310720,8,5897,1778
1512597684117694,1512597684119468,10485760,1310720,8,5910,1774
