1513345374559406,1513345375606734,536870912,33554432,16,512,1047328
1513345379524475,1513345380576166,536870912,33554432,16,510,1051691
1513345384491283,1513345385537723,536870912,33554432,16,513,1046440
1513345389453993,1513345390501616,536870912,33554432,16,512,1047623
1513345394420432,1513345395470879,536870912,33554432,16,511,1050447
1513345399390690,1513345400442935,536870912,33554432,16,510,1052245
1513345404360681,1513345405407507,536870912,33554432,16,512,1046826
1513345409325029,1513345410376093,536870912,33554432,16,510,1051064
1513345414296358,1513345415343840,536870912,33554432,16,512,1047482
1513345419262692,1513345420309003,536870912,33554432,16,513,1046311
1513345424226205,1513345425276737,536870912,33554432,16,511,1050532
1513345429194961,1513345430238903,536870912,33554432,16,514,1043942
1513345434156620,1513345435207461,536870912,33554432,16,510,1050841
1513345439125709,1513345440174629,536870912,33554432,16,511,1048920
1513345444092363,1513345445138485,536870912,33554432,16,513,1046122
1513345449056070,1513345450099991,536870912,33554432,16,514,1043921
1513345454017176,1513345455060298,536870912,33554432,16,514,1043122
1513345458974778,1513345460026922,536870912,33554432,16,510,1052144
1513345463943940,1513345464982756,536870912,33554432,16,516,1038816
1513345468896115,1513345469948698,536870912,33554432,16,510,1052583
1513345473868627,1513345474919772,536870912,33554432,16,510,1051145
1513345478835188,1513345479883893,536870912,33554432,16,511,1048705
1513345483802936,1513345484845662,536870912,33554432,16,514,1042726
1513345488765348,1513345489816927,536870912,33554432,16,510,1051579
1513345493736902,1513345494779977,536870912,33554432,16,514,1043075
1513345498698851,1513345499734732,536870912,33554432,16,518,1035881
1513345503655266,1513345504698684,536870912,33554432,16,514,1043418
1513345508621443,1513345509661809,536870912,33554432,16,516,1040366
1513345513583496,1513345514629582,536870912,33554432,16,513,1046086
1513345518546731,1513345519590261,536870912,33554432,16,514,1043530
1513345523507671,1513345524557741,536870912,33554432,16,511,1050070
1513345528480085,1513345529528163,536870912,33554432,16,512,1048078
1513345533450233,1513345534480860,536870912,33554432,16,520,1030627
1513345538400365,1513345539452214,536870912,33554432,16,510,1051849
1513345543369727,1513345544419726,536870912,33554432,16,511,1049999
1513345548341305,1513345549392617,536870912,33554432,16,510,1051312
1513345553312651,1513345554359007,536870912,33554432,16,513,1046356
1513345558278528,1513345559330176,536870912,33554432,16,510,1051648
1513345563248834,1513345564291471,536870912,33554432,16,514,1042637
1513345568213327,1513345569253614,536870912,33554432,16,516,1040287
1513345573176790,1513345574223517,536870912,33554432,16,512,1046727
1513345578145104,1513345579197025,536870912,33554432,16,510,1051921
1513345583119430,1513345584162250,536870912,33554432,16,514,1042820
1513345588083951,1513345589131808,536870912,33554432,16,512,1047857
1513345593051270,1513345594102486,536870912,33554432,16,510,1051216
1513345598026406,1513345599078069,536870912,33554432,16,510,1051663
1513345603000692,1513345604050280,536870912,33554432,16,511,1049588
1513345607973647,1513345609026376,536870912,33554432,16,509,1052729
1513345612951541,1513345613993917,536870912,33554432,16,515,1042376
1513345617917249,1513345618961183,536870912,33554432,16,514,1043934
1513345622886416,1513345623933316,536870912,33554432,16,512,1046900
1513345627872388,1513345628915281,536870912,33554432,16,514,1042893
1513345632830957,1513345633880187,536870912,33554432,16,511,1049230
1513345637795530,1513345638846135,536870912,33554432,16,511,1050605
1513345642760876,1513345643797870,536870912,33554432,16,517,1036994
1513345647717888,1513345648764248,536870912,33554432,16,513,1046360
1513345652680526,1513345653726031,536870912,33554432,16,513,1045505
1513345657642457,1513345658680398,536870912,33554432,16,517,1037941
1513345662598570,1513345663648307,536870912,33554432,16,511,1049737
1513345667563967,1513345668614764,536870912,33554432,16,510,1050797
1513345672531483,1513345673573059,536870912,33554432,16,515,1041576
1513345677488996,1513345678535012,536870912,33554432,16,513,1046016
1513345682450101,1513345683491191,536870912,33554432,16,515,1041090
1513345687406120,1513345688451916,536870912,33554432,16,513,1045796
1513345692366310,1513345693415384,536870912,33554432,16,511,1049074
1513345697330364,1513345698380314,536870912,33554432,16,511,1049950
1513345702294867,1513345703340321,536870912,33554432,16,513,1045454
1513345707256001,1513345708295031,536870912,33554432,16,516,1039030
1513345712212810,1513345713262250,536870912,33554432,16,511,1049440
1513345717179193,1513345718221723,536870912,33554432,16,514,1042530
1513345722135897,1513345723184920,536870912,33554432,16,511,1049023
1513345727100699,1513345728143031,536870912,33554432,16,515,1042332
1513345732056781,1513345733106348,536870912,33554432,16,511,1049567
1513345737022744,1513345738068660,536870912,33554432,16,513,1045916
1513345741983908,1513345743032750,536870912,33554432,16,511,1048842
1513345746947507,1513345747990174,536870912,33554432,16,514,1042667
1513345751905249,1513345752953549,536870912,33554432,16,512,1048300
1513345756869749,1513345757919855,536870912,33554432,16,511,1050106
1513345761834691,1513345762875972,536870912,33554432,16,515,1041281
1513345766792225,1513345767838860,536870912,33554432,16,512,1046635
1513345771755268,1513345772799965,536870912,33554432,16,513,1044697
1513345776714000,1513345777759684,536870912,33554432,16,513,1045684
1513345781676230,1513345782717563,536870912,33554432,16,515,1041333
1513345786628555,1513345787663080,536870912,33554432,16,518,1034525
1513345791575649,1513345792620285,536870912,33554432,16,513,1044636
1513345796536742,1513345797582565,536870912,33554432,16,513,1045823
1513345801497218,1513345802541582,536870912,33554432,16,514,1044364
1513345806458311,1513345807503943,536870912,33554432,16,513,1045632
1513345811419588,1513345812468013,536870912,33554432,16,512,1048425
1513345816382394,1513345817428271,536870912,33554432,16,513,1045877
1513345821342637,1513345822389729,536870912,33554432,16,512,1047092
1513345826306349,1513345827353155,536870912,33554432,16,512,1046806
1513345831281548,1513345832327862,536870912,33554432,16,513,1046314
1513345836251266,1513345837301497,536870912,33554432,16,511,1050231
1513345841220796,1513345842269027,536870912,33554432,16,512,1048231
1513345846185187,1513345847227606,536870912,33554432,16,515,1042419
1513345851145197,1513345852190402,536870912,33554432,16,513,1045205
1513345856105482,1513345857152006,536870912,33554432,16,513,1046524
1513345861070210,1513345862115127,536870912,33554432,16,513,1044917
1513345866028230,1513345867063072,536870912,33554432,16,518,1034842
1513345870977603,1513345872019189,536870912,33554432,16,515,1041586
1513345875936490,1513345876987037,536870912,33554432,16,511,1050547
1513345880901620,1513345881947097,536870912,33554432,16,513,1045477
1513345885863102,1513345886913888,536870912,33554432,16,510,1050786
1513345890829740,1513345891879104,536870912,33554432,16,511,1049364
1513345895795400,1513345896838212,536870912,33554432,16,514,1042812
1513345900754699,1513345901799535,536870912,33554432,16,513,1044836
1513345905717277,1513345906752464,536870912,33554432,16,518,1035187
1513345910670097,1513345911711783,536870912,33554432,16,515,1041686
1513345915630008,1513345916680022,536870912,33554432,16,511,1050014
1513345920596849,1513345921645533,536870912,33554432,16,511,1048684
1513345925562258,1513345926589360,536870912,33554432,16,522,1027102
1513345930506929,1513345931556104,536870912,33554432,16,511,1049175
1513345935472677,1513345936515606,536870912,33554432,16,514,1042929
1513345940435148,1513345941480773,536870912,33554432,16,513,1045625
1513345945396500,1513345946443113,536870912,33554432,16,512,1046613
1513345950357322,1513345951406688,536870912,33554432,16,511,1049366
1513345955324863,1513345956371728,536870912,33554432,16,512,1046865
1513345960321907,1513345961359584,536870912,33554432,16,517,1037677
1513345965277282,1513345966327345,536870912,33554432,16,511,1050063
1513345970246255,1513345971287975,536870912,33554432,16,515,1041720
1513345975207798,1513345976254327,536870912,33554432,16,513,1046529
1513345980170472,1513345981215688,536870912,33554432,16,513,1045216
1513345985133336,1513345986171870,536870912,33554432,16,516,1038534
1513345990089789,1513345991134854,536870912,33554432,16,513,1045065
1513345995051033,1513345996101330,536870912,33554432,16,511,1050297
1513346000020124,1513346001065394,536870912,33554432,16,513,1045270
1513346004982432,1513346006024828,536870912,33554432,16,515,1042396
1513346009938092,1513346010983360,536870912,33554432,16,513,1045268
1513346014900899,1513346015943681,536870912,33554432,16,514,1042782
1513346019860518,1513346020902738,536870912,33554432,16,515,1042220
1513346024821472,1513346025863538,536870912,33554432,16,515,1042066
1513346029781135,1513346030831331,536870912,33554432,16,511,1050196
1513346034749555,1513346035796256,536870912,33554432,16,512,1046701
1513346039711650,1513346040759229,536870912,33554432,16,512,1047579
1513346044675227,1513346045717381,536870912,33554432,16,515,1042154
1513346049635502,1513346050681972,536870912,33554432,16,513,1046470
1513346054600201,1513346055647369,536870912,33554432,16,512,1047168
1513346059568051,1513346060614555,536870912,33554432,16,513,1046504
1513346064532711,1513346065570888,536870912,33554432,16,517,1038177
1513346069486462,1513346070533235,536870912,33554432,16,512,1046773
1513346074451521,1513346075497658,536870912,33554432,16,513,1046137
1513346079417551,1513346080459756,536870912,33554432,16,515,1042205
1513346084375658,1513346085426532,536870912,33554432,16,510,1050874
1513346089346315,1513346090392400,536870912,33554432,16,513,1046085
1513346094312164,1513346095362787,536870912,33554432,16,511,1050623
1513346099285247,1513346100328541,536870912,33554432,16,514,1043294
1513346104244580,1513346105294258,536870912,33554432,16,511,1049678
1513346109214345,1513346110264759,536870912,33554432,16,511,1050414
1513346114182033,1513346115227940,536870912,33554432,16,513,1045907
1513346119144864,1513346120195059,536870912,33554432,16,511,1050195
1513346124114586,1513346125161706,536870912,33554432,16,512,1047120
1513346129079876,1513346130126213,536870912,33554432,16,513,1046337
1513346134044841,1513346135091487,536870912,33554432,16,512,1046646
1513346139009139,1513346140051404,536870912,33554432,16,515,1042265
1513346143968709,1513346145010554,536870912,33554432,16,515,1041845
1513346148927896,1513346149974499,536870912,33554432,16,512,1046603
1513346153892157,1513346154942308,536870912,33554432,16,511,1050151
1513346158860793,1513346159906838,536870912,33554432,16,513,1046045
1513346163827442,1513346164874418,536870912,33554432,16,512,1046976
1513346168794409,1513346169836174,536870912,33554432,16,515,1041765
1513346173753717,1513346174804218,536870912,33554432,16,511,1050501
1513346178719764,1513346179765582,536870912,33554432,16,513,1045818
1513346183680914,1513346184719064,536870912,33554432,16,517,1038150
1513346188637716,1513346189684054,536870912,33554432,16,513,1046338
1513346193602140,1513346194652760,536870912,33554432,16,511,1050620
1513346198571887,1513346199621758,536870912,33554432,16,511,1049871
1513346203539547,1513346204586406,536870912,33554432,16,512,1046859
1513346208503981,1513346209550256,536870912,33554432,16,513,1046275
1513346213467460,1513346214513205,536870912,33554432,16,513,1045745
1513346218426500,1513346219473211,536870912,33554432,16,512,1046711
1513346223391947,1513346224434379,536870912,33554432,16,515,1042432
1513346228376775,1513346229415003,536870912,33554432,16,517,1038228
1513346233330198,1513346234371047,536870912,33554432,16,515,1040849
1513346238284512,1513346239333580,536870912,33554432,16,511,1049068
1513346243250809,1513346244299717,536870912,33554432,16,511,1048908
1513346248215294,1513346249264287,536870912,33554432,16,511,1048993
1513346253181284,1513346254221800,536870912,33554432,16,515,1040516
1513346258138510,1513346259183456,536870912,33554432,16,513,1044946
1513346263096623,1513346264145584,536870912,33554432,16,511,1048961
1513346268060010,1513346269101186,536870912,33554432,16,515,1041176
1513346273019957,1513346274056701,536870912,33554432,16,517,1036744
1513346277970765,1513346279012097,536870912,33554432,16,515,1041332
1513346282929608,1513346283973752,536870912,33554432,16,514,1044144
1513346287911436,1513346288956044,536870912,33554432,16,513,1044608
1513346292916115,1513346293961500,536870912,33554432,16,513,1045385
1513346297880073,1513346298929582,536870912,33554432,16,511,1049509
1513346302845497,1513346303886611,536870912,33554432,16,515,1041114
1513346307803345,1513346308852695,536870912,33554432,16,511,1049350
1513346312768757,1513346313817388,536870912,33554432,16,511,1048631
1513346317734224,1513346318775784,536870912,33554432,16,515,1041560
1513346322691843,1513346323741626,536870912,33554432,16,511,1049783
1513346327658643,1513346328708644,536870912,33554432,16,511,1050001
1513346332625465,1513346333670885,536870912,33554432,16,513,1045420
1513346337587443,1513346338629090,536870912,33554432,16,515,1041647
1513346342539943,1513346343580661,536870912,33554432,16,515,1040718
1513346347497129,1513346348538992,536870912,33554432,16,515,1041863
1513346352455731,1513346353505315,536870912,33554432,16,511,1049584
1513346357423521,1513346358469153,536870912,33554432,16,513,1045632
1513346362387836,1513346363432952,536870912,33554432,16,513,1045116
1513346367352627,1513346368390347,536870912,33554432,16,517,1037720
1513346372308198,1513346373353198,536870912,33554432,16,513,1045000
1513346377265268,1513346378310615,536870912,33554432,16,513,1045347
1513346382226393,1513346383267651,536870912,33554432,16,515,1041258
1513346387184543,1513346388233816,536870912,33554432,16,511,1049273
1513346392147757,1513346393193035,536870912,33554432,16,513,1045278
1513346397107943,1513346398157703,536870912,33554432,16,511,1049760
1513346402077649,1513346403122504,536870912,33554432,16,513,1044855
1513346407041530,1513346408091277,536870912,33554432,16,511,1049747
1513346412007012,1513346413048268,536870912,33554432,16,515,1041256
1513346416966937,1513346418012814,536870912,33554432,16,513,1045877
1513346421930875,1513346422979932,536870912,33554432,16,511,1049057
1513346426900657,1513346427946586,536870912,33554432,16,513,1045929
1513346431858759,1513346432907846,536870912,33554432,16,511,1049087
1513346436825097,1513346437874726,536870912,33554432,16,511,1049629
1513346441788279,1513346442836508,536870912,33554432,16,512,1048229
1513346446753538,1513346447799297,536870912,33554432,16,513,1045759
1513346451710296,1513346452759106,536870912,33554432,16,511,1048810
1513346456672007,1513346457720229,536870912,33554432,16,512,1048222
1513346461638264,1513346462678836,536870912,33554432,16,515,1040572
1513346466595160,1513346467644775,536870912,33554432,16,511,1049615
1513346471561623,1513346472607137,536870912,33554432,16,513,1045514
1513346476522944,1513346477572664,536870912,33554432,16,511,1049720
1513346481488257,1513346482533379,536870912,33554432,16,513,1045122
1513346486450211,1513346487495939,536870912,33554432,16,513,1045728
1513346491413793,1513346492459001,536870912,33554432,16,513,1045208
1513346496376869,1513346497426497,536870912,33554432,16,511,1049628
1513346501342195,1513346502387369,536870912,33554432,16,513,1045174
1513346506302348,1513346507351779,536870912,33554432,16,511,1049431
1513346511268534,1513346512313659,536870912,33554432,16,513,1045125
1513346516230379,1513346517272151,536870912,33554432,16,515,1041772
1513346521190972,1513346522235780,536870912,33554432,16,513,1044808
1513346526147451,1513346527189759,536870912,33554432,16,515,1042308
1513346531104541,1513346532145797,536870912,33554432,16,515,1041256
1513346536063329,1513346537113427,536870912,33554432,16,511,1050098
1513346541027911,1513346542073653,536870912,33554432,16,513,1045742
1513346545990546,1513346547032712,536870912,33554432,16,515,1042166
1513346550949429,1513346551998237,536870912,33554432,16,511,1048808
1513346555912871,1513346556962386,536870912,33554432,16,511,1049515
1513346560878786,1513346561923269,536870912,33554432,16,514,1044483
1513346565837128,1513346566882972,536870912,33554432,16,513,1045844
1513346570799160,1513346571844121,536870912,33554432,16,513,1044961
1513346575757654,1513346576799519,536870912,33554432,16,515,1041865
1513346580713216,1513346581758853,536870912,33554432,16,513,1045637
1513346585675479,1513346586713576,536870912,33554432,16,517,1038097
1513346590631758,1513346591672524,536870912,33554432,16,515,1040766
1513346595589689,1513346596635672,536870912,33554432,16,513,1045983
1513346600553220,1513346601589510,536870912,33554432,16,518,1036290
1513346605506707,1513346606556969,536870912,33554432,16,511,1050262
1513346610474681,1513346611512464,536870912,33554432,16,517,1037783
1513346615430274,1513346616480264,536870912,33554432,16,511,1049990
1513346620397280,1513346621446105,536870912,33554432,16,511,1048825
1513346625362402,1513346626408621,536870912,33554432,16,513,1046219
1513346630324943,1513346631365814,536870912,33554432,16,515,1040871
1513346635282401,1513346636332286,536870912,33554432,16,511,1049885
1513346640249566,1513346641294488,536870912,33554432,16,513,1044922
1513346645210516,1513346646260488,536870912,33554432,16,511,1049972
1513346650175832,1513346651216562,536870912,33554432,16,515,1040730
1513346655134398,1513346656175642,536870912,33554432,16,515,1041244
1513346660091347,1513346661141954,536870912,33554432,16,511,1050607
1513346665059712,1513346666101208,536870912,33554432,16,515,1041496
1513346670015543,1513346671066238,536870912,33554432,16,510,1050695
1513346674983243,1513346676032985,536870912,33554432,16,511,1049742
1513346679949970,1513346680988132,536870912,33554432,16,517,1038162
1513346684932857,1513346685983287,536870912,33554432,16,511,1050430
1513346689899272,1513346690950522,536870912,33554432,16,510,1051250
1513346694866444,1513346695907525,536870912,33554432,16,515,1041081
1513346699825558,1513346700878116,536870912,33554432,16,510,1052558
1513346704797939,1513346705836358,536870912,33554432,16,517,1038419
1513346709753814,1513346710801413,536870912,33554432,16,512,1047599
1513346714715557,1513346715765692,536870912,33554432,16,511,1050135
1513346719678813,1513346720722525,536870912,33554432,16,514,1043712
1513346724642437,1513346725684674,536870912,33554432,16,515,1042237
1513346729604334,1513346730648249,536870912,33554432,16,514,1043915
1513346734560537,1513346735606297,536870912,33554432,16,513,1045760
1513346739526951,1513346740578006,536870912,33554432,16,510,1051055
1513346744498107,1513346745543408,536870912,33554432,16,513,1045301
1513346749463941,1513346750516090,536870912,33554432,16,510,1052149
1513346754435854,1513346755482067,536870912,33554432,16,513,1046213
1513346759400327,1513346760449180,536870912,33554432,16,511,1048853
1513346764366904,1513346765416311,536870912,33554432,16,511,1049407
1513346769334336,1513346770384402,536870912,33554432,16,511,1050066
1513346774301413,1513346775347389,536870912,33554432,16,513,1045976
1513346779264384,1513346780310702,536870912,33554432,16,513,1046318
1513346784228818,1513346785278965,536870912,33554432,16,511,1050147
1513346789198048,1513346790247853,536870912,33554432,16,511,1049805
1513346794164164,1513346795213943,536870912,33554432,16,511,1049779
1513346799128283,1513346800174164,536870912,33554432,16,513,1045881
1513346804089716,1513346805135904,536870912,33554432,16,513,1046188
1513346809055040,1513346810101095,536870912,33554432,16,513,1046055
1513346814017905,1513346815067875,536870912,33554432,16,511,1049970
1513346818983488,1513346820029785,536870912,33554432,16,513,1046297
1513346823948765,1513346824995398,536870912,33554432,16,512,1046633
1513346828929880,1513346829976829,536870912,33554432,16,512,1046949
1513346833894153,1513346834941895,536870912,33554432,16,512,1047742
1513346838866544,1513346839917911,536870912,33554432,16,510,1051367
1513346843841692,1513346844893595,536870912,33554432,16,510,1051903
1513346848818892,1513346849870705,536870912,33554432,16,510,1051813
1513346853795156,1513346854847003,536870912,33554432,16,510,1051847
1513346858770627,1513346859814586,536870912,33554432,16,514,1043959
1513346863737829,1513346864785456,536870912,33554432,16,512,1047627
1513346868707978,1513346869759819,536870912,33554432,16,510,1051841
1513346873683432,1513346874731145,536870912,33554432,16,512,1047713
1513346878664798,1513346879715059,536870912,33554432,16,511,1050261
1513346883638562,1513346884678412,536870912,33554432,16,516,1039850
1513346888598670,1513346889650513,536870912,33554432,16,510,1051843
1513346893572116,1513346894623808,536870912,33554432,16,510,1051692
1513346898545401,1513346899592856,536870912,33554432,16,512,1047455
1513346903512137,1513346904560520,536870912,33554432,16,512,1048383
1513346908482548,1513346909530054,536870912,33554432,16,512,1047506
1513346913450806,1513346914502807,536870912,33554432,16,510,1052001
1513346918424701,1513346919476246,536870912,33554432,16,510,1051545
1513346923399770,1513346924452131,536870912,33554432,16,510,1052361
1513346928374441,1513346929421907,536870912,33554432,16,512,1047466
1513346933345538,1513346934397197,536870912,33554432,16,510,1051659
1513346938318767,1513346939361931,536870912,33554432,16,514,1043164
1513346943283965,1513346944331626,536870912,33554432,16,512,1047661
1513346948253159,1513346949292933,536870912,33554432,16,516,1039774
1513346953215280,1513346954263453,536870912,33554432,16,512,1048173
1513346958186640,1513346959238164,536870912,33554432,16,510,1051524
1513346963160182,1513346964204130,536870912,33554432,16,514,1043948
1513346968127514,1513346969178816,536870912,33554432,16,510,1051302
1513346973103085,1513346974147170,536870912,33554432,16,514,1044085
1513346978070585,1513346979114228,536870912,33554432,16,514,1043643
1513346983039355,1513346984080161,536870912,33554432,16,515,1040806
1513346987999476,1513346989038539,536870912,33554432,16,516,1039063
1513346992953520,1513346994005319,536870912,33554432,16,510,1051799
1513346997925030,1513346998972170,536870912,33554432,16,512,1047140
1513347002895602,1513347003947256,536870912,33554432,16,510,1051654
1513347007869363,1513347008913144,536870912,33554432,16,514,1043781
1513347012835144,1513347013878879,536870912,33554432,16,514,1043735
1513347017801435,1513347018834894,536870912,33554432,16,519,1033459
1513347022756089,1513347023799997,536870912,33554432,16,514,1043908
1513347027721851,1513347028773591,536870912,33554432,16,510,1051740
1513347032693450,1513347033737637,536870912,33554432,16,514,1044187
1513347037661628,1513347038712953,536870912,33554432,16,510,1051325
1513347042635459,1513347043686734,536870912,33554432,16,510,1051275
1513347047607920,1513347048655250,536870912,33554432,16,512,1047330
1513347052577363,1513347053621466,536870912,33554432,16,514,1044103
1513347057542794,1513347058590043,536870912,33554432,16,512,1047249
1513347062514080,1513347063566015,536870912,33554432,16,510,1051935
1513347067487821,1513347068539403,536870912,33554432,16,510,1051582
1513347072460952,1513347073508856,536870912,33554432,16,512,1047904
1513347077432378,1513347078479869,536870912,33554432,16,512,1047491
1513347082403179,1513347083454827,536870912,33554432,16,510,1051648
1513347087376621,1513347088423910,536870912,33554432,16,512,1047289
1513347092343168,1513347093390164,536870912,33554432,16,512,1046996
1513347097311295,1513347098346862,536870912,33554432,16,518,1035567
1513347102267666,1513347103319426,536870912,33554432,16,510,1051760
1513347107243988,1513347108295754,536870912,33554432,16,510,1051766
1513347112217506,1513347113261689,536870912,33554432,16,514,1044183
1513347117182537,1513347118229662,536870912,33554432,16,512,1047125
1513347122150144,1513347123193200,536870912,33554432,16,514,1043056
1513347127114239,1513347128161493,536870912,33554432,16,512,1047254
1513347132084902,1513347133136255,536870912,33554432,16,510,1051353
1513347137059432,1513347138103162,536870912,33554432,16,514,1043730
1513347142025085,1513347143072746,536870912,33554432,16,512,1047661
1513347146994680,1513347148037492,536870912,33554432,16,514,1042812
1513347151959089,1513347153005822,536870912,33554432,16,512,1046733
1513347156929463,1513347157976752,536870912,33554432,16,512,1047289
1513347161899185,1513347162946658,536870912,33554432,16,512,1047473
1513347166869568,1513347167920621,536870912,33554432,16,510,1051053
1513347171842111,1513347172877373,536870912,33554432,16,518,1035262
1513347176800172,1513347177849967,536870912,33554432,16,511,1049795
1513347181772860,1513347182820980,536870912,33554432,16,512,1048120
1513347186743242,1513347187793395,536870912,33554432,16,511,1050153
1513347191715700,1513347192766737,536870912,33554432,16,510,1051037
1513347196686638,1513347197738355,536870912,33554432,16,510,1051717
1513347201659093,1513347202706946,536870912,33554432,16,512,1047853
1513347206628090,1513347207674867,536870912,33554432,16,512,1046777
1513347211596877,1513347212644554,536870912,33554432,16,512,1047677
1513347216567077,1513347217613865,536870912,33554432,16,512,1046788
1513347221536431,1513347222588451,536870912,33554432,16,510,1052020
1513347226510872,1513347227561260,536870912,33554432,16,511,1050388
1513347231484136,1513347232531657,536870912,33554432,16,512,1047521
1513347236454554,1513347237505905,536870912,33554432,16,510,1051351
1513347241426886,1513347242478807,536870912,33554432,16,510,1051921
1513347246401397,1513347247444412,536870912,33554432,16,514,1043015
1513347251366478,1513347252406004,536870912,33554432,16,516,1039526
1513347256328272,1513347257371936,536870912,33554432,16,514,1043664
1513347261295237,1513347262342929,536870912,33554432,16,512,1047692
1513347266265306,1513347267308789,536870912,33554432,16,514,1043483
1513347271232005,1513347272279297,536870912,33554432,16,512,1047292
1513347276200617,1513347277252078,536870912,33554432,16,510,1051461
1513347281175573,1513347282222635,536870912,33554432,16,512,1047062
1513347286144356,1513347287192016,536870912,33554432,16,512,1047660
1513347291114568,1513347292162562,536870912,33554432,16,512,1047994
1513347296085887,1513347297136819,536870912,33554432,16,510,1050932
1513347301060851,1513347302112561,536870912,33554432,16,510,1051710
1513347306035715,1513347307075351,536870912,33554432,16,516,1039636
1513347310998550,1513347312045693,536870912,33554432,16,512,1047143
1513347315966422,1513347317014292,536870912,33554432,16,512,1047870
1513347320933873,1513347321973661,536870912,33554432,16,516,1039788
1513347325902466,1513347326954316,536870912,33554432,16,510,1051850
1513347330878494,1513347331929624,536870912,33554432,16,510,1051130
1513347335849485,1513347336888687,536870912,33554432,16,516,1039202
1513347340810344,1513347341857518,536870912,33554432,16,512,1047174
1513347345779377,1513347346826579,536870912,33554432,16,512,1047202
1513347350747048,1513347351794367,536870912,33554432,16,512,1047319
1513347355717164,1513347356763955,536870912,33554432,16,512,1046791
1513347360688271,1513347361738979,536870912,33554432,16,510,1050708
1513347365661334,1513347366701346,536870912,33554432,16,516,1040012
1513347370624368,1513347371671374,536870912,33554432,16,512,1047006
1513347375595048,1513347376645922,536870912,33554432,16,510,1050874
1513347380568190,1513347381615244,536870912,33554432,16,512,1047054
1513347385537321,1513347386584259,536870912,33554432,16,512,1046938
1513347390507850,1513347391559170,536870912,33554432,16,510,1051320
1513347395483075,1513347396526320,536870912,33554432,16,514,1043245
1513347400450998,1513347401501579,536870912,33554432,16,511,1050581
1513347405422585,1513347406473171,536870912,33554432,16,511,1050586
1513347410396072,1513347411447200,536870912,33554432,16,510,1051128
1513347415370299,1513347416421721,536870912,33554432,16,510,1051422
1513347420346895,1513347421392754,536870912,33554432,16,513,1045859
1513347425315043,1513347426358159,536870912,33554432,16,514,1043116
1513347430276589,1513347431326138,536870912,33554432,16,511,1049549
1513347435243670,1513347436292075,536870912,33554432,16,512,1048405
1513347440209666,1513347441251165,536870912,33554432,16,515,1041499
1513347445169776,1513347446210288,536870912,33554432,16,515,1040512
1513347450129134,1513347451179754,536870912,33554432,16,511,1050620
1513347455096210,1513347456141225,536870912,33554432,16,513,1045015
1513347460058647,1513347461100772,536870912,33554432,16,515,1042125
1513347465019129,1513347466064131,536870912,33554432,16,513,1045002
1513347469981370,1513347471030323,536870912,33554432,16,511,1048953
1513347474946841,1513347475991564,536870912,33554432,16,513,1044723
1513347479909636,1513347480956365,536870912,33554432,16,512,1046729
1513347484875435,1513347485924153,536870912,33554432,16,511,1048718
1513347489842597,1513347490888325,536870912,33554432,16,513,1045728
1513347494808043,1513347495849432,536870912,33554432,16,515,1041389
1513347499767828,1513347500817918,536870912,33554432,16,511,1050090
1513347504734703,1513347505779575,536870912,33554432,16,513,1044872
1513347509695490,1513347510745030,536870912,33554432,16,511,1049540
1513347514662720,1513347515703233,536870912,33554432,16,515,1040513
1513347519619398,1513347520668996,536870912,33554432,16,511,1049598
1513347524586033,1513347525634187,536870912,33554432,16,512,1048154
1513347529552801,1513347530594113,536870912,33554432,16,515,1041312
1513347534512138,1513347535552834,536870912,33554432,16,515,1040696
1513347539467670,1513347540518615,536870912,33554432,16,510,1050945
1513347544436705,1513347545469086,536870912,33554432,16,520,1032381
1513347549387018,1513347550436370,536870912,33554432,16,511,1049352
1513347554356123,1513347555396621,536870912,33554432,16,515,1040498
1513347559313950,1513347560363946,536870912,33554432,16,511,1049996
1513347564281597,1513347565326307,536870912,33554432,16,513,1044710
1513347569240869,1513347570290796,536870912,33554432,16,511,1049927
1513347574208932,1513347575254272,536870912,33554432,16,513,1045340
1513347579171798,1513347580217272,536870912,33554432,16,513,1045474
1513347584134636,1513347585175654,536870912,33554432,16,515,1041018
1513347589088543,1513347590134778,536870912,33554432,16,513,1046235
1513347594049347,1513347595093576,536870912,33554432,16,514,1044229
1513347599006616,1513347600044130,536870912,33554432,16,517,1037514
1513347603959405,1513347605000298,536870912,33554432,16,515,1040893
1513347608918799,1513347609964605,536870912,33554432,16,513,1045806
1513347613881881,1513347614930212,536870912,33554432,16,512,1048331
1513347618847674,1513347619896640,536870912,33554432,16,511,1048966
1513347623813029,1513347624861654,536870912,33554432,16,511,1048625
1513347628778125,1513347629827474,536870912,33554432,16,511,1049349
1513347633745153,1513347634793389,536870912,33554432,16,512,1048236
1513347638712438,1513347639761758,536870912,33554432,16,511,1049320
1513347643676896,1513347644722046,536870912,33554432,16,513,1045150
1513347648639122,1513347649684795,536870912,33554432,16,513,1045673
1513347653603943,1513347654652542,536870912,33554432,16,511,1048599
1513347658571418,1513347659608427,536870912,33554432,16,517,1037009
1513347663524963,1513347664569993,536870912,33554432,16,513,1045030
1513347668485361,1513347669527400,536870912,33554432,16,515,1042039
1513347673443526,1513347674488030,536870912,33554432,16,513,1044504
1513347678405467,1513347679454923,536870912,33554432,16,511,1049456
1513347683371273,1513347684416223,536870912,33554432,16,513,1044950
1513347688333553,1513347689383218,536870912,33554432,16,511,1049665
1513347693299848,1513347694348581,536870912,33554432,16,511,1048733
1513347698266266,1513347699307527,536870912,33554432,16,515,1041261
1513347703224044,1513347704264770,536870912,33554432,16,515,1040726
1513347708182154,1513347709223918,536870912,33554432,16,515,1041764
1513347713150487,1513347714200780,536870912,33554432,16,511,1050293
1513347718118858,1513347719168886,536870912,33554432,16,511,1050028
1513347723085126,1513347724130365,536870912,33554432,16,513,1045239
1513347728048728,1513347729098332,536870912,33554432,16,511,1049604
1513347733016351,1513347734065659,536870912,33554432,16,511,1049308
1513347737985766,1513347739027611,536870912,33554432,16,515,1041845
1513347742945353,1513347743986874,536870912,33554432,16,515,1041521
1513347747905431,1513347748950927,536870912,33554432,16,513,1045496
1513347752868694,1513347753917836,536870912,33554432,16,511,1049142
1513347757837110,1513347758883169,536870912,33554432,16,513,1046059
1513347762803039,1513347763847811,536870912,33554432,16,513,1044772
1513347767766936,1513347768816411,536870912,33554432,16,511,1049475
1513347772735882,1513347773780847,536870912,33554432,16,513,1044965
1513347777696886,1513347778734850,536870912,33554432,16,517,1037964
1513347782651030,1513347783696075,536870912,33554432,16,513,1045045
1513347787615794,1513347788665724,536870912,33554432,16,511,1049930
1513347792581107,1513347793630430,536870912,33554432,16,511,1049323
1513347797545881,1513347798588153,536870912,33554432,16,515,1042272
1513347802504171,1513347803549821,536870912,33554432,16,513,1045650
1513347807467211,1513347808508853,536870912,33554432,16,515,1041642
1513347812426009,1513347813467514,536870912,33554432,16,515,1041505
1513347817382693,1513347818432602,536870912,33554432,16,511,1049909
1513347822348302,1513347823393787,536870912,33554432,16,513,1045485
1513347827310411,1513347828360297,536870912,33554432,16,511,1049886
1513347832277456,1513347833322191,536870912,33554432,16,513,1044735
1513347837237849,1513347838275683,536870912,33554432,16,517,1037834
1513347842193010,1513347843234053,536870912,33554432,16,515,1041043
1513347847145732,1513347848191465,536870912,33554432,16,513,1045733
1513347852108101,1513347853156905,536870912,33554432,16,511,1048804
1513347857073329,1513347858114974,536870912,33554432,16,515,1041645
1513347862032808,1513347863073803,536870912,33554432,16,515,1040995
1513347866989810,1513347868039222,536870912,33554432,16,511,1049412
1513347871956058,1513347872996947,536870912,33554432,16,515,1040889
1513347876913242,1513347877962658,536870912,33554432,16,511,1049416
1513347881879664,1513347882924910,536870912,33554432,16,513,1045246
1513347886841178,1513347887890344,536870912,33554432,16,511,1049166
1513347891805800,1513347892851032,536870912,33554432,16,513,1045232
1513347896768041,1513347897805657,536870912,33554432,16,517,1037616
1513347901720905,1513347902762088,536870912,33554432,16,515,1041183
1513347906679520,1513347907721224,536870912,33554432,16,515,1041704
1513347911666855,1513347912712033,536870912,33554432,16,513,1045178
1513347916628793,1513347917674535,536870912,33554432,16,513,1045742
1513347921590822,1513347922640247,536870912,33554432,16,511,1049425
1513347926554775,1513347927596533,536870912,33554432,16,515,1041758
1513347931511190,1513347932560473,536870912,33554432,16,511,1049283
1513347936477730,1513347937523997,536870912,33554432,16,513,1046267
1513347941440879,1513347942489763,536870912,33554432,16,511,1048884
1513347946407786,1513347947457419,536870912,33554432,16,511,1049633
1513347951374963,1513347952416032,536870912,33554432,16,515,1041069
1513347956333613,1513347957383590,536870912,33554432,16,511,1049977
1513347961301769,1513347962350647,536870912,33554432,16,511,1048878
1513347966267519,1513347967313743,536870912,33554432,16,513,1046224
1513347971231389,1513347972277270,536870912,33554432,16,513,1045881
1513347976194471,1513347977240264,536870912,33554432,16,513,1045793
1513347981157042,1513347982194305,536870912,33554432,16,517,1037263
1513347986111461,1513347987153394,536870912,33554432,16,515,1041933
1513347991070983,1513347992120301,536870912,33554432,16,511,1049318
1513347996034655,1513347997072537,536870912,33554432,16,517,1037882
1513348000990357,1513348002035789,536870912,33554432,16,513,1045432
1513348005952521,1513348006998003,536870912,33554432,16,513,1045482
1513348010931121,1513348011976058,536870912,33554432,16,513,1044937
1513348015892243,1513348016937874,536870912,33554432,16,513,1045631
1513348020855249,1513348021900623,536870912,33554432,16,513,1045374
1513348025817548,1513348026866750,536870912,33554432,16,511,1049202
1513348030789983,1513348031840153,536870912,33554432,16,511,1050170
1513348035763113,1513348036807043,536870912,33554432,16,514,1043930
1513348040729617,1513348041779730,536870912,33554432,16,511,1050113
1513348045703131,1513348046754390,536870912,33554432,16,510,1051259
1513348050676848,1513348051719270,536870912,33554432,16,515,1042422
1513348055644692,1513348056683932,536870912,33554432,16,516,1039240
1513348060606730,1513348061653179,536870912,33554432,16,513,1046449
1513348065571130,1513348066618440,536870912,33554432,16,512,1047310
1513348070540828,1513348071575432,536870912,33554432,16,518,1034604
1513348075497359,1513348076541012,536870912,33554432,16,514,1043653
1513348080463985,1513348081513527,536870912,33554432,16,511,1049542
1513348085436576,1513348086479859,536870912,33554432,16,514,1043283
1513348090403287,1513348091441928,536870912,33554432,16,516,1038641
1513348095366108,1513348096413966,536870912,33554432,16,512,1047858
1513348100337863,1513348101387503,536870912,33554432,16,511,1049640
1513348105310734,1513348106358113,536870912,33554432,16,512,1047379
1513348110279028,1513348111328266,536870912,33554432,16,511,1049238
1513348115250994,1513348116298174,536870912,33554432,16,512,1047180
1513348120220804,1513348121267668,536870912,33554432,16,512,1046864
1513348125190955,1513348126234088,536870912,33554432,16,514,1043133
1513348130157289,1513348131207263,536870912,33554432,16,511,1049974
1513348135128318,1513348136179687,536870912,33554432,16,510,1051369
1513348140101956,1513348141148535,536870912,33554432,16,512,1046579
1513348145073293,1513348146124284,536870912,33554432,16,510,1050991
1513348150048546,1513348151090654,536870912,33554432,16,515,1042108
1513348155013279,1513348156064495,536870912,33554432,16,510,1051216
1513348159988320,1513348161038026,536870912,33554432,16,511,1049706
1513348164960587,1513348166011965,536870912,33554432,16,510,1051378
1513348169933307,1513348170979219,536870912,33554432,16,513,1045912
1513348174899078,1513348175947085,536870912,33554432,16,512,1048007
1513348179870123,1513348180908880,536870912,33554432,16,516,1038757
1513348184830456,1513348185874190,536870912,33554432,16,514,1043734
1513348189797271,1513348190846702,536870912,33554432,16,511,1049431
1513348194770532,1513348195821727,536870912,33554432,16,510,1051195
1513348199744489,1513348200796242,536870912,33554432,16,510,1051753
1513348204719647,1513348205766529,536870912,33554432,16,512,1046882
1513348209687645,1513348210729825,536870912,33554432,16,515,1042180
1513348214649213,1513348215700417,536870912,33554432,16,510,1051204
1513348219621981,1513348220672180,536870912,33554432,16,511,1050199
1513348224595903,1513348225639611,536870912,33554432,16,514,1043708
1513348229560214,1513348230598364,536870912,33554432,16,517,1038150
1513348234515706,1513348235562439,536870912,33554432,16,512,1046733
1513348239484784,1513348240531149,536870912,33554432,16,513,1046365
1513348244454103,1513348245501302,536870912,33554432,16,512,1047199
1513348249424022,1513348250473409,536870912,33554432,16,511,1049387
1513348254397743,1513348255444420,536870912,33554432,16,512,1046677
1513348259367747,1513348260418982,536870912,33554432,16,510,1051235
1513348264343249,1513348265390195,536870912,33554432,16,512,1046946
1513348269313967,1513348270355879,536870912,33554432,16,515,1041912
1513348274278305,1513348275325695,536870912,33554432,16,512,1047390
1513348279249440,1513348280299673,536870912,33554432,16,511,1050233
1513348284224014,1513348285262998,536870912,33554432,16,516,1038984
1513348289186721,1513348290231877,536870912,33554432,16,513,1045156
1513348294156329,1513348295199972,536870912,33554432,16,514,1043643
1513348299123362,1513348300169031,536870912,33554432,16,513,1045669
1513348304095028,1513348305146203,536870912,33554432,16,510,1051175
1513348309068648,1513348310114688,536870912,33554432,16,513,1046040
1513348314036016,1513348315087424,536870912,33554432,16,510,1051408
1513348319008839,1513348320060058,536870912,33554432,16,510,1051219
1513348323982252,1513348325033327,536870912,33554432,16,510,1051075
1513348328957437,1513348329998869,536870912,33554432,16,515,1041432
1513348333922709,1513348334973493,536870912,33554432,16,510,1050784
1513348338896463,1513348339941848,536870912,33554432,16,513,1045385
1513348343863848,1513348344915017,536870912,33554432,16,510,1051169
1513348348848116,1513348349896927,536870912,33554432,16,511,1048811
1513348353819879,1513348354870348,536870912,33554432,16,511,1050469
1513348358787022,1513348359828969,536870912,33554432,16,515,1041947
1513348363750795,1513348364801511,536870912,33554432,16,510,1050716
1513348368723270,1513348369764588,536870912,33554432,16,515,1041318
1513348373688844,1513348374788966,536870912,33554432,16,488,1100122
1513348378710498,1513348379756143,536870912,33554432,16,513,1045645
1513348383675405,1513348384718068,536870912,33554432,16,514,1042663
1513348388637122,1513348389686255,536870912,33554432,16,511,1049133
1513348393607611,1513348394654912,536870912,33554432,16,512,1047301
1513348398577688,1513348399627054,536870912,33554432,16,511,1049366
1513348403550791,1513348404601549,536870912,33554432,16,510,1050758
1513348408523981,1513348409573665,536870912,33554432,16,511,1049684
1513348413494466,1513348414545190,536870912,33554432,16,510,1050724
1513348418467247,1513348419508709,536870912,33554432,16,515,1041462
1513348423431333,1513348424477781,536870912,33554432,16,513,1046448
1513348428400941,1513348429441628,536870912,33554432,16,515,1040687
1513348433362940,1513348434409701,536870912,33554432,16,512,1046761
1513348438330372,1513348439380107,536870912,33554432,16,511,1049735
1513348443301780,1513348444352747,536870912,33554432,16,510,1050967
1513348448277880,1513348449315176,536870912,33554432,16,517,1037296
1513348453239229,1513348454289780,536870912,33554432,16,511,1050551
1513348458211922,1513348459262895,536870912,33554432,16,510,1050973
1513348463186143,1513348464234009,536870912,33554432,16,512,1047866
1513348468156334,1513348469198858,536870912,33554432,16,514,1042524
1513348473124394,1513348474167503,536870912,33554432,16,514,1043109
1513348478091306,1513348479141705,536870912,33554432,16,511,1050399
1513348483065710,1513348484105039,536870912,33554432,16,516,1039329
1513348488026876,1513348489073363,536870912,33554432,16,513,1046487
1513348492992794,1513348494043236,536870912,33554432,16,511,1050442
1513348497966075,1513348499012617,536870912,33554432,16,512,1046542
1513348502935434,1513348503978794,536870912,33554432,16,514,1043360
1513348507902477,1513348508952883,536870912,33554432,16,511,1050406
1513348512874910,1513348513925896,536870912,33554432,16,510,1050986
1513348517849478,1513348518895546,536870912,33554432,16,513,1046068
1513348522816533,1513348523867553,536870912,33554432,16,510,1051020
1513348527790908,1513348528833640,536870912,33554432,16,514,1042732
1513348532757220,1513348533808356,536870912,33554432,16,510,1051136
1513348537732258,1513348538779039,536870912,33554432,16,512,1046781
1513348542702983,1513348543754100,536870912,33554432,16,510,1051117
1513348547679005,1513348548726098,536870912,33554432,16,512,1047093
1513348552652150,1513348553691971,536870912,33554432,16,516,1039821
1513348557616070,1513348558658818,536870912,33554432,16,514,1042748
1513348562576358,1513348563627363,536870912,33554432,16,510,1051005
1513348567549799,1513348568592941,536870912,33554432,16,514,1043142
1513348572515161,1513348573566336,536870912,33554432,16,510,1051175
1513348577488803,1513348578535322,536870912,33554432,16,513,1046519
1513348582458801,1513348583506462,536870912,33554432,16,512,1047661
1513348587429865,1513348588476733,536870912,33554432,16,512,1046868
1513348592393455,1513348593445074,536870912,33554432,16,510,1051619
1513348597367449,1513348598417976,536870912,33554432,16,511,1050527
1513348602341944,1513348603392620,536870912,33554432,16,510,1050676
1513348607316458,1513348608362632,536870912,33554432,16,513,1046174
1513348612283113,1513348613326872,536870912,33554432,16,514,1043759
1513348617246607,1513348618284976,536870912,33554432,16,517,1038369
1513348622202437,1513348623249865,536870912,33554432,16,512,1047428
1513348627180854,1513348628223316,536870912,33554432,16,515,1042462
1513348632146053,1513348633193978,536870912,33554432,16,512,1047925
1513348637116474,1513348638159309,536870912,33554432,16,514,1042835
1513348642081602,1513348643125189,536870912,33554432,16,514,1043587
1513348647049741,1513348648093203,536870912,33554432,16,514,1043462
1513348652014937,1513348653062704,536870912,33554432,16,512,1047767
1513348656986320,1513348658029537,536870912,33554432,16,514,1043217
1513348661950682,1513348662997914,536870912,33554432,16,512,1047232
1513348666920049,1513348667966655,536870912,33554432,16,512,1046606
1513348671888885,1513348672940563,536870912,33554432,16,510,1051678
1513348676862518,1513348677912707,536870912,33554432,16,511,1050189
1513348681836089,1513348682887445,536870912,33554432,16,510,1051356
1513348686808358,1513348687855624,536870912,33554432,16,512,1047266
1513348691777304,1513348692813629,536870912,33554432,16,518,1036325
1513348696737664,1513348697776088,536870912,33554432,16,517,1038424
1513348701697463,1513348702743063,536870912,33554432,16,513,1045600
1513348706668142,1513348707714730,536870912,33554432,16,512,1046588
1513348711634946,1513348712686322,536870912,33554432,16,510,1051376
1513348716609740,1513348717660458,536870912,33554432,16,510,1050718
1513348721583714,1513348722630106,536870912,33554432,16,513,1046392
1513348726553053,1513348727603133,536870912,33554432,16,511,1050080
1513348731558998,1513348732606257,536870912,33554432,16,512,1047259
1513348736526736,1513348737573681,536870912,33554432,16,512,1046945
1513348741495719,1513348742535137,536870912,33554432,16,516,1039418
1513348746464165,1513348747514707,536870912,33554432,16,511,1050542
1513348751434508,1513348752485916,536870912,33554432,16,510,1051408
1513348756404803,1513348757450776,536870912,33554432,16,513,1045973
1513348761370962,1513348762421749,536870912,33554432,16,510,1050787
1513348766343631,1513348767386536,536870912,33554432,16,514,1042905
1513348771305989,1513348772356709,536870912,33554432,16,510,1050720
1513348776275994,1513348777327895,536870912,33554432,16,510,1051901
1513348781246755,1513348782294015,536870912,33554432,16,512,1047260
1513348786214144,1513348787259878,536870912,33554432,16,513,1045734
1513348791183244,1513348792230041,536870912,33554432,16,512,1046797
1513348796155132,1513348797206117,536870912,33554432,16,510,1050985
1513348801130396,1513348802178583,536870912,33554432,16,512,1048187
1513348806101863,1513348807152682,536870912,33554432,16,510,1050819
1513348811075400,1513348812122906,536870912,33554432,16,512,1047506
1513348816046848,1513348817097914,536870912,33554432,16,510,1051066
1513348821020731,1513348822072176,536870912,33554432,16,510,1051445
1513348825990401,1513348827037274,536870912,33554432,16,512,1046873
1513348830957450,1513348831996668,536870912,33554432,16,516,1039218
1513348835921441,1513348836964947,536870912,33554432,16,514,1043506
1513348840889692,1513348841940959,536870912,33554432,16,510,1051267
1513348845862893,1513348846910073,536870912,33554432,16,512,1047180
1513348850833080,1513348851883006,536870912,33554432,16,511,1049926
1513348855807656,1513348856857896,536870912,33554432,16,511,1050240
1513348860781459,1513348861817138,536870912,33554432,16,518,1035679
1513348865742169,1513348866779714,536870912,33554432,16,517,1037545
1513348870701128,1513348871752794,536870912,33554432,16,510,1051666
1513348875674589,1513348876723129,536870912,33554432,16,512,1048540
1513348880646824,1513348881694601,536870912,33554432,16,512,1047777
1513348885616539,1513348886668376,536870912,33554432,16,510,1051837
1513348890592088,1513348891643848,536870912,33554432,16,510,1051760
1513348895566027,1513348896610257,536870912,33554432,16,514,1044230
1513348900530587,1513348901578463,536870912,33554432,16,512,1047876
1513348905500497,1513348906552033,536870912,33554432,16,510,1051536
1513348910473395,1513348911509059,536870912,33554432,16,518,1035664
1513348915430129,1513348916478159,536870912,33554432,16,512,1048030
1513348920399710,1513348921450759,536870912,33554432,16,510,1051049
1513348925371317,1513348926422888,536870912,33554432,16,510,1051571
1513348930342485,1513348931386592,536870912,33554432,16,514,1044107
1513348935311313,1513348936362189,536870912,33554432,16,510,1050876
1513348940280310,1513348941328494,536870912,33554432,16,512,1048184
1513348945248515,1513348946284450,536870912,33554432,16,518,1035935
1513348950249127,1513348951283846,536870912,33554432,16,518,1034719
1513348955203068,1513348956250322,536870912,33554432,16,512,1047254
1513348960173547,1513348961221154,536870912,33554432,16,512,1047607
1513348965141937,1513348966189684,536870912,33554432,16,512,1047747
1513348970108489,1513348971160510,536870912,33554432,16,510,1052021
1513348975083218,1513348976134470,536870912,33554432,16,510,1051252
1513348980056990,1513348981105035,536870912,33554432,16,512,1048045
1513348985026016,1513348986077241,536870912,33554432,16,510,1051225
1513348989998892,1513348991046623,536870912,33554432,16,512,1047731
1513348994967501,1513348996014149,536870912,33554432,16,512,1046648
1513348999935277,1513349000983695,536870912,33554432,16,512,1048418
1513349004907163,1513349005953860,536870912,33554432,16,512,1046697
1513349009874435,1513349010918564,536870912,33554432,16,514,1044129
1513349014834538,1513349015877934,536870912,33554432,16,514,1043396
1513349019802276,1513349020853400,536870912,33554432,16,510,1051124
1513349024775773,1513349025822553,536870912,33554432,16,512,1046780
1513349029740799,1513349030784072,536870912,33554432,16,514,1043273
1513349034709433,1513349035760765,536870912,33554432,16,510,1051332
1513349039690858,1513349040744108,536870912,33554432,16,509,1053250
1513349044666752,1513349045707139,536870912,33554432,16,516,1040387
1513349049630564,1513349050677578,536870912,33554432,16,512,1047014
1513349054598244,1513349055646110,536870912,33554432,16,512,1047866
1513349059568114,1513349060616167,536870912,33554432,16,512,1048053
1513349064539104,1513349065587419,536870912,33554432,16,512,1048315
1513349069508917,1513349070561317,536870912,33554432,16,510,1052400
1513349074483212,1513349075534405,536870912,33554432,16,510,1051193
1513349079455625,1513349080499463,536870912,33554432,16,514,1043838
1513349084420935,1513349085464370,536870912,33554432,16,514,1043435
1513349089387133,1513349090427075,536870912,33554432,16,516,1039942
1513349094348675,1513349095400118,536870912,33554432,16,510,1051443
1513349099324539,1513349100373363,536870912,33554432,16,511,1048824
1513349104295342,1513349105339656,536870912,33554432,16,514,1044314
1513349109259078,1513349110302901,536870912,33554432,16,514,1043823
1513349114225193,1513349115268734,536870912,33554432,16,514,1043541
1513349119184873,1513349120236906,536870912,33554432,16,510,1052033
1513349124156186,1513349125204543,536870912,33554432,16,512,1048357
1513349129128214,1513349130179549,536870912,33554432,16,510,1051335
1513349134096285,1513349135147805,536870912,33554432,16,510,1051520
1513349139068001,1513349140115593,536870912,33554432,16,512,1047592
1513349144033376,1513349145081395,536870912,33554432,16,512,1048019
1513349149002019,1513349150049305,536870912,33554432,16,512,1047286
1513349153973030,1513349155020450,536870912,33554432,16,512,1047420
1513349158943521,1513349159991343,536870912,33554432,16,512,1047822
1513349163915379,1513349164959839,536870912,33554432,16,514,1044460
1513349168884133,1513349169927075,536870912,33554432,16,514,1042942
1513349173848115,1513349174895431,536870912,33554432,16,512,1047316
1513349178818549,1513349179868262,536870912,33554432,16,511,1049713
1513349183792934,1513349184837063,536870912,33554432,16,514,1044129
1513349188759923,1513349189803433,536870912,33554432,16,514,1043510
1513349193726566,1513349194768878,536870912,33554432,16,515,1042312
1513349198691775,1513349199735184,536870912,33554432,16,514,1043409
1513349203658871,1513349204701810,536870912,33554432,16,514,1042939
1513349208623858,1513349209674771,536870912,33554432,16,510,1050913
1513349213597656,1513349214648430,536870912,33554432,16,510,1050774
1513349218570473,1513349219622588,536870912,33554432,16,510,1052115
1513349223546023,1513349224582361,536870912,33554432,16,518,1036338
1513349228520409,1513349229570294,536870912,33554432,16,511,1049885
1513349233486979,1513349234532174,536870912,33554432,16,513,1045195
1513349238447845,1513349239484430,536870912,33554432,16,517,1036585
1513349243401366,1513349244445635,536870912,33554432,16,514,1044269
1513349248362708,1513349249399595,536870912,33554432,16,517,1036887
1513349253316043,1513349254364228,536870912,33554432,16,512,1048185
1513349258277178,1513349259321948,536870912,33554432,16,513,1044770
1513349263238788,1513349264286270,536870912,33554432,16,512,1047482
1513349268202812,1513349269247346,536870912,33554432,16,513,1044534
1513349273163127,1513349274211625,536870912,33554432,16,512,1048498
1513349278129183,1513349279178081,536870912,33554432,16,511,1048898
1513349283094892,1513349284139391,536870912,33554432,16,513,1044499
1513349288055521,1513349289104005,536870912,33554432,16,512,1048484
1513349293021170,1513349294062168,536870912,33554432,16,515,1040998
1513349297979498,1513349299028087,536870912,33554432,16,511,1048589
1513349302945222,1513349303981824,536870912,33554432,16,517,1036602
1513349307899097,1513349308947759,536870912,33554432,16,511,1048662
1513349312859036,1513349313903508,536870912,33554432,16,514,1044472
1513349317820605,1513349318868992,536870912,33554432,16,512,1048387
1513349322785558,1513349323826082,536870912,33554432,16,515,1040524
1513349327743726,1513349328784486,536870912,33554432,16,515,1040760
1513349332701507,1513349333746097,536870912,33554432,16,513,1044590
1513349337661543,1513349338710226,536870912,33554432,16,511,1048683
1513349342626489,1513349343674202,536870912,33554432,16,512,1047713
1513349347590618,1513349348639182,536870912,33554432,16,512,1048564
1513349352555159,1513349353600330,536870912,33554432,16,513,1045171
1513349357516522,1513349358552904,536870912,33554432,16,518,1036382
1513349362465658,1513349363510264,536870912,33554432,16,513,1044606
1513349367425233,1513349368470572,536870912,33554432,16,513,1045339
1513349372385062,1513349373429003,536870912,33554432,16,514,1043941
1513349377347292,1513349378392056,536870912,33554432,16,513,1044764
1513349382307207,1513349383350782,536870912,33554432,16,514,1043575
1513349387299292,1513349388347633,536870912,33554432,16,512,1048341
1513349392281292,1513349393331487,536870912,33554432,16,511,1050195
1513349397253268,1513349398302022,536870912,33554432,16,511,1048754
1513349402212098,1513349403260115,536870912,33554432,16,512,1048017
1513349407173882,1513349408218578,536870912,33554432,16,513,1044696
1513349412133482,1513349413182023,536870912,33554432,16,512,1048541
1513349417095604,1513349418144012,536870912,33554432,16,512,1048408
1513349422062438,1513349423103248,536870912,33554432,16,515,1040810
1513349427020994,1513349428065977,536870912,33554432,16,513,1044983
1513349431984052,1513349433024691,536870912,33554432,16,515,1040639
1513349436941771,1513349437983181,536870912,33554432,16,515,1041410
1513349441900839,1513349442949583,536870912,33554432,16,511,1048744
1513349446866121,1513349447910341,536870912,33554432,16,514,1044220
1513349451826097,1513349452866474,536870912,33554432,16,516,1040377
1513349456784815,1513349457830069,536870912,33554432,16,513,1045254
1513349461746150,1513349462794183,536870912,33554432,16,512,1048033
1513349466710847,1513349467759593,536870912,33554432,16,511,1048746
1513349471678349,1513349472727164,536870912,33554432,16,511,1048815
1513349476644950,1513349477689987,536870912,33554432,16,513,1045037
1513349481606046,1513349482643382,536870912,33554432,16,517,1037336
1513349486558602,1513349487603885,536870912,33554432,16,513,1045283
1513349491519918,1513349492564251,536870912,33554432,16,514,1044333
1513349496481711,1513349497526571,536870912,33554432,16,513,1044860
1513349501443852,1513349502492743,536870912,33554432,16,511,1048891
1513349506412191,1513349507460960,536870912,33554432,16,511,1048769
1513349511374811,1513349512419359,536870912,33554432,16,513,1044548
1513349516334880,1513349517379373,536870912,33554432,16,514,1044493
1513349521293962,1513349522334702,536870912,33554432,16,515,1040740
1513349526252264,1513349527289339,536870912,33554432,16,517,1037075
1513349531205703,1513349532254527,536870912,33554432,16,511,1048824
1513349536170292,1513349537215117,536870912,33554432,16,513,1044825
1513349541131625,1513349542180564,536870912,33554432,16,511,1048939
1513349546098636,1513349547143517,536870912,33554432,16,513,1044881
1513349551058419,1513349552102811,536870912,33554432,16,514,1044392
1513349556020764,1513349557069587,536870912,33554432,16,511,1048823
1513349560986983,1513349562027199,536870912,33554432,16,516,1040216
1513349565940779,1513349566981610,536870912,33554432,16,515,1040831
1513349570898443,1513349571943254,536870912,33554432,16,513,1044811
1513349575854063,1513349576895022,536870912,33554432,16,515,1040959
1513349580810514,1513349581851143,536870912,33554432,16,515,1040629
1513349585765885,1513349586795370,536870912,33554432,16,521,1029485
1513349590711876,1513349591760757,536870912,33554432,16,511,1048881
1513349595676519,1513349596713091,536870912,33554432,16,517,1036572
1513349600631351,1513349601675808,536870912,33554432,16,514,1044457
1513349605592931,1513349606641019,536870912,33554432,16,512,1048088
1513349610556885,1513349611595952,536870912,33554432,16,516,1039067
1513349615511206,1513349616560125,536870912,33554432,16,511,1048919
1513349620477139,1513349621525956,536870912,33554432,16,511,1048817
1513349625442398,1513349626486984,536870912,33554432,16,513,1044586
1513349630403573,1513349631452209,536870912,33554432,16,511,1048636
1513349635368714,1513349636416948,536870912,33554432,16,512,1048234
1513349640332800,1513349641377421,536870912,33554432,16,513,1044621
1513349645295033,1513349646338469,536870912,33554432,16,514,1043436
1513349650253698,1513349651290387,536870912,33554432,16,517,1036689
1513349655205699,1513349656254836,536870912,33554432,16,511,1049137
1513349660170325,1513349661219044,536870912,33554432,16,511,1048719
1513349665135477,1513349666184086,536870912,33554432,16,511,1048609
1513349670100796,1513349671145548,536870912,33554432,16,513,1044752
1513349675059690,1513349676101013,536870912,33554432,16,515,1041323
1513349680017083,1513349681061856,536870912,33554432,16,513,1044773
1513349684978615,1513349686018760,536870912,33554432,16,516,1040145
1513349689935707,1513349690980593,536870912,33554432,16,513,1044886
1513349694899081,1513349695944886,536870912,33554432,16,513,1045805
1513349699863618,1513349700913462,536870912,33554432,16,511,1049844
1513349704829383,1513349705870952,536870912,33554432,16,515,1041569
1513349709784301,1513349710824859,536870912,33554432,16,515,1040558
1513349714741069,1513349715789987,536870912,33554432,16,511,1048918
1513349719706695,1513349720755147,536870912,33554432,16,512,1048452
1513349724671312,1513349725704313,536870912,33554432,16,519,1033001
1513349729621753,1513349730665983,536870912,33554432,16,514,1044230
1513349734584005,1513349735629398,536870912,33554432,16,513,1045393
1513349739546317,1513349740590701,536870912,33554432,16,514,1044384
1513349744508434,1513349745549852,536870912,33554432,16,515,1041418
1513349749467290,1513349750503596,536870912,33554432,16,518,1036306
1513349754420606,1513349755461395,536870912,33554432,16,515,1040789
1513349759377997,1513349760428076,536870912,33554432,16,511,1050079
1513349764345941,1513349765389924,536870912,33554432,16,514,1043983
1513349769305755,1513349770350332,536870912,33554432,16,513,1044577
1513349774297095,1513349775337630,536870912,33554432,16,515,1040535
1513349779258255,1513349780306874,536870912,33554432,16,511,1048619
1513349784224227,1513349785265086,536870912,33554432,16,515,1040859
1513349789182748,1513349790227301,536870912,33554432,16,513,1044553
1513349794144186,1513349795188372,536870912,33554432,16,514,1044186
1513349799106520,1513349800150885,536870912,33554432,16,514,1044365
1513349804068145,1513349805112380,536870912,33554432,16,514,1044235
1513349809029909,1513349810077563,536870912,33554432,16,512,1047654
1513349813995354,1513349815040494,536870912,33554432,16,513,1045140
1513349818958303,1513349820007242,536870912,33554432,16,511,1048939
1513349823923055,1513349824968168,536870912,33554432,16,513,1045113
1513349828892896,1513349829938854,536870912,33554432,16,513,1045958
1513349833862003,1513349834908134,536870912,33554432,16,513,1046131
1513349838832074,1513349839880525,536870912,33554432,16,512,1048451
1513349843800812,1513349844851049,536870912,33554432,16,511,1050237
1513349848774755,1513349849822984,536870912,33554432,16,512,1048229
1513349853746013,1513349854791398,536870912,33554432,16,513,1045385
1513349858715384,1513349859763904,536870912,33554432,16,512,1048520
1513349863686567,1513349864732622,536870912,33554432,16,513,1046055
1513349868652354,1513349869700745,536870912,33554432,16,512,1048391
1513349873623642,1513349874665779,536870912,33554432,16,515,1042137
1513349878587661,1513349879639875,536870912,33554432,16,510,1052214
1513349883562000,1513349884612293,536870912,33554432,16,511,1050293
1513349888535787,1513349889580016,536870912,33554432,16,514,1044229
1513349893502890,1513349894545099,536870912,33554432,16,515,1042209
1513349898464363,1513349899512512,536870912,33554432,16,512,1048149
1513349903436734,1513349904478938,536870912,33554432,16,515,1042204
1513349908401352,1513349909442008,536870912,33554432,16,515,1040656
1513349913362727,1513349914412145,536870912,33554432,16,511,1049418
1513349918335423,1513349919383268,536870912,33554432,16,512,1047845
1513349923305629,1513349924351229,536870912,33554432,16,513,1045600
1513349928274832,1513349929322910,536870912,33554432,16,512,1048078
1513349933246383,1513349934292436,536870912,33554432,16,513,1046053
1513349938211081,1513349939247837,536870912,33554432,16,517,1036756
1513349943170975,1513349944216786,536870912,33554432,16,513,1045811
1513349948138279,1513349949182992,536870912,33554432,16,513,1044713
1513349953106168,1513349954156105,536870912,33554432,16,511,1049937
1513349958078964,1513349959123320,536870912,33554432,16,514,1044356
1513349963045107,1513349964086807,536870912,33554432,16,515,1041700
1513349968010089,1513349969062507,536870912,33554432,16,510,1052418
1513349972986902,1513349974036305,536870912,33554432,16,511,1049403
1513349977957551,1513349979002544,536870912,33554432,16,513,1044993
1513349982925863,1513349983975298,536870912,33554432,16,511,1049435
1513349987898984,1513349988947437,536870912,33554432,16,512,1048453
1513349992895984,1513349993937847,536870912,33554432,16,515,1041863
1513349997862056,1513349998910376,536870912,33554432,16,512,1048320
1513350002832634,1513350003877765,536870912,33554432,16,513,1045131
1513350007801393,1513350008852571,536870912,33554432,16,510,1051178
1513350012773190,1513350013822776,536870912,33554432,16,511,1049586
1513350017745601,1513350018789755,536870912,33554432,16,514,1044154
1513350022713349,1513350023759304,536870912,33554432,16,513,1045955
1513350027681562,1513350028733723,536870912,33554432,16,510,1052161
1513350032656876,1513350033702721,536870912,33554432,16,513,1045845
1513350037624305,1513350038672690,536870912,33554432,16,512,1048385
1513350042595743,1513350043642347,536870912,33554432,16,512,1046604
1513350047563787,1513350048608769,536870912,33554432,16,513,1044982
1513350052531670,1513350053581737,536870912,33554432,16,511,1050067
1513350057503814,1513350058556589,536870912,33554432,16,509,1052775
1513350062479532,1513350063513323,536870912,33554432,16,519,1033791
1513350067433356,1513350068480395,536870912,33554432,16,512,1047039
1513350072401826,1513350073450341,536870912,33554432,16,512,1048515
1513350077401523,1513350078448915,536870912,33554432,16,512,1047392
1513350082365801,1513350083409771,536870912,33554432,16,514,1043970
1513350087330222,1513350088372923,536870912,33554432,16,514,1042701
1513350092294331,1513350093339154,536870912,33554432,16,513,1044823
1513350097261553,1513350098304540,536870912,33554432,16,514,1042987
1513350102225558,1513350103277147,536870912,33554432,16,510,1051589
1513350107199839,1513350108243066,536870912,33554432,16,514,1043227
1513350112164393,1513350113216271,536870912,33554432,16,510,1051878
1513350117137849,1513350118177089,536870912,33554432,16,516,1039240
1513350122099663,1513350123142741,536870912,33554432,16,514,1043078
1513350127065524,1513350128117238,536870912,33554432,16,510,1051714
1513350132041242,1513350133085292,536870912,33554432,16,514,1044050
1513350137009046,1513350138060435,536870912,33554432,16,510,1051389
1513350141982062,1513350143029577,536870912,33554432,16,512,1047515
1513350146953224,1513350148004640,536870912,33554432,16,510,1051416
1513350151928907,1513350152976267,536870912,33554432,16,512,1047360
1513350156895726,1513350157939593,536870912,33554432,16,514,1043867
1513350161862945,1513350162910961,536870912,33554432,16,512,1048016
1513350166835689,1513350167882954,536870912,33554432,16,512,1047265
1513350171805987,1513350172849587,536870912,33554432,16,514,1043600
1513350176772703,1513350177823268,536870912,33554432,16,511,1050565
1513350181745048,1513350182792561,536870912,33554432,16,512,1047513
1513350186714549,1513350187765650,536870912,33554432,16,510,1051101
1513350191690654,1513350192742098,536870912,33554432,16,510,1051444
1513350196664993,1513350197707753,536870912,33554432,16,514,1042760
1513350201629397,1513350202680840,536870912,33554432,16,510,1051443
1513350206604590,1513350207655275,536870912,33554432,16,510,1050685
1513350211577191,1513350212624178,536870912,33554432,16,512,1046987
1513350216545915,1513350217596960,536870912,33554432,16,510,1051045
1513350221519799,1513350222567504,536870912,33554432,16,512,1047705
1513350226490388,1513350227541000,536870912,33554432,16,511,1050612
1513350231463511,1513350232510760,536870912,33554432,16,512,1047249
1513350236430982,1513350237477421,536870912,33554432,16,513,1046439
1513350241395472,1513350242443221,536870912,33554432,16,512,1047749
1513350246365572,1513350247412796,536870912,33554432,16,512,1047224
1513350251335003,1513350252382680,536870912,33554432,16,512,1047677
1513350256302625,1513350257342343,536870912,33554432,16,516,1039718
1513350261264857,1513350262316596,536870912,33554432,16,510,1051739
1513350266239915,1513350267291334,536870912,33554432,16,510,1051419
1513350271211227,1513350272258425,536870912,33554432,16,512,1047198
1513350276177266,1513350277224304,536870912,33554432,16,512,1047038
1513350281142292,1513350282189808,536870912,33554432,16,512,1047516
1513350286111948,1513350287155304,536870912,33554432,16,514,1043356
1513350291076994,1513350292128284,536870912,33554432,16,510,1051290
1513350296050377,1513350297101478,536870912,33554432,16,510,1051101
1513350301024727,1513350302074848,536870912,33554432,16,511,1050121
1513350305997615,1513350307048251,536870912,33554432,16,510,1050636
1513350310972010,1513350312019992,536870912,33554432,16,512,1047982
1513350315943130,1513350316990299,536870912,33554432,16,512,1047169
1513350320914078,1513350321965320,536870912,33554432,16,510,1051242
1513350325889121,1513350326932576,536870912,33554432,16,514,1043455
1513350330855176,1513350331902574,536870912,33554432,16,512,1047398
1513350335824253,1513350336875117,536870912,33554432,16,510,1050864
