1513358444330680,1513358446351335,536870912,16777216,32,265,2020655
1513358450261190,1513358452282497,536870912,16777216,32,265,2021307
1513358456193291,1513358458198984,536870912,16777216,32,267,2005693
1513358462113052,1513358464130832,536870912,16777216,32,266,2017780
1513358468046141,1513358470061482,536870912,16777216,32,266,2015341
1513358473977848,1513358475990995,536870912,16777216,32,266,2013147
1513358479905629,1513358481914408,536870912,16777216,32,267,2008779
1513358485827200,1513358487836615,536870912,16777216,32,267,2009415
1513358491750224,1513358493764723,536870912,16777216,32,266,2014499
1513358497680770,1513358499684695,536870912,16777216,32,267,2003925
1513358503600539,1513358505614945,536870912,16777216,32,266,2014406
1513358509530480,1513358511545518,536870912,16777216,32,266,2015038
1513358515462220,1513358517482051,536870912,16777216,32,265,2019831
1513358521397427,1513358523415829,536870912,16777216,32,265,2018402
1513358527329398,1513358529347162,536870912,16777216,32,266,2017764
1513358533260640,1513358535278793,536870912,16777216,32,266,2018153
1513358539195960,1513358541211548,536870912,16777216,32,266,2015588
1513358545127365,1513358547139327,536870912,16777216,32,266,2011962
1513358551054424,1513358553078018,536870912,16777216,32,265,2023594
1513358556994042,1513358558999518,536870912,16777216,32,267,2005476
1513358562916764,1513358564939417,536870912,16777216,32,265,2022653
1513358568858071,1513358570876054,536870912,16777216,32,266,2017983
1513358574796600,1513358576808742,536870912,16777216,32,266,2012142
1513358580726415,1513358582750588,536870912,16777216,32,265,2024173
1513358586672850,1513358588715075,536870912,16777216,32,262,2042225
1513358592634962,1513358594677939,536870912,16777216,32,262,2042977
1513358598597356,1513358600638435,536870912,16777216,32,263,2041079
1513358604554523,1513358606605863,536870912,16777216,32,261,2051340
1513358610526864,1513358612570821,536870912,16777216,32,262,2043957
1513358616488767,1513358618530803,536870912,16777216,32,262,2042036
1513358622451567,1513358624497594,536870912,16777216,32,262,2046027
1513358628418883,1513358630461028,536870912,16777216,32,262,2042145
1513358634375636,1513358636419793,536870912,16777216,32,262,2044157
1513358640338158,1513358642387083,536870912,16777216,32,262,2048925
1513358646305269,1513358648329007,536870912,16777216,32,265,2023738
1513358652248277,1513358654274940,536870912,16777216,32,264,2026663
1513358658195996,1513358660220978,536870912,16777216,32,265,2024982
1513358664141191,1513358666168711,536870912,16777216,32,264,2027520
1513358670087310,1513358672110929,536870912,16777216,32,265,2023619
1513358676030356,1513358678055574,536870912,16777216,32,265,2025218
1513358681974707,1513358683989183,536870912,16777216,32,266,2014476
1513358687909427,1513358689930088,536870912,16777216,32,265,2020661
1513358693854585,1513358695866502,536870912,16777216,32,266,2011917
1513358699784192,1513358701798360,536870912,16777216,32,266,2014168
1513358705719819,1513358707747760,536870912,16777216,32,264,2027941
1513358711667318,1513358713690592,536870912,16777216,32,265,2023274
1513358717609754,1513358719640314,536870912,16777216,32,264,2030560
1513358723558779,1513358725579931,536870912,16777216,32,265,2021152
1513358729499827,1513358731527582,536870912,16777216,32,264,2027755
1513358735445669,1513358737459953,536870912,16777216,32,266,2014284
1513358741377911,1513358743394560,536870912,16777216,32,266,2016649
1513358747313579,1513358749336151,536870912,16777216,32,265,2022572
1513358753254014,1513358755284762,536870912,16777216,32,264,2030748
1513358759205403,1513358761235822,536870912,16777216,32,264,2030419
1513358765156694,1513358767187773,536870912,16777216,32,264,2031079
1513358771108422,1513358773135644,536870912,16777216,32,264,2027222
1513358777056047,1513358779085568,536870912,16777216,32,264,2029521
1513358783004999,1513358785037908,536870912,16777216,32,264,2032909
1513358788958916,1513358790993673,536870912,16777216,32,263,2034757
1513358794915663,1513358796945905,536870912,16777216,32,264,2030242
1513358800865773,1513358802899701,536870912,16777216,32,263,2033928
1513358806818008,1513358808846492,536870912,16777216,32,264,2028484
1513358812765068,1513358814783873,536870912,16777216,32,265,2018805
1513358818703081,1513358820731892,536870912,16777216,32,264,2028811
1513358824650407,1513358826678305,536870912,16777216,32,264,2027898
1513358830591968,1513358832608073,536870912,16777216,32,266,2016105
1513358836521976,1513358838545607,536870912,16777216,32,265,2023631
1513358842458055,1513358844477945,536870912,16777216,32,265,2019890
1513358848392095,1513358850413031,536870912,16777216,32,265,2020936
1513358854326719,1513358856349739,536870912,16777216,32,265,2023020
1513358860264090,1513358862287155,536870912,16777216,32,265,2023065
1513358866200346,1513358868220940,536870912,16777216,32,265,2020594
1513358872133227,1513358874149242,536870912,16777216,32,266,2016015
1513358878063103,1513358880080603,536870912,16777216,32,266,2017500
1513358883991356,1513358886009430,536870912,16777216,32,266,2018074
1513358889925679,1513358891943070,536870912,16777216,32,266,2017391
1513358895858249,1513358897875834,536870912,16777216,32,266,2017585
1513358901788979,1513358903810950,536870912,16777216,32,265,2021971
1513358907725363,1513358909746463,536870912,16777216,32,265,2021100
1513358913661965,1513358915683971,536870912,16777216,32,265,2022006
1513358919598620,1513358921622224,536870912,16777216,32,265,2023604
1513358925535565,1513358927554284,536870912,16777216,32,265,2018719
1513358931469729,1513358933490536,536870912,16777216,32,265,2020807
1513358937405242,1513358939425406,536870912,16777216,32,265,2020164
1513358943338238,1513358945359921,536870912,16777216,32,265,2021683
1513358949272779,1513358951298186,536870912,16777216,32,265,2025407
1513358955211852,1513358957230414,536870912,16777216,32,265,2018562
1513358961141552,1513358963152233,536870912,16777216,32,267,2010681
1513358967066575,1513358969080074,536870912,16777216,32,266,2013499
1513358972993768,1513358975013944,536870912,16777216,32,265,2020176
1513358978928245,1513358980950369,536870912,16777216,32,265,2022124
1513358984864172,1513358986887863,536870912,16777216,32,265,2023691
1513358990799988,1513358992816578,536870912,16777216,32,266,2016590
1513358996730056,1513358998748354,536870912,16777216,32,266,2018298
1513359002661065,1513359004682255,536870912,16777216,32,265,2021190
1513359008594253,1513359010601899,536870912,16777216,32,267,2007646
1513359014514216,1513359016532613,536870912,16777216,32,265,2018397
1513359020446140,1513359022465481,536870912,16777216,32,265,2019341
1513359026378372,1513359028401366,536870912,16777216,32,265,2022994
1513359032313598,1513359034334231,536870912,16777216,32,265,2020633
1513359038246354,1513359040256910,536870912,16777216,32,267,2010556
1513359044168895,1513359046181212,536870912,16777216,32,266,2012317
1513359050092486,1513359052115288,536870912,16777216,32,265,2022802
1513359056031114,1513359058052122,536870912,16777216,32,265,2021008
1513359061966048,1513359063981693,536870912,16777216,32,266,2015645
1513359067901782,1513359069933439,536870912,16777216,32,264,2031657
1513359073852004,1513359075875540,536870912,16777216,32,265,2023536
1513359079788988,1513359081800827,536870912,16777216,32,266,2011839
1513359085714467,1513359087735196,536870912,16777216,32,265,2020729
1513359091649486,1513359093667502,536870912,16777216,32,266,2018016
1513359097587089,1513359099617157,536870912,16777216,32,264,2030068
1513359103531346,1513359105556087,536870912,16777216,32,265,2024741
1513359109469839,1513359111486906,536870912,16777216,32,266,2017067
1513359115402201,1513359117427870,536870912,16777216,32,265,2025669
1513359121342221,1513359123369366,536870912,16777216,32,264,2027145
1513359127287955,1513359129306131,536870912,16777216,32,266,2018176
1513359133222963,1513359135239993,536870912,16777216,32,266,2017030
1513359139153478,1513359141172590,536870912,16777216,32,265,2019112
1513359145087482,1513359147114093,536870912,16777216,32,264,2026611
1513359151026726,1513359153045879,536870912,16777216,32,265,2019153
1513359156958582,1513359158977932,536870912,16777216,32,265,2019350
1513359162894371,1513359164919105,536870912,16777216,32,265,2024734
1513359168834976,1513359170856227,536870912,16777216,32,265,2021251
1513359174772261,1513359176792827,536870912,16777216,32,265,2020566
1513359180709867,1513359182732368,536870912,16777216,32,265,2022501
1513359186647900,1513359188669474,536870912,16777216,32,265,2021574
1513359192586865,1513359194605333,536870912,16777216,32,265,2018468
1513359198523452,1513359200542055,536870912,16777216,32,265,2018603
1513359204459234,1513359206476795,536870912,16777216,32,266,2017561
1513359210394471,1513359212413029,536870912,16777216,32,265,2018558
1513359216393881,1513359218420792,536870912,16777216,32,264,2026911
1513359222337845,1513359224367079,536870912,16777216,32,264,2029234
1513359228280664,1513359230312484,536870912,16777216,32,264,2031820
1513359234229565,1513359236252985,536870912,16777216,32,265,2023420
1513359240170904,1513359242202472,536870912,16777216,32,264,2031568
1513359246116393,1513359248141316,536870912,16777216,32,265,2024923
1513359252053485,1513359254077015,536870912,16777216,32,265,2023530
1513359257989488,1513359260009496,536870912,16777216,32,265,2020008
1513359263921079,1513359265945319,536870912,16777216,32,265,2024240
1513359269855692,1513359271879736,536870912,16777216,32,265,2024044
1513359275793333,1513359277816714,536870912,16777216,32,265,2023381
1513359281730243,1513359283759073,536870912,16777216,32,264,2028830
1513359287671965,1513359289696041,536870912,16777216,32,265,2024076
1513359293608683,1513359295628525,536870912,16777216,32,265,2019842
1513359299546916,1513359301579969,536870912,16777216,32,264,2033053
1513359305495090,1513359307518352,536870912,16777216,32,265,2023262
1513359311434447,1513359313462567,536870912,16777216,32,264,2028120
1513359317377205,1513359319409022,536870912,16777216,32,264,2031817
1513359323327088,1513359325349178,536870912,16777216,32,265,2022090
1513359329264857,1513359331285346,536870912,16777216,32,265,2020489
1513359335201679,1513359337227955,536870912,16777216,32,264,2026276
1513359341141370,1513359343170614,536870912,16777216,32,264,2029244
1513359347084662,1513359349116882,536870912,16777216,32,264,2032220
1513359353028966,1513359355051062,536870912,16777216,32,265,2022096
1513359358965264,1513359360977165,536870912,16777216,32,266,2011901
1513359364891375,1513359366918386,536870912,16777216,32,264,2027011
1513359370835759,1513359372853939,536870912,16777216,32,266,2018180
1513359376772244,1513359378791525,536870912,16777216,32,265,2019281
1513359382707606,1513359384724175,536870912,16777216,32,266,2016569
1513359388642233,1513359390658113,536870912,16777216,32,266,2015880
1513359394576778,1513359396586749,536870912,16777216,32,267,2009971
1513359400503495,1513359402521216,536870912,16777216,32,266,2017721
1513359406433917,1513359408452271,536870912,16777216,32,265,2018354
1513359412370576,1513359414390390,536870912,16777216,32,265,2019814
1513359418307780,1513359420323335,536870912,16777216,32,266,2015555
1513359424234782,1513359426312694,536870912,16777216,32,258,2077912
1513359430231404,1513359432261924,536870912,16777216,32,264,2030520
1513359436181700,1513359438207688,536870912,16777216,32,264,2025988
1513359442126949,1513359444157401,536870912,16777216,32,264,2030452
1513359448076569,1513359450103561,536870912,16777216,32,264,2026992
1513359454022644,1513359456048501,536870912,16777216,32,265,2025857
1513359459968393,1513359461990137,536870912,16777216,32,265,2021744
1513359465909564,1513359467936535,536870912,16777216,32,264,2026971
1513359471853091,1513359473881008,536870912,16777216,32,264,2027917
1513359477799689,1513359479823989,536870912,16777216,32,265,2024300
1513359483744299,1513359485768707,536870912,16777216,32,265,2024408
1513359489688379,1513359491719814,536870912,16777216,32,264,2031435
1513359495639668,1513359497666900,536870912,16777216,32,264,2027232
1513359501586448,1513359503619334,536870912,16777216,32,264,2032886
1513359507537523,1513359509567349,536870912,16777216,32,264,2029826
1513359513485746,1513359515515480,536870912,16777216,32,264,2029734
1513359519434235,1513359521466806,536870912,16777216,32,264,2032571
1513359525388715,1513359527415192,536870912,16777216,32,264,2026477
1513359531334528,1513359533355414,536870912,16777216,32,265,2020886
1513359537272826,1513359539297999,536870912,16777216,32,265,2025173
1513359543216800,1513359545236992,536870912,16777216,32,265,2020192
1513359549156234,1513359551183259,536870912,16777216,32,264,2027025
1513359555101135,1513359557123064,536870912,16777216,32,265,2021929
1513359561037481,1513359563069451,536870912,16777216,32,264,2031970
1513359566988945,1513359569006768,536870912,16777216,32,266,2017823
1513359572927398,1513359574953563,536870912,16777216,32,264,2026165
1513359578873994,1513359580903119,536870912,16777216,32,264,2029125
1513359584816785,1513359586847314,536870912,16777216,32,264,2030529
1513359590765654,1513359592801452,536870912,16777216,32,263,2035798
1513359596716508,1513359598743063,536870912,16777216,32,264,2026555
1513359602663135,1513359604684215,536870912,16777216,32,265,2021080
1513359608602987,1513359610635910,536870912,16777216,32,264,2032923
1513359614555752,1513359616584934,536870912,16777216,32,264,2029182
1513359620501958,1513359622528249,536870912,16777216,32,264,2026291
1513359626447442,1513359628469774,536870912,16777216,32,265,2022332
1513359632387356,1513359634410894,536870912,16777216,32,265,2023538
1513359638329846,1513359640360208,536870912,16777216,32,264,2030362
1513359644280907,1513359646310683,536870912,16777216,32,264,2029776
1513359650249152,1513359652275446,536870912,16777216,32,264,2026294
1513359656326569,1513359658365879,536870912,16777216,32,263,2039310
1513359662285393,1513359664315312,536870912,16777216,32,264,2029919
1513359668235309,1513359670268461,536870912,16777216,32,264,2033152
1513359674190453,1513359676227733,536870912,16777216,32,263,2037280
1513359680148898,1513359682181564,536870912,16777216,32,264,2032666
1513359686103215,1513359688136893,536870912,16777216,32,263,2033678
1513359692056434,1513359694088401,536870912,16777216,32,264,2031967
1513359698009040,1513359700042230,536870912,16777216,32,264,2033190
1513359703960155,1513359705989976,536870912,16777216,32,264,2029821
1513359709909952,1513359711941546,536870912,16777216,32,264,2031594
1513359715883093,1513359717926353,536870912,16777216,32,262,2043260
1513359721846741,1513359723878627,536870912,16777216,32,264,2031886
1513359727798641,1513359729832169,536870912,16777216,32,264,2033528
1513359733753079,1513359735787653,536870912,16777216,32,263,2034574
1513359739706675,1513359741738807,536870912,16777216,32,264,2032132
1513359745657776,1513359747687662,536870912,16777216,32,264,2029886
1513359751609496,1513359753644555,536870912,16777216,32,263,2035059
1513359757564033,1513359759589977,536870912,16777216,32,264,2025944
1513359763506416,1513359765535868,536870912,16777216,32,264,2029452
1513359769457988,1513359771487287,536870912,16777216,32,264,2029299
1513359775407120,1513359777443433,536870912,16777216,32,263,2036313
1513359781361780,1513359783387955,536870912,16777216,32,264,2026175
1513359787308080,1513359789335822,536870912,16777216,32,264,2027742
1513359793254515,1513359795284404,536870912,16777216,32,264,2029889
1513359799202042,1513359801234574,536870912,16777216,32,264,2032532
1513359805152845,1513359807182900,536870912,16777216,32,264,2030055
1513359811102288,1513359813133656,536870912,16777216,32,264,2031368
1513359817049963,1513359819074027,536870912,16777216,32,265,2024064
1513359822994397,1513359825024638,536870912,16777216,32,264,2030241
1513359828944628,1513359830979077,536870912,16777216,32,263,2034449
1513359834898339,1513359836936320,536870912,16777216,32,263,2037981
1513359840856846,1513359842891882,536870912,16777216,32,263,2035036
1513359846810386,1513359848834931,536870912,16777216,32,265,2024545
1513359852754063,1513359854779843,536870912,16777216,32,265,2025780
1513359858699091,1513359860729932,536870912,16777216,32,264,2030841
1513359864650334,1513359866680806,536870912,16777216,32,264,2030472
1513359870600523,1513359872638594,536870912,16777216,32,263,2038071
1513359876560586,1513359878586177,536870912,16777216,32,265,2025591
1513359882505914,1513359884537002,536870912,16777216,32,264,2031088
1513359888455948,1513359890483191,536870912,16777216,32,264,2027243
1513359894401274,1513359896433746,536870912,16777216,32,264,2032472
1513359900356848,1513359902386157,536870912,16777216,32,264,2029309
1513359906305117,1513359908340636,536870912,16777216,32,263,2035519
1513359912260788,1513359914292637,536870912,16777216,32,264,2031849
1513359918211350,1513359920241869,536870912,16777216,32,264,2030519
1513359924162887,1513359926195131,536870912,16777216,32,264,2032244
1513359930114384,1513359932140819,536870912,16777216,32,264,2026435
1513359936059811,1513359938092197,536870912,16777216,32,264,2032386
1513359942009967,1513359944044471,536870912,16777216,32,263,2034504
1513359947961053,1513359949990471,536870912,16777216,32,264,2029418
1513359953909872,1513359955940998,536870912,16777216,32,264,2031126
1513359959863132,1513359961892104,536870912,16777216,32,264,2028972
1513359965812612,1513359967837653,536870912,16777216,32,265,2025041
1513359971756530,1513359973770557,536870912,16777216,32,266,2014027
1513359977691500,1513359979729294,536870912,16777216,32,263,2037794
1513359983649011,1513359985674250,536870912,16777216,32,265,2025239
1513359989594547,1513359991626032,536870912,16777216,32,264,2031485
1513359995547014,1513359997587591,536870912,16777216,32,263,2040577
1513360001508463,1513360003538803,536870912,16777216,32,264,2030340
1513360007460869,1513360009494171,536870912,16777216,32,264,2033302
1513360013413628,1513360015445203,536870912,16777216,32,264,2031575
1513360019365204,1513360021408768,536870912,16777216,32,262,2043564
1513360025328187,1513360027386506,536870912,16777216,32,260,2058319
1513360031300019,1513360033322411,536870912,16777216,32,265,2022392
1513360037234798,1513360039262215,536870912,16777216,32,264,2027417
1513360043177765,1513360045198049,536870912,16777216,32,265,2020284
1513360049113037,1513360051149943,536870912,16777216,32,263,2036906
1513360055063088,1513360057102493,536870912,16777216,32,263,2039405
1513360061016417,1513360063056037,536870912,16777216,32,263,2039620
1513360066971708,1513360069016964,536870912,16777216,32,262,2045256
1513360072930596,1513360074965311,536870912,16777216,32,263,2034715
1513360078879617,1513360080921560,536870912,16777216,32,262,2041943
1513360084836880,1513360086873352,536870912,16777216,32,263,2036472
1513360090785015,1513360092826955,536870912,16777216,32,262,2041940
1513360096740361,1513360098779402,536870912,16777216,32,263,2039041
1513360102693406,1513360104739624,536870912,16777216,32,262,2046218
1513360108652153,1513360110702033,536870912,16777216,32,261,2049880
1513360114615768,1513360116661875,536870912,16777216,32,262,2046107
1513360120579797,1513360122620224,536870912,16777216,32,263,2040427
1513360126540315,1513360128582507,536870912,16777216,32,262,2042192
1513360132501701,1513360134517650,536870912,16777216,32,266,2015949
1513360138432508,1513360140448089,536870912,16777216,32,266,2015581
1513360144362506,1513360146377040,536870912,16777216,32,266,2014534
1513360150293287,1513360152303557,536870912,16777216,32,267,2010270
1513360156217730,1513360158232585,536870912,16777216,32,266,2014855
1513360162145205,1513360164158844,536870912,16777216,32,266,2013639
1513360168072473,1513360170086416,536870912,16777216,32,266,2013943
1513360174000923,1513360176012612,536870912,16777216,32,266,2011689
1513360179925341,1513360181933617,536870912,16777216,32,267,2008276
1513360185846778,1513360187855730,536870912,16777216,32,267,2008952
1513360191769107,1513360193784708,536870912,16777216,32,266,2015601
1513360197695143,1513360199703962,536870912,16777216,32,267,2008819
1513360203617563,1513360205627958,536870912,16777216,32,267,2010395
1513360209541259,1513360211547172,536870912,16777216,32,267,2005913
1513360215462591,1513360217481437,536870912,16777216,32,265,2018846
1513360221396040,1513360223414870,536870912,16777216,32,265,2018830
1513360227329316,1513360229346369,536870912,16777216,32,266,2017053
1513360233260953,1513360235278701,536870912,16777216,32,266,2017748
1513360239195384,1513360241217463,536870912,16777216,32,265,2022079
1513360245132691,1513360247148939,536870912,16777216,32,266,2016248
1513360251065411,1513360253081169,536870912,16777216,32,266,2015758
1513360256995381,1513360259012534,536870912,16777216,32,266,2017153
1513360262927478,1513360264942851,536870912,16777216,32,266,2015373
1513360268858496,1513360270879242,536870912,16777216,32,265,2020746
1513360274793952,1513360276804683,536870912,16777216,32,267,2010731
1513360280718232,1513360282749713,536870912,16777216,32,264,2031481
1513360286664511,1513360288690139,536870912,16777216,32,265,2025628
1513360292602740,1513360294637191,536870912,16777216,32,263,2034451
1513360298550708,1513360300576602,536870912,16777216,32,265,2025894
1513360304490035,1513360306522048,536870912,16777216,32,264,2032013
1513360310431836,1513360312465134,536870912,16777216,32,264,2033298
1513360316375174,1513360318399731,536870912,16777216,32,265,2024557
1513360322311559,1513360324324973,536870912,16777216,32,266,2013414
1513360328248898,1513360330265008,536870912,16777216,32,266,2016110
1513360334182949,1513360336203790,536870912,16777216,32,265,2020841
1513360340123583,1513360342139796,536870912,16777216,32,266,2016213
1513360346054448,1513360348069089,536870912,16777216,32,266,2014641
1513360351988476,1513360354007542,536870912,16777216,32,265,2019066
1513360357927651,1513360359944618,536870912,16777216,32,266,2016967
1513360363856081,1513360365876753,536870912,16777216,32,265,2020672
1513360369791043,1513360371811389,536870912,16777216,32,265,2020346
1513360375724851,1513360377742577,536870912,16777216,32,266,2017726
1513360381657564,1513360383677920,536870912,16777216,32,265,2020356
1513360387592895,1513360389607256,536870912,16777216,32,266,2014361
1513360393522609,1513360395541905,536870912,16777216,32,265,2019296
1513360399457223,1513360401476100,536870912,16777216,32,265,2018877
1513360405391157,1513360407406079,536870912,16777216,32,266,2014922
1513360411319783,1513360413331988,536870912,16777216,32,266,2012205
1513360417246171,1513360419261307,536870912,16777216,32,266,2015136
1513360423175609,1513360425187750,536870912,16777216,32,266,2012141
1513360429103152,1513360431128640,536870912,16777216,32,265,2025488
1513360435044328,1513360437057463,536870912,16777216,32,266,2013135
1513360440971375,1513360442980661,536870912,16777216,32,267,2009286
1513360446896498,1513360448906074,536870912,16777216,32,267,2009576
1513360452821306,1513360454841824,536870912,16777216,32,265,2020518
1513360458756583,1513360460764296,536870912,16777216,32,267,2007713
1513360464674045,1513360466689879,536870912,16777216,32,266,2015834
1513360470603158,1513360472614551,536870912,16777216,32,266,2011393
1513360476531299,1513360478542026,536870912,16777216,32,267,2010727
1513360482455618,1513360484472553,536870912,16777216,32,266,2016935
1513360488387392,1513360490405804,536870912,16777216,32,265,2018412
1513360494321564,1513360496343307,536870912,16777216,32,265,2021743
1513360500259914,1513360502273193,536870912,16777216,32,266,2013279
1513360506185634,1513360508200030,536870912,16777216,32,266,2014396
1513360512116205,1513360514131666,536870912,16777216,32,266,2015461
1513360518045547,1513360520059928,536870912,16777216,32,266,2014381
1513360523973149,1513360525992076,536870912,16777216,32,265,2018927
1513360529908936,1513360531922261,536870912,16777216,32,266,2013325
1513360535837733,1513360537851536,536870912,16777216,32,266,2013803
1513360541766377,1513360543781171,536870912,16777216,32,266,2014794
1513360547695974,1513360549712029,536870912,16777216,32,266,2016055
1513360553627993,1513360555644222,536870912,16777216,32,266,2016229
1513360559560849,1513360561567174,536870912,16777216,32,267,2006325
1513360565481028,1513360567488033,536870912,16777216,32,267,2007005
1513360571401799,1513360573414331,536870912,16777216,32,266,2012532
1513360577329692,1513360579343953,536870912,16777216,32,266,2014261
1513360583257991,1513360585272952,536870912,16777216,32,266,2014961
1513360589187419,1513360591197799,536870912,16777216,32,267,2010380
1513360595112789,1513360597127570,536870912,16777216,32,266,2014781
1513360601042574,1513360603053864,536870912,16777216,32,266,2011290
1513360606968679,1513360608986028,536870912,16777216,32,266,2017349
1513360612901218,1513360614912258,536870912,16777216,32,266,2011040
1513360618825504,1513360620839320,536870912,16777216,32,266,2013816
1513360624752480,1513360626767701,536870912,16777216,32,266,2015221
1513360630681983,1513360632690203,536870912,16777216,32,267,2008220
1513360636606625,1513360638620938,536870912,16777216,32,266,2014313
1513360642534589,1513360644539318,536870912,16777216,32,267,2004729
1513360648451899,1513360650464188,536870912,16777216,32,266,2012289
1513360654378645,1513360656399896,536870912,16777216,32,265,2021251
1513360660306834,1513360662323452,536870912,16777216,32,266,2016618
1513360666239767,1513360668253927,536870912,16777216,32,266,2014160
1513360672166881,1513360674175108,536870912,16777216,32,267,2008227
1513360678086704,1513360680098504,536870912,16777216,32,266,2011800
1513360684012238,1513360686029425,536870912,16777216,32,266,2017187
1513360689943253,1513360691955771,536870912,16777216,32,266,2012518
1513360695869991,1513360697876383,536870912,16777216,32,267,2006392
1513360701793076,1513360703802460,536870912,16777216,32,267,2009384
1513360707716502,1513360709748116,536870912,16777216,32,264,2031614
1513360713662580,1513360715688365,536870912,16777216,32,265,2025785
1513360719601191,1513360721622172,536870912,16777216,32,265,2020981
1513360725535819,1513360727561079,536870912,16777216,32,265,2025260
1513360731475021,1513360733500186,536870912,16777216,32,265,2025165
1513360737418420,1513360739436120,536870912,16777216,32,266,2017700
1513360743351630,1513360745377180,536870912,16777216,32,265,2025550
1513360749294291,1513360751319568,536870912,16777216,32,265,2025277
1513360755234615,1513360757265023,536870912,16777216,32,264,2030408
1513360761183870,1513360763200848,536870912,16777216,32,266,2016978
1513360767111888,1513360769130588,536870912,16777216,32,265,2018700
1513360773041869,1513360775059880,536870912,16777216,32,266,2018011
1513360778974168,1513360780991536,536870912,16777216,32,266,2017368
1513360784905597,1513360786924292,536870912,16777216,32,265,2018695
1513360790838011,1513360792856464,536870912,16777216,32,265,2018453
1513360796769422,1513360798789055,536870912,16777216,32,265,2019633
1513360802700652,1513360804724114,536870912,16777216,32,265,2023462
1513360808637270,1513360810646888,536870912,16777216,32,267,2009618
1513360814561795,1513360816576964,536870912,16777216,32,266,2015169
1513360820493301,1513360822519142,536870912,16777216,32,265,2025841
1513360826434639,1513360828458991,536870912,16777216,32,265,2024352
1513360832371693,1513360834409676,536870912,16777216,32,263,2037983
1513360838324747,1513360840362457,536870912,16777216,32,263,2037710
1513360844278145,1513360846308825,536870912,16777216,32,264,2030680
1513360850222990,1513360852254351,536870912,16777216,32,264,2031361
1513360856170040,1513360858193782,536870912,16777216,32,265,2023742
1513360862109612,1513360864147195,536870912,16777216,32,263,2037583
1513360868061301,1513360870080965,536870912,16777216,32,265,2019664
1513360873995809,1513360876022547,536870912,16777216,32,264,2026738
1513360879937689,1513360881952819,536870912,16777216,32,266,2015130
1513360885867861,1513360887893855,536870912,16777216,32,264,2025994
1513360891806636,1513360893830495,536870912,16777216,32,265,2023859
1513360897745081,1513360899763712,536870912,16777216,32,265,2018631
1513360903677725,1513360905701522,536870912,16777216,32,265,2023797
1513360909616210,1513360911636467,536870912,16777216,32,265,2020257
1513360915549453,1513360917577953,536870912,16777216,32,264,2028500
1513360921492095,1513360923511641,536870912,16777216,32,265,2019546
1513360927425933,1513360929441307,536870912,16777216,32,266,2015374
1513360933356144,1513360935378940,536870912,16777216,32,265,2022796
1513360939294294,1513360941321080,536870912,16777216,32,264,2026786
1513360945238394,1513360947256289,536870912,16777216,32,266,2017895
1513360951167048,1513360953185911,536870912,16777216,32,265,2018863
1513360957099910,1513360959122028,536870912,16777216,32,265,2022118
1513360963035372,1513360965055954,536870912,16777216,32,265,2020582
1513360968968516,1513360970984969,536870912,16777216,32,266,2016453
1513360974896513,1513360976919451,536870912,16777216,32,265,2022938
1513360980835354,1513360982847156,536870912,16777216,32,266,2011802
1513360986757762,1513360988778582,536870912,16777216,32,265,2020820
1513360992691873,1513360994702060,536870912,16777216,32,267,2010187
1513360998616693,1513361000634047,536870912,16777216,32,266,2017354
1513361004548654,1513361006567426,536870912,16777216,32,265,2018772
1513361010484768,1513361012490180,536870912,16777216,32,267,2005412
1513361016404376,1513361018419221,536870912,16777216,32,266,2014845
1513361022334957,1513361024359156,536870912,16777216,32,265,2024199
1513361028273697,1513361030289622,536870912,16777216,32,266,2015925
1513361034204555,1513361036219045,536870912,16777216,32,266,2014490
1513361040132960,1513361042146404,536870912,16777216,32,266,2013444
1513361046059182,1513361048072417,536870912,16777216,32,266,2013235
1513361051986624,1513361054005444,536870912,16777216,32,265,2018820
1513361057921197,1513361059936094,536870912,16777216,32,266,2014897
1513361063850699,1513361065877520,536870912,16777216,32,264,2026821
1513361069792735,1513361071815173,536870912,16777216,32,265,2022438
1513361075731580,1513361077750774,536870912,16777216,32,265,2019194
1513361081666629,1513361083681312,536870912,16777216,32,266,2014683
1513361087595800,1513361089610467,536870912,16777216,32,266,2014667
1513361093524773,1513361095546051,536870912,16777216,32,265,2021278
1513361099460950,1513361101482309,536870912,16777216,32,265,2021359
1513361105397623,1513361107425635,536870912,16777216,32,264,2028012
1513361111340751,1513361113365624,536870912,16777216,32,265,2024873
1513361117280123,1513361119307573,536870912,16777216,32,264,2027450
1513361123223827,1513361125251534,536870912,16777216,32,264,2027707
1513361129165822,1513361131192479,536870912,16777216,32,264,2026657
1513361135103077,1513361137127319,536870912,16777216,32,265,2024242
1513361141040089,1513361143069499,536870912,16777216,32,264,2029410
1513361146983910,1513361149016163,536870912,16777216,32,264,2032253
1513361152935477,1513361154966915,536870912,16777216,32,264,2031438
1513361158880722,1513361160906771,536870912,16777216,32,264,2026049
1513361164821090,1513361166847862,536870912,16777216,32,264,2026772
1513361170760312,1513361172787560,536870912,16777216,32,264,2027248
1513361176699140,1513361178723619,536870912,16777216,32,265,2024479
1513361182636801,1513361184662233,536870912,16777216,32,265,2025432
1513361188576405,1513361190605307,536870912,16777216,32,264,2028902
1513361194514652,1513361196545701,536870912,16777216,32,264,2031049
1513361200453105,1513361202483435,536870912,16777216,32,264,2030330
1513361206392596,1513361208423568,536870912,16777216,32,264,2030972
1513361212336041,1513361214363600,536870912,16777216,32,264,2027559
1513361218278026,1513361220310142,536870912,16777216,32,264,2032116
1513361224225800,1513361226291477,536870912,16777216,32,259,2065677
1513361230213660,1513361232245080,536870912,16777216,32,264,2031420
1513361236164655,1513361238184918,536870912,16777216,32,265,2020263
1513361242105607,1513361244128915,536870912,16777216,32,265,2023308
1513361248050785,1513361250081420,536870912,16777216,32,264,2030635
1513361254000396,1513361256029617,536870912,16777216,32,264,2029221
1513361259950474,1513361261978493,536870912,16777216,32,264,2028019
1513361265897433,1513361267930790,536870912,16777216,32,264,2033357
1513361271849344,1513361273881543,536870912,16777216,32,264,2032199
1513361277800802,1513361279826323,536870912,16777216,32,265,2025521
1513361283747479,1513361285777072,536870912,16777216,32,264,2029593
1513361289695330,1513361291720034,536870912,16777216,32,265,2024704
1513361295637810,1513361297671685,536870912,16777216,32,263,2033875
1513361301589914,1513361303621571,536870912,16777216,32,264,2031657
1513361307541091,1513361309574084,536870912,16777216,32,264,2032993
1513361313492524,1513361315524420,536870912,16777216,32,264,2031896
1513361319446151,1513361321474726,536870912,16777216,32,264,2028575
1513361325395780,1513361327424612,536870912,16777216,32,264,2028832
1513361331342635,1513361333377349,536870912,16777216,32,263,2034714
1513361337295693,1513361339318881,536870912,16777216,32,265,2023188
1513361343238670,1513361345268334,536870912,16777216,32,264,2029664
1513361349188651,1513361351215884,536870912,16777216,32,264,2027233
1513361355174915,1513361357202536,536870912,16777216,32,264,2027621
1513361361119789,1513361363147589,536870912,16777216,32,264,2027800
1513361367067379,1513361369101587,536870912,16777216,32,263,2034208
1513361373021653,1513361375058799,536870912,16777216,32,263,2037146
1513361378977520,1513361381006753,536870912,16777216,32,264,2029233
1513361384924689,1513361386948494,536870912,16777216,32,265,2023805
1513361390867811,1513361392899713,536870912,16777216,32,264,2031902
1513361396818601,1513361398849264,536870912,16777216,32,264,2030663
1513361402767317,1513361404805548,536870912,16777216,32,263,2038231
1513361408725066,1513361410756839,536870912,16777216,32,264,2031773
1513361414676519,1513361416712215,536870912,16777216,32,263,2035696
1513361420633368,1513361422655226,536870912,16777216,32,265,2021858
1513361426596077,1513361428637903,536870912,16777216,32,262,2041826
1513361432554723,1513361434583906,536870912,16777216,32,264,2029183
1513361438503298,1513361440536887,536870912,16777216,32,264,2033589
1513361444457859,1513361446489513,536870912,16777216,32,264,2031654
1513361450408598,1513361452443884,536870912,16777216,32,263,2035286
1513361456363681,1513361458392533,536870912,16777216,32,264,2028852
1513361462309896,1513361464342828,536870912,16777216,32,264,2032932
1513361468260664,1513361470289369,536870912,16777216,32,264,2028705
1513361474207156,1513361476229984,536870912,16777216,32,265,2022828
1513361480149784,1513361482178846,536870912,16777216,32,264,2029062
1513361486098031,1513361488138028,536870912,16777216,32,263,2039997
1513361492057932,1513361494099065,536870912,16777216,32,263,2041133
1513361498017617,1513361500059524,536870912,16777216,32,262,2041907
1513361503979232,1513361506026992,536870912,16777216,32,262,2047760
1513361509947533,1513361511980643,536870912,16777216,32,264,2033110
1513361515901900,1513361517939695,536870912,16777216,32,263,2037795
1513361521860496,1513361523902578,536870912,16777216,32,262,2042082
1513361527823009,1513361529859466,536870912,16777216,32,263,2036457
1513361533780948,1513361535812736,536870912,16777216,32,264,2031788
1513361539732946,1513361541775985,536870912,16777216,32,262,2043039
1513361545694275,1513361547736502,536870912,16777216,32,262,2042227
1513361551656218,1513361553702285,536870912,16777216,32,262,2046067
1513361557621451,1513361559640502,536870912,16777216,32,265,2019051
1513361563558575,1513361565592681,536870912,16777216,32,263,2034106
1513361569512826,1513361571544442,536870912,16777216,32,264,2031616
1513361575466084,1513361577494988,536870912,16777216,32,264,2028904
1513361581415502,1513361583448087,536870912,16777216,32,264,2032585
1513361587367990,1513361589399070,536870912,16777216,32,264,2031080
1513361593315942,1513361595340134,536870912,16777216,32,265,2024192
1513361599259680,1513361601289335,536870912,16777216,32,264,2029655
1513361605210707,1513361607235116,536870912,16777216,32,265,2024409
1513361611155474,1513361613189762,536870912,16777216,32,263,2034288
1513361617109285,1513361619144342,536870912,16777216,32,263,2035057
1513361623063034,1513361625085741,536870912,16777216,32,265,2022707
1513361629005345,1513361631045842,536870912,16777216,32,263,2040497
1513361634967108,1513361637002563,536870912,16777216,32,263,2035455
1513361640923370,1513361642956245,536870912,16777216,32,264,2032875
1513361646875115,1513361648913573,536870912,16777216,32,263,2038458
1513361652834410,1513361654869860,536870912,16777216,32,263,2035450
1513361658788968,1513361660832071,536870912,16777216,32,262,2043103
1513361664751466,1513361666793110,536870912,16777216,32,262,2041644
1513361670713692,1513361672750231,536870912,16777216,32,263,2036539
1513361676669306,1513361678704664,536870912,16777216,32,263,2035358
1513361682623756,1513361684669488,536870912,16777216,32,262,2045732
1513361688589742,1513361690622129,536870912,16777216,32,264,2032387
1513361694541721,1513361696583393,536870912,16777216,32,262,2041672
1513361700502202,1513361702529005,536870912,16777216,32,264,2026803
1513361706447486,1513361708483481,536870912,16777216,32,263,2035995
1513361712404533,1513361714444338,536870912,16777216,32,263,2039805
1513361718363745,1513361720404010,536870912,16777216,32,263,2040265
1513361724323639,1513361726369658,536870912,16777216,32,262,2046019
1513361730289569,1513361732335822,536870912,16777216,32,262,2046253
1513361736258416,1513361738303105,536870912,16777216,32,262,2044689
1513361742223282,1513361744269268,536870912,16777216,32,262,2045986
1513361748189219,1513361750234456,536870912,16777216,32,262,2045237
1513361754153748,1513361756201539,536870912,16777216,32,262,2047791
1513361760122006,1513361762153173,536870912,16777216,32,264,2031167
1513361766075439,1513361768110272,536870912,16777216,32,263,2034833
1513361772029605,1513361774070157,536870912,16777216,32,263,2040552
1513361777988003,1513361780036768,536870912,16777216,32,262,2048765
1513361783953938,1513361785995923,536870912,16777216,32,262,2041985
1513361789910291,1513361791953344,536870912,16777216,32,262,2043053
1513361795870352,1513361797912938,536870912,16777216,32,262,2042586
1513361801865150,1513361803882226,536870912,16777216,32,266,2017076
1513361807794170,1513361809824267,536870912,16777216,32,264,2030097
1513361813742224,1513361815765947,536870912,16777216,32,265,2023723
1513361819687493,1513361821722845,536870912,16777216,32,263,2035352
1513361825641429,1513361827684746,536870912,16777216,32,262,2043317
1513361831597206,1513361833616152,536870912,16777216,32,265,2018946
1513361837527956,1513361839545759,536870912,16777216,32,266,2017803
1513361843460010,1513361845478862,536870912,16777216,32,265,2018852
1513361849393723,1513361851411278,536870912,16777216,32,266,2017555
1513361855325978,1513361857346200,536870912,16777216,32,265,2020222
1513361861255391,1513361863274511,536870912,16777216,32,265,2019120
1513361867189384,1513361869208749,536870912,16777216,32,265,2019365
1513361873123457,1513361875134782,536870912,16777216,32,266,2011325
1513361879043496,1513361881060007,536870912,16777216,32,266,2016511
1513361884974516,1513361886998045,536870912,16777216,32,265,2023529
1513361890909357,1513361892936133,536870912,16777216,32,264,2026776
1513361896848141,1513361898866700,536870912,16777216,32,265,2018559
1513361902777213,1513361904799308,536870912,16777216,32,265,2022095
1513361908713276,1513361910729971,536870912,16777216,32,266,2016695
1513361914643380,1513361916668755,536870912,16777216,32,265,2025375
1513361920583225,1513361922603216,536870912,16777216,32,265,2019991
1513361926517666,1513361928534443,536870912,16777216,32,266,2016777
1513361932447013,1513361934466185,536870912,16777216,32,265,2019172
1513361938377467,1513361940394484,536870912,16777216,32,266,2017017
1513361944307791,1513361946319373,536870912,16777216,32,266,2011582
1513361950234417,1513361952254277,536870912,16777216,32,265,2019860
1513361956166759,1513361958189004,536870912,16777216,32,265,2022245
1513361962101719,1513361964119914,536870912,16777216,32,266,2018195
1513361968031996,1513361970049499,536870912,16777216,32,266,2017503
1513361973960815,1513361975977604,536870912,16777216,32,266,2016789
1513361979890458,1513361981905027,536870912,16777216,32,266,2014569
1513361985818653,1513361987838527,536870912,16777216,32,265,2019874
1513361991750781,1513361993772640,536870912,16777216,32,265,2021859
1513361997685103,1513361999701009,536870912,16777216,32,266,2015906
1513362003618966,1513362005645948,536870912,16777216,32,264,2026982
1513362009558605,1513362011578933,536870912,16777216,32,265,2020328
1513362015491521,1513362017506833,536870912,16777216,32,266,2015312
1513362021421144,1513362023444707,536870912,16777216,32,265,2023563
1513362027360109,1513362029379389,536870912,16777216,32,265,2019280
1513362033289077,1513362035313791,536870912,16777216,32,265,2024714
1513362039226986,1513362041244706,536870912,16777216,32,266,2017720
1513362045157335,1513362047173647,536870912,16777216,32,266,2016312
1513362051087233,1513362053102184,536870912,16777216,32,266,2014951
1513362057017212,1513362059036518,536870912,16777216,32,265,2019306
1513362062952264,1513362064971879,536870912,16777216,32,265,2019615
1513362068883348,1513362070900910,536870912,16777216,32,266,2017562
1513362074815964,1513362076838977,536870912,16777216,32,265,2023013
1513362080752612,1513362082776975,536870912,16777216,32,265,2024363
1513362086688317,1513362088700617,536870912,16777216,32,266,2012300
1513362092610332,1513362094625519,536870912,16777216,32,266,2015187
1513362098538864,1513362100555063,536870912,16777216,32,266,2016199
1513362104466306,1513362106484214,536870912,16777216,32,266,2017908
1513362110395742,1513362112406782,536870912,16777216,32,266,2011040
1513362116317399,1513362118341462,536870912,16777216,32,265,2024063
1513362122255120,1513362124273739,536870912,16777216,32,265,2018619
1513362128184891,1513362130201508,536870912,16777216,32,266,2016617
1513362134115303,1513362136136197,536870912,16777216,32,265,2020894
1513362140049127,1513362142069978,536870912,16777216,32,265,2020851
1513362145981550,1513362147985186,536870912,16777216,32,267,2003636
1513362151898770,1513362153915115,536870912,16777216,32,266,2016345
1513362157827398,1513362159849405,536870912,16777216,32,265,2022007
1513362163762736,1513362165782405,536870912,16777216,32,265,2019669
1513362169696472,1513362171714298,536870912,16777216,32,266,2017826
1513362175628179,1513362177653870,536870912,16777216,32,265,2025691
1513362181566972,1513362183576038,536870912,16777216,32,267,2009066
1513362187532178,1513362189546031,536870912,16777216,32,266,2013853
1513362193459592,1513362195474893,536870912,16777216,32,266,2015301
1513362199387642,1513362201405686,536870912,16777216,32,266,2018044
1513362205318736,1513362207342577,536870912,16777216,32,265,2023841
1513362211255255,1513362213279978,536870912,16777216,32,265,2024723
1513362217191801,1513362219214507,536870912,16777216,32,265,2022706
1513362223128689,1513362225153264,536870912,16777216,32,265,2024575
1513362229066422,1513362231076692,536870912,16777216,32,267,2010270
1513362234989720,1513362237006311,536870912,16777216,32,266,2016591
1513362240919981,1513362242948565,536870912,16777216,32,264,2028584
1513362246857836,1513362248882086,536870912,16777216,32,265,2024250
1513362252795602,1513362254821816,536870912,16777216,32,264,2026214
1513362258734188,1513362260754941,536870912,16777216,32,265,2020753
1513362264669304,1513362266692890,536870912,16777216,32,265,2023586
1513362270607278,1513362272631527,536870912,16777216,32,265,2024249
1513362276546496,1513362278578506,536870912,16777216,32,264,2032010
1513362282490845,1513362284512206,536870912,16777216,32,265,2021361
1513362288423678,1513362290443921,536870912,16777216,32,265,2020243
1513362294356886,1513362296384660,536870912,16777216,32,264,2027774
1513362300298519,1513362302322209,536870912,16777216,32,265,2023690
1513362306234354,1513362308258851,536870912,16777216,32,265,2024497
1513362312170879,1513362314187837,536870912,16777216,32,266,2016958
1513362318098707,1513362320111979,536870912,16777216,32,266,2013272
1513362324025368,1513362326049100,536870912,16777216,32,265,2023732
1513362329963210,1513362331985944,536870912,16777216,32,265,2022734
1513362335899582,1513362337912289,536870912,16777216,32,266,2012707
1513362341825919,1513362343851797,536870912,16777216,32,265,2025878
1513362347766306,1513362349786973,536870912,16777216,32,265,2020667
1513362353700814,1513362355729057,536870912,16777216,32,264,2028243
1513362359644051,1513362361673220,536870912,16777216,32,264,2029169
1513362365586166,1513362367614119,536870912,16777216,32,264,2027953
1513362371531858,1513362373556260,536870912,16777216,32,265,2024402
1513362377471364,1513362379491840,536870912,16777216,32,265,2020476
1513362383406064,1513362385434892,536870912,16777216,32,264,2028828
1513362389349412,1513362391378895,536870912,16777216,32,264,2029483
1513362395300665,1513362397332255,536870912,16777216,32,264,2031590
1513362401247087,1513362403277339,536870912,16777216,32,264,2030252
1513362407190625,1513362409217077,536870912,16777216,32,264,2026452
1513362413131434,1513362415154523,536870912,16777216,32,265,2023089
1513362419069444,1513362421095594,536870912,16777216,32,264,2026150
1513362425008290,1513362427073022,536870912,16777216,32,260,2064732
1513362430994190,1513362433017238,536870912,16777216,32,265,2023048
1513362436936631,1513362438962788,536870912,16777216,32,264,2026157
1513362442883157,1513362444911345,536870912,16777216,32,264,2028188
1513362448830744,1513362450850265,536870912,16777216,32,265,2019521
1513362454770718,1513362456793300,536870912,16777216,32,265,2022582
1513362460728099,1513362462751000,536870912,16777216,32,265,2022901
1513362466658384,1513362468677421,536870912,16777216,32,265,2019037
1513362472589682,1513362474613030,536870912,16777216,32,265,2023348
1513362478523707,1513362480553788,536870912,16777216,32,264,2030081
1513362484472110,1513362486507383,536870912,16777216,32,263,2035273
1513362490427077,1513362492445972,536870912,16777216,32,265,2018895
1513362496365817,1513362498392864,536870912,16777216,32,264,2027047
1513362502310605,1513362504334999,536870912,16777216,32,265,2024394
1513362508253007,1513362510287694,536870912,16777216,32,263,2034687
1513362514206661,1513362516222344,536870912,16777216,32,266,2015683
1513362520139618,1513362522166897,536870912,16777216,32,264,2027279
1513362526086689,1513362528111388,536870912,16777216,32,265,2024699
1513362532030181,1513362534062693,536870912,16777216,32,264,2032512
1513362537982654,1513362540019535,536870912,16777216,32,263,2036881
1513362543939019,1513362545973822,536870912,16777216,32,263,2034803
1513362549893390,1513362551928219,536870912,16777216,32,263,2034829
1513362555847579,1513362557880713,536870912,16777216,32,264,2033134
1513362561799403,1513362563840296,536870912,16777216,32,263,2040893
1513362567759845,1513362569788870,536870912,16777216,32,264,2029025
1513362573707708,1513362575740606,536870912,16777216,32,264,2032898
1513362579661702,1513362581693745,536870912,16777216,32,264,2032043
1513362585612985,1513362587647858,536870912,16777216,32,263,2034873
1513362591566077,1513362593589121,536870912,16777216,32,265,2023044
1513362597505573,1513362599535605,536870912,16777216,32,264,2030032
1513362603454967,1513362605487818,536870912,16777216,32,264,2032851
1513362609407464,1513362611435581,536870912,16777216,32,264,2028117
1513362615354070,1513362617380504,536870912,16777216,32,264,2026434
1513362621298727,1513362623320380,536870912,16777216,32,265,2021653
1513362627240436,1513362629273409,536870912,16777216,32,264,2032973
1513362633190399,1513362635226752,536870912,16777216,32,263,2036353
1513362639145956,1513362641179779,536870912,16777216,32,263,2033823
1513362645100471,1513362647137580,536870912,16777216,32,263,2037109
1513362651056790,1513362653092170,536870912,16777216,32,263,2035380
1513362657012248,1513362659042510,536870912,16777216,32,264,2030262
1513362662960687,1513362664990700,536870912,16777216,32,264,2030013
1513362668912381,1513362670940421,536870912,16777216,32,264,2028040
1513362674857649,1513362676886612,536870912,16777216,32,264,2028963
1513362680806521,1513362682843150,536870912,16777216,32,263,2036629
1513362686763737,1513362688793129,536870912,16777216,32,264,2029392
1513362692712207,1513362694739143,536870912,16777216,32,264,2026936
1513362698659273,1513362700687826,536870912,16777216,32,264,2028553
1513362704608195,1513362706628916,536870912,16777216,32,265,2020721
1513362710550022,1513362712572798,536870912,16777216,32,265,2022776
1513362716492035,1513362718520342,536870912,16777216,32,264,2028307
1513362722440122,1513362724470378,536870912,16777216,32,264,2030256
1513362728389726,1513362730411827,536870912,16777216,32,265,2022101
1513362734331920,1513362736357463,536870912,16777216,32,265,2025543
1513362740277178,1513362742295621,536870912,16777216,32,265,2018443
1513362746214263,1513362748242708,536870912,16777216,32,264,2028445
1513362752160426,1513362754187253,536870912,16777216,32,264,2026827
1513362758105043,1513362760137519,536870912,16777216,32,264,2032476
1513362764056376,1513362766085403,536870912,16777216,32,264,2029027
1513362770005543,1513362772032069,536870912,16777216,32,264,2026526
1513362775951895,1513362777988031,536870912,16777216,32,263,2036136
1513362781907341,1513362783940034,536870912,16777216,32,264,2032693
1513362787861916,1513362789891778,536870912,16777216,32,264,2029862
1513362793810950,1513362795836476,536870912,16777216,32,265,2025526
1513362799756986,1513362801783394,536870912,16777216,32,264,2026408
1513362805703091,1513362807733137,536870912,16777216,32,264,2030046
1513362811653008,1513362813677784,536870912,16777216,32,265,2024776
1513362817597109,1513362819624080,536870912,16777216,32,264,2026971
1513362823543221,1513362825572813,536870912,16777216,32,264,2029592
1513362829491353,1513362831521225,536870912,16777216,32,264,2029872
1513362835436278,1513362837456440,536870912,16777216,32,265,2020162
1513362841374709,1513362843405066,536870912,16777216,32,264,2030357
1513362847324927,1513362849346377,536870912,16777216,32,265,2021450
1513362853267062,1513362855285602,536870912,16777216,32,265,2018540
1513362859205419,1513362861233402,536870912,16777216,32,264,2027983
1513362865154438,1513362867172471,536870912,16777216,32,266,2018033
1513362871093993,1513362873113642,536870912,16777216,32,265,2019649
1513362877032670,1513362879048978,536870912,16777216,32,266,2016308
1513362882968110,1513362884993149,536870912,16777216,32,265,2025039
1513362888912161,1513362890933182,536870912,16777216,32,265,2021021
1513362894851541,1513362896882056,536870912,16777216,32,264,2030515
1513362900801369,1513362902822460,536870912,16777216,32,265,2021091
1513362906739712,1513362908762621,536870912,16777216,32,265,2022909
1513362912683117,1513362914706051,536870912,16777216,32,265,2022934
1513362918624351,1513362920653153,536870912,16777216,32,264,2028802
1513362924572962,1513362926599759,536870912,16777216,32,264,2026797
1513362930518787,1513362932546316,536870912,16777216,32,264,2027529
1513362936466595,1513362938488618,536870912,16777216,32,265,2022023
1513362942408633,1513362944435540,536870912,16777216,32,264,2026907
1513362948353957,1513362950377804,536870912,16777216,32,265,2023847
1513362954296408,1513362956321762,536870912,16777216,32,265,2025354
1513362960241647,1513362962270195,536870912,16777216,32,264,2028548
1513362966188150,1513362968216094,536870912,16777216,32,264,2027944
1513362972135479,1513362974156910,536870912,16777216,32,265,2021431
1513362978077140,1513362980104197,536870912,16777216,32,264,2027057
1513362984025004,1513362986046329,536870912,16777216,32,265,2021325
1513362989964836,1513362991990056,536870912,16777216,32,265,2025220
1513362995910516,1513362997936001,536870912,16777216,32,265,2025485
1513363001855447,1513363003878931,536870912,16777216,32,265,2023484
1513363007799212,1513363009823198,536870912,16777216,32,265,2023986
1513363013742499,1513363015771696,536870912,16777216,32,264,2029197
1513363019691834,1513363021708935,536870912,16777216,32,266,2017101
1513363025628728,1513363027652314,536870912,16777216,32,265,2023586
1513363031563215,1513363033571397,536870912,16777216,32,267,2008182
1513363037480114,1513363039493818,536870912,16777216,32,266,2013704
1513363043403433,1513363045417480,536870912,16777216,32,266,2014047
1513363049328190,1513363051326723,536870912,16777216,32,268,1998533
1513363055237693,1513363057247467,536870912,16777216,32,267,2009774
1513363061161883,1513363063176245,536870912,16777216,32,266,2014362
1513363067092818,1513363069104850,536870912,16777216,32,266,2012032
1513363073021130,1513363075022996,536870912,16777216,32,268,2001866
1513363078937162,1513363080954474,536870912,16777216,32,266,2017312
1513363084869981,1513363086883256,536870912,16777216,32,266,2013275
1513363090798870,1513363092816704,536870912,16777216,32,266,2017834
1513363096732009,1513363098751746,536870912,16777216,32,265,2019737
1513363102665938,1513363104681669,536870912,16777216,32,266,2015731
1513363108598605,1513363110616389,536870912,16777216,32,266,2017784
1513363114531231,1513363116554090,536870912,16777216,32,265,2022859
1513363120469049,1513363122487743,536870912,16777216,32,265,2018694
1513363126401607,1513363128422265,536870912,16777216,32,265,2020658
1513363132336219,1513363134358731,536870912,16777216,32,265,2022512
1513363138265990,1513363140289405,536870912,16777216,32,265,2023415
1513363144202677,1513363146220585,536870912,16777216,32,266,2017908
1513363150134657,1513363152149960,536870912,16777216,32,266,2015303
1513363156063878,1513363158079965,536870912,16777216,32,266,2016087
1513363161991299,1513363164014066,536870912,16777216,32,265,2022767
1513363167924635,1513363169947977,536870912,16777216,32,265,2023342
1513363173855013,1513363175875043,536870912,16777216,32,265,2020030
1513363179782026,1513363181797477,536870912,16777216,32,266,2015451
1513363185712179,1513363187726061,536870912,16777216,32,266,2013882
1513363191639972,1513363193664910,536870912,16777216,32,265,2024938
1513363197580614,1513363199606636,536870912,16777216,32,264,2026022
1513363203523967,1513363205533113,536870912,16777216,32,267,2009146
1513363209447208,1513363211473066,536870912,16777216,32,265,2025858
1513363215412164,1513363217436641,536870912,16777216,32,265,2024477
1513363221348215,1513363223371475,536870912,16777216,32,265,2023260
1513363227285495,1513363229302694,536870912,16777216,32,266,2017199
1513363233215179,1513363235228766,536870912,16777216,32,266,2013587
1513363239142057,1513363241152994,536870912,16777216,32,266,2010937
1513363245069689,1513363247092580,536870912,16777216,32,265,2022891
1513363251006078,1513363253031484,536870912,16777216,32,265,2025406
1513363256945315,1513363258965697,536870912,16777216,32,265,2020382
1513363262877397,1513363264898743,536870912,16777216,32,265,2021346
1513363268813732,1513363270836906,536870912,16777216,32,265,2023174
1513363274752203,1513363276773679,536870912,16777216,32,265,2021476
1513363280689479,1513363282712042,536870912,16777216,32,265,2022563
1513363286626771,1513363288639211,536870912,16777216,32,266,2012440
1513363292553802,1513363294577809,536870912,16777216,32,265,2024007
1513363298490932,1513363300506459,536870912,16777216,32,266,2015527
1513363304420694,1513363306436715,536870912,16777216,32,266,2016021
1513363310356278,1513363312362890,536870912,16777216,32,267,2006612
1513363316276733,1513363318291755,536870912,16777216,32,266,2015022
1513363322204154,1513363324226019,536870912,16777216,32,265,2021865
1513363328138363,1513363330157956,536870912,16777216,32,265,2019593
1513363334070897,1513363336095236,536870912,16777216,32,265,2024339
1513363340009644,1513363342041029,536870912,16777216,32,264,2031385
1513363345956106,1513363347983689,536870912,16777216,32,264,2027583
1513363351897268,1513363353915656,536870912,16777216,32,265,2018388
1513363357826578,1513363359854643,536870912,16777216,32,264,2028065
1513363363769104,1513363365795329,536870912,16777216,32,264,2026225
1513363369708991,1513363371729573,536870912,16777216,32,265,2020582
1513363375644473,1513363377656130,536870912,16777216,32,266,2011657
1513363381570894,1513363383590828,536870912,16777216,32,265,2019934
1513363387504144,1513363389519845,536870912,16777216,32,266,2015701
1513363393432659,1513363395452249,536870912,16777216,32,265,2019590
1513363399364279,1513363401383963,536870912,16777216,32,265,2019684
1513363405298149,1513363407315033,536870912,16777216,32,266,2016884
1513363411228449,1513363413248640,536870912,16777216,32,265,2020191
1513363417162130,1513363419185915,536870912,16777216,32,265,2023785
1513363423099438,1513363425116655,536870912,16777216,32,266,2017217
1513363429030374,1513363431056876,536870912,16777216,32,264,2026502
1513363434970755,1513363436991033,536870912,16777216,32,265,2020278
1513363440903899,1513363442919586,536870912,16777216,32,266,2015687
1513363446833777,1513363448857883,536870912,16777216,32,265,2024106
1513363452773787,1513363454793842,536870912,16777216,32,265,2020055
1513363458709272,1513363460721063,536870912,16777216,32,266,2011791
1513363464635940,1513363466653890,536870912,16777216,32,266,2017950
1513363470565247,1513363472584790,536870912,16777216,32,265,2019543
1513363476499253,1513363478520227,536870912,16777216,32,265,2020974
1513363482434844,1513363484454060,536870912,16777216,32,265,2019216
1513363488405982,1513363490444585,536870912,16777216,32,263,2038603
1513363494360786,1513363496375328,536870912,16777216,32,266,2014542
1513363500289671,1513363502305709,536870912,16777216,32,266,2016038
1513363506219725,1513363508238894,536870912,16777216,32,265,2019169
1513363512153651,1513363514179073,536870912,16777216,32,265,2025422
1513363518093482,1513363520114229,536870912,16777216,32,265,2020747
1513363524027061,1513363526043950,536870912,16777216,32,266,2016889
1513363529959046,1513363531987124,536870912,16777216,32,264,2028078
1513363535900454,1513363537916106,536870912,16777216,32,266,2015652
1513363541830873,1513363543847288,536870912,16777216,32,266,2016415
1513363547760156,1513363549776568,536870912,16777216,32,266,2016412
1513363553689706,1513363555714279,536870912,16777216,32,265,2024573
1513363559629554,1513363561651737,536870912,16777216,32,265,2022183
1513363565564739,1513363567570862,536870912,16777216,32,267,2006123
1513363571483626,1513363573503534,536870912,16777216,32,265,2019908
1513363577416634,1513363579437703,536870912,16777216,32,265,2021069
1513363583353208,1513363585369523,536870912,16777216,32,266,2016315
1513363589283230,1513363591298821,536870912,16777216,32,266,2015591
1513363595211780,1513363597234008,536870912,16777216,32,265,2022228
1513363601142949,1513363603169459,536870912,16777216,32,264,2026510
1513363607084476,1513363609102527,536870912,16777216,32,266,2018051
1513363613016669,1513363615040915,536870912,16777216,32,265,2024246
1513363618954766,1513363620972248,536870912,16777216,32,266,2017482
1513363624885000,1513363626924836,536870912,16777216,32,263,2039836
1513363630845413,1513363632875716,536870912,16777216,32,264,2030303
1513363636796548,1513363638826847,536870912,16777216,32,264,2030299
1513363642747840,1513363644782986,536870912,16777216,32,263,2035146
1513363648702504,1513363650728155,536870912,16777216,32,265,2025651
1513363654648988,1513363656675464,536870912,16777216,32,264,2026476
1513363660595649,1513363662626528,536870912,16777216,32,264,2030879
1513363666546453,1513363668578753,536870912,16777216,32,264,2032300
1513363672498542,1513363674530190,536870912,16777216,32,264,2031648
1513363678450320,1513363680483442,536870912,16777216,32,264,2033122
1513363684402136,1513363686432030,536870912,16777216,32,264,2029894
1513363690350436,1513363692381644,536870912,16777216,32,264,2031208
1513363696300225,1513363698327798,536870912,16777216,32,264,2027573
1513363702246471,1513363704280395,536870912,16777216,32,263,2033924
1513363708198823,1513363710237565,536870912,16777216,32,263,2038742
1513363714157425,1513363716183806,536870912,16777216,32,264,2026381
1513363720103788,1513363722135190,536870912,16777216,32,264,2031402
1513363726055502,1513363728083398,536870912,16777216,32,264,2027896
1513363732001761,1513363734034610,536870912,16777216,32,264,2032849
1513363737958229,1513363739994671,536870912,16777216,32,263,2036442
1513363743916094,1513363745957945,536870912,16777216,32,262,2041851
1513363749879393,1513363751921178,536870912,16777216,32,262,2041785
1513363755842212,1513363757873189,536870912,16777216,32,264,2030977
1513363761793268,1513363763821839,536870912,16777216,32,264,2028571
1513363767741444,1513363769777741,536870912,16777216,32,263,2036297
1513363773698747,1513363775721101,536870912,16777216,32,265,2022354
1513363779640228,1513363781671189,536870912,16777216,32,264,2030961
1513363785589501,1513363787624561,536870912,16777216,32,263,2035060
1513363791546310,1513363793572698,536870912,16777216,32,264,2026388
1513363797493496,1513363799526859,536870912,16777216,32,264,2033363
1513363803447511,1513363805478631,536870912,16777216,32,264,2031120
1513363809397256,1513363811428068,536870912,16777216,32,264,2030812
1513363815346451,1513363817378377,536870912,16777216,32,264,2031926
1513363821297961,1513363823331537,536870912,16777216,32,264,2033576
1513363827251364,1513363829284419,536870912,16777216,32,264,2033055
1513363833201905,1513363835244848,536870912,16777216,32,262,2042943
1513363839164210,1513363841203277,536870912,16777216,32,263,2039067
1513363845121349,1513363847150769,536870912,16777216,32,264,2029420
1513363851070539,1513363853102299,536870912,16777216,32,264,2031760
1513363857022124,1513363859059709,536870912,16777216,32,263,2037585
1513363862975017,1513363865013218,536870912,16777216,32,263,2038201
1513363868933095,1513363870959550,536870912,16777216,32,264,2026455
1513363874895284,1513363876918902,536870912,16777216,32,265,2023618
1513363880838512,1513363882868027,536870912,16777216,32,264,2029515
1513363886785506,1513363888820193,536870912,16777216,32,263,2034687
1513363892739989,1513363894767677,536870912,16777216,32,264,2027688
1513363898687152,1513363900725409,536870912,16777216,32,263,2038257
1513363904644158,1513363906669629,536870912,16777216,32,265,2025471
1513363910588886,1513363912631045,536870912,16777216,32,262,2042159
1513363916551355,1513363918586923,536870912,16777216,32,263,2035568
1513363922506836,1513363924540270,536870912,16777216,32,264,2033434
1513363928458812,1513363930483164,536870912,16777216,32,265,2024352
1513363934403608,1513363936436155,536870912,16777216,32,264,2032547
1513363940356028,1513363942388991,536870912,16777216,32,264,2032963
1513363946309237,1513363948347961,536870912,16777216,32,263,2038724
1513363952267161,1513363954304390,536870912,16777216,32,263,2037229
1513363958222091,1513363960256911,536870912,16777216,32,263,2034820
1513363964176079,1513363966213105,536870912,16777216,32,263,2037026
1513363970133481,1513363972169443,536870912,16777216,32,263,2035962
1513363976089183,1513363978112894,536870912,16777216,32,265,2023711
1513363982032825,1513363984065342,536870912,16777216,32,264,2032517
1513363987986527,1513363990028457,536870912,16777216,32,262,2041930
1513363993948050,1513363995985657,536870912,16777216,32,263,2037607
1513363999906888,1513364001935000,536870912,16777216,32,264,2028112
1513364005856488,1513364007898140,536870912,16777216,32,262,2041652
1513364011818003,1513364013857292,536870912,16777216,32,263,2039289
1513364017777391,1513364019813596,536870912,16777216,32,263,2036205
1513364023730885,1513364025765470,536870912,16777216,32,263,2034585
1513364029684931,1513364031717000,536870912,16777216,32,264,2032069
1513364035635893,1513364037672506,536870912,16777216,32,263,2036613
1513364041592781,1513364043626537,536870912,16777216,32,263,2033756
1513364047546300,1513364049588669,536870912,16777216,32,262,2042369
1513364053504590,1513364055542089,536870912,16777216,32,263,2037499
1513364059458928,1513364061498101,536870912,16777216,32,263,2039173
1513364065418440,1513364067456887,536870912,16777216,32,263,2038447
1513364071374829,1513364073408749,536870912,16777216,32,263,2033920
1513364077327236,1513364079369018,536870912,16777216,32,262,2041782
1513364083289954,1513364085332364,536870912,16777216,32,262,2042410
1513364089249951,1513364091293978,536870912,16777216,32,262,2044027
1513364095210580,1513364097253832,536870912,16777216,32,262,2043252
1513364101172488,1513364103212146,536870912,16777216,32,263,2039658
1513364107202566,1513364109233890,536870912,16777216,32,264,2031324
1513364113151384,1513364115194536,536870912,16777216,32,262,2043152
1513364119112340,1513364121153189,536870912,16777216,32,263,2040849
1513364125070695,1513364127109061,536870912,16777216,32,263,2038366
1513364131026120,1513364133054086,536870912,16777216,32,264,2027966
1513364136970011,1513364139002347,536870912,16777216,32,264,2032336
1513364142917718,1513364144949257,536870912,16777216,32,264,2031539
1513364148870503,1513364150905339,536870912,16777216,32,263,2034836
1513364154825636,1513364156855770,536870912,16777216,32,264,2030134
1513364160777658,1513364162801993,536870912,16777216,32,265,2024335
1513364166722739,1513364168754725,536870912,16777216,32,264,2031986
1513364172673082,1513364174706961,536870912,16777216,32,263,2033879
1513364178626450,1513364180664130,536870912,16777216,32,263,2037680
1513364184582973,1513364186621121,536870912,16777216,32,263,2038148
1513364190540529,1513364192572628,536870912,16777216,32,264,2032099
1513364196491091,1513364198524671,536870912,16777216,32,264,2033580
1513364202445362,1513364204479546,536870912,16777216,32,263,2034184
1513364208396902,1513364210437054,536870912,16777216,32,263,2040152
1513364214358735,1513364216389376,536870912,16777216,32,264,2030641
1513364220310523,1513364222345361,536870912,16777216,32,263,2034838
1513364226279237,1513364228306760,536870912,16777216,32,264,2027523
1513364232220979,1513364234247237,536870912,16777216,32,264,2026258
1513364238163028,1513364240201132,536870912,16777216,32,263,2038104
1513364244119206,1513364246151525,536870912,16777216,32,264,2032319
1513364250065729,1513364252084800,536870912,16777216,32,265,2019071
1513364255997840,1513364258027029,536870912,16777216,32,264,2029189
1513364261942011,1513364263968707,536870912,16777216,32,264,2026696
1513364267883837,1513364269902821,536870912,16777216,32,265,2018984
1513364273818508,1513364275838074,536870912,16777216,32,265,2019566
1513364279753778,1513364281775864,536870912,16777216,32,265,2022086
1513364285690245,1513364287713699,536870912,16777216,32,265,2023454
1513364291628190,1513364293647213,536870912,16777216,32,265,2019023
1513364297562087,1513364299579281,536870912,16777216,32,266,2017194
1513364303493290,1513364305506940,536870912,16777216,32,266,2013650
1513364309420293,1513364311443332,536870912,16777216,32,265,2023039
1513364315358725,1513364317375653,536870912,16777216,32,266,2016928
1513364321290090,1513364323298898,536870912,16777216,32,267,2008808
1513364327213276,1513364329234398,536870912,16777216,32,265,2021122
1513364333149805,1513364335166695,536870912,16777216,32,266,2016890
1513364339078648,1513364341104672,536870912,16777216,32,264,2026024
1513364345018940,1513364347044461,536870912,16777216,32,265,2025521
1513364350957690,1513364352983432,536870912,16777216,32,265,2025742
1513364356898045,1513364358924128,536870912,16777216,32,264,2026083
1513364362837115,1513364364863669,536870912,16777216,32,264,2026554
1513364368777325,1513364370807984,536870912,16777216,32,264,2030659
1513364374721576,1513364376748316,536870912,16777216,32,264,2026740
1513364380662436,1513364382688483,536870912,16777216,32,264,2026047
