1513350636936149,1513350636936171,1024,32,32,46,22
1513350636941490,1513350636941510,1024,32,32,51,20
1513350636946610,1513350636946631,1024,32,32,48,21
1513350636951649,1513350636951670,1024,32,32,48,21
1513350636956547,1513350636956568,1024,32,32,48,21
1513350636961276,1513350636961294,1024,32,32,56,18
1513350636965741,1513350636965759,1024,32,32,56,18
1513350636969931,1513350636969950,1024,32,32,53,19
1513350636973999,1513350636974017,1024,32,32,56,18
1513350636977965,1513350636977983,1024,32,32,56,18
1513350636981906,1513350636981924,1024,32,32,56,18
1513350636985833,1513350636985851,1024,32,32,56,18
1513350636989774,1513350636989793,1024,32,32,53,19
1513350636993718,1513350636993736,1024,32,32,56,18
1513350636997635,1513350636997653,1024,32,32,56,18
1513350637001572,1513350637001590,1024,32,32,56,18
1513350637005508,1513350637005527,1024,32,32,53,19
1513350637009461,1513350637009479,1024,32,32,56,18
1513350637013408,1513350637013426,1024,32,32,56,18
1513350637017340,1513350637017357,1024,32,32,60,17
1513350637021279,1513350637021297,1024,32,32,56,18
1513350637025200,1513350637025218,1024,32,32,56,18
1513350637029126,1513350637029146,1024,32,32,51,20
1513350637033081,1513350637033099,1024,32,32,56,18
1513350637036962,1513350637036980,1024,32,32,56,18
1513350637040826,1513350637040844,1024,32,32,56,18
1513350637044681,1513350637044699,1024,32,32,56,18
1513350637048598,1513350637048617,1024,32,32,53,19
1513350637052532,1513350637052550,1024,32,32,56,18
1513350637056439,1513350637056457,1024,32,32,56,18
1513350637060362,1513350637060380,1024,32,32,56,18
1513350637064275,1513350637064293,1024,32,32,56,18
1513350637068195,1513350637068213,1024,32,32,56,18
1513350637072092,1513350637072110,1024,32,32,56,18
1513350637076022,1513350637076040,1024,32,32,56,18
1513350637079920,1513350637079938,1024,32,32,56,18
1513350637083886,1513350637083904,1024,32,32,56,18
1513350637087816,1513350637087833,1024,32,32,60,17
1513350637091716,1513350637091734,1024,32,32,56,18
1513350637095647,1513350637095666,1024,32,32,53,19
1513350637099499,1513350637099519,1024,32,32,51,20
1513350637103411,1513350637103429,1024,32,32,56,18
1513350637107373,1513350637107392,1024,32,32,53,19
1513350637111333,1513350637111352,1024,32,32,53,19
1513350637115272,1513350637115290,1024,32,32,56,18
1513350637119203,1513350637119221,1024,32,32,56,18
1513350637123167,1513350637123185,1024,32,32,56,18
1513350637127128,1513350637127146,1024,32,32,56,18
1513350637131067,1513350637131085,1024,32,32,56,18
1513350637134995,1513350637135013,1024,32,32,56,18
1513350637138937,1513350637138957,1024,32,32,51,20
1513350637142882,1513350637142901,1024,32,32,53,19
1513350637146810,1513350637146828,1024,32,32,56,18
1513350637150771,1513350637150792,1024,32,32,48,21
1513350637154686,1513350637154704,1024,32,32,56,18
1513350637158645,1513350637158663,1024,32,32,56,18
1513350637162592,1513350637162610,1024,32,32,56,18
1513350637166566,1513350637166583,1024,32,32,60,17
1513350637170529,1513350637170547,1024,32,32,56,18
1513350637174478,1513350637174498,1024,32,32,51,20
1513350637178423,1513350637178441,1024,32,32,56,18
1513350637182369,1513350637182388,1024,32,32,53,19
1513350637186313,1513350637186333,1024,32,32,51,20
1513350637190274,1513350637190293,1024,32,32,53,19
1513350637194243,1513350637194261,1024,32,32,56,18
1513350637198158,1513350637198177,1024,32,32,53,19
1513350637202124,1513350637202143,1024,32,32,53,19
1513350637206075,1513350637206094,1024,32,32,53,19
1513350637210035,1513350637210053,1024,32,32,56,18
1513350637214012,1513350637214030,1024,32,32,56,18
1513350637217949,1513350637217967,1024,32,32,56,18
1513350637221867,1513350637221885,1024,32,32,56,18
1513350637225794,1513350637225813,1024,32,32,53,19
1513350637229757,1513350637229777,1024,32,32,51,20
1513350637233704,1513350637233723,1024,32,32,53,19
1513350637237641,1513350637237659,1024,32,32,56,18
1513350637241578,1513350637241597,1024,32,32,53,19
1513350637245515,1513350637245533,1024,32,32,56,18
1513350637249422,1513350637249441,1024,32,32,53,19
1513350637253380,1513350637253398,1024,32,32,56,18
1513350637257317,1513350637257335,1024,32,32,56,18
1513350637261269,1513350637261287,1024,32,32,56,18
1513350637265215,1513350637265234,1024,32,32,53,19
1513350637269130,1513350637269148,1024,32,32,56,18
1513350637273066,1513350637273084,1024,32,32,56,18
1513350637276977,1513350637276996,1024,32,32,53,19
1513350637280916,1513350637280934,1024,32,32,56,18
1513350637284876,1513350637284896,1024,32,32,51,20
1513350637288807,1513350637288825,1024,32,32,56,18
1513350637292775,1513350637292793,1024,32,32,56,18
1513350637296702,1513350637296720,1024,32,32,56,18
1513350637300646,1513350637300665,1024,32,32,53,19
1513350637304604,1513350637304622,1024,32,32,56,18
1513350637308553,1513350637308571,1024,32,32,56,18
1513350637312506,1513350637312526,1024,32,32,51,20
1513350637316455,1513350637316473,1024,32,32,56,18
1513350637320401,1513350637320420,1024,32,32,53,19
1513350637324333,1513350637324353,1024,32,32,51,20
1513350637328258,1513350637328278,1024,32,32,51,20
1513350637332192,1513350637332209,1024,32,32,60,17
1513350637336173,1513350637336192,1024,32,32,53,19
1513350637340105,1513350637340123,1024,32,32,56,18
1513350637344042,1513350637344060,1024,32,32,56,18
1513350637347969,1513350637347988,1024,32,32,53,19
1513350637351915,1513350637351933,1024,32,32,56,18
1513350637355876,1513350637355897,1024,32,32,48,21
1513350637359816,1513350637359835,1024,32,32,53,19
1513350637363749,1513350637363768,1024,32,32,53,19
1513350637367674,1513350637367693,1024,32,32,53,19
1513350637371625,1513350637371643,1024,32,32,56,18
1513350637375560,1513350637375578,1024,32,32,56,18
1513350637379473,1513350637379491,1024,32,32,56,18
1513350637383393,1513350637383412,1024,32,32,53,19
1513350637387320,1513350637387339,1024,32,32,53,19
1513350637391271,1513350637391289,1024,32,32,56,18
1513350637395203,1513350637395224,1024,32,32,48,21
1513350637399124,1513350637399142,1024,32,32,56,18
1513350637403043,1513350637403061,1024,32,32,56,18
1513350637406950,1513350637406969,1024,32,32,53,19
1513350637410861,1513350637410878,1024,32,32,60,17
1513350637414770,1513350637414788,1024,32,32,56,18
1513350637418710,1513350637418728,1024,32,32,56,18
1513350637422639,1513350637422659,1024,32,32,51,20
1513350637426544,1513350637426562,1024,32,32,56,18
1513350637430488,1513350637430508,1024,32,32,51,20
1513350637434419,1513350637434438,1024,32,32,53,19
1513350637438367,1513350637438385,1024,32,32,56,18
1513350637442298,1513350637442316,1024,32,32,56,18
1513350637446218,1513350637446236,1024,32,32,56,18
1513350637450127,1513350637450147,1024,32,32,51,20
1513350637454055,1513350637454073,1024,32,32,56,18
1513350637457998,1513350637458017,1024,32,32,53,19
1513350637461959,1513350637461977,1024,32,32,56,18
1513350637465883,1513350637465903,1024,32,32,51,20
1513350637469822,1513350637469841,1024,32,32,53,19
1513350637473743,1513350637473761,1024,32,32,56,18
1513350637477677,1513350637477696,1024,32,32,53,19
1513350637481608,1513350637481626,1024,32,32,56,18
1513350637485544,1513350637485562,1024,32,32,56,18
1513350637489494,1513350637489513,1024,32,32,53,19
1513350637493451,1513350637493473,1024,32,32,46,22
1513350637497386,1513350637497406,1024,32,32,51,20
1513350637501331,1513350637501351,1024,32,32,51,20
1513350637505277,1513350637505296,1024,32,32,53,19
1513350637509250,1513350637509269,1024,32,32,53,19
1513350637513214,1513350637513234,1024,32,32,51,20
1513350637517190,1513350637517209,1024,32,32,53,19
1513350637521162,1513350637521180,1024,32,32,56,18
1513350637525087,1513350637525107,1024,32,32,51,20
1513350637529025,1513350637529043,1024,32,32,56,18
1513350637532960,1513350637532980,1024,32,32,51,20
1513350637536920,1513350637536939,1024,32,32,53,19
1513350637540867,1513350637540887,1024,32,32,51,20
1513350637544807,1513350637544825,1024,32,32,56,18
1513350637548759,1513350637548778,1024,32,32,53,19
1513350637552688,1513350637552707,1024,32,32,53,19
1513350637556630,1513350637556648,1024,32,32,56,18
1513350637560554,1513350637560572,1024,32,32,56,18
1513350637564482,1513350637564501,1024,32,32,53,19
1513350637568426,1513350637568445,1024,32,32,53,19
1513350637572371,1513350637572390,1024,32,32,53,19
1513350637576344,1513350637576362,1024,32,32,56,18
1513350637580286,1513350637580306,1024,32,32,51,20
1513350637584208,1513350637584228,1024,32,32,51,20
1513350637588132,1513350637588152,1024,32,32,51,20
1513350637592058,1513350637592078,1024,32,32,51,20
1513350637595990,1513350637596010,1024,32,32,51,20
1513350637599934,1513350637599952,1024,32,32,56,18
1513350637603877,1513350637603898,1024,32,32,48,21
1513350637607827,1513350637607845,1024,32,32,56,18
1513350637611795,1513350637611814,1024,32,32,53,19
1513350637615758,1513350637615777,1024,32,32,53,19
1513350637619720,1513350637619739,1024,32,32,53,19
1513350637623684,1513350637623702,1024,32,32,56,18
1513350637627632,1513350637627651,1024,32,32,53,19
1513350637631574,1513350637631593,1024,32,32,53,19
1513350637635519,1513350637635537,1024,32,32,56,18
1513350637639454,1513350637639473,1024,32,32,53,19
1513350637643390,1513350637643408,1024,32,32,56,18
1513350637647316,1513350637647334,1024,32,32,56,18
1513350637651232,1513350637651252,1024,32,32,51,20
1513350637655156,1513350637655175,1024,32,32,53,19
1513350637659087,1513350637659106,1024,32,32,53,19
1513350637663019,1513350637663038,1024,32,32,53,19
1513350637666973,1513350637666993,1024,32,32,51,20
1513350637670899,1513350637670918,1024,32,32,53,19
1513350637674853,1513350637674872,1024,32,32,53,19
1513350637678777,1513350637678795,1024,32,32,56,18
1513350637682702,1513350637682720,1024,32,32,56,18
1513350637686627,1513350637686645,1024,32,32,56,18
1513350637690552,1513350637690571,1024,32,32,53,19
1513350637694468,1513350637694487,1024,32,32,53,19
1513350637698410,1513350637698428,1024,32,32,56,18
1513350637702353,1513350637702373,1024,32,32,51,20
1513350637706297,1513350637706316,1024,32,32,53,19
1513350637710241,1513350637710260,1024,32,32,53,19
1513350637714192,1513350637714212,1024,32,32,51,20
1513350637718152,1513350637718170,1024,32,32,56,18
1513350637722100,1513350637722118,1024,32,32,56,18
1513350637726036,1513350637726056,1024,32,32,51,20
1513350637729979,1513350637729999,1024,32,32,51,20
1513350637733908,1513350637733927,1024,32,32,53,19
1513350637737868,1513350637737887,1024,32,32,53,19
1513350637741810,1513350637741829,1024,32,32,53,19
1513350637745753,1513350637745772,1024,32,32,53,19
1513350637749691,1513350637749709,1024,32,32,56,18
1513350637753671,1513350637753690,1024,32,32,53,19
1513350637757605,1513350637757625,1024,32,32,51,20
1513350637761552,1513350637761571,1024,32,32,53,19
1513350637765502,1513350637765522,1024,32,32,51,20
1513350637769426,1513350637769448,1024,32,32,46,22
1513350637773375,1513350637773393,1024,32,32,56,18
1513350637777357,1513350637777375,1024,32,32,56,18
1513350637781311,1513350637781329,1024,32,32,56,18
1513350637785244,1513350637785263,1024,32,32,53,19
1513350637789185,1513350637789204,1024,32,32,53,19
1513350637793134,1513350637793152,1024,32,32,56,18
1513350637797069,1513350637797087,1024,32,32,56,18
1513350637801007,1513350637801029,1024,32,32,46,22
1513350637804957,1513350637804976,1024,32,32,53,19
1513350637808947,1513350637808965,1024,32,32,56,18
1513350637812886,1513350637812905,1024,32,32,53,19
1513350637816821,1513350637816840,1024,32,32,53,19
1513350637820753,1513350637820773,1024,32,32,51,20
1513350637824686,1513350637824706,1024,32,32,51,20
1513350637828607,1513350637828627,1024,32,32,51,20
1513350637832540,1513350637832561,1024,32,32,48,21
1513350637836466,1513350637836486,1024,32,32,51,20
1513350637840391,1513350637840411,1024,32,32,51,20
1513350637844319,1513350637844339,1024,32,32,51,20
1513350637848275,1513350637848295,1024,32,32,51,20
1513350637852223,1513350637852242,1024,32,32,53,19
1513350637856160,1513350637856179,1024,32,32,53,19
1513350637860110,1513350637860129,1024,32,32,53,19
1513350637864051,1513350637864070,1024,32,32,53,19
1513350637867983,1513350637868002,1024,32,32,53,19
1513350637871925,1513350637871944,1024,32,32,53,19
1513350637875863,1513350637875881,1024,32,32,56,18
1513350637879812,1513350637879831,1024,32,32,53,19
1513350637883774,1513350637883793,1024,32,32,53,19
1513350637887754,1513350637887773,1024,32,32,53,19
1513350637891701,1513350637891719,1024,32,32,56,18
1513350637895532,1513350637895552,1024,32,32,51,20
1513350637899372,1513350637899391,1024,32,32,53,19
1513350637903213,1513350637903231,1024,32,32,56,18
1513350637907070,1513350637907088,1024,32,32,56,18
1513350637910909,1513350637910929,1024,32,32,51,20
1513350637914737,1513350637914755,1024,32,32,56,18
1513350637918577,1513350637918595,1024,32,32,56,18
1513350637922410,1513350637922429,1024,32,32,53,19
1513350637926232,1513350637926251,1024,32,32,53,19
1513350637930050,1513350637930069,1024,32,32,53,19
1513350637933888,1513350637933906,1024,32,32,56,18
1513350637937720,1513350637937738,1024,32,32,56,18
1513350637941530,1513350637941548,1024,32,32,56,18
1513350637945354,1513350637945373,1024,32,32,53,19
1513350637949195,1513350637949213,1024,32,32,56,18
1513350637953058,1513350637953075,1024,32,32,60,17
1513350637956885,1513350637956903,1024,32,32,56,18
1513350637960717,1513350637960737,1024,32,32,51,20
1513350637964554,1513350637964572,1024,32,32,56,18
1513350637968398,1513350637968415,1024,32,32,60,17
1513350637972237,1513350637972257,1024,32,32,51,20
1513350637976060,1513350637976080,1024,32,32,51,20
1513350637979929,1513350637979947,1024,32,32,56,18
1513350637983784,1513350637983803,1024,32,32,53,19
1513350637987612,1513350637987630,1024,32,32,56,18
1513350637991427,1513350637991447,1024,32,32,51,20
1513350637995259,1513350637995276,1024,32,32,60,17
1513350637999075,1513350637999093,1024,32,32,56,18
1513350638002903,1513350638002923,1024,32,32,51,20
1513350638006734,1513350638006751,1024,32,32,60,17
1513350638010555,1513350638010575,1024,32,32,51,20
1513350638014368,1513350638014386,1024,32,32,56,18
1513350638018181,1513350638018199,1024,32,32,56,18
1513350638022006,1513350638022024,1024,32,32,56,18
1513350638025826,1513350638025844,1024,32,32,56,18
1513350638029669,1513350638029687,1024,32,32,56,18
1513350638033511,1513350638033531,1024,32,32,51,20
1513350638037342,1513350638037359,1024,32,32,60,17
1513350638041182,1513350638041200,1024,32,32,56,18
1513350638045031,1513350638045049,1024,32,32,56,18
1513350638048885,1513350638048903,1024,32,32,56,18
1513350638052724,1513350638052741,1024,32,32,60,17
1513350638056542,1513350638056562,1024,32,32,51,20
1513350638060377,1513350638060395,1024,32,32,56,18
1513350638064212,1513350638064232,1024,32,32,51,20
1513350638068060,1513350638068079,1024,32,32,53,19
1513350638071880,1513350638071898,1024,32,32,56,18
1513350638075696,1513350638075714,1024,32,32,56,18
1513350638079515,1513350638079532,1024,32,32,60,17
1513350638083329,1513350638083348,1024,32,32,53,19
1513350638087161,1513350638087179,1024,32,32,56,18
1513350638090989,1513350638091008,1024,32,32,53,19
1513350638094837,1513350638094855,1024,32,32,56,18
1513350638098669,1513350638098686,1024,32,32,60,17
1513350638102500,1513350638102520,1024,32,32,51,20
1513350638106333,1513350638106351,1024,32,32,56,18
1513350638110178,1513350638110196,1024,32,32,56,18
1513350638113992,1513350638114009,1024,32,32,60,17
1513350638117818,1513350638117836,1024,32,32,56,18
1513350638121650,1513350638121668,1024,32,32,56,18
1513350638125479,1513350638125497,1024,32,32,56,18
1513350638129294,1513350638129312,1024,32,32,56,18
1513350638133125,1513350638133145,1024,32,32,51,20
1513350638136947,1513350638136964,1024,32,32,60,17
1513350638140793,1513350638140811,1024,32,32,56,18
1513350638144635,1513350638144654,1024,32,32,53,19
1513350638148462,1513350638148480,1024,32,32,56,18
1513350638152286,1513350638152304,1024,32,32,56,18
1513350638156124,1513350638156142,1024,32,32,56,18
1513350638159978,1513350638159997,1024,32,32,53,19
1513350638163841,1513350638163861,1024,32,32,51,20
1513350638167673,1513350638167691,1024,32,32,56,18
1513350638171542,1513350638171562,1024,32,32,51,20
1513350638175391,1513350638175412,1024,32,32,48,21
1513350638179230,1513350638179248,1024,32,32,56,18
1513350638183089,1513350638183108,1024,32,32,53,19
1513350638186924,1513350638186942,1024,32,32,56,18
1513350638190765,1513350638190784,1024,32,32,53,19
1513350638194613,1513350638194631,1024,32,32,56,18
1513350638198440,1513350638198458,1024,32,32,56,18
1513350638202273,1513350638202291,1024,32,32,56,18
1513350638206129,1513350638206148,1024,32,32,53,19
1513350638209991,1513350638210009,1024,32,32,56,18
1513350638213832,1513350638213850,1024,32,32,56,18
1513350638217667,1513350638217685,1024,32,32,56,18
1513350638221504,1513350638221521,1024,32,32,60,17
1513350638225328,1513350638225347,1024,32,32,53,19
1513350638229156,1513350638229174,1024,32,32,56,18
1513350638233007,1513350638233025,1024,32,32,56,18
1513350638236845,1513350638236864,1024,32,32,53,19
1513350638240691,1513350638240709,1024,32,32,56,18
1513350638244532,1513350638244550,1024,32,32,56,18
1513350638248367,1513350638248385,1024,32,32,56,18
1513350638252190,1513350638252211,1024,32,32,48,21
1513350638256014,1513350638256032,1024,32,32,56,18
1513350638259807,1513350638259825,1024,32,32,56,18
1513350638263625,1513350638263643,1024,32,32,56,18
1513350638267451,1513350638267469,1024,32,32,56,18
1513350638271262,1513350638271280,1024,32,32,56,18
1513350638275082,1513350638275100,1024,32,32,56,18
1513350638278917,1513350638278935,1024,32,32,56,18
1513350638282765,1513350638282786,1024,32,32,48,21
1513350638286602,1513350638286620,1024,32,32,56,18
1513350638290427,1513350638290445,1024,32,32,56,18
1513350638294258,1513350638294276,1024,32,32,56,18
1513350638298065,1513350638298083,1024,32,32,56,18
1513350638301901,1513350638301919,1024,32,32,56,18
1513350638305731,1513350638305750,1024,32,32,53,19
1513350638309561,1513350638309579,1024,32,32,56,18
1513350638313389,1513350638313407,1024,32,32,56,18
1513350638317215,1513350638317233,1024,32,32,56,18
1513350638321054,1513350638321072,1024,32,32,56,18
1513350638324905,1513350638324923,1024,32,32,56,18
1513350638328728,1513350638328746,1024,32,32,56,18
1513350638332553,1513350638332571,1024,32,32,56,18
1513350638336403,1513350638336421,1024,32,32,56,18
1513350638340253,1513350638340270,1024,32,32,60,17
1513350638344097,1513350638344115,1024,32,32,56,18
1513350638347924,1513350638347942,1024,32,32,56,18
1513350638351748,1513350638351767,1024,32,32,53,19
1513350638355585,1513350638355603,1024,32,32,56,18
1513350638359432,1513350638359451,1024,32,32,53,19
1513350638363275,1513350638363293,1024,32,32,56,18
1513350638367103,1513350638367121,1024,32,32,56,18
1513350638370928,1513350638370946,1024,32,32,56,18
1513350638374755,1513350638374774,1024,32,32,53,19
1513350638378603,1513350638378621,1024,32,32,56,18
1513350638382446,1513350638382464,1024,32,32,56,18
1513350638386302,1513350638386319,1024,32,32,60,17
1513350638390143,1513350638390160,1024,32,32,60,17
1513350638393981,1513350638393998,1024,32,32,60,17
1513350638397815,1513350638397833,1024,32,32,56,18
1513350638401630,1513350638401647,1024,32,32,60,17
1513350638405455,1513350638405473,1024,32,32,56,18
1513350638409305,1513350638409323,1024,32,32,56,18
1513350638413118,1513350638413137,1024,32,32,53,19
1513350638416954,1513350638416973,1024,32,32,53,19
1513350638420772,1513350638420790,1024,32,32,56,18
1513350638424601,1513350638424619,1024,32,32,56,18
1513350638428429,1513350638428447,1024,32,32,56,18
1513350638432281,1513350638432298,1024,32,32,60,17
1513350638436117,1513350638436135,1024,32,32,56,18
1513350638439936,1513350638439954,1024,32,32,56,18
1513350638443769,1513350638443786,1024,32,32,60,17
1513350638447593,1513350638447614,1024,32,32,48,21
1513350638451418,1513350638451438,1024,32,32,51,20
1513350638455256,1513350638455274,1024,32,32,56,18
1513350638459085,1513350638459103,1024,32,32,56,18
1513350638462934,1513350638462952,1024,32,32,56,18
1513350638466797,1513350638466815,1024,32,32,56,18
1513350638470623,1513350638470641,1024,32,32,56,18
1513350638474463,1513350638474482,1024,32,32,53,19
1513350638478286,1513350638478304,1024,32,32,56,18
1513350638482123,1513350638482141,1024,32,32,56,18
1513350638485980,1513350638485998,1024,32,32,56,18
1513350638489810,1513350638489830,1024,32,32,51,20
1513350638493651,1513350638493669,1024,32,32,56,18
1513350638497490,1513350638497508,1024,32,32,56,18
1513350638501342,1513350638501359,1024,32,32,60,17
1513350638505197,1513350638505215,1024,32,32,56,18
1513350638509042,1513350638509060,1024,32,32,56,18
1513350638512887,1513350638512904,1024,32,32,60,17
1513350638516728,1513350638516746,1024,32,32,56,18
1513350638520563,1513350638520580,1024,32,32,60,17
1513350638524393,1513350638524411,1024,32,32,56,18
1513350638528224,1513350638528242,1024,32,32,56,18
1513350638532060,1513350638532079,1024,32,32,53,19
1513350638535882,1513350638535900,1024,32,32,56,18
1513350638539740,1513350638539758,1024,32,32,56,18
1513350638543602,1513350638543620,1024,32,32,56,18
1513350638547445,1513350638547462,1024,32,32,60,17
1513350638551270,1513350638551290,1024,32,32,51,20
1513350638555108,1513350638555126,1024,32,32,56,18
1513350638558960,1513350638558977,1024,32,32,60,17
1513350638562796,1513350638562814,1024,32,32,56,18
1513350638566638,1513350638566656,1024,32,32,56,18
1513350638570501,1513350638570520,1024,32,32,53,19
1513350638574359,1513350638574379,1024,32,32,51,20
1513350638578195,1513350638578213,1024,32,32,56,18
1513350638582056,1513350638582074,1024,32,32,56,18
1513350638585904,1513350638585924,1024,32,32,51,20
1513350638589745,1513350638589763,1024,32,32,56,18
1513350638593562,1513350638593580,1024,32,32,56,18
1513350638597390,1513350638597408,1024,32,32,56,18
1513350638601226,1513350638601245,1024,32,32,53,19
1513350638605052,1513350638605071,1024,32,32,53,19
1513350638608877,1513350638608895,1024,32,32,56,18
1513350638612708,1513350638612728,1024,32,32,51,20
1513350638616544,1513350638616562,1024,32,32,56,18
1513350638620385,1513350638620406,1024,32,32,48,21
1513350638624229,1513350638624247,1024,32,32,56,18
1513350638628081,1513350638628099,1024,32,32,56,18
1513350638631916,1513350638631934,1024,32,32,56,18
1513350638635737,1513350638635756,1024,32,32,53,19
1513350638639580,1513350638639598,1024,32,32,56,18
1513350638643407,1513350638643425,1024,32,32,56,18
1513350638647239,1513350638647257,1024,32,32,56,18
1513350638651082,1513350638651100,1024,32,32,56,18
1513350638654917,1513350638654935,1024,32,32,56,18
1513350638658746,1513350638658766,1024,32,32,51,20
1513350638662580,1513350638662598,1024,32,32,56,18
1513350638666407,1513350638666425,1024,32,32,56,18
1513350638670219,1513350638670238,1024,32,32,53,19
1513350638674055,1513350638674073,1024,32,32,56,18
1513350638677893,1513350638677912,1024,32,32,53,19
1513350638681738,1513350638681756,1024,32,32,56,18
1513350638685581,1513350638685599,1024,32,32,56,18
1513350638689414,1513350638689433,1024,32,32,53,19
1513350638693238,1513350638693256,1024,32,32,56,18
1513350638697080,1513350638697098,1024,32,32,56,18
1513350638700914,1513350638700931,1024,32,32,60,17
1513350638704752,1513350638704773,1024,32,32,48,21
1513350638708610,1513350638708628,1024,32,32,56,18
1513350638712465,1513350638712483,1024,32,32,56,18
1513350638716311,1513350638716329,1024,32,32,56,18
1513350638720158,1513350638720178,1024,32,32,51,20
1513350638724009,1513350638724027,1024,32,32,56,18
1513350638727862,1513350638727881,1024,32,32,53,19
1513350638731714,1513350638731732,1024,32,32,56,18
1513350638735580,1513350638735600,1024,32,32,51,20
1513350638739446,1513350638739464,1024,32,32,56,18
1513350638743293,1513350638743311,1024,32,32,56,18
1513350638747152,1513350638747171,1024,32,32,53,19
1513350638751009,1513350638751027,1024,32,32,56,18
1513350638754858,1513350638754876,1024,32,32,56,18
1513350638758728,1513350638758745,1024,32,32,60,17
1513350638762570,1513350638762588,1024,32,32,56,18
1513350638766411,1513350638766429,1024,32,32,56,18
1513350638770253,1513350638770271,1024,32,32,56,18
1513350638774069,1513350638774087,1024,32,32,56,18
1513350638777892,1513350638777910,1024,32,32,56,18
1513350638781725,1513350638781743,1024,32,32,56,18
1513350638785551,1513350638785568,1024,32,32,60,17
1513350638789394,1513350638789412,1024,32,32,56,18
1513350638793225,1513350638793244,1024,32,32,53,19
1513350638797045,1513350638797063,1024,32,32,56,18
1513350638800903,1513350638800924,1024,32,32,48,21
1513350638804759,1513350638804777,1024,32,32,56,18
1513350638808614,1513350638808632,1024,32,32,56,18
1513350638812453,1513350638812471,1024,32,32,56,18
1513350638816299,1513350638816317,1024,32,32,56,18
1513350638820144,1513350638820161,1024,32,32,60,17
1513350638823993,1513350638824011,1024,32,32,56,18
1513350638827831,1513350638827849,1024,32,32,56,18
1513350638831661,1513350638831679,1024,32,32,56,18
1513350638835501,1513350638835519,1024,32,32,56,18
1513350638839345,1513350638839364,1024,32,32,53,19
1513350638843169,1513350638843186,1024,32,32,60,17
1513350638846983,1513350638847002,1024,32,32,53,19
1513350638850820,1513350638850838,1024,32,32,56,18
1513350638854643,1513350638854661,1024,32,32,56,18
1513350638858485,1513350638858503,1024,32,32,56,18
1513350638862328,1513350638862347,1024,32,32,53,19
1513350638866168,1513350638866186,1024,32,32,56,18
1513350638870041,1513350638870059,1024,32,32,56,18
1513350638873876,1513350638873894,1024,32,32,56,18
1513350638877716,1513350638877734,1024,32,32,56,18
1513350638881562,1513350638881580,1024,32,32,56,18
1513350638885391,1513350638885409,1024,32,32,56,18
1513350638889241,1513350638889258,1024,32,32,60,17
1513350638893079,1513350638893099,1024,32,32,51,20
1513350638896927,1513350638896945,1024,32,32,56,18
1513350638900775,1513350638900792,1024,32,32,60,17
1513350638904621,1513350638904639,1024,32,32,56,18
1513350638908474,1513350638908492,1024,32,32,56,18
1513350638912344,1513350638912361,1024,32,32,60,17
1513350638916182,1513350638916199,1024,32,32,60,17
1513350638920031,1513350638920050,1024,32,32,53,19
1513350638923884,1513350638923902,1024,32,32,56,18
1513350638927719,1513350638927738,1024,32,32,53,19
1513350638931531,1513350638931549,1024,32,32,56,18
1513350638935352,1513350638935370,1024,32,32,56,18
1513350638939193,1513350638939212,1024,32,32,53,19
1513350638943037,1513350638943056,1024,32,32,53,19
1513350638946879,1513350638946898,1024,32,32,53,19
1513350638950715,1513350638950734,1024,32,32,53,19
1513350638954550,1513350638954569,1024,32,32,53,19
1513350638958398,1513350638958416,1024,32,32,56,18
1513350638962233,1513350638962252,1024,32,32,53,19
1513350638966072,1513350638966091,1024,32,32,53,19
1513350638969928,1513350638969946,1024,32,32,56,18
1513350638973757,1513350638973775,1024,32,32,56,18
1513350638977603,1513350638977620,1024,32,32,60,17
1513350638981427,1513350638981445,1024,32,32,56,18
1513350638985275,1513350638985293,1024,32,32,56,18
1513350638989109,1513350638989127,1024,32,32,56,18
1513350638992937,1513350638992955,1024,32,32,56,18
1513350638996763,1513350638996781,1024,32,32,56,18
1513350639000611,1513350639000629,1024,32,32,56,18
1513350639004450,1513350639004469,1024,32,32,53,19
1513350639008290,1513350639008308,1024,32,32,56,18
1513350639012116,1513350639012133,1024,32,32,60,17
1513350639015938,1513350639015956,1024,32,32,56,18
1513350639019768,1513350639019787,1024,32,32,53,19
1513350639023598,1513350639023616,1024,32,32,56,18
1513350639027434,1513350639027455,1024,32,32,48,21
1513350639031279,1513350639031297,1024,32,32,56,18
1513350639035120,1513350639035138,1024,32,32,56,18
1513350639038940,1513350639038958,1024,32,32,56,18
1513350639042778,1513350639042796,1024,32,32,56,18
1513350639046618,1513350639046636,1024,32,32,56,18
1513350639050462,1513350639050482,1024,32,32,51,20
1513350639054287,1513350639054305,1024,32,32,56,18
1513350639058115,1513350639058134,1024,32,32,53,19
1513350639061944,1513350639061962,1024,32,32,56,18
1513350639065776,1513350639065795,1024,32,32,53,19
1513350639069590,1513350639069608,1024,32,32,56,18
1513350639073413,1513350639073432,1024,32,32,53,19
1513350639077236,1513350639077255,1024,32,32,53,19
1513350639081050,1513350639081069,1024,32,32,53,19
1513350639084876,1513350639084894,1024,32,32,56,18
1513350639088722,1513350639088740,1024,32,32,56,18
1513350639092556,1513350639092574,1024,32,32,56,18
1513350639096382,1513350639096401,1024,32,32,53,19
1513350639100207,1513350639100225,1024,32,32,56,18
1513350639104029,1513350639104048,1024,32,32,53,19
1513350639107846,1513350639107865,1024,32,32,53,19
1513350639111675,1513350639111695,1024,32,32,51,20
1513350639115496,1513350639115514,1024,32,32,56,18
1513350639119313,1513350639119332,1024,32,32,53,19
1513350639123153,1513350639123172,1024,32,32,53,19
1513350639126975,1513350639126993,1024,32,32,56,18
1513350639130787,1513350639130805,1024,32,32,56,18
1513350639134628,1513350639134649,1024,32,32,48,21
1513350639138473,1513350639138491,1024,32,32,56,18
1513350639142308,1513350639142326,1024,32,32,56,18
1513350639146142,1513350639146160,1024,32,32,56,18
1513350639149983,1513350639150002,1024,32,32,53,19
1513350639153819,1513350639153838,1024,32,32,53,19
1513350639157658,1513350639157676,1024,32,32,56,18
1513350639161497,1513350639161515,1024,32,32,56,18
1513350639165320,1513350639165342,1024,32,32,46,22
1513350639169164,1513350639169182,1024,32,32,56,18
1513350639172992,1513350639173010,1024,32,32,56,18
1513350639176829,1513350639176847,1024,32,32,56,18
1513350639180656,1513350639180676,1024,32,32,51,20
1513350639184492,1513350639184510,1024,32,32,56,18
1513350639188336,1513350639188354,1024,32,32,56,18
1513350639192194,1513350639192215,1024,32,32,48,21
1513350639196044,1513350639196063,1024,32,32,53,19
1513350639199891,1513350639199910,1024,32,32,53,19
1513350639203737,1513350639203755,1024,32,32,56,18
1513350639207572,1513350639207590,1024,32,32,56,18
1513350639211428,1513350639211446,1024,32,32,56,18
1513350639215281,1513350639215299,1024,32,32,56,18
1513350639219132,1513350639219152,1024,32,32,51,20
1513350639222967,1513350639222986,1024,32,32,53,19
1513350639226808,1513350639226828,1024,32,32,51,20
1513350639230658,1513350639230676,1024,32,32,56,18
1513350639234524,1513350639234542,1024,32,32,56,18
1513350639238351,1513350639238370,1024,32,32,53,19
1513350639242181,1513350639242199,1024,32,32,56,18
1513350639246001,1513350639246019,1024,32,32,56,18
1513350639249835,1513350639249853,1024,32,32,56,18
1513350639253685,1513350639253705,1024,32,32,51,20
1513350639257530,1513350639257548,1024,32,32,56,18
1513350639261361,1513350639261379,1024,32,32,56,18
1513350639265184,1513350639265202,1024,32,32,56,18
1513350639269006,1513350639269024,1024,32,32,56,18
1513350639272827,1513350639272845,1024,32,32,56,18
1513350639276642,1513350639276662,1024,32,32,51,20
1513350639280482,1513350639280502,1024,32,32,51,20
1513350639284317,1513350639284335,1024,32,32,56,18
1513350639288120,1513350639288138,1024,32,32,56,18
1513350639291949,1513350639291967,1024,32,32,56,18
1513350639295790,1513350639295807,1024,32,32,60,17
1513350639299625,1513350639299645,1024,32,32,51,20
1513350639303445,1513350639303463,1024,32,32,56,18
1513350639307269,1513350639307288,1024,32,32,53,19
1513350639311087,1513350639311105,1024,32,32,56,18
1513350639314925,1513350639314943,1024,32,32,56,18
1513350639318754,1513350639318773,1024,32,32,53,19
1513350639322599,1513350639322617,1024,32,32,56,18
1513350639326437,1513350639326456,1024,32,32,53,19
1513350639330270,1513350639330289,1024,32,32,53,19
1513350639334108,1513350639334126,1024,32,32,56,18
1513350639337946,1513350639337964,1024,32,32,56,18
1513350639341779,1513350639341797,1024,32,32,56,18
1513350639345630,1513350639345648,1024,32,32,56,18
1513350639349466,1513350639349484,1024,32,32,56,18
1513350639353327,1513350639353346,1024,32,32,53,19
1513350639357167,1513350639357185,1024,32,32,56,18
1513350639360994,1513350639361012,1024,32,32,56,18
1513350639364821,1513350639364839,1024,32,32,56,18
1513350639368638,1513350639368656,1024,32,32,56,18
1513350639372474,1513350639372493,1024,32,32,53,19
1513350639376304,1513350639376322,1024,32,32,56,18
1513350639380138,1513350639380157,1024,32,32,53,19
1513350639383961,1513350639383979,1024,32,32,56,18
1513350639387782,1513350639387800,1024,32,32,56,18
1513350639391594,1513350639391618,1024,32,32,42,24
1513350639395424,1513350639395442,1024,32,32,56,18
1513350639399253,1513350639399273,1024,32,32,51,20
1513350639403069,1513350639403088,1024,32,32,53,19
1513350639406908,1513350639406928,1024,32,32,51,20
1513350639410746,1513350639410765,1024,32,32,53,19
1513350639414568,1513350639414587,1024,32,32,53,19
1513350639418369,1513350639418387,1024,32,32,56,18
1513350639422187,1513350639422205,1024,32,32,56,18
1513350639426001,1513350639426019,1024,32,32,56,18
1513350639429821,1513350639429840,1024,32,32,53,19
1513350639433636,1513350639433656,1024,32,32,51,20
1513350639437460,1513350639437478,1024,32,32,56,18
1513350639441301,1513350639441321,1024,32,32,51,20
1513350639445124,1513350639445142,1024,32,32,56,18
1513350639448953,1513350639448971,1024,32,32,56,18
1513350639452782,1513350639452800,1024,32,32,56,18
1513350639456596,1513350639456615,1024,32,32,53,19
1513350639460404,1513350639460423,1024,32,32,53,19
1513350639464231,1513350639464249,1024,32,32,56,18
1513350639468066,1513350639468084,1024,32,32,56,18
1513350639471888,1513350639471907,1024,32,32,53,19
1513350639475709,1513350639475727,1024,32,32,56,18
1513350639479527,1513350639479546,1024,32,32,53,19
1513350639483360,1513350639483378,1024,32,32,56,18
1513350639487180,1513350639487198,1024,32,32,56,18
1513350639490999,1513350639491017,1024,32,32,56,18
1513350639494824,1513350639494842,1024,32,32,56,18
1513350639498674,1513350639498692,1024,32,32,56,18
1513350639502500,1513350639502518,1024,32,32,56,18
1513350639506330,1513350639506349,1024,32,32,53,19
1513350639510139,1513350639510157,1024,32,32,56,18
1513350639513972,1513350639513990,1024,32,32,56,18
1513350639517798,1513350639517816,1024,32,32,56,18
1513350639521607,1513350639521625,1024,32,32,56,18
1513350639525407,1513350639525425,1024,32,32,56,18
1513350639529235,1513350639529255,1024,32,32,51,20
1513350639533058,1513350639533077,1024,32,32,53,19
1513350639536869,1513350639536888,1024,32,32,53,19
1513350639540674,1513350639540692,1024,32,32,56,18
1513350639544488,1513350639544506,1024,32,32,56,18
1513350639548323,1513350639548342,1024,32,32,53,19
1513350639552145,1513350639552164,1024,32,32,53,19
1513350639555970,1513350639555988,1024,32,32,56,18
1513350639559784,1513350639559805,1024,32,32,48,21
1513350639563633,1513350639563652,1024,32,32,53,19
1513350639567479,1513350639567497,1024,32,32,56,18
1513350639571314,1513350639571332,1024,32,32,56,18
1513350639575147,1513350639575166,1024,32,32,53,19
1513350639578979,1513350639579001,1024,32,32,46,22
1513350639582806,1513350639582824,1024,32,32,56,18
1513350639586623,1513350639586641,1024,32,32,56,18
1513350639590439,1513350639590458,1024,32,32,53,19
1513350639594276,1513350639594294,1024,32,32,56,18
1513350639598108,1513350639598126,1024,32,32,56,18
1513350639601950,1513350639601969,1024,32,32,53,19
1513350639605763,1513350639605780,1024,32,32,60,17
1513350639609586,1513350639609604,1024,32,32,56,18
1513350639613428,1513350639613446,1024,32,32,56,18
1513350639617285,1513350639617303,1024,32,32,56,18
1513350639621110,1513350639621128,1024,32,32,56,18
1513350639624946,1513350639624964,1024,32,32,56,18
1513350639628785,1513350639628803,1024,32,32,56,18
1513350639632637,1513350639632656,1024,32,32,53,19
1513350639636487,1513350639636505,1024,32,32,56,18
1513350639640334,1513350639640352,1024,32,32,56,18
1513350639644163,1513350639644182,1024,32,32,53,19
1513350639647994,1513350639648012,1024,32,32,56,18
1513350639651829,1513350639651847,1024,32,32,56,18
1513350639655648,1513350639655668,1024,32,32,51,20
1513350639659463,1513350639659481,1024,32,32,56,18
1513350639663272,1513350639663290,1024,32,32,56,18
1513350639667079,1513350639667098,1024,32,32,53,19
1513350639670930,1513350639670949,1024,32,32,53,19
1513350639674747,1513350639674766,1024,32,32,53,19
1513350639678567,1513350639678585,1024,32,32,56,18
1513350639682413,1513350639682431,1024,32,32,56,18
1513350639686249,1513350639686268,1024,32,32,53,19
1513350639690077,1513350639690095,1024,32,32,56,18
1513350639693913,1513350639693931,1024,32,32,56,18
1513350639697730,1513350639697748,1024,32,32,56,18
1513350639701555,1513350639701573,1024,32,32,56,18
1513350639705388,1513350639705406,1024,32,32,56,18
1513350639709209,1513350639709229,1024,32,32,51,20
1513350639713033,1513350639713052,1024,32,32,53,19
1513350639716882,1513350639716901,1024,32,32,53,19
1513350639720738,1513350639720757,1024,32,32,53,19
1513350639724582,1513350639724600,1024,32,32,56,18
1513350639728406,1513350639728424,1024,32,32,56,18
1513350639732228,1513350639732249,1024,32,32,48,21
1513350639736056,1513350639736074,1024,32,32,56,18
1513350639739881,1513350639739900,1024,32,32,53,19
1513350639743711,1513350639743729,1024,32,32,56,18
1513350639747560,1513350639747578,1024,32,32,56,18
1513350639751388,1513350639751406,1024,32,32,56,18
1513350639755215,1513350639755233,1024,32,32,56,18
1513350639759044,1513350639759064,1024,32,32,51,20
1513350639762869,1513350639762887,1024,32,32,56,18
1513350639766714,1513350639766734,1024,32,32,51,20
1513350639770587,1513350639770605,1024,32,32,56,18
1513350639774466,1513350639774484,1024,32,32,56,18
1513350639778326,1513350639778346,1024,32,32,51,20
1513350639782184,1513350639782202,1024,32,32,56,18
1513350639786025,1513350639786043,1024,32,32,56,18
1513350639789849,1513350639789867,1024,32,32,56,18
1513350639793704,1513350639793722,1024,32,32,56,18
1513350639797546,1513350639797564,1024,32,32,56,18
1513350639801365,1513350639801384,1024,32,32,53,19
1513350639805197,1513350639805215,1024,32,32,56,18
1513350639809010,1513350639809028,1024,32,32,56,18
1513350639812816,1513350639812834,1024,32,32,56,18
1513350639816633,1513350639816653,1024,32,32,51,20
1513350639820456,1513350639820474,1024,32,32,56,18
1513350639824276,1513350639824296,1024,32,32,51,20
1513350639828084,1513350639828102,1024,32,32,56,18
1513350639831910,1513350639831931,1024,32,32,48,21
1513350639835735,1513350639835754,1024,32,32,53,19
1513350639839575,1513350639839593,1024,32,32,56,18
1513350639843414,1513350639843432,1024,32,32,56,18
1513350639847252,1513350639847270,1024,32,32,56,18
1513350639851091,1513350639851109,1024,32,32,56,18
1513350639854921,1513350639854939,1024,32,32,56,18
1513350639858742,1513350639858760,1024,32,32,56,18
1513350639862578,1513350639862598,1024,32,32,51,20
1513350639866439,1513350639866458,1024,32,32,53,19
1513350639870295,1513350639870313,1024,32,32,56,18
1513350639874146,1513350639874165,1024,32,32,53,19
1513350639877993,1513350639878012,1024,32,32,53,19
1513350639881837,1513350639881855,1024,32,32,56,18
1513350639885658,1513350639885676,1024,32,32,56,18
1513350639889473,1513350639889492,1024,32,32,53,19
1513350639893289,1513350639893308,1024,32,32,53,19
1513350639897116,1513350639897135,1024,32,32,53,19
1513350639900964,1513350639900983,1024,32,32,53,19
1513350639904784,1513350639904805,1024,32,32,48,21
1513350639908616,1513350639908636,1024,32,32,51,20
1513350639912446,1513350639912464,1024,32,32,56,18
1513350639916261,1513350639916280,1024,32,32,53,19
1513350639920068,1513350639920086,1024,32,32,56,18
1513350639923890,1513350639923908,1024,32,32,56,18
1513350639927728,1513350639927746,1024,32,32,56,18
1513350639931579,1513350639931599,1024,32,32,51,20
1513350639935424,1513350639935442,1024,32,32,56,18
1513350639939251,1513350639939269,1024,32,32,56,18
1513350639943094,1513350639943112,1024,32,32,56,18
1513350639946911,1513350639946929,1024,32,32,56,18
1513350639950736,1513350639950756,1024,32,32,51,20
1513350639954572,1513350639954591,1024,32,32,53,19
1513350639958411,1513350639958431,1024,32,32,51,20
1513350639962234,1513350639962252,1024,32,32,56,18
1513350639966069,1513350639966087,1024,32,32,56,18
1513350639969897,1513350639969914,1024,32,32,60,17
1513350639973722,1513350639973740,1024,32,32,56,18
1513350639977544,1513350639977563,1024,32,32,53,19
1513350639981363,1513350639981381,1024,32,32,56,18
1513350639985179,1513350639985199,1024,32,32,51,20
1513350639988986,1513350639989004,1024,32,32,56,18
1513350639992807,1513350639992825,1024,32,32,56,18
1513350639996623,1513350639996641,1024,32,32,56,18
1513350640000437,1513350640000455,1024,32,32,56,18
1513350640004235,1513350640004255,1024,32,32,51,20
1513350640008050,1513350640008069,1024,32,32,53,19
1513350640011865,1513350640011883,1024,32,32,56,18
1513350640015685,1513350640015703,1024,32,32,56,18
1513350640019507,1513350640019525,1024,32,32,56,18
1513350640023330,1513350640023350,1024,32,32,51,20
1513350640027159,1513350640027178,1024,32,32,53,19
1513350640030996,1513350640031014,1024,32,32,56,18
1513350640034820,1513350640034838,1024,32,32,56,18
1513350640038670,1513350640038688,1024,32,32,56,18
1513350640042488,1513350640042506,1024,32,32,56,18
1513350640046318,1513350640046338,1024,32,32,51,20
1513350640050133,1513350640050151,1024,32,32,56,18
1513350640053949,1513350640053969,1024,32,32,51,20
1513350640057764,1513350640057782,1024,32,32,56,18
1513350640061609,1513350640061627,1024,32,32,56,18
1513350640065447,1513350640065465,1024,32,32,56,18
1513350640069279,1513350640069297,1024,32,32,56,18
1513350640073111,1513350640073130,1024,32,32,53,19
1513350640077006,1513350640077024,1024,32,32,56,18
1513350640080877,1513350640080896,1024,32,32,53,19
1513350640084725,1513350640084746,1024,32,32,48,21
1513350640088560,1513350640088578,1024,32,32,56,18
1513350640092381,1513350640092399,1024,32,32,56,18
1513350640096224,1513350640096241,1024,32,32,60,17
1513350640100037,1513350640100056,1024,32,32,53,19
1513350640103867,1513350640103885,1024,32,32,56,18
1513350640107710,1513350640107729,1024,32,32,53,19
1513350640111545,1513350640111562,1024,32,32,60,17
1513350640115384,1513350640115402,1024,32,32,56,18
1513350640119217,1513350640119235,1024,32,32,56,18
1513350640123071,1513350640123090,1024,32,32,53,19
1513350640126906,1513350640126924,1024,32,32,56,18
1513350640130730,1513350640130750,1024,32,32,51,20
1513350640134575,1513350640134593,1024,32,32,56,18
1513350640138413,1513350640138431,1024,32,32,56,18
1513350640142225,1513350640142245,1024,32,32,51,20
1513350640146061,1513350640146080,1024,32,32,53,19
1513350640149921,1513350640149939,1024,32,32,56,18
1513350640153770,1513350640153788,1024,32,32,56,18
1513350640157609,1513350640157627,1024,32,32,56,18
1513350640161444,1513350640161462,1024,32,32,56,18
1513350640165271,1513350640165291,1024,32,32,51,20
1513350640169105,1513350640169123,1024,32,32,56,18
1513350640172942,1513350640172960,1024,32,32,56,18
1513350640176792,1513350640176812,1024,32,32,51,20
1513350640180648,1513350640180667,1024,32,32,53,19
1513350640184485,1513350640184504,1024,32,32,53,19
1513350640188310,1513350640188330,1024,32,32,51,20
1513350640192147,1513350640192166,1024,32,32,53,19
1513350640195991,1513350640196012,1024,32,32,48,21
1513350640199813,1513350640199831,1024,32,32,56,18
1513350640203636,1513350640203655,1024,32,32,53,19
1513350640207465,1513350640207486,1024,32,32,48,21
1513350640211326,1513350640211345,1024,32,32,53,19
1513350640215151,1513350640215169,1024,32,32,56,18
1513350640218980,1513350640219002,1024,32,32,46,22
1513350640222817,1513350640222837,1024,32,32,51,20
1513350640226674,1513350640226692,1024,32,32,56,18
1513350640230503,1513350640230523,1024,32,32,51,20
1513350640234320,1513350640234340,1024,32,32,51,20
1513350640238147,1513350640238166,1024,32,32,53,19
1513350640241981,1513350640242001,1024,32,32,51,20
1513350640245812,1513350640245831,1024,32,32,53,19
1513350640249632,1513350640249650,1024,32,32,56,18
1513350640253439,1513350640253457,1024,32,32,56,18
1513350640257256,1513350640257276,1024,32,32,51,20
1513350640261073,1513350640261091,1024,32,32,56,18
1513350640264895,1513350640264914,1024,32,32,53,19
1513350640268742,1513350640268760,1024,32,32,56,18
1513350640272582,1513350640272601,1024,32,32,53,19
1513350640276415,1513350640276433,1024,32,32,56,18
1513350640280257,1513350640280276,1024,32,32,53,19
1513350640284087,1513350640284105,1024,32,32,56,18
1513350640287932,1513350640287951,1024,32,32,53,19
1513350640291762,1513350640291780,1024,32,32,56,18
1513350640295576,1513350640295595,1024,32,32,53,19
1513350640299404,1513350640299422,1024,32,32,56,18
1513350640303235,1513350640303255,1024,32,32,51,20
1513350640307061,1513350640307081,1024,32,32,51,20
1513350640310886,1513350640310904,1024,32,32,56,18
1513350640314688,1513350640314707,1024,32,32,53,19
1513350640318515,1513350640318534,1024,32,32,53,19
1513350640322344,1513350640322361,1024,32,32,60,17
1513350640326173,1513350640326191,1024,32,32,56,18
1513350640330003,1513350640330022,1024,32,32,53,19
1513350640333868,1513350640333886,1024,32,32,56,18
1513350640337708,1513350640337726,1024,32,32,56,18
1513350640341533,1513350640341551,1024,32,32,56,18
1513350640345351,1513350640345370,1024,32,32,53,19
1513350640349169,1513350640349187,1024,32,32,56,18
1513350640352988,1513350640353008,1024,32,32,51,20
1513350640356799,1513350640356818,1024,32,32,53,19
1513350640360611,1513350640360629,1024,32,32,56,18
1513350640364420,1513350640364439,1024,32,32,53,19
1513350640368254,1513350640368274,1024,32,32,51,20
1513350640372090,1513350640372108,1024,32,32,56,18
1513350640375907,1513350640375927,1024,32,32,51,20
1513350640379730,1513350640379749,1024,32,32,53,19
1513350640383569,1513350640383587,1024,32,32,56,18
1513350640387423,1513350640387443,1024,32,32,51,20
1513350640391288,1513350640391306,1024,32,32,56,18
1513350640395132,1513350640395150,1024,32,32,56,18
1513350640398966,1513350640398984,1024,32,32,56,18
1513350640402786,1513350640402806,1024,32,32,51,20
1513350640406613,1513350640406634,1024,32,32,48,21
1513350640410439,1513350640410457,1024,32,32,56,18
1513350640414267,1513350640414285,1024,32,32,56,18
1513350640418097,1513350640418115,1024,32,32,56,18
1513350640421913,1513350640421932,1024,32,32,53,19
1513350640425734,1513350640425752,1024,32,32,56,18
1513350640429577,1513350640429595,1024,32,32,56,18
1513350640433413,1513350640433431,1024,32,32,56,18
1513350640437248,1513350640437266,1024,32,32,56,18
1513350640441073,1513350640441092,1024,32,32,53,19
1513350640444925,1513350640444943,1024,32,32,56,18
1513350640448750,1513350640448769,1024,32,32,53,19
1513350640452576,1513350640452594,1024,32,32,56,18
1513350640456394,1513350640456415,1024,32,32,48,21
1513350640460216,1513350640460234,1024,32,32,56,18
1513350640464041,1513350640464059,1024,32,32,56,18
1513350640467874,1513350640467893,1024,32,32,53,19
1513350640471706,1513350640471724,1024,32,32,56,18
1513350640475524,1513350640475542,1024,32,32,56,18
1513350640479335,1513350640479354,1024,32,32,53,19
1513350640483140,1513350640483158,1024,32,32,56,18
1513350640486948,1513350640486966,1024,32,32,56,18
1513350640490769,1513350640490787,1024,32,32,56,18
1513350640494599,1513350640494617,1024,32,32,56,18
1513350640498431,1513350640498449,1024,32,32,56,18
1513350640502266,1513350640502284,1024,32,32,56,18
1513350640506092,1513350640506112,1024,32,32,51,20
1513350640509927,1513350640509945,1024,32,32,56,18
1513350640513765,1513350640513784,1024,32,32,53,19
1513350640517607,1513350640517625,1024,32,32,56,18
1513350640521444,1513350640521463,1024,32,32,53,19
1513350640525262,1513350640525281,1024,32,32,53,19
1513350640529088,1513350640529108,1024,32,32,51,20
1513350640532907,1513350640532928,1024,32,32,48,21
1513350640536726,1513350640536745,1024,32,32,53,19
1513350640540544,1513350640540562,1024,32,32,56,18
1513350640544359,1513350640544377,1024,32,32,56,18
1513350640548164,1513350640548182,1024,32,32,56,18
1513350640551994,1513350640552014,1024,32,32,51,20
1513350640555833,1513350640555851,1024,32,32,56,18
1513350640559673,1513350640559692,1024,32,32,53,19
1513350640563514,1513350640563533,1024,32,32,53,19
1513350640567342,1513350640567360,1024,32,32,56,18
1513350640571173,1513350640571192,1024,32,32,53,19
1513350640574992,1513350640575010,1024,32,32,56,18
1513350640578821,1513350640578839,1024,32,32,56,18
1513350640582644,1513350640582662,1024,32,32,56,18
1513350640586459,1513350640586478,1024,32,32,53,19
1513350640590291,1513350640590309,1024,32,32,56,18
1513350640594122,1513350640594142,1024,32,32,51,20
1513350640597975,1513350640597993,1024,32,32,56,18
1513350640601815,1513350640601834,1024,32,32,53,19
1513350640605668,1513350640605686,1024,32,32,56,18
1513350640609522,1513350640609543,1024,32,32,48,21
1513350640613372,1513350640613390,1024,32,32,56,18
1513350640617213,1513350640617232,1024,32,32,53,19
1513350640621047,1513350640621066,1024,32,32,53,19
1513350640624876,1513350640624897,1024,32,32,48,21
1513350640628714,1513350640628732,1024,32,32,56,18
1513350640632554,1513350640632572,1024,32,32,56,18
1513350640636374,1513350640636392,1024,32,32,56,18
1513350640640207,1513350640640225,1024,32,32,56,18
1513350640644041,1513350640644061,1024,32,32,51,20
1513350640647876,1513350640647896,1024,32,32,51,20
1513350640651732,1513350640651751,1024,32,32,53,19
1513350640655563,1513350640655581,1024,32,32,56,18
1513350640659428,1513350640659447,1024,32,32,53,19
1513350640663296,1513350640663314,1024,32,32,56,18
1513350640667154,1513350640667172,1024,32,32,56,18
1513350640671006,1513350640671024,1024,32,32,56,18
1513350640674835,1513350640674853,1024,32,32,56,18
1513350640678656,1513350640678674,1024,32,32,56,18
1513350640682509,1513350640682527,1024,32,32,56,18
1513350640686339,1513350640686356,1024,32,32,60,17
1513350640690164,1513350640690183,1024,32,32,53,19
1513350640693976,1513350640693995,1024,32,32,53,19
1513350640697810,1513350640697828,1024,32,32,56,18
1513350640701640,1513350640701659,1024,32,32,53,19
1513350640705454,1513350640705472,1024,32,32,56,18
1513350640709281,1513350640709299,1024,32,32,56,18
1513350640713090,1513350640713108,1024,32,32,56,18
1513350640716902,1513350640716920,1024,32,32,56,18
1513350640720727,1513350640720745,1024,32,32,56,18
1513350640724547,1513350640724566,1024,32,32,53,19
1513350640728376,1513350640728394,1024,32,32,56,18
1513350640732197,1513350640732216,1024,32,32,53,19
1513350640735986,1513350640736005,1024,32,32,53,19
1513350640739820,1513350640739839,1024,32,32,53,19
1513350640743651,1513350640743670,1024,32,32,53,19
1513350640747488,1513350640747506,1024,32,32,56,18
1513350640751332,1513350640751350,1024,32,32,56,18
1513350640755181,1513350640755200,1024,32,32,53,19
1513350640759016,1513350640759034,1024,32,32,56,18
1513350640762869,1513350640762887,1024,32,32,56,18
1513350640766732,1513350640766752,1024,32,32,51,20
1513350640770582,1513350640770600,1024,32,32,56,18
1513350640774404,1513350640774423,1024,32,32,53,19
1513350640778233,1513350640778251,1024,32,32,56,18
1513350640782053,1513350640782072,1024,32,32,53,19
1513350640785879,1513350640785897,1024,32,32,56,18
1513350640789702,1513350640789722,1024,32,32,51,20
1513350640793544,1513350640793562,1024,32,32,56,18
1513350640797356,1513350640797377,1024,32,32,48,21
