1513350940824272,1513350940826539,1048576,32768,32,462,2267
1513350940840606,1513350940842747,1048576,32768,32,489,2141
1513350940854720,1513350940856612,1048576,32768,32,554,1892
1513350940867917,1513350940869821,1048576,32768,32,550,1904
1513350940881145,1513350940883040,1048576,32768,32,553,1895
1513350940894314,1513350940896204,1048576,32768,32,554,1890
1513350940907497,1513350940909394,1048576,32768,32,552,1897
1513350940920765,1513350940922609,1048576,32768,32,568,1844
1513350940933578,1513350940935424,1048576,32768,32,568,1846
1513350940946394,1513350940948241,1048576,32768,32,567,1847
1513350940959211,1513350940961056,1048576,32768,32,568,1845
1513350940972098,1513350940973954,1048576,32768,32,564,1856
1513350940984956,1513350940986545,1048576,32768,32,659,1589
1513350940997547,1513350940999153,1048576,32768,32,652,1606
1513350941010160,1513350941011762,1048576,32768,32,654,1602
1513350941022883,1513350941024488,1048576,32768,32,653,1605
1513350941035546,1513350941037196,1048576,32768,32,635,1650
1513350941048191,1513350941049793,1048576,32768,32,654,1602
1513350941060773,1513350941062373,1048576,32768,32,655,1600
1513350941073385,1513350941074986,1048576,32768,32,654,1601
1513350941085967,1513350941087564,1048576,32768,32,656,1597
1513350941098545,1513350941100200,1048576,32768,32,633,1655
1513350941111184,1513350941112790,1048576,32768,32,652,1606
1513350941123872,1513350941125497,1048576,32768,32,645,1625
1513350941136511,1513350941138153,1048576,32768,32,638,1642
1513350941149180,1513350941150782,1048576,32768,32,654,1602
1513350941161854,1513350941163462,1048576,32768,32,652,1608
1513350941174442,1513350941176085,1048576,32768,32,638,1643
1513350941187143,1513350941188781,1048576,32768,32,640,1638
1513350941199840,1513350941201446,1048576,32768,32,652,1606
1513350941212445,1513350941214097,1048576,32768,32,634,1652
1513350941225230,1513350941226831,1048576,32768,32,654,1601
1513350941237875,1513350941239527,1048576,32768,32,634,1652
1513350941250526,1513350941252174,1048576,32768,32,636,1648
1513350941263149,1513350941264781,1048576,32768,32,642,1632
1513350941275850,1513350941277469,1048576,32768,32,647,1619
1513350941288610,1513350941290211,1048576,32768,32,654,1601
1513350941301189,1513350941302799,1048576,32768,32,651,1610
1513350941313865,1513350941315465,1048576,32768,32,655,1600
1513350941326508,1513350941328100,1048576,32768,32,658,1592
1513350941339103,1513350941340696,1048576,32768,32,658,1593
1513350941351741,1513350941353391,1048576,32768,32,635,1650
1513350941364481,1513350941366118,1048576,32768,32,640,1637
1513350941377131,1513350941378736,1048576,32768,32,653,1605
1513350941389771,1513350941391405,1048576,32768,32,641,1634
1513350941402533,1513350941404109,1048576,32768,32,665,1576
1513350941415116,1513350941416737,1048576,32768,32,646,1621
1513350941427863,1513350941429495,1048576,32768,32,642,1632
1513350941440541,1513350941442185,1048576,32768,32,637,1644
1513350941453153,1513350941454747,1048576,32768,32,657,1594
1513350941465767,1513350941467391,1048576,32768,32,645,1624
1513350941478473,1513350941480109,1048576,32768,32,640,1636
1513350941491210,1513350941492812,1048576,32768,32,654,1602
1513350941503939,1513350941505582,1048576,32768,32,638,1643
1513350941516632,1513350941518279,1048576,32768,32,636,1647
1513350941529315,1513350941530916,1048576,32768,32,654,1601
1513350941541900,1513350941543552,1048576,32768,32,634,1652
1513350941554538,1513350941556187,1048576,32768,32,635,1649
1513350941567173,1513350941568775,1048576,32768,32,654,1602
1513350941579787,1513350941581380,1048576,32768,32,658,1593
1513350941592400,1513350941593998,1048576,32768,32,656,1598
1513350941604982,1513350941606632,1048576,32768,32,635,1650
1513350941617665,1513350941619309,1048576,32768,32,637,1644
1513350941630358,1513350941631997,1048576,32768,32,639,1639
1513350941642997,1513350941644626,1048576,32768,32,643,1629
1513350941655685,1513350941657341,1048576,32768,32,633,1656
1513350941668367,1513350941670003,1048576,32768,32,640,1636
1513350941681130,1513350941682755,1048576,32768,32,645,1625
1513350941693887,1513350941695502,1048576,32768,32,649,1615
1513350941706586,1513350941708197,1048576,32768,32,650,1611
1513350941719189,1513350941720825,1048576,32768,32,640,1636
1513350941731881,1513350941733500,1048576,32768,32,647,1619
1513350941744552,1513350941746192,1048576,32768,32,639,1640
1513350941757222,1513350941758823,1048576,32768,32,654,1601
1513350941769840,1513350941771442,1048576,32768,32,654,1602
1513350941782486,1513350941784084,1048576,32768,32,656,1598
1513350941795054,1513350941796652,1048576,32768,32,656,1598
1513350941807648,1513350941809245,1048576,32768,32,656,1597
1513350941820234,1513350941821828,1048576,32768,32,657,1594
1513350941832885,1513350941834485,1048576,32768,32,655,1600
1513350941845437,1513350941847034,1048576,32768,32,656,1597
1513350941858081,1513350941859678,1048576,32768,32,656,1597
1513350941870700,1513350941872297,1048576,32768,32,656,1597
1513350941883278,1513350941884874,1048576,32768,32,657,1596
1513350941895833,1513350941897433,1048576,32768,32,655,1600
1513350941908377,1513350941909972,1048576,32768,32,657,1595
1513350941920988,1513350941922587,1048576,32768,32,655,1599
1513350941933547,1513350941935144,1048576,32768,32,656,1597
1513350941946097,1513350941947700,1048576,32768,32,654,1603
1513350941958664,1513350941960262,1048576,32768,32,656,1598
1513350941971237,1513350941972837,1048576,32768,32,655,1600
1513350941983868,1513350941985473,1048576,32768,32,653,1605
1513350941996479,1513350941998081,1048576,32768,32,654,1602
1513350942009141,1513350942010744,1048576,32768,32,654,1603
1513350942021719,1513350942023318,1048576,32768,32,655,1599
1513350942034291,1513350942035891,1048576,32768,32,655,1600
1513350942046858,1513350942048460,1048576,32768,32,654,1602
1513350942059471,1513350942061066,1048576,32768,32,657,1595
1513350942072021,1513350942073616,1048576,32768,32,657,1595
1513350942084583,1513350942086180,1048576,32768,32,656,1597
1513350942097157,1513350942098753,1048576,32768,32,657,1596
1513350942109726,1513350942111324,1048576,32768,32,656,1598
1513350942122328,1513350942123931,1048576,32768,32,654,1603
1513350942134895,1513350942136500,1048576,32768,32,653,1605
1513350942147499,1513350942149096,1048576,32768,32,656,1597
1513350942160042,1513350942161644,1048576,32768,32,654,1602
1513350942172591,1513350942174190,1048576,32768,32,655,1599
1513350942185164,1513350942186759,1048576,32768,32,657,1595
1513350942197785,1513350942199386,1048576,32768,32,654,1601
1513350942210427,1513350942212022,1048576,32768,32,657,1595
1513350942223022,1513350942224613,1048576,32768,32,659,1591
1513350942235612,1513350942237210,1048576,32768,32,656,1598
1513350942248202,1513350942249802,1048576,32768,32,655,1600
1513350942260914,1513350942262517,1048576,32768,32,654,1603
1513350942273542,1513350942275136,1048576,32768,32,657,1594
1513350942286154,1513350942287750,1048576,32768,32,657,1596
1513350942298749,1513350942300347,1048576,32768,32,656,1598
1513350942311366,1513350942312958,1048576,32768,32,658,1592
1513350942323949,1513350942325550,1048576,32768,32,654,1601
1513350942336574,1513350942338174,1048576,32768,32,655,1600
1513350942349141,1513350942350745,1048576,32768,32,653,1604
1513350942361704,1513350942363304,1048576,32768,32,655,1600
1513350942374271,1513350942375870,1048576,32768,32,655,1599
1513350942386946,1513350942388545,1048576,32768,32,655,1599
1513350942399555,1513350942401155,1048576,32768,32,655,1600
1513350942412141,1513350942413745,1048576,32768,32,653,1604
1513350942424714,1513350942426311,1048576,32768,32,656,1597
1513350942437284,1513350942438888,1048576,32768,32,653,1604
1513350942449896,1513350942451498,1048576,32768,32,654,1602
1513350942462499,1513350942464068,1048576,32768,32,668,1569
1513350942475089,1513350942476656,1048576,32768,32,669,1567
1513350942487652,1513350942489221,1048576,32768,32,668,1569
1513350942500209,1513350942501768,1048576,32768,32,672,1559
1513350942512807,1513350942514375,1048576,32768,32,668,1568
1513350942525361,1513350942526930,1048576,32768,32,668,1569
1513350942537899,1513350942539468,1048576,32768,32,668,1569
1513350942550508,1513350942552076,1048576,32768,32,668,1568
1513350942563026,1513350942564594,1048576,32768,32,668,1568
1513350942575535,1513350942577102,1048576,32768,32,669,1567
1513350942588112,1513350942589686,1048576,32768,32,666,1574
1513350942600668,1513350942602241,1048576,32768,32,666,1573
1513350942613255,1513350942614822,1048576,32768,32,669,1567
1513350942625794,1513350942627367,1048576,32768,32,666,1573
1513350942638410,1513350942639986,1048576,32768,32,665,1576
1513350942650962,1513350942652532,1048576,32768,32,667,1570
1513350942663553,1513350942665124,1048576,32768,32,667,1571
1513350942676113,1513350942677688,1048576,32768,32,665,1575
1513350942688667,1513350942690237,1048576,32768,32,667,1570
1513350942701230,1513350942702802,1048576,32768,32,667,1572
1513350942713784,1513350942715350,1048576,32768,32,669,1566
1513350942726325,1513350942727893,1048576,32768,32,668,1568
1513350942738880,1513350942740453,1048576,32768,32,666,1573
1513350942751455,1513350942753025,1048576,32768,32,667,1570
1513350942764048,1513350942765617,1048576,32768,32,668,1569
1513350942776583,1513350942778148,1048576,32768,32,670,1565
1513350942789150,1513350942790715,1048576,32768,32,670,1565
1513350942801680,1513350942803247,1048576,32768,32,669,1567
1513350942814185,1513350942815757,1048576,32768,32,667,1572
1513350942826762,1513350942828330,1048576,32768,32,668,1568
1513350942839297,1513350942840864,1048576,32768,32,669,1567
1513350942851878,1513350942853449,1048576,32768,32,667,1571
1513350942864418,1513350942865984,1048576,32768,32,669,1566
1513350942876982,1513350942878540,1048576,32768,32,673,1558
1513350942889575,1513350942891145,1048576,32768,32,667,1570
1513350942902141,1513350942903708,1048576,32768,32,669,1567
1513350942914759,1513350942916331,1048576,32768,32,667,1572
1513350942927448,1513350942929014,1048576,32768,32,669,1566
1513350942939987,1513350942941559,1048576,32768,32,667,1572
1513350942952540,1513350942954106,1048576,32768,32,669,1566
1513350942965114,1513350942966685,1048576,32768,32,667,1571
1513350942977715,1513350942979278,1048576,32768,32,670,1563
1513350942990286,1513350942991848,1048576,32768,32,671,1562
1513350943002833,1513350943004399,1048576,32768,32,669,1566
1513350943015402,1513350943016972,1048576,32768,32,667,1570
1513350943027942,1513350943029509,1048576,32768,32,669,1567
1513350943040494,1513350943042059,1048576,32768,32,670,1565
1513350943053072,1513350943054637,1048576,32768,32,670,1565
1513350943065669,1513350943067232,1048576,32768,32,670,1563
1513350943078317,1513350943079888,1048576,32768,32,667,1571
1513350943090924,1513350943092497,1048576,32768,32,666,1573
1513350943103503,1513350943105076,1048576,32768,32,666,1573
1513350943116126,1513350943117699,1048576,32768,32,666,1573
1513350943128748,1513350943130326,1048576,32768,32,664,1578
1513350943141335,1513350943142912,1048576,32768,32,664,1577
1513350943153900,1513350943155477,1048576,32768,32,664,1577
1513350943166509,1513350943168082,1048576,32768,32,666,1573
1513350943179059,1513350943180634,1048576,32768,32,665,1575
1513350943191666,1513350943193238,1048576,32768,32,667,1572
1513350943204208,1513350943205778,1048576,32768,32,667,1570
1513350943216800,1513350943218374,1048576,32768,32,666,1574
1513350943229398,1513350943230970,1048576,32768,32,667,1572
1513350943241955,1513350943243532,1048576,32768,32,664,1577
1513350943254588,1513350943256158,1048576,32768,32,667,1570
1513350943267153,1513350943268731,1048576,32768,32,664,1578
1513350943279750,1513350943281319,1048576,32768,32,668,1569
1513350943292330,1513350943293908,1048576,32768,32,664,1578
1513350943304881,1513350943306454,1048576,32768,32,666,1573
1513350943317455,1513350943319032,1048576,32768,32,664,1577
1513350943330020,1513350943331598,1048576,32768,32,664,1578
1513350943342599,1513350943344179,1048576,32768,32,663,1580
1513350943355189,1513350943356754,1048576,32768,32,670,1565
1513350943367783,1513350943369356,1048576,32768,32,666,1573
1513350943380346,1513350943381922,1048576,32768,32,665,1576
1513350943392989,1513350943394553,1048576,32768,32,670,1564
1513350943405556,1513350943407132,1048576,32768,32,665,1576
1513350943418097,1513350943419669,1048576,32768,32,667,1572
1513350943430667,1513350943432240,1048576,32768,32,666,1573
1513350943443317,1513350943444893,1048576,32768,32,665,1576
1513350943455883,1513350943457457,1048576,32768,32,666,1574
1513350943468457,1513350943470030,1048576,32768,32,666,1573
1513350943481068,1513350943482641,1048576,32768,32,666,1573
1513350943493666,1513350943495235,1048576,32768,32,668,1569
1513350943506206,1513350943507777,1048576,32768,32,667,1571
1513350943518768,1513350943520342,1048576,32768,32,666,1574
1513350943531362,1513350943532935,1048576,32768,32,666,1573
1513350943543905,1513350943545471,1048576,32768,32,669,1566
1513350943556459,1513350943558034,1048576,32768,32,665,1575
1513350943569073,1513350943570644,1048576,32768,32,667,1571
1513350943581622,1513350943583196,1048576,32768,32,666,1574
1513350943594171,1513350943595743,1048576,32768,32,667,1572
1513350943606770,1513350943608339,1048576,32768,32,668,1569
1513350943619346,1513350943620912,1048576,32768,32,669,1566
1513350943631877,1513350943633449,1048576,32768,32,667,1572
1513350943644440,1513350943646009,1048576,32768,32,668,1569
1513350943657098,1513350943658668,1048576,32768,32,667,1570
1513350943669658,1513350943671223,1048576,32768,32,670,1565
1513350943682244,1513350943683817,1048576,32768,32,666,1573
1513350943694877,1513350943696449,1048576,32768,32,667,1572
1513350943707484,1513350943709051,1048576,32768,32,669,1567
1513350943719996,1513350943721568,1048576,32768,32,667,1572
1513350943732731,1513350943734300,1048576,32768,32,668,1569
1513350943745307,1513350943746874,1048576,32768,32,669,1567
1513350943757847,1513350943759416,1048576,32768,32,668,1569
1513350943770431,1513350943772003,1048576,32768,32,667,1572
1513350943782973,1513350943784546,1048576,32768,32,666,1573
1513350943795561,1513350943797133,1048576,32768,32,667,1572
1513350943808186,1513350943809754,1048576,32768,32,668,1568
1513350943820749,1513350943822319,1048576,32768,32,667,1570
1513350943833381,1513350943834949,1048576,32768,32,668,1568
1513350943845920,1513350943847491,1048576,32768,32,667,1571
1513350943858538,1513350943860106,1048576,32768,32,668,1568
1513350943871131,1513350943872705,1048576,32768,32,666,1574
1513350943883690,1513350943885263,1048576,32768,32,666,1573
1513350943896262,1513350943897837,1048576,32768,32,665,1575
1513350943908818,1513350943910390,1048576,32768,32,667,1572
1513350943921380,1513350943922947,1048576,32768,32,669,1567
1513350943933961,1513350943935534,1048576,32768,32,666,1573
1513350943946524,1513350943948097,1048576,32768,32,666,1573
1513350943959069,1513350943960640,1048576,32768,32,667,1571
1513350943971657,1513350943973230,1048576,32768,32,666,1573
1513350943984222,1513350943985798,1048576,32768,32,665,1576
1513350943996845,1513350943998419,1048576,32768,32,666,1574
1513350944009470,1513350944011040,1048576,32768,32,667,1570
1513350944022069,1513350944023642,1048576,32768,32,666,1573
1513350944034671,1513350944036246,1048576,32768,32,665,1575
1513350944047220,1513350944048790,1048576,32768,32,667,1570
1513350944059822,1513350944061393,1048576,32768,32,667,1571
1513350944072374,1513350944073984,1048576,32768,32,651,1610
1513350944084997,1513350944086609,1048576,32768,32,650,1612
1513350944097585,1513350944099198,1048576,32768,32,650,1613
1513350944110157,1513350944111774,1048576,32768,32,648,1617
1513350944122797,1513350944124412,1048576,32768,32,649,1615
1513350944135389,1513350944137003,1048576,32768,32,649,1614
1513350944147968,1513350944149582,1048576,32768,32,649,1614
1513350944160575,1513350944162187,1048576,32768,32,650,1612
1513350944173182,1513350944174797,1048576,32768,32,649,1615
1513350944185803,1513350944187414,1048576,32768,32,650,1611
1513350944198388,1513350944199999,1048576,32768,32,650,1611
1513350944210978,1513350944212589,1048576,32768,32,650,1611
1513350944223558,1513350944225163,1048576,32768,32,653,1605
1513350944236179,1513350944237787,1048576,32768,32,652,1608
1513350944248812,1513350944250416,1048576,32768,32,653,1604
1513350944261437,1513350944263046,1048576,32768,32,651,1609
1513350944274075,1513350944275680,1048576,32768,32,653,1605
1513350944286643,1513350944288252,1048576,32768,32,651,1609
1513350944299266,1513350944300876,1048576,32768,32,651,1610
1513350944311919,1513350944313527,1048576,32768,32,652,1608
1513350944324543,1513350944326153,1048576,32768,32,651,1610
1513350944337122,1513350944338729,1048576,32768,32,652,1607
1513350944349717,1513350944351326,1048576,32768,32,651,1609
1513350944362359,1513350944363961,1048576,32768,32,654,1602
1513350944374926,1513350944376539,1048576,32768,32,650,1613
1513350944387503,1513350944389113,1048576,32768,32,651,1610
1513350944400093,1513350944401694,1048576,32768,32,654,1601
1513350944412661,1513350944414268,1048576,32768,32,652,1607
1513350944425297,1513350944426905,1048576,32768,32,652,1608
1513350944437929,1513350944439542,1048576,32768,32,650,1613
1513350944450490,1513350944452099,1048576,32768,32,651,1609
1513350944463042,1513350944464650,1048576,32768,32,652,1608
1513350944475620,1513350944477227,1048576,32768,32,652,1607
1513350944488197,1513350944489805,1048576,32768,32,652,1608
1513350944500784,1513350944502392,1048576,32768,32,652,1608
1513350944513343,1513350944514949,1048576,32768,32,652,1606
1513350944525935,1513350944527549,1048576,32768,32,649,1614
1513350944538498,1513350944540107,1048576,32768,32,651,1609
1513350944551102,1513350944552714,1048576,32768,32,650,1612
1513350944563676,1513350944565290,1048576,32768,32,649,1614
1513350944576291,1513350944577905,1048576,32768,32,649,1614
1513350944588877,1513350944590494,1048576,32768,32,648,1617
1513350944601479,1513350944603086,1048576,32768,32,652,1607
1513350944614041,1513350944615653,1048576,32768,32,650,1612
1513350944626589,1513350944628203,1048576,32768,32,649,1614
1513350944639149,1513350944640762,1048576,32768,32,650,1613
1513350944651711,1513350944653319,1048576,32768,32,652,1608
1513350944664282,1513350944665897,1048576,32768,32,649,1615
1513350944676908,1513350944678518,1048576,32768,32,651,1610
1513350944689473,1513350944691084,1048576,32768,32,650,1611
1513350944702047,1513350944703658,1048576,32768,32,650,1611
1513350944714634,1513350944716250,1048576,32768,32,648,1616
1513350944727318,1513350944728930,1048576,32768,32,650,1612
1513350944739902,1513350944741517,1048576,32768,32,649,1615
1513350944752482,1513350944754095,1048576,32768,32,650,1613
1513350944765079,1513350944766692,1048576,32768,32,650,1613
1513350944777641,1513350944779248,1048576,32768,32,652,1607
1513350944790185,1513350944791794,1048576,32768,32,651,1609
1513350944802747,1513350944804357,1048576,32768,32,651,1610
1513350944815316,1513350944816924,1048576,32768,32,652,1608
1513350944827896,1513350944829513,1048576,32768,32,648,1617
1513350944840484,1513350944842098,1048576,32768,32,649,1614
1513350944853055,1513350944854671,1048576,32768,32,648,1616
1513350944865617,1513350944867228,1048576,32768,32,650,1611
1513350944878178,1513350944879788,1048576,32768,32,651,1610
1513350944890728,1513350944892342,1048576,32768,32,649,1614
1513350944903287,1513350944904890,1048576,32768,32,654,1603
1513350944915843,1513350944917454,1048576,32768,32,650,1611
1513350944928455,1513350944930069,1048576,32768,32,649,1614
1513350944941033,1513350944942643,1048576,32768,32,651,1610
1513350944953604,1513350944955209,1048576,32768,32,653,1605
1513350944966204,1513350944967817,1048576,32768,32,650,1613
1513350944978812,1513350944980426,1048576,32768,32,649,1614
1513350944991391,1513350944993000,1048576,32768,32,651,1609
1513350945003971,1513350945005584,1048576,32768,32,650,1613
1513350945016621,1513350945018236,1048576,32768,32,649,1615
1513350945029207,1513350945030818,1048576,32768,32,650,1611
1513350945041828,1513350945043442,1048576,32768,32,649,1614
1513350945054408,1513350945056020,1048576,32768,32,650,1612
1513350945066984,1513350945068597,1048576,32768,32,650,1613
1513350945079562,1513350945081167,1048576,32768,32,653,1605
1513350945092176,1513350945093788,1048576,32768,32,650,1612
1513350945104742,1513350945106358,1048576,32768,32,648,1616
1513350945117330,1513350945118941,1048576,32768,32,650,1611
1513350945129906,1513350945131513,1048576,32768,32,652,1607
1513350945142525,1513350945144130,1048576,32768,32,653,1605
1513350945155145,1513350945156755,1048576,32768,32,651,1610
1513350945167739,1513350945169345,1048576,32768,32,652,1606
1513350945180343,1513350945181951,1048576,32768,32,652,1608
1513350945192924,1513350945194539,1048576,32768,32,649,1615
1513350945205525,1513350945207129,1048576,32768,32,653,1604
1513350945218203,1513350945219814,1048576,32768,32,650,1611
1513350945230780,1513350945232390,1048576,32768,32,651,1610
1513350945243426,1513350945245025,1048576,32768,32,655,1599
1513350945255995,1513350945257602,1048576,32768,32,652,1607
1513350945268649,1513350945270259,1048576,32768,32,651,1610
1513350945281233,1513350945282848,1048576,32768,32,649,1615
1513350945293855,1513350945295467,1048576,32768,32,650,1612
1513350945306429,1513350945308037,1048576,32768,32,652,1608
1513350945319002,1513350945320611,1048576,32768,32,651,1609
1513350945331615,1513350945333227,1048576,32768,32,650,1612
1513350945344206,1513350945345814,1048576,32768,32,652,1608
1513350945356769,1513350945358379,1048576,32768,32,651,1610
1513350945369323,1513350945370935,1048576,32768,32,650,1612
1513350945381872,1513350945383481,1048576,32768,32,651,1609
1513350945394491,1513350945396105,1048576,32768,32,649,1614
1513350945407097,1513350945408710,1048576,32768,32,650,1613
1513350945419661,1513350945421273,1048576,32768,32,650,1612
1513350945432280,1513350945433894,1048576,32768,32,649,1614
1513350945444934,1513350945446552,1048576,32768,32,648,1618
1513350945457569,1513350945459184,1048576,32768,32,649,1615
1513350945470159,1513350945471766,1048576,32768,32,652,1607
1513350945482709,1513350945484319,1048576,32768,32,651,1610
1513350945495319,1513350945496930,1048576,32768,32,650,1611
1513350945507888,1513350945509500,1048576,32768,32,650,1612
1513350945520515,1513350945522129,1048576,32768,32,649,1614
1513350945533097,1513350945534711,1048576,32768,32,649,1614
1513350945545690,1513350945547303,1048576,32768,32,650,1613
1513350945558357,1513350945559968,1048576,32768,32,650,1611
1513350945570930,1513350945572543,1048576,32768,32,650,1613
1513350945583578,1513350945585190,1048576,32768,32,650,1612
1513350945596161,1513350945597778,1048576,32768,32,648,1617
1513350945608741,1513350945610356,1048576,32768,32,649,1615
1513350945621386,1513350945623001,1048576,32768,32,649,1615
1513350945633966,1513350945635574,1048576,32768,32,652,1608
1513350945646537,1513350945648147,1048576,32768,32,651,1610
1513350945659115,1513350945660729,1048576,32768,32,649,1614
1513350945671757,1513350945673372,1048576,32768,32,649,1615
1513350945684417,1513350945686027,1048576,32768,32,651,1610
1513350945696980,1513350945698591,1048576,32768,32,650,1611
1513350945709564,1513350945711177,1048576,32768,32,650,1613
1513350945722153,1513350945723767,1048576,32768,32,649,1614
1513350945734744,1513350945736359,1048576,32768,32,649,1615
1513350945747401,1513350945749016,1048576,32768,32,649,1615
1513350945760030,1513350945761648,1048576,32768,32,648,1618
1513350945772639,1513350945774255,1048576,32768,32,648,1616
1513350945785219,1513350945786826,1048576,32768,32,652,1607
1513350945797938,1513350945799535,1048576,32768,32,656,1597
1513350945810501,1513350945812099,1048576,32768,32,656,1598
1513350945823103,1513350945824698,1048576,32768,32,657,1595
1513350945835691,1513350945837295,1048576,32768,32,653,1604
1513350945848333,1513350945849940,1048576,32768,32,652,1607
1513350945860943,1513350945862558,1048576,32768,32,649,1615
1513350945873562,1513350945875175,1048576,32768,32,650,1613
1513350945886170,1513350945887790,1048576,32768,32,647,1620
1513350945898784,1513350945900399,1048576,32768,32,649,1615
1513350945911393,1513350945913008,1048576,32768,32,649,1615
1513350945924001,1513350945925617,1048576,32768,32,648,1616
1513350945936642,1513350945938253,1048576,32768,32,650,1611
1513350945949269,1513350945950886,1048576,32768,32,648,1617
1513350945961852,1513350945963467,1048576,32768,32,649,1615
1513350945974431,1513350945976028,1048576,32768,32,656,1597
1513350945986991,1513350945988607,1048576,32768,32,648,1616
1513350945999688,1513350946001304,1048576,32768,32,648,1616
1513350946012278,1513350946013891,1048576,32768,32,650,1613
1513350946024866,1513350946026484,1048576,32768,32,648,1618
1513350946037458,1513350946039069,1048576,32768,32,650,1611
1513350946050132,1513350946051750,1048576,32768,32,648,1618
1513350946062740,1513350946064350,1048576,32768,32,651,1610
1513350946075394,1513350946077010,1048576,32768,32,648,1616
1513350946088010,1513350946089627,1048576,32768,32,648,1617
1513350946100605,1513350946102220,1048576,32768,32,649,1615
1513350946113214,1513350946114827,1048576,32768,32,650,1613
1513350946125837,1513350946127452,1048576,32768,32,649,1615
1513350946138442,1513350946140051,1048576,32768,32,651,1609
1513350946151155,1513350946152770,1048576,32768,32,649,1615
1513350946163774,1513350946165388,1048576,32768,32,649,1614
1513350946176350,1513350946177965,1048576,32768,32,649,1615
1513350946188930,1513350946190544,1048576,32768,32,649,1614
1513350946201528,1513350946203143,1048576,32768,32,649,1615
1513350946214257,1513350946215860,1048576,32768,32,654,1603
1513350946226903,1513350946228519,1048576,32768,32,648,1616
1513350946239508,1513350946241126,1048576,32768,32,648,1618
1513350946252140,1513350946253756,1048576,32768,32,648,1616
1513350946264737,1513350946266347,1048576,32768,32,651,1610
1513350946277336,1513350946278946,1048576,32768,32,651,1610
1513350946289983,1513350946291596,1048576,32768,32,650,1613
1513350946302592,1513350946304211,1048576,32768,32,647,1619
1513350946315213,1513350946316829,1048576,32768,32,648,1616
1513350946327805,1513350946329424,1048576,32768,32,647,1619
1513350946340497,1513350946342116,1048576,32768,32,647,1619
1513350946353104,1513350946354718,1048576,32768,32,649,1614
1513350946365707,1513350946367322,1048576,32768,32,649,1615
1513350946378289,1513350946379901,1048576,32768,32,650,1612
1513350946390879,1513350946392493,1048576,32768,32,649,1614
1513350946403535,1513350946405143,1048576,32768,32,652,1608
1513350946416167,1513350946417786,1048576,32768,32,647,1619
1513350946428815,1513350946430430,1048576,32768,32,649,1615
1513350946441396,1513350946443013,1048576,32768,32,648,1617
1513350946453980,1513350946455599,1048576,32768,32,647,1619
1513350946466616,1513350946468230,1048576,32768,32,649,1614
1513350946479203,1513350946480816,1048576,32768,32,650,1613
1513350946491823,1513350946493443,1048576,32768,32,647,1620
1513350946504419,1513350946506034,1048576,32768,32,649,1615
1513350946517039,1513350946518662,1048576,32768,32,646,1623
1513350946529649,1513350946531268,1048576,32768,32,647,1619
1513350946542327,1513350946543944,1048576,32768,32,648,1617
1513350946554945,1513350946556559,1048576,32768,32,649,1614
1513350946567537,1513350946569151,1048576,32768,32,649,1614
1513350946580191,1513350946581808,1048576,32768,32,648,1617
1513350946592835,1513350946594454,1048576,32768,32,647,1619
1513350946605423,1513350946607040,1048576,32768,32,648,1617
1513350946618083,1513350946619697,1048576,32768,32,649,1614
1513350946630690,1513350946632304,1048576,32768,32,649,1614
1513350946643338,1513350946644947,1048576,32768,32,651,1609
1513350946655910,1513350946657527,1048576,32768,32,648,1617
1513350946668494,1513350946670110,1048576,32768,32,648,1616
1513350946681111,1513350946682721,1048576,32768,32,651,1610
1513350946693715,1513350946695321,1048576,32768,32,652,1606
1513350946706361,1513350946707973,1048576,32768,32,650,1612
1513350946718929,1513350946720540,1048576,32768,32,650,1611
1513350946731580,1513350946733188,1048576,32768,32,652,1608
1513350946744184,1513350946745797,1048576,32768,32,650,1613
1513350946756772,1513350946758380,1048576,32768,32,652,1608
1513350946769422,1513350946771032,1048576,32768,32,651,1610
1513350946782011,1513350946783627,1048576,32768,32,648,1616
1513350946794648,1513350946796258,1048576,32768,32,651,1610
1513350946807263,1513350946808877,1048576,32768,32,649,1614
1513350946819854,1513350946821470,1048576,32768,32,648,1616
1513350946832428,1513350946834036,1048576,32768,32,652,1608
1513350946844999,1513350946846615,1048576,32768,32,648,1616
1513350946857635,1513350946859249,1048576,32768,32,649,1614
1513350946870240,1513350946871851,1048576,32768,32,650,1611
1513350946882860,1513350946884475,1048576,32768,32,649,1615
1513350946895457,1513350946897062,1048576,32768,32,653,1605
1513350946908092,1513350946909702,1048576,32768,32,651,1610
1513350946920705,1513350946922311,1048576,32768,32,652,1606
1513350946933344,1513350946934952,1048576,32768,32,652,1608
1513350946945948,1513350946947561,1048576,32768,32,650,1613
1513350946958595,1513350946960207,1048576,32768,32,650,1612
1513350946971193,1513350946972805,1048576,32768,32,650,1612
1513350946983803,1513350946985419,1048576,32768,32,648,1616
1513350946996418,1513350946998026,1048576,32768,32,652,1608
1513350947009002,1513350947010613,1048576,32768,32,650,1611
1513350947021609,1513350947023215,1048576,32768,32,652,1606
1513350947034270,1513350947035884,1048576,32768,32,649,1614
1513350947046870,1513350947048484,1048576,32768,32,649,1614
1513350947059471,1513350947061085,1048576,32768,32,649,1614
1513350947072033,1513350947073641,1048576,32768,32,652,1608
1513350947084595,1513350947086203,1048576,32768,32,652,1608
1513350947097149,1513350947098760,1048576,32768,32,650,1611
1513350947109788,1513350947111402,1048576,32768,32,649,1614
1513350947122461,1513350947124074,1048576,32768,32,650,1613
1513350947135088,1513350947136701,1048576,32768,32,650,1613
1513350947147714,1513350947149328,1048576,32768,32,649,1614
1513350947160317,1513350947161930,1048576,32768,32,650,1613
1513350947172885,1513350947174489,1048576,32768,32,653,1604
1513350947185477,1513350947187080,1048576,32768,32,654,1603
1513350947198098,1513350947199714,1048576,32768,32,648,1616
1513350947210747,1513350947212360,1048576,32768,32,650,1613
1513350947223357,1513350947224963,1048576,32768,32,652,1606
1513350947235968,1513350947237581,1048576,32768,32,650,1613
1513350947248551,1513350947250166,1048576,32768,32,649,1615
1513350947261119,1513350947262736,1048576,32768,32,648,1617
1513350947273747,1513350947275361,1048576,32768,32,649,1614
1513350947286366,1513350947287983,1048576,32768,32,648,1617
1513350947298946,1513350947300551,1048576,32768,32,653,1605
1513350947311529,1513350947313129,1048576,32768,32,655,1600
1513350947324095,1513350947325702,1048576,32768,32,652,1607
1513350947336696,1513350947338299,1048576,32768,32,654,1603
1513350947349296,1513350947350897,1048576,32768,32,654,1601
1513350947361919,1513350947363524,1048576,32768,32,653,1605
1513350947374510,1513350947376112,1048576,32768,32,654,1602
1513350947387119,1513350947388721,1048576,32768,32,654,1602
1513350947399694,1513350947401298,1048576,32768,32,653,1604
1513350947412293,1513350947413899,1048576,32768,32,652,1606
1513350947424866,1513350947426469,1048576,32768,32,654,1603
1513350947437513,1513350947439117,1048576,32768,32,653,1604
1513350947450082,1513350947451693,1048576,32768,32,650,1611
1513350947462681,1513350947464286,1048576,32768,32,653,1605
1513350947475310,1513350947476912,1048576,32768,32,654,1602
1513350947487869,1513350947489466,1048576,32768,32,656,1597
1513350947500439,1513350947502038,1048576,32768,32,655,1599
1513350947512991,1513350947514589,1048576,32768,32,656,1598
1513350947525567,1513350947527164,1048576,32768,32,656,1597
1513350947538140,1513350947539733,1048576,32768,32,658,1593
1513350947550754,1513350947552353,1048576,32768,32,655,1599
1513350947563362,1513350947564955,1048576,32768,32,658,1593
1513350947575990,1513350947577593,1048576,32768,32,654,1603
1513350947588575,1513350947590171,1048576,32768,32,657,1596
1513350947601196,1513350947602800,1048576,32768,32,653,1604
1513350947613799,1513350947615399,1048576,32768,32,655,1600
1513350947626388,1513350947627975,1048576,32768,32,660,1587
1513350947638943,1513350947640544,1048576,32768,32,654,1601
1513350947651584,1513350947653180,1048576,32768,32,657,1596
1513350947664287,1513350947665885,1048576,32768,32,656,1598
1513350947676861,1513350947678456,1048576,32768,32,657,1595
1513350947689442,1513350947691045,1048576,32768,32,654,1603
1513350947702005,1513350947703602,1048576,32768,32,656,1597
1513350947714608,1513350947716207,1048576,32768,32,655,1599
1513350947727277,1513350947728877,1048576,32768,32,655,1600
1513350947739877,1513350947741477,1048576,32768,32,655,1600
1513350947752478,1513350947754081,1048576,32768,32,654,1603
1513350947765049,1513350947766647,1048576,32768,32,656,1598
1513350947777641,1513350947779244,1048576,32768,32,654,1603
1513350947790264,1513350947791869,1048576,32768,32,653,1605
1513350947802865,1513350947804471,1048576,32768,32,652,1606
1513350947815507,1513350947817111,1048576,32768,32,653,1604
1513350947828083,1513350947829679,1048576,32768,32,657,1596
1513350947840707,1513350947842310,1048576,32768,32,654,1603
1513350947853307,1513350947854918,1048576,32768,32,650,1611
1513350947865881,1513350947867486,1048576,32768,32,653,1605
1513350947878468,1513350947880072,1048576,32768,32,653,1604
1513350947891095,1513350947892697,1048576,32768,32,654,1602
1513350947903692,1513350947905296,1048576,32768,32,653,1604
1513350947916315,1513350947917921,1048576,32768,32,652,1606
1513350947929003,1513350947930603,1048576,32768,32,655,1600
1513350947941601,1513350947943200,1048576,32768,32,655,1599
1513350947954166,1513350947955769,1048576,32768,32,654,1603
1513350947966802,1513350947968413,1048576,32768,32,650,1611
1513350947979473,1513350947981073,1048576,32768,32,655,1600
1513350947992096,1513350947993700,1048576,32768,32,653,1604
1513350948004701,1513350948006304,1048576,32768,32,654,1603
1513350948017344,1513350948018948,1048576,32768,32,653,1604
1513350948029909,1513350948031513,1048576,32768,32,653,1604
1513350948042533,1513350948044135,1048576,32768,32,654,1602
1513350948055144,1513350948056748,1048576,32768,32,653,1604
1513350948067720,1513350948069323,1048576,32768,32,654,1603
1513350948080358,1513350948081963,1048576,32768,32,653,1605
1513350948092904,1513350948094510,1048576,32768,32,652,1606
1513350948105492,1513350948107099,1048576,32768,32,652,1607
1513350948118112,1513350948119714,1048576,32768,32,654,1602
1513350948130698,1513350948132300,1048576,32768,32,654,1602
1513350948143363,1513350948144970,1048576,32768,32,652,1607
1513350948155997,1513350948157602,1048576,32768,32,653,1605
1513350948168584,1513350948170188,1048576,32768,32,653,1604
1513350948181209,1513350948182815,1048576,32768,32,652,1606
1513350948193827,1513350948195429,1048576,32768,32,654,1602
1513350948206475,1513350948208080,1048576,32768,32,653,1605
1513350948219024,1513350948220626,1048576,32768,32,654,1602
1513350948231591,1513350948233194,1048576,32768,32,654,1603
1513350948244163,1513350948245767,1048576,32768,32,653,1604
1513350948256792,1513350948258401,1048576,32768,32,651,1609
1513350948269434,1513350948271038,1048576,32768,32,653,1604
1513350948282002,1513350948283601,1048576,32768,32,655,1599
1513350948294610,1513350948296220,1048576,32768,32,651,1610
1513350948307182,1513350948308789,1048576,32768,32,652,1607
1513350948319760,1513350948321363,1048576,32768,32,654,1603
1513350948332390,1513350948333997,1048576,32768,32,652,1607
1513350948344974,1513350948346579,1048576,32768,32,653,1605
1513350948357669,1513350948359263,1048576,32768,32,657,1594
1513350948370249,1513350948371848,1048576,32768,32,655,1599
1513350948382836,1513350948384437,1048576,32768,32,654,1601
1513350948395399,1513350948396999,1048576,32768,32,655,1600
1513350948407987,1513350948409592,1048576,32768,32,653,1605
1513350948420581,1513350948422182,1048576,32768,32,654,1601
1513350948433151,1513350948434750,1048576,32768,32,655,1599
1513350948445733,1513350948447341,1048576,32768,32,652,1608
1513350948458358,1513350948459959,1048576,32768,32,654,1601
1513350948470998,1513350948472608,1048576,32768,32,651,1610
1513350948483614,1513350948485209,1048576,32768,32,657,1595
1513350948496247,1513350948497845,1048576,32768,32,656,1598
1513350948508863,1513350948510465,1048576,32768,32,654,1602
1513350948521515,1513350948523117,1048576,32768,32,654,1602
1513350948534097,1513350948535695,1048576,32768,32,656,1598
1513350948546695,1513350948548299,1048576,32768,32,653,1604
1513350948559325,1513350948560930,1048576,32768,32,653,1605
1513350948571974,1513350948573576,1048576,32768,32,654,1602
1513350948584573,1513350948586175,1048576,32768,32,654,1602
1513350948597142,1513350948598745,1048576,32768,32,654,1603
1513350948609755,1513350948611359,1048576,32768,32,653,1604
1513350948622354,1513350948623952,1048576,32768,32,656,1598
1513350948635002,1513350948636605,1048576,32768,32,654,1603
1513350948647608,1513350948649214,1048576,32768,32,652,1606
1513350948660187,1513350948661784,1048576,32768,32,656,1597
1513350948672799,1513350948674403,1048576,32768,32,653,1604
1513350948685412,1513350948687012,1048576,32768,32,655,1600
1513350948698040,1513350948699646,1048576,32768,32,652,1606
1513350948710698,1513350948712297,1048576,32768,32,655,1599
1513350948723286,1513350948724885,1048576,32768,32,655,1599
1513350948735858,1513350948737464,1048576,32768,32,652,1606
1513350948748464,1513350948750065,1048576,32768,32,654,1601
1513350948761026,1513350948762630,1048576,32768,32,653,1604
1513350948773653,1513350948775253,1048576,32768,32,655,1600
1513350948786221,1513350948787825,1048576,32768,32,653,1604
1513350948798834,1513350948800437,1048576,32768,32,654,1603
1513350948811488,1513350948813089,1048576,32768,32,654,1601
1513350948824102,1513350948825700,1048576,32768,32,656,1598
1513350948836717,1513350948838317,1048576,32768,32,655,1600
1513350948849344,1513350948850953,1048576,32768,32,651,1609
1513350948861905,1513350948863509,1048576,32768,32,653,1604
1513350948874491,1513350948876084,1048576,32768,32,658,1593
1513350948887038,1513350948888644,1048576,32768,32,652,1606
1513350948899630,1513350948901236,1048576,32768,32,652,1606
1513350948912209,1513350948913814,1048576,32768,32,653,1605
1513350948924759,1513350948926362,1048576,32768,32,654,1603
1513350948937388,1513350948938996,1048576,32768,32,652,1608
1513350948949962,1513350948951569,1048576,32768,32,652,1607
1513350948962657,1513350948964261,1048576,32768,32,653,1604
1513350948975219,1513350948976822,1048576,32768,32,654,1603
1513350948987779,1513350948989385,1048576,32768,32,652,1606
1513350949000374,1513350949001981,1048576,32768,32,652,1607
1513350949012927,1513350949014533,1048576,32768,32,652,1606
1513350949025540,1513350949027143,1048576,32768,32,654,1603
1513350949038096,1513350949039699,1048576,32768,32,654,1603
1513350949050660,1513350949052265,1048576,32768,32,653,1605
1513350949063229,1513350949064833,1048576,32768,32,653,1604
1513350949075848,1513350949077454,1048576,32768,32,652,1606
1513350949088453,1513350949090056,1048576,32768,32,654,1603
1513350949101038,1513350949102642,1048576,32768,32,653,1604
1513350949113649,1513350949115258,1048576,32768,32,651,1609
1513350949126234,1513350949127841,1048576,32768,32,652,1607
1513350949138844,1513350949140452,1048576,32768,32,652,1608
1513350949151479,1513350949153084,1048576,32768,32,653,1605
1513350949164059,1513350949165660,1048576,32768,32,654,1601
1513350949176648,1513350949178252,1048576,32768,32,653,1604
1513350949189302,1513350949190911,1048576,32768,32,651,1609
1513350949201866,1513350949203468,1048576,32768,32,654,1602
1513350949214521,1513350949216126,1048576,32768,32,653,1605
1513350949227092,1513350949228697,1048576,32768,32,653,1605
1513350949239702,1513350949241305,1048576,32768,32,654,1603
1513350949252303,1513350949253907,1048576,32768,32,653,1604
1513350949264855,1513350949266458,1048576,32768,32,654,1603
1513350949277451,1513350949279053,1048576,32768,32,654,1602
1513350949290118,1513350949291724,1048576,32768,32,652,1606
1513350949302760,1513350949304368,1048576,32768,32,652,1608
1513350949315332,1513350949316937,1048576,32768,32,653,1605
1513350949327896,1513350949329499,1048576,32768,32,654,1603
1513350949340519,1513350949342119,1048576,32768,32,655,1600
1513350949353164,1513350949354769,1048576,32768,32,653,1605
1513350949365720,1513350949367318,1048576,32768,32,656,1598
1513350949378284,1513350949379887,1048576,32768,32,654,1603
1513350949390919,1513350949392522,1048576,32768,32,654,1603
1513350949403488,1513350949405092,1048576,32768,32,653,1604
1513350949416115,1513350949417716,1048576,32768,32,654,1601
1513350949428678,1513350949430278,1048576,32768,32,655,1600
1513350949441258,1513350949442861,1048576,32768,32,654,1603
1513350949453864,1513350949455469,1048576,32768,32,653,1605
1513350949466529,1513350949468129,1048576,32768,32,655,1600
1513350949479169,1513350949480773,1048576,32768,32,653,1604
1513350949491773,1513350949493374,1048576,32768,32,654,1601
1513350949504341,1513350949505947,1048576,32768,32,652,1606
1513350949516922,1513350949518526,1048576,32768,32,653,1604
1513350949529515,1513350949531121,1048576,32768,32,652,1606
1513350949542128,1513350949543728,1048576,32768,32,655,1600
1513350949554765,1513350949556365,1048576,32768,32,655,1600
1513350949567415,1513350949569017,1048576,32768,32,654,1602
1513350949579996,1513350949581601,1048576,32768,32,653,1605
1513350949592581,1513350949594183,1048576,32768,32,654,1602
1513350949605167,1513350949606766,1048576,32768,32,655,1599
1513350949617787,1513350949619393,1048576,32768,32,652,1606
1513350949630375,1513350949631980,1048576,32768,32,653,1605
1513350949642949,1513350949644555,1048576,32768,32,652,1606
1513350949655570,1513350949657166,1048576,32768,32,657,1596
1513350949668126,1513350949669723,1048576,32768,32,656,1597
1513350949680766,1513350949682366,1048576,32768,32,655,1600
1513350949693357,1513350949694960,1048576,32768,32,654,1603
1513350949705991,1513350949707591,1048576,32768,32,655,1600
1513350949718605,1513350949720205,1048576,32768,32,655,1600
1513350949731189,1513350949732793,1048576,32768,32,653,1604
1513350949743776,1513350949745379,1048576,32768,32,654,1603
1513350949756382,1513350949757981,1048576,32768,32,655,1599
1513350949769020,1513350949770625,1048576,32768,32,653,1605
1513350949781637,1513350949783239,1048576,32768,32,654,1602
1513350949794253,1513350949795856,1048576,32768,32,654,1603
1513350949806923,1513350949808528,1048576,32768,32,653,1605
1513350949819514,1513350949821117,1048576,32768,32,654,1603
1513350949832089,1513350949833690,1048576,32768,32,654,1601
1513350949844715,1513350949846318,1048576,32768,32,654,1603
1513350949857298,1513350949858907,1048576,32768,32,651,1609
1513350949869919,1513350949871519,1048576,32768,32,655,1600
1513350949882562,1513350949884166,1048576,32768,32,653,1604
1513350949895198,1513350949896803,1048576,32768,32,653,1605
1513350949907780,1513350949909385,1048576,32768,32,653,1605
1513350949920412,1513350949922020,1048576,32768,32,652,1608
1513350949933049,1513350949934656,1048576,32768,32,652,1607
1513350949945659,1513350949947265,1048576,32768,32,652,1606
1513350949958221,1513350949959823,1048576,32768,32,654,1602
1513350949970783,1513350949972383,1048576,32768,32,655,1600
1513350949983414,1513350949985015,1048576,32768,32,654,1601
1513350949995987,1513350949997592,1048576,32768,32,653,1605
1513350950008575,1513350950010179,1048576,32768,32,653,1604
1513350950021190,1513350950022798,1048576,32768,32,652,1608
1513350950033790,1513350950035386,1048576,32768,32,657,1596
1513350950046389,1513350950047984,1048576,32768,32,657,1595
1513350950059078,1513350950060675,1048576,32768,32,656,1597
1513350950071726,1513350950073326,1048576,32768,32,655,1600
1513350950084319,1513350950085922,1048576,32768,32,654,1603
1513350950096916,1513350950098517,1048576,32768,32,654,1601
1513350950109586,1513350950111185,1048576,32768,32,655,1599
1513350950122166,1513350950123771,1048576,32768,32,653,1605
1513350950134736,1513350950136330,1048576,32768,32,657,1594
1513350950147312,1513350950148909,1048576,32768,32,656,1597
1513350950159888,1513350950161490,1048576,32768,32,654,1602
1513350950172441,1513350950174046,1048576,32768,32,653,1605
1513350950185007,1513350950186607,1048576,32768,32,655,1600
1513350950197566,1513350950199165,1048576,32768,32,655,1599
1513350950210141,1513350950211744,1048576,32768,32,654,1603
1513350950222700,1513350950224302,1048576,32768,32,654,1602
1513350950235264,1513350950236871,1048576,32768,32,652,1607
1513350950247935,1513350950249541,1048576,32768,32,652,1606
1513350950260565,1513350950262161,1048576,32768,32,657,1596
1513350950273123,1513350950274728,1048576,32768,32,653,1605
1513350950285731,1513350950287331,1048576,32768,32,655,1600
1513350950298326,1513350950299929,1048576,32768,32,654,1603
1513350950310914,1513350950312513,1048576,32768,32,655,1599
1513350950323491,1513350950325092,1048576,32768,32,654,1601
1513350950336110,1513350950337710,1048576,32768,32,655,1600
1513350950348747,1513350950350353,1048576,32768,32,652,1606
1513350950361326,1513350950362927,1048576,32768,32,654,1601
1513350950373886,1513350950375493,1048576,32768,32,652,1607
1513350950386454,1513350950388052,1048576,32768,32,656,1598
1513350950399091,1513350950400697,1048576,32768,32,652,1606
1513350950411696,1513350950413298,1048576,32768,32,654,1602
1513350950424246,1513350950425848,1048576,32768,32,654,1602
1513350950436867,1513350950438465,1048576,32768,32,656,1598
1513350950449469,1513350950451071,1048576,32768,32,654,1602
1513350950462071,1513350950463672,1048576,32768,32,654,1601
1513350950474676,1513350950476283,1048576,32768,32,652,1607
1513350950487256,1513350950488854,1048576,32768,32,656,1598
1513350950499827,1513350950501421,1048576,32768,32,657,1594
1513350950512411,1513350950514014,1048576,32768,32,654,1603
1513350950524984,1513350950526587,1048576,32768,32,654,1603
1513350950537551,1513350950539155,1048576,32768,32,653,1604
1513350950550189,1513350950551791,1048576,32768,32,654,1602
1513350950562773,1513350950564381,1048576,32768,32,652,1608
1513350950575426,1513350950577031,1048576,32768,32,653,1605
1513350950588104,1513350950589708,1048576,32768,32,653,1604
1513350950600737,1513350950602345,1048576,32768,32,652,1608
1513350950613321,1513350950614928,1048576,32768,32,652,1607
1513350950625897,1513350950627502,1048576,32768,32,653,1605
1513350950638457,1513350950640059,1048576,32768,32,654,1602
1513350950651013,1513350950652612,1048576,32768,32,655,1599
1513350950663602,1513350950665206,1048576,32768,32,653,1604
1513350950676223,1513350950677825,1048576,32768,32,654,1602
1513350950688841,1513350950690441,1048576,32768,32,655,1600
1513350950701407,1513350950703014,1048576,32768,32,652,1607
1513350950713975,1513350950715576,1048576,32768,32,654,1601
1513350950726586,1513350950728188,1048576,32768,32,654,1602
1513350950739171,1513350950740776,1048576,32768,32,653,1605
1513350950751765,1513350950753368,1048576,32768,32,654,1603
1513350950764399,1513350950766001,1048576,32768,32,654,1602
1513350950777031,1513350950778636,1048576,32768,32,653,1605
1513350950789624,1513350950791214,1048576,32768,32,659,1590
1513350950802234,1513350950803833,1048576,32768,32,655,1599
1513350950814858,1513350950816460,1048576,32768,32,654,1602
1513350950827438,1513350950829039,1048576,32768,32,654,1601
1513350950839994,1513350950841603,1048576,32768,32,651,1609
1513350950852609,1513350950854209,1048576,32768,32,655,1600
1513350950865179,1513350950866782,1048576,32768,32,654,1603
1513350950877756,1513350950879364,1048576,32768,32,652,1608
1513350950890346,1513350950891946,1048576,32768,32,655,1600
1513350950902906,1513350950904511,1048576,32768,32,653,1605
1513350950915509,1513350950917115,1048576,32768,32,652,1606
1513350950928079,1513350950929677,1048576,32768,32,656,1598
1513350950940699,1513350950942304,1048576,32768,32,653,1605
1513350950953327,1513350950954919,1048576,32768,32,658,1592
1513350950965892,1513350950967499,1048576,32768,32,652,1607
1513350950978477,1513350950980082,1048576,32768,32,653,1605
1513350950991097,1513350950992699,1048576,32768,32,654,1602
1513350951003675,1513350951005278,1048576,32768,32,654,1603
1513350951016338,1513350951017937,1048576,32768,32,655,1599
1513350951028891,1513350951030493,1048576,32768,32,654,1602
1513350951041527,1513350951043128,1048576,32768,32,654,1601
1513350951054101,1513350951055703,1048576,32768,32,654,1602
1513350951066792,1513350951068390,1048576,32768,32,656,1598
1513350951079408,1513350951081010,1048576,32768,32,654,1602
1513350951092012,1513350951093612,1048576,32768,32,655,1600
1513350951104568,1513350951106170,1048576,32768,32,654,1602
1513350951117164,1513350951118761,1048576,32768,32,656,1597
1513350951129740,1513350951131335,1048576,32768,32,657,1595
1513350951142352,1513350951143953,1048576,32768,32,654,1601
1513350951154948,1513350951156548,1048576,32768,32,655,1600
1513350951167595,1513350951169197,1048576,32768,32,654,1602
1513350951180262,1513350951181866,1048576,32768,32,653,1604
1513350951192849,1513350951194455,1048576,32768,32,652,1606
1513350951205454,1513350951207059,1048576,32768,32,653,1605
1513350951218016,1513350951219620,1048576,32768,32,653,1604
1513350951230612,1513350951232212,1048576,32768,32,655,1600
1513350951243330,1513350951244930,1048576,32768,32,655,1600
1513350951255950,1513350951257549,1048576,32768,32,655,1599
1513350951268542,1513350951270134,1048576,32768,32,658,1592
1513350951281100,1513350951282706,1048576,32768,32,652,1606
1513350951293687,1513350951295286,1048576,32768,32,655,1599
1513350951306279,1513350951307880,1048576,32768,32,654,1601
1513350951318900,1513350951320505,1048576,32768,32,653,1605
1513350951331510,1513350951333102,1048576,32768,32,658,1592
1513350951344269,1513350951345870,1048576,32768,32,654,1601
1513350951356909,1513350951358503,1048576,32768,32,657,1594
1513350951369561,1513350951371156,1048576,32768,32,657,1595
1513350951382174,1513350951383777,1048576,32768,32,654,1603
1513350951394765,1513350951396366,1048576,32768,32,654,1601
1513350951407368,1513350951408966,1048576,32768,32,656,1598
1513350951419940,1513350951421542,1048576,32768,32,654,1602
1513350951432543,1513350951434137,1048576,32768,32,657,1594
1513350951445118,1513350951446716,1048576,32768,32,656,1598
1513350951457763,1513350951459359,1048576,32768,32,657,1596
1513350951470371,1513350951471973,1048576,32768,32,654,1602
1513350951482964,1513350951484565,1048576,32768,32,654,1601
1513350951495547,1513350951497141,1048576,32768,32,657,1594
1513350951508167,1513350951509768,1048576,32768,32,654,1601
1513350951520772,1513350951522382,1048576,32768,32,651,1610
1513350951533387,1513350951534987,1048576,32768,32,655,1600
1513350951545963,1513350951547573,1048576,32768,32,651,1610
1513350951558603,1513350951560202,1048576,32768,32,655,1599
1513350951571225,1513350951572829,1048576,32768,32,653,1604
1513350951583870,1513350951585475,1048576,32768,32,653,1605
1513350951596578,1513350951598178,1048576,32768,32,655,1600
1513350951609250,1513350951610850,1048576,32768,32,655,1600
1513350951621846,1513350951623445,1048576,32768,32,655,1599
1513350951634557,1513350951636161,1048576,32768,32,653,1604
1513350951647136,1513350951648742,1048576,32768,32,652,1606
1513350951659724,1513350951661327,1048576,32768,32,654,1603
1513350951672362,1513350951673960,1048576,32768,32,656,1598
1513350951684948,1513350951686548,1048576,32768,32,655,1600
1513350951697508,1513350951699101,1048576,32768,32,658,1593
1513350951710106,1513350951711707,1048576,32768,32,654,1601
1513350951722727,1513350951724330,1048576,32768,32,654,1603
1513350951735403,1513350951737005,1048576,32768,32,654,1602
1513350951748054,1513350951749657,1048576,32768,32,654,1603
1513350951760675,1513350951762273,1048576,32768,32,656,1598
1513350951773241,1513350951774839,1048576,32768,32,656,1598
1513350951785815,1513350951787419,1048576,32768,32,653,1604
1513350951798406,1513350951800006,1048576,32768,32,655,1600
1513350951810981,1513350951812586,1048576,32768,32,653,1605
1513350951823556,1513350951825161,1048576,32768,32,653,1605
1513350951836266,1513350951837864,1048576,32768,32,656,1598
1513350951848879,1513350951850485,1048576,32768,32,652,1606
1513350951861548,1513350951863150,1048576,32768,32,654,1602
1513350951874163,1513350951875770,1048576,32768,32,652,1607
1513350951886750,1513350951888352,1048576,32768,32,654,1602
1513350951899349,1513350951900949,1048576,32768,32,655,1600
1513350951911923,1513350951913526,1048576,32768,32,654,1603
1513350951924539,1513350951926146,1048576,32768,32,652,1607
1513350951937138,1513350951938742,1048576,32768,32,653,1604
1513350951949743,1513350951951349,1048576,32768,32,652,1606
1513350951962373,1513350951963970,1048576,32768,32,656,1597
1513350951974958,1513350951976560,1048576,32768,32,654,1602
1513350951987599,1513350951989199,1048576,32768,32,655,1600
1513350952000241,1513350952001846,1048576,32768,32,653,1605
1513350952012866,1513350952014472,1048576,32768,32,652,1606
1513350952025548,1513350952027154,1048576,32768,32,652,1606
1513350952038133,1513350952039737,1048576,32768,32,653,1604
1513350952050737,1513350952052337,1048576,32768,32,655,1600
1513350952063310,1513350952064915,1048576,32768,32,653,1605
1513350952075915,1513350952077514,1048576,32768,32,655,1599
1513350952088583,1513350952090188,1048576,32768,32,653,1605
1513350952101163,1513350952102768,1048576,32768,32,653,1605
1513350952113728,1513350952115331,1048576,32768,32,654,1603
1513350952126332,1513350952127934,1048576,32768,32,654,1602
1513350952138951,1513350952140552,1048576,32768,32,654,1601
1513350952151545,1513350952153145,1048576,32768,32,655,1600
1513350952164151,1513350952165754,1048576,32768,32,654,1603
1513350952176746,1513350952178351,1048576,32768,32,653,1605
1513350952189337,1513350952190932,1048576,32768,32,657,1595
1513350952201937,1513350952203536,1048576,32768,32,655,1599
1513350952214522,1513350952216118,1048576,32768,32,657,1596
1513350952227161,1513350952228767,1048576,32768,32,652,1606
1513350952239787,1513350952241397,1048576,32768,32,651,1610
1513350952252430,1513350952254035,1048576,32768,32,653,1605
1513350952265065,1513350952266671,1048576,32768,32,652,1606
1513350952277716,1513350952279317,1048576,32768,32,654,1601
1513350952290333,1513350952291939,1048576,32768,32,652,1606
1513350952302949,1513350952304556,1048576,32768,32,652,1607
1513350952315562,1513350952317171,1048576,32768,32,651,1609
1513350952328237,1513350952329842,1048576,32768,32,653,1605
1513350952340865,1513350952342467,1048576,32768,32,654,1602
1513350952353481,1513350952355081,1048576,32768,32,655,1600
1513350952366120,1513350952367721,1048576,32768,32,654,1601
1513350952378709,1513350952380312,1048576,32768,32,654,1603
1513350952391372,1513350952392971,1048576,32768,32,655,1599
1513350952403935,1513350952405541,1048576,32768,32,652,1606
1513350952416507,1513350952418115,1048576,32768,32,652,1608
1513350952429122,1513350952430731,1048576,32768,32,651,1609
1513350952441711,1513350952443318,1048576,32768,32,652,1607
1513350952454338,1513350952455939,1048576,32768,32,654,1601
1513350952466932,1513350952468531,1048576,32768,32,655,1599
1513350952479514,1513350952481117,1048576,32768,32,654,1603
1513350952492077,1513350952493680,1048576,32768,32,654,1603
1513350952504660,1513350952506268,1048576,32768,32,652,1608
1513350952517282,1513350952518881,1048576,32768,32,655,1599
1513350952529860,1513350952531467,1048576,32768,32,652,1607
1513350952542540,1513350952544144,1048576,32768,32,653,1604
1513350952555108,1513350952556712,1048576,32768,32,653,1604
1513350952567732,1513350952569336,1048576,32768,32,653,1604
1513350952580308,1513350952581913,1048576,32768,32,653,1605
1513350952592894,1513350952594497,1048576,32768,32,654,1603
1513350952605457,1513350952607060,1048576,32768,32,654,1603
1513350952618108,1513350952619711,1048576,32768,32,654,1603
1513350952630706,1513350952632309,1048576,32768,32,654,1603
1513350952643372,1513350952644973,1048576,32768,32,654,1601
1513350952655953,1513350952657557,1048576,32768,32,653,1604
1513350952668564,1513350952670166,1048576,32768,32,654,1602
1513350952681136,1513350952682737,1048576,32768,32,654,1601
1513350952693728,1513350952695334,1048576,32768,32,652,1606
1513350952706394,1513350952707992,1048576,32768,32,656,1598
1513350952718985,1513350952720586,1048576,32768,32,654,1601
1513350952731642,1513350952733245,1048576,32768,32,654,1603
1513350952744344,1513350952745948,1048576,32768,32,653,1604
1513350952756916,1513350952758523,1048576,32768,32,652,1607
1513350952769513,1513350952771114,1048576,32768,32,654,1601
1513350952782132,1513350952783733,1048576,32768,32,654,1601
1513350952794729,1513350952796332,1048576,32768,32,654,1603
1513350952807440,1513350952809046,1048576,32768,32,652,1606
1513350952820005,1513350952821610,1048576,32768,32,653,1605
1513350952832605,1513350952834209,1048576,32768,32,653,1604
1513350952845199,1513350952846804,1048576,32768,32,653,1605
1513350952857817,1513350952859416,1048576,32768,32,655,1599
1513350952870497,1513350952872095,1048576,32768,32,656,1598
1513350952883060,1513350952884665,1048576,32768,32,653,1605
1513350952895672,1513350952897273,1048576,32768,32,654,1601
1513350952908239,1513350952909839,1048576,32768,32,655,1600
1513350952920807,1513350952922413,1048576,32768,32,652,1606
1513350952933458,1513350952935058,1048576,32768,32,655,1600
1513350952946086,1513350952947687,1048576,32768,32,654,1601
1513350952958691,1513350952960289,1048576,32768,32,656,1598
1513350952971320,1513350952972921,1048576,32768,32,654,1601
1513350952983925,1513350952985522,1048576,32768,32,656,1597
1513350952996543,1513350952998142,1048576,32768,32,655,1599
1513350953009231,1513350953010830,1048576,32768,32,655,1599
1513350953021803,1513350953023403,1048576,32768,32,655,1600
1513350953034438,1513350953036036,1048576,32768,32,656,1598
1513350953047019,1513350953048618,1048576,32768,32,655,1599
1513350953059581,1513350953061184,1048576,32768,32,654,1603
1513350953072160,1513350953073760,1048576,32768,32,655,1600
1513350953084776,1513350953086375,1048576,32768,32,655,1599
1513350953097412,1513350953099010,1048576,32768,32,656,1598
1513350953109974,1513350953111572,1048576,32768,32,656,1598
1513350953122577,1513350953124174,1048576,32768,32,656,1597
1513350953135284,1513350953136880,1048576,32768,32,657,1596
1513350953147844,1513350953149444,1048576,32768,32,655,1600
1513350953160485,1513350953162086,1048576,32768,32,654,1601
1513350953173116,1513350953174720,1048576,32768,32,653,1604
1513350953185698,1513350953187292,1048576,32768,32,657,1594
1513350953198262,1513350953199864,1048576,32768,32,654,1602
1513350953210840,1513350953212444,1048576,32768,32,653,1604
1513350953223473,1513350953225072,1048576,32768,32,655,1599
1513350953236089,1513350953237694,1048576,32768,32,653,1605
1513350953248664,1513350953250264,1048576,32768,32,655,1600
1513350953261227,1513350953262832,1048576,32768,32,653,1605
1513350953273797,1513350953275402,1048576,32768,32,653,1605
1513350953286395,1513350953287987,1048576,32768,32,658,1592
1513350953298989,1513350953300597,1048576,32768,32,652,1608
1513350953311555,1513350953313159,1048576,32768,32,653,1604
1513350953324125,1513350953325727,1048576,32768,32,654,1602
1513350953336689,1513350953338286,1048576,32768,32,656,1597
1513350953349303,1513350953350901,1048576,32768,32,656,1598
1513350953361900,1513350953363501,1048576,32768,32,654,1601
1513350953374482,1513350953376084,1048576,32768,32,654,1602
1513350953387052,1513350953388656,1048576,32768,32,653,1604
1513350953399645,1513350953401244,1048576,32768,32,655,1599
1513350953412251,1513350953413853,1048576,32768,32,654,1602
1513350953424829,1513350953426431,1048576,32768,32,654,1602
