1513342584006203,1513342584525726,268435456,16777216,16,516,519523
1513342586487662,1513342587013054,268435456,16777216,16,510,525392
1513342588974231,1513342589498108,268435456,16777216,16,512,523877
1513342591461999,1513342591987182,268435456,16777216,16,511,525183
1513342593949321,1513342594472219,268435456,16777216,16,513,522898
1513342596433578,1513342596959626,268435456,16777216,16,510,526048
1513342598921725,1513342599448915,268435456,16777216,16,509,527190
1513342601412199,1513342601937644,268435456,16777216,16,510,525445
1513342603900495,1513342604428629,268435456,16777216,16,508,528134
1513342606390942,1513342606919138,268435456,16777216,16,508,528196
1513342608882648,1513342609411439,268435456,16777216,16,507,528791
1513342611370416,1513342611896389,268435456,16777216,16,510,525973
1513342613859157,1513342614385322,268435456,16777216,16,510,526165
1513342616349269,1513342616876680,268435456,16777216,16,508,527411
1513342618838735,1513342619366388,268435456,16777216,16,508,527653
1513342621326720,1513342621853885,268435456,16777216,16,509,527165
1513342623812283,1513342624338440,268435456,16777216,16,510,526157
1513342626315244,1513342626834503,268435456,16777216,16,516,519259
1513342628792876,1513342629320419,268435456,16777216,16,508,527543
1513342631281130,1513342631809242,268435456,16777216,16,508,528112
1513342633769157,1513342634293310,268435456,16777216,16,512,524153
1513342636253009,1513342636778884,268435456,16777216,16,510,525875
1513342638739838,1513342639265829,268435456,16777216,16,510,525991
1513342641225544,1513342641753614,268435456,16777216,16,508,528070
1513342643713725,1513342644242077,268435456,16777216,16,508,528352
1513342646201711,1513342646726644,268435456,16777216,16,511,524933
1513342648686374,1513342649212916,268435456,16777216,16,509,526542
1513342651172931,1513342651699413,268435456,16777216,16,509,526482
1513342653658614,1513342654183545,268435456,16777216,16,511,524931
1513342656140678,1513342656667606,268435456,16777216,16,509,526928
1513342658627929,1513342659156445,268435456,16777216,16,507,528516
1513342661115992,1513342661644511,268435456,16777216,16,507,528519
1513342663606891,1513342664131557,268435456,16777216,16,511,524666
1513342666092264,1513342666617556,268435456,16777216,16,511,525292
1513342668578711,1513342669106987,268435456,16777216,16,508,528276
1513342671066096,1513342671590340,268435456,16777216,16,512,524244
1513342673550572,1513342674078850,268435456,16777216,16,508,528278
1513342676039828,1513342676565982,268435456,16777216,16,510,526154
1513342678529331,1513342679055448,268435456,16777216,16,510,526117
1513342681017125,1513342681542799,268435456,16777216,16,510,525674
1513342683504689,1513342684029931,268435456,16777216,16,511,525242
1513342685991605,1513342686520142,268435456,16777216,16,507,528537
1513342688484391,1513342689006464,268435456,16777216,16,514,522073
1513342690968838,1513342691491496,268435456,16777216,16,513,522658
1513342693452171,1513342693979113,268435456,16777216,16,509,526942
1513342695941954,1513342696471217,268435456,16777216,16,507,529263
1513342698434463,1513342698960906,268435456,16777216,16,509,526443
1513342700922445,1513342701450719,268435456,16777216,16,508,528274
1513342703413698,1513342703938198,268435456,16777216,16,511,524500
1513342705900420,1513342706426887,268435456,16777216,16,509,526467
1513342708387985,1513342708911048,268435456,16777216,16,513,523063
1513342710872958,1513342711391916,268435456,16777216,16,517,518958
1513342713353389,1513342713874166,268435456,16777216,16,515,520777
1513342715836729,1513342716358552,268435456,16777216,16,514,521823
1513342718319231,1513342718837791,268435456,16777216,16,517,518560
1513342720798386,1513342721314077,268435456,16777216,16,520,515691
1513342723275871,1513342723795524,268435456,16777216,16,516,519653
1513342725757271,1513342726279396,268435456,16777216,16,514,522125
1513342728241045,1513342728764182,268435456,16777216,16,513,523137
1513342730725313,1513342731247103,268435456,16777216,16,514,521790
1513342733225890,1513342733748005,268435456,16777216,16,514,522115
1513342735709901,1513342736231465,268435456,16777216,16,514,521564
1513342738191933,1513342738714420,268435456,16777216,16,513,522487
1513342740675218,1513342741197059,268435456,16777216,16,514,521841
1513342743157279,1513342743675965,268435456,16777216,16,517,518686
1513342745636189,1513342746159013,268435456,16777216,16,513,522824
1513342748119494,1513342748639760,268435456,16777216,16,515,520266
1513342750600582,1513342751121058,268435456,16777216,16,515,520476
1513342753080295,1513342753603667,268435456,16777216,16,512,523372
1513342755566343,1513342756088428,268435456,16777216,16,514,522085
1513342758050189,1513342758573227,268435456,16777216,16,513,523038
1513342760532631,1513342761051171,268435456,16777216,16,517,518540
1513342763012599,1513342763533318,268435456,16777216,16,515,520719
1513342765494304,1513342766013310,268435456,16777216,16,517,519006
1513342767974507,1513342768495008,268435456,16777216,16,515,520501
1513342770456392,1513342770977129,268435456,16777216,16,515,520737
1513342772938407,1513342773461948,268435456,16777216,16,512,523541
1513342775424505,1513342775946497,268435456,16777216,16,514,521992
1513342777907701,1513342778431029,268435456,16777216,16,512,523328
1513342780391801,1513342780914758,268435456,16777216,16,513,522957
1513342782875165,1513342783395960,268435456,16777216,16,515,520795
1513342785358525,1513342785880846,268435456,16777216,16,513,522321
1513342787843363,1513342788365817,268435456,16777216,16,513,522454
1513342790327465,1513342790850386,268435456,16777216,16,513,522921
1513342792811935,1513342793335253,268435456,16777216,16,512,523318
1513342795296186,1513342795812890,268435456,16777216,16,519,516704
1513342797774188,1513342798295251,268435456,16777216,16,515,521063
1513342800258873,1513342800779324,268435456,16777216,16,515,520451
1513342802741675,1513342803265127,268435456,16777216,16,512,523452
1513342805228507,1513342805749479,268435456,16777216,16,515,520972
1513342807708965,1513342808231454,268435456,16777216,16,513,522489
1513342810193323,1513342810716454,268435456,16777216,16,513,523131
1513342812678891,1513342813198167,268435456,16777216,16,516,519276
1513342815159300,1513342815681504,268435456,16777216,16,514,522204
1513342817641238,1513342818160301,268435456,16777216,16,517,519063
1513342820121291,1513342820644100,268435456,16777216,16,513,522809
1513342822604824,1513342823126530,268435456,16777216,16,514,521706
1513342825087735,1513342825609281,268435456,16777216,16,514,521546
1513342827569560,1513342828092078,268435456,16777216,16,513,522518
1513342830053988,1513342830572868,268435456,16777216,16,517,518880
1513342832534192,1513342833053636,268435456,16777216,16,516,519444
1513342835015066,1513342835536205,268435456,16777216,16,515,521139
1513342837497636,1513342838016793,268435456,16777216,16,517,519157
1513342839978622,1513342840494177,268435456,16777216,16,520,515555
1513342842458398,1513342842979486,268435456,16777216,16,515,521088
1513342844940591,1513342845462489,268435456,16777216,16,514,521898
1513342847423604,1513342847942260,268435456,16777216,16,517,518656
1513342849924462,1513342850448777,268435456,16777216,16,511,524315
1513342852409179,1513342852934056,268435456,16777216,16,511,524877
1513342854895821,1513342855416179,268435456,16777216,16,515,520358
1513342857376605,1513342857894866,268435456,16777216,16,517,518261
1513342859856859,1513342860370808,268435456,16777216,16,522,513949
1513342862333092,1513342862852536,268435456,16777216,16,516,519444
1513342864813555,1513342865340266,268435456,16777216,16,509,526711
1513342867302469,1513342867826055,268435456,16777216,16,512,523586
1513342869788116,1513342870315654,268435456,16777216,16,508,527538
1513342872277913,1513342872805884,268435456,16777216,16,508,527971
1513342874767706,1513342875292991,268435456,16777216,16,511,525285
1513342877255596,1513342877783470,268435456,16777216,16,508,527874
1513342879744761,1513342880272230,268435456,16777216,16,508,527469
1513342882234369,1513342882762046,268435456,16777216,16,508,527677
1513342884725452,1513342885253913,268435456,16777216,16,507,528461
1513342887214334,1513342887738205,268435456,16777216,16,512,523871
1513342889700033,1513342890228708,268435456,16777216,16,507,528675
1513342892190315,1513342892717261,268435456,16777216,16,509,526946
1513342894675835,1513342895203594,268435456,16777216,16,508,527759
1513342897164393,1513342897692814,268435456,16777216,16,507,528421
1513342899653928,1513342900179590,268435456,16777216,16,510,525662
1513342902140728,1513342902666884,268435456,16777216,16,510,526156
1513342904629236,1513342905155288,268435456,16777216,16,510,526052
1513342907116202,1513342907642283,268435456,16777216,16,510,526081
1513342909604658,1513342910130118,268435456,16777216,16,510,525460
1513342912090926,1513342912617371,268435456,16777216,16,509,526445
1513342914579737,1513342915104276,268435456,16777216,16,511,524539
1513342917067452,1513342917592927,268435456,16777216,16,510,525475
1513342919555547,1513342920082618,268435456,16777216,16,509,527071
1513342922042909,1513342922565285,268435456,16777216,16,513,522376
1513342924526428,1513342925050112,268435456,16777216,16,512,523684
1513342927012341,1513342927532130,268435456,16777216,16,516,519789
1513342929493247,1513342930016582,268435456,16777216,16,512,523335
1513342931978672,1513342932501017,268435456,16777216,16,513,522345
1513342934463017,1513342934989376,268435456,16777216,16,509,526359
1513342936948906,1513342937475100,268435456,16777216,16,510,526194
1513342939437295,1513342939959179,268435456,16777216,16,514,521884
1513342941921406,1513342942445558,268435456,16777216,16,512,524152
1513342944408933,1513342944933451,268435456,16777216,16,511,524518
1513342946895686,1513342947421715,268435456,16777216,16,510,526029
1513342949383310,1513342949911122,268435456,16777216,16,508,527812
1513342951872236,1513342952399606,268435456,16777216,16,509,527370
1513342954360059,1513342954883735,268435456,16777216,16,512,523676
1513342956844280,1513342957367199,268435456,16777216,16,513,522919
1513342959328470,1513342959856565,268435456,16777216,16,508,528095
1513342961817864,1513342962344516,268435456,16777216,16,509,526652
1513342964305531,1513342964831265,268435456,16777216,16,510,525734
1513342966791883,1513342967319035,268435456,16777216,16,509,527152
1513342969280933,1513342969806867,268435456,16777216,16,510,525934
1513342971768349,1513342972293590,268435456,16777216,16,511,525241
1513342974254096,1513342974778091,268435456,16777216,16,512,523995
1513342976738759,1513342977263674,268435456,16777216,16,511,524915
1513342979224566,1513342979752771,268435456,16777216,16,508,528205
1513342981713950,1513342982236562,268435456,16777216,16,513,522612
1513342984199398,1513342984724689,268435456,16777216,16,511,525291
1513342986681828,1513342987208544,268435456,16777216,16,509,526716
1513342989171465,1513342989697346,268435456,16777216,16,510,525881
1513342991654807,1513342992172065,268435456,16777216,16,518,517258
1513342994133054,1513342994660833,268435456,16777216,16,508,527779
1513342996619140,1513342997140077,268435456,16777216,16,515,520937
1513342999100332,1513342999627736,268435456,16777216,16,508,527404
1513343001588222,1513343002113915,268435456,16777216,16,510,525693
1513343004072567,1513343004595881,268435456,16777216,16,512,523314
1513343006555427,1513343007081479,268435456,16777216,16,510,526052
1513343009042352,1513343009570125,268435456,16777216,16,508,527773
1513343011531093,1513343012058691,268435456,16777216,16,508,527598
1513343014019437,1513343014547142,268435456,16777216,16,508,527705
1513343016508537,1513343017036080,268435456,16777216,16,508,527543
1513343018997371,1513343019523185,268435456,16777216,16,510,525814
1513343021485249,1513343022010625,268435456,16777216,16,510,525376
1513343023971945,1513343024495649,268435456,16777216,16,512,523704
1513343026458284,1513343026982084,268435456,16777216,16,512,523800
1513343028944817,1513343029472152,268435456,16777216,16,509,527335
1513343031430670,1513343031958170,268435456,16777216,16,508,527500
1513343033918584,1513343034443452,268435456,16777216,16,511,524868
1513343036403715,1513343036928865,268435456,16777216,16,511,525150
1513343038889288,1513343039414997,268435456,16777216,16,510,525709
1513343041376025,1513343041903788,268435456,16777216,16,508,527763
1513343043865200,1513343044390181,268435456,16777216,16,511,524981
1513343046352631,1513343046880285,268435456,16777216,16,508,527654
1513343048840236,1513343049361942,268435456,16777216,16,514,521706
1513343051325145,1513343051852000,268435456,16777216,16,509,526855
1513343053813260,1513343054339812,268435456,16777216,16,509,526552
1513343056300949,1513343056822819,268435456,16777216,16,514,521870
1513343058783379,1513343059308563,268435456,16777216,16,511,525184
1513343061270014,1513343061797756,268435456,16777216,16,508,527742
1513343063758341,1513343064283924,268435456,16777216,16,510,525583
1513343066245132,1513343066772723,268435456,16777216,16,508,527591
1513343068733746,1513343069261433,268435456,16777216,16,508,527687
1513343071223400,1513343071750869,268435456,16777216,16,508,527469
1513343073713801,1513343074238234,268435456,16777216,16,511,524433
1513343076199287,1513343076724883,268435456,16777216,16,510,525596
1513343078685688,1513343079213217,268435456,16777216,16,508,527529
1513343081174111,1513343081702576,268435456,16777216,16,507,528465
1513343083664278,1513343084188591,268435456,16777216,16,511,524313
1513343086150848,1513343086674863,268435456,16777216,16,512,524015
1513343088635359,1513343089159241,268435456,16777216,16,512,523882
1513343091121887,1513343091649550,268435456,16777216,16,508,527663
1513343093611358,1513343094136413,268435456,16777216,16,511,525055
1513343096098974,1513343096627248,268435456,16777216,16,508,528274
1513343098587766,1513343099115661,268435456,16777216,16,508,527895
1513343101076582,1513343101600646,268435456,16777216,16,512,524064
1513343103562552,1513343104089983,268435456,16777216,16,508,527431
1513343106051710,1513343106576980,268435456,16777216,16,511,525270
1513343108538603,1513343109062006,268435456,16777216,16,512,523403
1513343111022622,1513343111548356,268435456,16777216,16,510,525734
1513343113509356,1513343114030722,268435456,16777216,16,514,521366
1513343115991364,1513343116519117,268435456,16777216,16,508,527753
1513343118479249,1513343119006835,268435456,16777216,16,508,527586
1513343120969143,1513343121492593,268435456,16777216,16,512,523450
1513343123454680,1513343123981319,268435456,16777216,16,509,526639
1513343125941471,1513343126469589,268435456,16777216,16,508,528118
1513343128429988,1513343128958038,268435456,16777216,16,508,528050
1513343130918959,1513343131444180,268435456,16777216,16,511,525221
1513343133404052,1513343133927071,268435456,16777216,16,513,523019
1513343135887182,1513343136415059,268435456,16777216,16,508,527877
1513343138375936,1513343138904199,268435456,16777216,16,508,528263
1513343140867519,1513343141395478,268435456,16777216,16,508,527959
1513343143358848,1513343143885073,268435456,16777216,16,510,526225
1513343145846345,1513343146370382,268435456,16777216,16,512,524037
1513343148331189,1513343148857215,268435456,16777216,16,510,526026
1513343150818253,1513343151343840,268435456,16777216,16,510,525587
1513343153305632,1513343153833159,268435456,16777216,16,508,527527
1513343155796475,1513343156321649,268435456,16777216,16,511,525174
1513343158282252,1513343158809811,268435456,16777216,16,508,527559
1513343160771371,1513343161294700,268435456,16777216,16,512,523329
1513343163255288,1513343163780719,268435456,16777216,16,510,525431
1513343165740886,1513343166266442,268435456,16777216,16,510,525556
1513343168228715,1513343168751460,268435456,16777216,16,513,522745
1513343170710569,1513343171236971,268435456,16777216,16,509,526402
1513343173210492,1513343173738017,268435456,16777216,16,508,527525
1513343175700159,1513343176225398,268435456,16777216,16,511,525239
1513343178187937,1513343178712275,268435456,16777216,16,511,524338
1513343180682281,1513343181209350,268435456,16777216,16,509,527069
1513343183170884,1513343183697648,268435456,16777216,16,509,526764
1513343185657469,1513343186182273,268435456,16777216,16,511,524804
1513343188145840,1513343188670149,268435456,16777216,16,511,524309
1513343190632675,1513343191151235,268435456,16777216,16,517,518560
1513343193114196,1513343193641124,268435456,16777216,16,509,526928
1513343195602340,1513343196127332,268435456,16777216,16,511,524992
1513343198088741,1513343198614976,268435456,16777216,16,510,526235
1513343200577320,1513343201104459,268435456,16777216,16,509,527139
1513343203065297,1513343203589587,268435456,16777216,16,511,524290
1513343205552839,1513343206076588,268435456,16777216,16,512,523749
1513343208038726,1513343208562470,268435456,16777216,16,512,523744
1513343210525649,1513343211051909,268435456,16777216,16,510,526260
1513343213014092,1513343213540556,268435456,16777216,16,509,526464
1513343215502581,1513343216024744,268435456,16777216,16,514,522163
1513343217987274,1513343218511299,268435456,16777216,16,512,524025
1513343220473686,1513343220997572,268435456,16777216,16,512,523886
1513343222960315,1513343223487816,268435456,16777216,16,508,527501
1513343225452182,1513343225981452,268435456,16777216,16,507,529270
1513343227948186,1513343228471430,268435456,16777216,16,513,523244
1513343230434813,1513343230957233,268435456,16777216,16,513,522420
1513343232922341,1513343233449391,268435456,16777216,16,509,527050
1513343235414009,1513343235936526,268435456,16777216,16,513,522517
1513343237901654,1513343238428278,268435456,16777216,16,509,526624
1513343240390832,1513343240915866,268435456,16777216,16,511,525034
1513343242880785,1513343243405867,268435456,16777216,16,511,525082
1513343245370057,1513343245897489,268435456,16777216,16,508,527432
1513343247862624,1513343248385957,268435456,16777216,16,512,523333
1513343250350587,1513343250874066,268435456,16777216,16,512,523479
1513343252838020,1513343253365002,268435456,16777216,16,509,526982
1513343255330327,1513343255850158,268435456,16777216,16,516,519831
1513343257814167,1513343258332155,268435456,16777216,16,518,517988
1513343260296231,1513343260823663,268435456,16777216,16,508,527432
1513343262786367,1513343263310249,268435456,16777216,16,512,523882
1513343265275158,1513343265800451,268435456,16777216,16,511,525293
1513343267763564,1513343268289187,268435456,16777216,16,510,525623
1513343270253157,1513343270774196,268435456,16777216,16,515,521039
1513343272737565,1513343273265214,268435456,16777216,16,508,527649
1513343275228110,1513343275755291,268435456,16777216,16,509,527181
1513343277720517,1513343278246191,268435456,16777216,16,510,525674
1513343280211235,1513343280736653,268435456,16777216,16,510,525418
1513343282701257,1513343283224243,268435456,16777216,16,513,522986
1513343285188872,1513343285712267,268435456,16777216,16,512,523395
1513343287675869,1513343288202650,268435456,16777216,16,509,526781
1513343290166883,1513343290692445,268435456,16777216,16,510,525562
1513343292656482,1513343293181535,268435456,16777216,16,511,525053
1513343295146687,1513343295669816,268435456,16777216,16,513,523129
1513343297633930,1513343298161068,268435456,16777216,16,509,527138
1513343300124375,1513343300650270,268435456,16777216,16,510,525895
1513343302614584,1513343303139956,268435456,16777216,16,510,525372
1513343305104133,1513343305629477,268435456,16777216,16,510,525344
1513343307592596,1513343308113872,268435456,16777216,16,514,521276
1513343310077522,1513343310604768,268435456,16777216,16,509,527246
1513343312569584,1513343313094759,268435456,16777216,16,511,525175
1513343315058650,1513343315585218,268435456,16777216,16,509,526568
1513343317550129,1513343318073725,268435456,16777216,16,512,523596
1513343320038876,1513343320564365,268435456,16777216,16,510,525489
1513343322528197,1513343323055044,268435456,16777216,16,509,526847
1513343325020402,1513343325545497,268435456,16777216,16,511,525095
1513343327511427,1513343328038736,268435456,16777216,16,509,527309
1513343330003509,1513343330527054,268435456,16777216,16,512,523545
1513343332492174,1513343333019211,268435456,16777216,16,509,527037
1513343334983388,1513343335506702,268435456,16777216,16,512,523314
1513343337471066,1513343337997946,268435456,16777216,16,509,526880
1513343339962539,1513343340490868,268435456,16777216,16,508,528329
1513343342454609,1513343342978888,268435456,16777216,16,512,524279
1513343344942815,1513343345470070,268435456,16777216,16,509,527255
1513343347435675,1513343347962397,268435456,16777216,16,509,526722
1513343349926849,1513343350454190,268435456,16777216,16,509,527341
1513343352417880,1513343352942859,268435456,16777216,16,511,524979
1513343354906476,1513343355431323,268435456,16777216,16,511,524847
1513343357396344,1513343357923274,268435456,16777216,16,509,526930
1513343359887323,1513343360415390,268435456,16777216,16,508,528067
1513343362380351,1513343362902810,268435456,16777216,16,513,522459
1513343364867696,1513343365394788,268435456,16777216,16,509,527092
1513343367360036,1513343367881455,268435456,16777216,16,514,521419
1513343369845287,1513343370372236,268435456,16777216,16,509,526949
1513343372336966,1513343372863350,268435456,16777216,16,509,526384
1513343374826822,1513343375351695,268435456,16777216,16,511,524873
1513343377315982,1513343377842560,268435456,16777216,16,509,526578
1513343379806779,1513343380333931,268435456,16777216,16,509,527152
1513343382297965,1513343382821255,268435456,16777216,16,512,523290
1513343384785155,1513343385308611,268435456,16777216,16,512,523456
1513343387271545,1513343387802911,268435456,16777216,16,505,531366
1513343389766524,1513343390292740,268435456,16777216,16,510,526216
1513343392255750,1513343392782791,268435456,16777216,16,509,527041
1513343394746200,1513343395276973,268435456,16777216,16,505,530773
1513343397239483,1513343397766876,268435456,16777216,16,508,527393
1513343399731489,1513343400260264,268435456,16777216,16,507,528775
1513343402224279,1513343402752938,268435456,16777216,16,507,528659
1513343404716375,1513343405246389,268435456,16777216,16,506,530014
1513343407211466,1513343407740711,268435456,16777216,16,507,529245
1513343409704647,1513343410235647,268435456,16777216,16,505,531000
1513343412200367,1513343412730688,268435456,16777216,16,506,530321
1513343414694520,1513343415225464,268435456,16777216,16,505,530944
1513343417188955,1513343417718344,268435456,16777216,16,507,529389
1513343419683096,1513343420213423,268435456,16777216,16,506,530327
1513343422178028,1513343422706336,268435456,16777216,16,508,528308
1513343424671217,1513343425201217,268435456,16777216,16,506,530000
1513343427168420,1513343427699653,268435456,16777216,16,505,531233
1513343429665355,1513343430189220,268435456,16777216,16,512,523865
1513343432155284,1513343432685074,268435456,16777216,16,506,529790
1513343434651195,1513343435181785,268435456,16777216,16,505,530590
1513343437146818,1513343437678487,268435456,16777216,16,504,531669
1513343439642734,1513343440171094,268435456,16777216,16,508,528360
1513343442137231,1513343442668148,268435456,16777216,16,505,530917
1513343444632788,1513343445163240,268435456,16777216,16,506,530452
1513343447128689,1513343447660080,268435456,16777216,16,505,531391
1513343449625717,1513343450154122,268435456,16777216,16,508,528405
1513343452118829,1513343452648236,268435456,16777216,16,507,529407
1513343454614031,1513343455142968,268435456,16777216,16,507,528937
1513343457107945,1513343457635588,268435456,16777216,16,508,527643
1513343459602156,1513343460128124,268435456,16777216,16,510,525968
1513343462094508,1513343462620378,268435456,16777216,16,510,525870
1513343464586096,1513343465114718,268435456,16777216,16,507,528622
1513343467079250,1513343467601659,268435456,16777216,16,513,522409
1513343469567666,1513343470094942,268435456,16777216,16,509,527276
1513343472058987,1513343472585781,268435456,16777216,16,509,526794
1513343474549820,1513343475077969,268435456,16777216,16,508,528149
1513343477042232,1513343477566932,268435456,16777216,16,511,524700
1513343479531454,1513343480058360,268435456,16777216,16,509,526906
1513343482023896,1513343482550331,268435456,16777216,16,509,526435
1513343484514934,1513343485044106,268435456,16777216,16,507,529172
1513343487009151,1513343487535843,268435456,16777216,16,509,526692
1513343489500159,1513343490025319,268435456,16777216,16,511,525160
1513343491990118,1513343492517104,268435456,16777216,16,509,526986
1513343494480603,1513343495008247,268435456,16777216,16,508,527644
1513343496971610,1513343497499777,268435456,16777216,16,508,528167
1513343499463120,1513343499992132,268435456,16777216,16,507,529012
1513343501957440,1513343502484294,268435456,16777216,16,509,526854
1513343504449058,1513343504976779,268435456,16777216,16,508,527721
1513343506942283,1513343507470403,268435456,16777216,16,508,528120
1513343509435625,1513343509958361,268435456,16777216,16,513,522736
1513343511924215,1513343512446428,268435456,16777216,16,514,522213
1513343514410011,1513343514938446,268435456,16777216,16,507,528435
1513343516903035,1513343517431127,268435456,16777216,16,508,528092
1513343519396673,1513343519922543,268435456,16777216,16,510,525870
1513343521887345,1513343522412955,268435456,16777216,16,510,525610
1513343524377857,1513343524904461,268435456,16777216,16,509,526604
1513343526867951,1513343527393656,268435456,16777216,16,510,525705
1513343529356663,1513343529883189,268435456,16777216,16,509,526526
1513343531849084,1513343532375134,268435456,16777216,16,510,526050
1513343534339750,1513343534864177,268435456,16777216,16,511,524427
1513343536828272,1513343537355915,268435456,16777216,16,508,527643
1513343539320886,1513343539849352,268435456,16777216,16,507,528466
1513343541813777,1513343542339628,268435456,16777216,16,510,525851
1513343544304217,1513343544832097,268435456,16777216,16,508,527880
1513343546794968,1513343547318569,268435456,16777216,16,512,523601
1513343549282341,1513343549806339,268435456,16777216,16,512,523998
1513343551772016,1513343552299910,268435456,16777216,16,508,527894
1513343554261847,1513343554788895,268435456,16777216,16,509,527048
1513343556752954,1513343557281172,268435456,16777216,16,508,528218
1513343559245060,1513343559770117,268435456,16777216,16,511,525057
1513343561734042,1513343562263136,268435456,16777216,16,507,529094
1513343564226852,1513343564754500,268435456,16777216,16,508,527648
1513343566717077,1513343567244585,268435456,16777216,16,508,527508
1513343569208500,1513343569736315,268435456,16777216,16,508,527815
1513343571699863,1513343572228806,268435456,16777216,16,507,528943
1513343574192051,1513343574720808,268435456,16777216,16,507,528757
1513343576708790,1513343577234895,268435456,16777216,16,510,526105
1513343579198578,1513343579723513,268435456,16777216,16,511,524935
1513343581687421,1513343582213528,268435456,16777216,16,510,526107
1513343584177674,1513343584704332,268435456,16777216,16,509,526658
1513343586668728,1513343587197736,268435456,16777216,16,507,529008
1513343589161295,1513343589689987,268435456,16777216,16,507,528692
1513343591652349,1513343592179187,268435456,16777216,16,509,526838
1513343594143309,1513343594672138,268435456,16777216,16,507,528829
1513343596637908,1513343597165122,268435456,16777216,16,509,527214
1513343599127967,1513343599656783,268435456,16777216,16,507,528816
1513343601620290,1513343602146984,268435456,16777216,16,509,526694
1513343604110526,1513343604637798,268435456,16777216,16,509,527272
1513343606601836,1513343607126692,268435456,16777216,16,511,524856
1513343609090235,1513343609615262,268435456,16777216,16,511,525027
1513343611578582,1513343612104046,268435456,16777216,16,510,525464
1513343614067376,1513343614589452,268435456,16777216,16,514,522076
1513343616553401,1513343617080598,268435456,16777216,16,509,527197
1513343619044642,1513343619570757,268435456,16777216,16,510,526115
1513343621535459,1513343622059300,268435456,16777216,16,512,523841
1513343624023829,1513343624545899,268435456,16777216,16,514,522070
1513343626510234,1513343627036164,268435456,16777216,16,510,525930
1513343629000267,1513343629520118,268435456,16777216,16,516,519851
1513343631484805,1513343632010754,268435456,16777216,16,510,525949
1513343633975892,1513343634500902,268435456,16777216,16,511,525010
1513343636464759,1513343636985903,268435456,16777216,16,515,521144
1513343638951571,1513343639478826,268435456,16777216,16,509,527255
1513343641447504,1513343641969722,268435456,16777216,16,514,522218
1513343643932591,1513343644459146,268435456,16777216,16,509,526555
1513343646423057,1513343646949845,268435456,16777216,16,509,526788
1513343648914893,1513343649438811,268435456,16777216,16,512,523918
1513343651401348,1513343651923433,268435456,16777216,16,514,522085
1513343653888322,1513343654414073,268435456,16777216,16,510,525751
1513343656378972,1513343656901319,268435456,16777216,16,513,522347
1513343658866186,1513343659390561,268435456,16777216,16,511,524375
1513343661355559,1513343661879998,268435456,16777216,16,511,524439
1513343663843772,1513343664370423,268435456,16777216,16,509,526651
1513343666335399,1513343666859783,268435456,16777216,16,511,524384
1513343668823554,1513343669350748,268435456,16777216,16,509,527194
1513343671313397,1513343671839724,268435456,16777216,16,510,526327
1513343673804516,1513343674328649,268435456,16777216,16,512,524133
1513343676291839,1513343676817720,268435456,16777216,16,510,525881
1513343678781929,1513343679307707,268435456,16777216,16,510,525778
1513343681272621,1513343681798754,268435456,16777216,16,510,526133
1513343683763200,1513343684284183,268435456,16777216,16,515,520983
1513343686247239,1513343686770909,268435456,16777216,16,512,523670
1513343688734853,1513343689261067,268435456,16777216,16,510,526214
1513343691225729,1513343691753237,268435456,16777216,16,508,527508
1513343693718818,1513343694246192,268435456,16777216,16,509,527374
1513343696210084,1513343696738257,268435456,16777216,16,508,528173
1513343698701960,1513343699226181,268435456,16777216,16,512,524221
1513343701190936,1513343701720503,268435456,16777216,16,506,529567
1513343703686431,1513343704215842,268435456,16777216,16,507,529411
1513343706181101,1513343706708090,268435456,16777216,16,509,526989
1513343708672585,1513343709202144,268435456,16777216,16,506,529559
1513343711164665,1513343711694906,268435456,16777216,16,506,530241
1513343713659120,1513343714188863,268435456,16777216,16,506,529743
1513343716154554,1513343716679923,268435456,16777216,16,510,525369
1513343718644265,1513343719174558,268435456,16777216,16,506,530293
1513343721139366,1513343721665955,268435456,16777216,16,509,526589
1513343723629096,1513343724152723,268435456,16777216,16,512,523627
1513343726118605,1513343726646465,268435456,16777216,16,508,527860
1513343728609882,1513343729137623,268435456,16777216,16,508,527741
1513343731101752,1513343731632424,268435456,16777216,16,505,530672
1513343733596575,1513343734126475,268435456,16777216,16,506,529900
1513343736089802,1513343736615609,268435456,16777216,16,510,525807
1513343738579630,1513343739105369,268435456,16777216,16,510,525739
1513343741069554,1513343741599876,268435456,16777216,16,506,530322
1513343743562372,1513343744088446,268435456,16777216,16,510,526074
1513343746052234,1513343746580368,268435456,16777216,16,508,528134
1513343748544750,1513343749075006,268435456,16777216,16,506,530256
1513343751039641,1513343751568084,268435456,16777216,16,507,528443
1513343753532109,1513343754059758,268435456,16777216,16,508,527649
1513343756024594,1513343756549256,268435456,16777216,16,511,524662
1513343758513725,1513343759039647,268435456,16777216,16,510,525922
1513343761004762,1513343761532929,268435456,16777216,16,508,528167
1513343763499574,1513343764026990,268435456,16777216,16,508,527416
1513343765990316,1513343766520533,268435456,16777216,16,506,530217
1513343768485342,1513343769015119,268435456,16777216,16,506,529777
1513343770979617,1513343771507968,268435456,16777216,16,508,528351
1513343773505191,1513343774029133,268435456,16777216,16,512,523942
1513343775992447,1513343776519076,268435456,16777216,16,509,526629
1513343778480516,1513343779007390,268435456,16777216,16,509,526874
1513343780969975,1513343781496258,268435456,16777216,16,510,526283
1513343783459629,1513343783987744,268435456,16777216,16,508,528115
1513343785951262,1513343786479855,268435456,16777216,16,507,528593
1513343788443528,1513343788969589,268435456,16777216,16,510,526061
1513343790932842,1513343791459342,268435456,16777216,16,509,526500
1513343793422350,1513343793950821,268435456,16777216,16,507,528471
1513343795914051,1513343796442581,268435456,16777216,16,507,528530
1513343798406615,1513343798935190,268435456,16777216,16,507,528575
1513343800897833,1513343801422473,268435456,16777216,16,511,524640
1513343803384412,1513343803912462,268435456,16777216,16,508,528050
1513343805875543,1513343806403993,268435456,16777216,16,507,528450
1513343808367121,1513343808895224,268435456,16777216,16,508,528103
1513343810859486,1513343811380099,268435456,16777216,16,515,520613
1513343813343388,1513343813870882,268435456,16777216,16,508,527494
1513343815834129,1513343816354418,268435456,16777216,16,515,520289
1513343818316538,1513343818842768,268435456,16777216,16,510,526230
1513343820806280,1513343821335780,268435456,16777216,16,506,529500
1513343823300674,1513343823829169,268435456,16777216,16,507,528495
1513343825792980,1513343826323327,268435456,16777216,16,506,530347
1513343828287291,1513343828816229,268435456,16777216,16,507,528938
1513343830780471,1513343831311094,268435456,16777216,16,505,530623
1513343833276716,1513343833807211,268435456,16777216,16,506,530495
1513343835772319,1513343836302198,268435456,16777216,16,506,529879
1513343838266446,1513343838799031,268435456,16777216,16,504,532585
1513343840764070,1513343841291507,268435456,16777216,16,508,527437
1513343843256402,1513343843781937,268435456,16777216,16,510,525535
1513343845746783,1513343846272750,268435456,16777216,16,510,525967
1513343848237664,1513343848763841,268435456,16777216,16,510,526177
1513343850730366,1513343851258983,268435456,16777216,16,507,528617
1513343853223462,1513343853750380,268435456,16777216,16,509,526918
1513343855713827,1513343856242709,268435456,16777216,16,507,528882
1513343858207183,1513343858737343,268435456,16777216,16,506,530160
1513343860702094,1513343861232726,268435456,16777216,16,505,530632
1513343863196819,1513343863727131,268435456,16777216,16,506,530312
1513343865691377,1513343866221465,268435456,16777216,16,506,530088
1513343868186308,1513343868719193,268435456,16777216,16,503,532885
1513343870683172,1513343871211304,268435456,16777216,16,508,528132
1513343873176499,1513343873707206,268435456,16777216,16,505,530707
1513343875671579,1513343876201870,268435456,16777216,16,506,530291
1513343878166843,1513343878697054,268435456,16777216,16,506,530211
1513343880662113,1513343881188146,268435456,16777216,16,510,526033
1513343883152045,1513343883682279,268435456,16777216,16,506,530234
1513343885646845,1513343886174974,268435456,16777216,16,508,528129
1513343888140076,1513343888671814,268435456,16777216,16,504,531738
1513343890636728,1513343891163279,268435456,16777216,16,509,526551
1513343893128580,1513343893659603,268435456,16777216,16,505,531023
1513343895642840,1513343896173162,268435456,16777216,16,506,530322
1513343898138097,1513343898668255,268435456,16777216,16,506,530158
1513343900632363,1513343901157242,268435456,16777216,16,511,524879
1513343903119860,1513343903650705,268435456,16777216,16,505,530845
1513343905615180,1513343906139938,268435456,16777216,16,511,524758
1513343908102223,1513343908633739,268435456,16777216,16,505,531516
1513343910599107,1513343911130049,268435456,16777216,16,505,530942
1513343913093031,1513343913622374,268435456,16777216,16,507,529343
1513343915584891,1513343916115762,268435456,16777216,16,505,530871
1513343918077318,1513343918607940,268435456,16777216,16,505,530622
1513343920568367,1513343921098779,268435456,16777216,16,506,530412
1513343923059917,1513343923588484,268435456,16777216,16,507,528567
1513343925551675,1513343926080384,268435456,16777216,16,507,528709
1513343928041920,1513343928572687,268435456,16777216,16,505,530767
1513343930535811,1513343931063440,268435456,16777216,16,508,527629
1513343933026392,1513343933554656,268435456,16777216,16,508,528264
1513343935520145,1513343936040466,268435456,16777216,16,515,520321
1513343938003998,1513343938530284,268435456,16777216,16,510,526286
1513343940494941,1513343941020636,268435456,16777216,16,510,525695
1513343942983705,1513343943505767,268435456,16777216,16,514,522062
1513343945469072,1513343945995313,268435456,16777216,16,510,526241
1513343947958605,1513343948486550,268435456,16777216,16,508,527945
1513343950453361,1513343950981615,268435456,16777216,16,508,528254
1513343952947751,1513343953473757,268435456,16777216,16,510,526006
1513343955438718,1513343955964723,268435456,16777216,16,510,526005
1513343957928802,1513343958453927,268435456,16777216,16,511,525125
1513343960419740,1513343960948052,268435456,16777216,16,508,528312
1513343962913694,1513343963442146,268435456,16777216,16,507,528452
1513343965406432,1513343965932438,268435456,16777216,16,510,526006
1513343967897356,1513343968423380,268435456,16777216,16,510,526024
1513343970388830,1513343970917078,268435456,16777216,16,508,528248
1513343972882995,1513343973409408,268435456,16777216,16,509,526413
1513343975374386,1513343975902309,268435456,16777216,16,508,527923
1513343977867747,1513343978393533,268435456,16777216,16,510,525786
1513343980359652,1513343980887944,268435456,16777216,16,508,528292
1513343982853793,1513343983382010,268435456,16777216,16,508,528217
1513343985346730,1513343985871229,268435456,16777216,16,511,524499
1513343987835975,1513343988360132,268435456,16777216,16,512,524157
1513343990324280,1513343990851219,268435456,16777216,16,509,526939
1513343992816979,1513343993340820,268435456,16777216,16,512,523841
1513343995307013,1513343995834975,268435456,16777216,16,508,527962
1513343997799993,1513343998327792,268435456,16777216,16,508,527799
1513344000291025,1513344000817818,268435456,16777216,16,509,526793
1513344002781529,1513344003308386,268435456,16777216,16,509,526857
1513344005274099,1513344005802489,268435456,16777216,16,508,528390
1513344007767151,1513344008292790,268435456,16777216,16,510,525639
1513344010258025,1513344010780034,268435456,16777216,16,514,522009
1513344012743389,1513344013271292,268435456,16777216,16,508,527903
1513344015235831,1513344015764204,268435456,16777216,16,508,528373
1513344017731718,1513344018259262,268435456,16777216,16,508,527544
1513344020224080,1513344020749962,268435456,16777216,16,510,525882
1513344022714462,1513344023241711,268435456,16777216,16,509,527249
1513344025206985,1513344025735528,268435456,16777216,16,507,528543
1513344027701212,1513344028225268,268435456,16777216,16,512,524056
1513344030189221,1513344030718439,268435456,16777216,16,507,529218
1513344032682937,1513344033210905,268435456,16777216,16,508,527968
1513344035176033,1513344035700736,268435456,16777216,16,511,524703
1513344037665391,1513344038191140,268435456,16777216,16,510,525749
1513344040157485,1513344040684288,268435456,16777216,16,509,526803
1513344042650539,1513344043178920,268435456,16777216,16,508,528381
1513344045144722,1513344045671256,268435456,16777216,16,509,526534
1513344047636914,1513344048160471,268435456,16777216,16,512,523557
1513344050124528,1513344050650542,268435456,16777216,16,510,526014
1513344052616289,1513344053143801,268435456,16777216,16,508,527512
1513344055110528,1513344055636937,268435456,16777216,16,509,526409
1513344057602289,1513344058127812,268435456,16777216,16,510,525523
1513344060094255,1513344060620048,268435456,16777216,16,510,525793
1513344062584547,1513344063111667,268435456,16777216,16,509,527120
1513344065077848,1513344065600419,268435456,16777216,16,513,522571
1513344067564584,1513344068088024,268435456,16777216,16,512,523440
1513344070052263,1513344070578623,268435456,16777216,16,509,526360
1513344072544431,1513344073069887,268435456,16777216,16,510,525456
1513344075036342,1513344075562608,268435456,16777216,16,510,526266
1513344077527441,1513344078055009,268435456,16777216,16,508,527568
1513344080019903,1513344080546734,268435456,16777216,16,509,526831
1513344082509975,1513344083033019,268435456,16777216,16,513,523044
1513344084998077,1513344085524314,268435456,16777216,16,510,526237
1513344087488484,1513344088015975,268435456,16777216,16,508,527491
1513344089980516,1513344090504341,268435456,16777216,16,512,523825
1513344092468978,1513344092996478,268435456,16777216,16,508,527500
1513344094961713,1513344095487738,268435456,16777216,16,510,526025
1513344097454469,1513344097979951,268435456,16777216,16,510,525482
1513344099943479,1513344100467847,268435456,16777216,16,511,524368
1513344102432433,1513344102957728,268435456,16777216,16,511,525295
1513344104923309,1513344105451576,268435456,16777216,16,508,528267
1513344107415539,1513344107942483,268435456,16777216,16,509,526944
1513344109908025,1513344110434589,268435456,16777216,16,509,526564
1513344112397529,1513344112925137,268435456,16777216,16,508,527608
1513344114888669,1513344115416861,268435456,16777216,16,508,528192
1513344117381609,1513344117908948,268435456,16777216,16,509,527339
1513344119873511,1513344120398906,268435456,16777216,16,510,525395
1513344122363935,1513344122889248,268435456,16777216,16,511,525313
1513344124853505,1513344125377088,268435456,16777216,16,512,523583
1513344127339610,1513344127865010,268435456,16777216,16,510,525400
1513344129830678,1513344130358137,268435456,16777216,16,508,527459
1513344132322295,1513344132849191,268435456,16777216,16,509,526896
1513344134813838,1513344135340007,268435456,16777216,16,510,526169
1513344137306234,1513344137833178,268435456,16777216,16,509,526944
1513344139798696,1513344140326724,268435456,16777216,16,508,528028
1513344142291063,1513344142818563,268435456,16777216,16,508,527500
1513344144783529,1513344145311484,268435456,16777216,16,508,527955
1513344147274878,1513344147802554,268435456,16777216,16,508,527676
1513344149766828,1513344150293368,268435456,16777216,16,509,526540
1513344152258729,1513344152784420,268435456,16777216,16,510,525691
1513344154746795,1513344155270913,268435456,16777216,16,512,524118
1513344157234524,1513344157758707,268435456,16777216,16,512,524183
1513344159722512,1513344160248887,268435456,16777216,16,509,526375
1513344162213094,1513344162741008,268435456,16777216,16,508,527914
1513344164705256,1513344165233950,268435456,16777216,16,507,528694
1513344167196537,1513344167721349,268435456,16777216,16,511,524812
1513344169684827,1513344170207408,268435456,16777216,16,513,522581
1513344172170178,1513344172698097,268435456,16777216,16,508,527919
1513344174661263,1513344175188005,268435456,16777216,16,509,526742
1513344177152621,1513344177678632,268435456,16777216,16,510,526011
1513344179642684,1513344180170119,268435456,16777216,16,508,527435
1513344182133931,1513344182657066,268435456,16777216,16,513,523135
1513344184622189,1513344185142686,268435456,16777216,16,515,520497
1513344187106492,1513344187633620,268435456,16777216,16,509,527128
1513344189598524,1513344190124683,268435456,16777216,16,510,526159
1513344192088940,1513344192610232,268435456,16777216,16,514,521292
1513344194573775,1513344195101878,268435456,16777216,16,508,528103
1513344197066170,1513344197592133,268435456,16777216,16,510,525963
1513344199555382,1513344200083681,268435456,16777216,16,508,528299
1513344202046672,1513344202570294,268435456,16777216,16,512,523622
1513344204535148,1513344205063313,268435456,16777216,16,508,528165
1513344207026260,1513344207549286,268435456,16777216,16,513,523026
1513344209534834,1513344210060443,268435456,16777216,16,510,525609
1513344212024701,1513344212547153,268435456,16777216,16,513,522452
1513344214512569,1513344215039595,268435456,16777216,16,509,527026
1513344217013476,1513344217540211,268435456,16777216,16,509,526735
1513344219502290,1513344220025581,268435456,16777216,16,512,523291
1513344221988710,1513344222514735,268435456,16777216,16,510,526025
1513344224479822,1513344225003054,268435456,16777216,16,513,523232
1513344226967246,1513344227492571,268435456,16777216,16,510,525325
1513344229455934,1513344229986073,268435456,16777216,16,506,530139
1513344231951650,1513344232484659,268435456,16777216,16,503,533009
1513344234448263,1513344234979161,268435456,16777216,16,505,530898
1513344236943813,1513344237474561,268435456,16777216,16,505,530748
1513344239437157,1513344239967400,268435456,16777216,16,506,530243
1513344241931804,1513344242461143,268435456,16777216,16,507,529339
1513344244424747,1513344244956760,268435456,16777216,16,504,532013
1513344246920571,1513344247450603,268435456,16777216,16,506,530032
1513344249414520,1513344249947500,268435456,16777216,16,503,532980
1513344251909856,1513344252442565,268435456,16777216,16,503,532709
1513344254407788,1513344254937494,268435456,16777216,16,506,529706
1513344256903232,1513344257433772,268435456,16777216,16,505,530540
1513344259396466,1513344259928293,268435456,16777216,16,504,531827
1513344261892266,1513344262423104,268435456,16777216,16,505,530838
1513344264386793,1513344264920272,268435456,16777216,16,503,533479
1513344266884716,1513344267411807,268435456,16777216,16,509,527091
1513344269377078,1513344269905699,268435456,16777216,16,507,528621
1513344271869313,1513344272397709,268435456,16777216,16,508,528396
1513344274361624,1513344274890497,268435456,16777216,16,507,528873
1513344276854641,1513344277383420,268435456,16777216,16,507,528779
1513344279347825,1513344279878403,268435456,16777216,16,505,530578
1513344281841658,1513344282371426,268435456,16777216,16,506,529768
1513344284335846,1513344284866653,268435456,16777216,16,505,530807
1513344286830000,1513344287360815,268435456,16777216,16,505,530815
1513344289325137,1513344289856634,268435456,16777216,16,505,531497
1513344291820344,1513344292351200,268435456,16777216,16,505,530856
1513344294315335,1513344294849722,268435456,16777216,16,502,534387
1513344296814431,1513344297344947,268435456,16777216,16,505,530516
1513344299311351,1513344299831911,268435456,16777216,16,515,520560
1513344301798014,1513344302325863,268435456,16777216,16,508,527849
1513344304289724,1513344304815557,268435456,16777216,16,510,525833
1513344306779987,1513344307305736,268435456,16777216,16,510,525749
1513344309269872,1513344309797441,268435456,16777216,16,508,527569
1513344311761580,1513344312289528,268435456,16777216,16,508,527948
1513344314253189,1513344314780885,268435456,16777216,16,508,527696
1513344316744661,1513344317272190,268435456,16777216,16,508,527529
1513344319234915,1513344319762983,268435456,16777216,16,508,528068
1513344321726650,1513344322254317,268435456,16777216,16,508,527667
1513344324217884,1513344324744597,268435456,16777216,16,509,526713
1513344326709185,1513344327233371,268435456,16777216,16,512,524186
1513344329198733,1513344329726296,268435456,16777216,16,508,527563
1513344331689899,1513344332211821,268435456,16777216,16,514,521922
1513344334176895,1513344334701418,268435456,16777216,16,511,524523
1513344336665561,1513344337191321,268435456,16777216,16,510,525760
1513344339155224,1513344339681456,268435456,16777216,16,510,526232
1513344341644954,1513344342171149,268435456,16777216,16,510,526195
1513344344135891,1513344344662553,268435456,16777216,16,509,526662
1513344346626111,1513344347149783,268435456,16777216,16,512,523672
1513344349112960,1513344349638052,268435456,16777216,16,511,525092
1513344351602485,1513344352130322,268435456,16777216,16,508,527837
1513344354094567,1513344354621163,268435456,16777216,16,509,526596
1513344356584052,1513344357110894,268435456,16777216,16,509,526842
1513344359074577,1513344359596411,268435456,16777216,16,514,521834
1513344361560658,1513344362084077,268435456,16777216,16,512,523419
1513344364047994,1513344364574156,268435456,16777216,16,510,526162
1513344366538289,1513344367066270,268435456,16777216,16,508,527981
1513344369030347,1513344369554963,268435456,16777216,16,511,524616
1513344371518846,1513344372047147,268435456,16777216,16,508,528301
1513344374009118,1513344374537965,268435456,16777216,16,507,528847
1513344376500362,1513344377025264,268435456,16777216,16,511,524902
1513344378988974,1513344379513836,268435456,16777216,16,511,524862
1513344381477105,1513344382005751,268435456,16777216,16,507,528646
1513344383970301,1513344384496597,268435456,16777216,16,510,526296
1513344386460502,1513344386985620,268435456,16777216,16,511,525118
1513344388949718,1513344389473827,268435456,16777216,16,512,524109
1513344391440010,1513344391962530,268435456,16777216,16,513,522520
1513344393927226,1513344394453685,268435456,16777216,16,509,526459
1513344396417047,1513344396943646,268435456,16777216,16,509,526599
1513344398907261,1513344399432064,268435456,16777216,16,511,524803
1513344401395667,1513344401921675,268435456,16777216,16,510,526008
1513344403885008,1513344404409181,268435456,16777216,16,512,524173
1513344406372188,1513344406900366,268435456,16777216,16,508,528178
1513344408864535,1513344409393748,268435456,16777216,16,507,529213
1513344411357560,1513344411880511,268435456,16777216,16,513,522951
1513344413843714,1513344414367852,268435456,16777216,16,512,524138
1513344416331289,1513344416859528,268435456,16777216,16,508,528239
1513344418822956,1513344419349645,268435456,16777216,16,509,526689
1513344421313563,1513344421841102,268435456,16777216,16,508,527539
1513344423805072,1513344424329070,268435456,16777216,16,512,523998
1513344426307965,1513344426832243,268435456,16777216,16,512,524278
1513344428792695,1513344429318548,268435456,16777216,16,510,525853
1513344431279636,1513344431800794,268435456,16777216,16,515,521158
1513344433763331,1513344434285322,268435456,16777216,16,514,521991
1513344436247842,1513344436771803,268435456,16777216,16,512,523961
1513344438732908,1513344439256863,268435456,16777216,16,512,523955
1513344441217849,1513344441743441,268435456,16777216,16,510,525592
1513344443705530,1513344444227423,268435456,16777216,16,514,521893
1513344446190258,1513344446712477,268435456,16777216,16,514,522219
1513344448673883,1513344449198356,268435456,16777216,16,511,524473
1513344451160146,1513344451687941,268435456,16777216,16,508,527795
1513344453651091,1513344454177280,268435456,16777216,16,510,526189
1513344456137197,1513344456662955,268435456,16777216,16,510,525758
1513344458625694,1513344459151634,268435456,16777216,16,510,525940
1513344461115567,1513344461642495,268435456,16777216,16,509,526928
1513344463604578,1513344464130373,268435456,16777216,16,510,525795
1513344466092826,1513344466620327,268435456,16777216,16,508,527501
1513344468583001,1513344469109441,268435456,16777216,16,509,526440
1513344471071428,1513344471598939,268435456,16777216,16,508,527511
1513344473561005,1513344474086473,268435456,16777216,16,510,525468
1513344476048805,1513344476572107,268435456,16777216,16,512,523302
1513344478534455,1513344479058544,268435456,16777216,16,512,524089
1513344481021801,1513344481544174,268435456,16777216,16,513,522373
1513344483508756,1513344484029558,268435456,16777216,16,515,520802
1513344485994765,1513344486517298,268435456,16777216,16,513,522533
1513344488478224,1513344489000720,268435456,16777216,16,513,522496
1513344490962492,1513344491487405,268435456,16777216,16,511,524913
1513344493448817,1513344493972180,268435456,16777216,16,512,523363
1513344495935159,1513344496459804,268435456,16777216,16,511,524645
1513344498421644,1513344498945162,268435456,16777216,16,512,523518
1513344500907429,1513344501430239,268435456,16777216,16,513,522810
1513344503392823,1513344503918114,268435456,16777216,16,511,525291
1513344505878697,1513344506401195,268435456,16777216,16,513,522498
1513344508364117,1513344508885781,268435456,16777216,16,514,521664
1513344510846754,1513344511372019,268435456,16777216,16,511,525265
1513344513333904,1513344513858986,268435456,16777216,16,511,525082
1513344515819654,1513344516342487,268435456,16777216,16,513,522833
1513344518303721,1513344518826851,268435456,16777216,16,513,523130
1513344520788537,1513344521309424,268435456,16777216,16,515,520887
1513344523271783,1513344523796954,268435456,16777216,16,511,525171
1513344525758491,1513344526281915,268435456,16777216,16,512,523424
1513344528243873,1513344528767290,268435456,16777216,16,512,523417
1513344530729183,1513344531254412,268435456,16777216,16,511,525229
1513344533217134,1513344533734760,268435456,16777216,16,518,517626
1513344535697133,1513344536221699,268435456,16777216,16,511,524566
1513344538183417,1513344538706823,268435456,16777216,16,512,523406
1513344540668429,1513344541193222,268435456,16777216,16,511,524793
1513344543154426,1513344543675646,268435456,16777216,16,515,521220
1513344545636560,1513344546157102,268435456,16777216,16,515,520542
1513344548118669,1513344548639081,268435456,16777216,16,515,520412
1513344550599681,1513344551124241,268435456,16777216,16,511,524560
1513344553085985,1513344553609769,268435456,16777216,16,512,523784
1513344555572117,1513344556094779,268435456,16777216,16,513,522662
1513344558056240,1513344558574902,268435456,16777216,16,517,518662
1513344560539055,1513344561064352,268435456,16777216,16,511,525297
1513344563027213,1513344563546832,268435456,16777216,16,516,519619
1513344565508927,1513344566029405,268435456,16777216,16,515,520478
1513344567990739,1513344568515187,268435456,16777216,16,511,524448
1513344570477473,1513344571000774,268435456,16777216,16,512,523301
1513344572961992,1513344573483987,268435456,16777216,16,514,521995
1513344575445734,1513344575969024,268435456,16777216,16,512,523290
1513344577930949,1513344578455552,268435456,16777216,16,511,524603
1513344580416800,1513344580940546,268435456,16777216,16,512,523746
1513344582902138,1513344583421049,268435456,16777216,16,517,518911
1513344585382962,1513344585905526,268435456,16777216,16,513,522564
1513344587867534,1513344588390148,268435456,16777216,16,513,522614
1513344590346933,1513344590872277,268435456,16777216,16,510,525344
1513344592834722,1513344593360011,268435456,16777216,16,511,525289
1513344595321810,1513344595845539,268435456,16777216,16,512,523729
1513344597808503,1513344598328907,268435456,16777216,16,515,520404
1513344600291611,1513344600815228,268435456,16777216,16,512,523617
1513344602778887,1513344603302288,268435456,16777216,16,512,523401
1513344605267112,1513344605794994,268435456,16777216,16,508,527882
1513344607757622,1513344608280129,268435456,16777216,16,513,522507
1513344610241192,1513344610766044,268435456,16777216,16,511,524852
1513344612727565,1513344613246243,268435456,16777216,16,517,518678
1513344615207804,1513344615730788,268435456,16777216,16,513,522984
1513344617692409,1513344618217663,268435456,16777216,16,511,525254
1513344620177141,1513344620699972,268435456,16777216,16,513,522831
1513344622661146,1513344623184623,268435456,16777216,16,512,523477
1513344625145777,1513344625670478,268435456,16777216,16,511,524701
1513344627631887,1513344628157105,268435456,16777216,16,511,525218
1513344630119504,1513344630641618,268435456,16777216,16,514,522114
1513344632603726,1513344633129930,268435456,16777216,16,510,526204
1513344635092296,1513344635618653,268435456,16777216,16,509,526357
1513344637579478,1513344638105772,268435456,16777216,16,510,526294
1513344640067162,1513344640591779,268435456,16777216,16,511,524617
1513344642554257,1513344643079870,268435456,16777216,16,510,525613
1513344645041539,1513344645565890,268435456,16777216,16,511,524351
1513344647527079,1513344648049217,268435456,16777216,16,514,522138
1513344650011244,1513344650535680,268435456,16777216,16,511,524436
1513344652498926,1513344653024866,268435456,16777216,16,510,525940
1513344654985630,1513344655512352,268435456,16777216,16,509,526722
1513344657474531,1513344657996322,268435456,16777216,16,514,521791
1513344659957125,1513344660479097,268435456,16777216,16,514,521972
1513344662442552,1513344662960302,268435456,16777216,16,518,517750
1513344664922136,1513344665445329,268435456,16777216,16,513,523193
1513344667407665,1513344667931643,268435456,16777216,16,512,523978
1513344669895861,1513344670416890,268435456,16777216,16,515,521029
1513344672379335,1513344672904412,268435456,16777216,16,511,525077
1513344674865952,1513344675388597,268435456,16777216,16,513,522645
1513344677350500,1513344677874667,268435456,16777216,16,512,524167
1513344679834011,1513344680360190,268435456,16777216,16,510,526179
1513344682320727,1513344682844987,268435456,16777216,16,512,524260
1513344684806808,1513344685333684,268435456,16777216,16,509,526876
1513344687296237,1513344687820522,268435456,16777216,16,512,524285
1513344689779391,1513344690300026,268435456,16777216,16,515,520635
1513344692261254,1513344692785217,268435456,16777216,16,512,523963
1513344694746653,1513344695268826,268435456,16777216,16,514,522173
1513344697230680,1513344697755339,268435456,16777216,16,511,524659
1513344699717036,1513344700237720,268435456,16777216,16,515,520684
1513344702201133,1513344702726218,268435456,16777216,16,511,525085
1513344704687656,1513344705208509,268435456,16777216,16,515,520853
1513344707170090,1513344707691992,268435456,16777216,16,514,521902
1513344709654813,1513344710177871,268435456,16777216,16,513,523058
1513344712138238,1513344712664069,268435456,16777216,16,510,525831
1513344714625240,1513344715145995,268435456,16777216,16,515,520755
1513344717108521,1513344717628918,268435456,16777216,16,515,520397
1513344719589995,1513344720110107,268435456,16777216,16,516,520112
1513344722072965,1513344722597976,268435456,16777216,16,511,525011
1513344724560643,1513344725085543,268435456,16777216,16,511,524900
1513344727046564,1513344727570220,268435456,16777216,16,512,523656
1513344729531387,1513344730056896,268435456,16777216,16,510,525509
1513344732019022,1513344732542418,268435456,16777216,16,512,523396
1513344734503571,1513344735028030,268435456,16777216,16,511,524459
1513344736991545,1513344737508758,268435456,16777216,16,519,517213
1513344739469298,1513344739990326,268435456,16777216,16,515,521028
1513344741952187,1513344742473481,268435456,16777216,16,514,521294
1513344744434736,1513344744955577,268435456,16777216,16,515,520841
1513344746916251,1513344747441915,268435456,16777216,16,510,525664
1513344749401927,1513344749921356,268435456,16777216,16,516,519429
1513344751884808,1513344752410049,268435456,16777216,16,511,525241
1513344754371700,1513344754893218,268435456,16777216,16,514,521518
1513344756856974,1513344757379706,268435456,16777216,16,513,522732
1513344759341788,1513344759863578,268435456,16777216,16,514,521790
1513344761824508,1513344762347706,268435456,16777216,16,513,523198
1513344764309536,1513344764832854,268435456,16777216,16,512,523318
1513344766795231,1513344767320539,268435456,16777216,16,511,525308
1513344769283809,1513344769805144,268435456,16777216,16,514,521335
1513344771768233,1513344772291814,268435456,16777216,16,512,523581
1513344774253929,1513344774776221,268435456,16777216,16,513,522292
1513344776738905,1513344777259863,268435456,16777216,16,515,520958
1513344779224137,1513344779745929,268435456,16777216,16,514,521792
1513344781709422,1513344782234561,268435456,16777216,16,511,525139
1513344784197672,1513344784721043,268435456,16777216,16,512,523371
1513344786685322,1513344787208485,268435456,16777216,16,513,523163
1513344789169823,1513344789693300,268435456,16777216,16,512,523477
1513344791655007,1513344792180471,268435456,16777216,16,510,525464
1513344794140810,1513344794664168,268435456,16777216,16,512,523358
1513344796625926,1513344797147243,268435456,16777216,16,514,521317
1513344799107989,1513344799633597,268435456,16777216,16,510,525608
1513344801615740,1513344802143034,268435456,16777216,16,509,527294
1513344804103390,1513344804631501,268435456,16777216,16,508,528111
1513344806594526,1513344807117470,268435456,16777216,16,513,522944
1513344809078031,1513344809601039,268435456,16777216,16,513,523008
1513344811561175,1513344812086573,268435456,16777216,16,510,525398
1513344814048074,1513344814569647,268435456,16777216,16,514,521573
1513344816531374,1513344817052438,268435456,16777216,16,515,521064
1513344819013849,1513344819536491,268435456,16777216,16,513,522642
1513344821497437,1513344822022174,268435456,16777216,16,511,524737
1513344823981549,1513344824506408,268435456,16777216,16,511,524859
1513344826467964,1513344826995085,268435456,16777216,16,509,527121
1513344828958507,1513344829481173,268435456,16777216,16,513,522666
1513344831444427,1513344831971166,268435456,16777216,16,509,526739
1513344833931917,1513344834459207,268435456,16777216,16,509,527290
1513344836420237,1513344836942988,268435456,16777216,16,513,522751
1513344838905468,1513344839425828,268435456,16777216,16,515,520360
1513344841387065,1513344841911948,268435456,16777216,16,511,524883
1513344843874565,1513344844399855,268435456,16777216,16,511,525290
1513344846361655,1513344846887255,268435456,16777216,16,510,525600
1513344848848149,1513344849373318,268435456,16777216,16,511,525169
1513344851333787,1513344851851582,268435456,16777216,16,518,517795
1513344853813442,1513344854331142,268435456,16777216,16,518,517700
1513344856293423,1513344856817465,268435456,16777216,16,512,524042
1513344858778767,1513344859304400,268435456,16777216,16,510,525633
1513344861265539,1513344861789211,268435456,16777216,16,512,523672
1513344863750328,1513344864273685,268435456,16777216,16,512,523357
1513344866235846,1513344866757532,268435456,16777216,16,514,521686
1513344868719138,1513344869240755,268435456,16777216,16,514,521617
1513344871201524,1513344871721793,268435456,16777216,16,515,520269
1513344873683183,1513344874206471,268435456,16777216,16,512,523288
1513344876167244,1513344876684658,268435456,16777216,16,518,517414
1513344878644726,1513344879166540,268435456,16777216,16,514,521814
1513344881129732,1513344881655338,268435456,16777216,16,510,525606
1513344883618419,1513344884143741,268435456,16777216,16,510,525322
1513344886105689,1513344886628612,268435456,16777216,16,513,522923
1513344888590079,1513344889114265,268435456,16777216,16,512,524186
1513344891077640,1513344891598803,268435456,16777216,16,515,521163
1513344893558047,1513344894079618,268435456,16777216,16,514,521571
1513344896042050,1513344896559602,268435456,16777216,16,518,517552
1513344898521878,1513344899044208,268435456,16777216,16,513,522330
1513344901008227,1513344901527356,268435456,16777216,16,517,519129
1513344903485912,1513344904007755,268435456,16777216,16,514,521843
1513344905969164,1513344906492223,268435456,16777216,16,513,523059
1513344908455274,1513344908979228,268435456,16777216,16,512,523954
1513344910941653,1513344911463161,268435456,16777216,16,514,521508
1513344913423070,1513344913949930,268435456,16777216,16,509,526860
1513344915910709,1513344916436939,268435456,16777216,16,510,526230
1513344918398673,1513344918918850,268435456,16777216,16,516,520177
1513344920880927,1513344921403747,268435456,16777216,16,513,522820
1513344923388171,1513344923912750,268435456,16777216,16,511,524579
1513344925875498,1513344926394383,268435456,16777216,16,517,518885
1513344928353425,1513344928873640,268435456,16777216,16,516,520215
1513344930833927,1513344931358586,268435456,16777216,16,511,524659
1513344933318960,1513344933843469,268435456,16777216,16,511,524509
1513344935805391,1513344936327947,268435456,16777216,16,513,522556
1513344938289961,1513344938810502,268435456,16777216,16,515,520541
1513344940772614,1513344941293427,268435456,16777216,16,515,520813
1513344943255074,1513344943777560,268435456,16777216,16,513,522486
1513344945738617,1513344946263693,268435456,16777216,16,511,525076
1513344948226383,1513344948747045,268435456,16777216,16,515,520662
1513344950707433,1513344951231576,268435456,16777216,16,512,524143
1513344953194180,1513344953716393,268435456,16777216,16,514,522213
1513344955678877,1513344956203526,268435456,16777216,16,511,524649
1513344958165157,1513344958687560,268435456,16777216,16,513,522403
1513344960650957,1513344961172683,268435456,16777216,16,514,521726
1513344963133349,1513344963657986,268435456,16777216,16,511,524637
1513344965616837,1513344966139246,268435456,16777216,16,513,522409
1513344968102020,1513344968619134,268435456,16777216,16,519,517114
1513344970580815,1513344971103230,268435456,16777216,16,513,522415
1513344973066251,1513344973583608,268435456,16777216,16,518,517357
1513344975544894,1513344976068245,268435456,16777216,16,512,523351
1513344978028298,1513344978547272,268435456,16777216,16,517,518974
1513344980505736,1513344981024431,268435456,16777216,16,517,518695
1513344982983812,1513344983502994,268435456,16777216,16,517,519182
1513344985463797,1513344985985077,268435456,16777216,16,514,521280
1513344987944846,1513344988465895,268435456,16777216,16,515,521049
1513344990426978,1513344990946582,268435456,16777216,16,516,519604
1513344992907720,1513344993429162,268435456,16777216,16,514,521442
1513344995388815,1513344995910464,268435456,16777216,16,514,521649
1513344997871438,1513344998392593,268435456,16777216,16,515,521155
1513345000353771,1513345000874703,268435456,16777216,16,515,520932
1513345002835236,1513345003358888,268435456,16777216,16,512,523652
1513345005317004,1513345005837941,268435456,16777216,16,515,520937
1513345007799263,1513345008322416,268435456,16777216,16,513,523153
1513345010285752,1513345010806052,268435456,16777216,16,515,520300
1513345012769735,1513345013290902,268435456,16777216,16,515,521167
1513345015250698,1513345015774599,268435456,16777216,16,512,523901
1513345017735121,1513345018259027,268435456,16777216,16,512,523906
1513345020222792,1513345020751426,268435456,16777216,16,507,528634
1513345022710078,1513345023238117,268435456,16777216,16,508,528039
1513345025198991,1513345025725682,268435456,16777216,16,509,526691
1513345027696458,1513345028225597,268435456,16777216,16,507,529139
1513345030190467,1513345030721575,268435456,16777216,16,505,531108
1513345032687269,1513345033216690,268435456,16777216,16,507,529421
1513345035181525,1513345035711311,268435456,16777216,16,506,529786
1513345037676921,1513345038207729,268435456,16777216,16,505,530808
1513345040172862,1513345040701601,268435456,16777216,16,507,528739
1513345042666867,1513345043195273,268435456,16777216,16,508,528406
1513345045159675,1513345045689610,268435456,16777216,16,506,529935
1513345047655344,1513345048184129,268435456,16777216,16,507,528785
1513345050149995,1513345050678465,268435456,16777216,16,507,528470
1513345052643695,1513345053173643,268435456,16777216,16,506,529948
1513345055138342,1513345055664650,268435456,16777216,16,510,526308
1513345057630233,1513345058155511,268435456,16777216,16,511,525278
1513345060119885,1513345060648624,268435456,16777216,16,507,528739
1513345062614587,1513345063142840,268435456,16777216,16,508,528253
1513345065108517,1513345065636984,268435456,16777216,16,507,528467
1513345067601634,1513345068132781,268435456,16777216,16,505,531147
1513345070104010,1513345070635358,268435456,16777216,16,505,531348
