42035834921,42035837570,1048576,65536,16,395,2649
42035855611,42035857186,1048576,65536,16,665,1575
42035877116,42035878463,1048576,65536,16,778,1347
42035895167,42035896217,1048576,65536,16,998,1050
42035913648,42035914690,1048576,65536,16,1006,1042
42035930015,42035930860,1048576,65536,16,1240,845
42035949513,42035950463,1048576,65536,16,1103,950
42035966382,42035967283,1048576,65536,16,1163,901
42035981716,42035982600,1048576,65536,16,1186,884
42035996513,42035997340,1048576,65536,16,1267,827
42036011140,42036011902,1048576,65536,16,1376,762
42036025192,42036025974,1048576,65536,16,1340,782
42036039182,42036039980,1048576,65536,16,1314,798
42036052379,42036053182,1048576,65536,16,1305,803
42036065591,42036066397,1048576,65536,16,1300,806
42036079679,42036080489,1048576,65536,16,1294,810
42036093428,42036094188,1048576,65536,16,1379,760
42036106994,42036107879,1048576,65536,16,1184,885
42036120929,42036121913,1048576,65536,16,1065,984
42036134555,42036135308,1048576,65536,16,1392,753
42036148848,42036149631,1048576,65536,16,1339,783
42036162343,42036163124,1048576,65536,16,1342,781
42036176274,42036177685,1048576,65536,16,743,1411
42036191470,42036192565,1048576,65536,16,957,1095
42036206682,42036207690,1048576,65536,16,1040,1008
42036221471,42036222516,1048576,65536,16,1003,1045
42036236561,42036237365,1048576,65536,16,1304,804
42036250654,42036251401,1048576,65536,16,1403,747
42036264452,42036265552,1048576,65536,16,953,1100
42036278876,42036279928,1048576,65536,16,996,1052
42036293085,42036293967,1048576,65536,16,1188,882
42036306998,42036307783,1048576,65536,16,1335,785
42036321014,42036321849,1048576,65536,16,1255,835
42036334984,42036335826,1048576,65536,16,1245,842
42036348366,42036349370,1048576,65536,16,1044,1004
42036361830,42036362755,1048576,65536,16,1133,925
42036375429,42036376215,1048576,65536,16,1334,786
42036389587,42036390576,1048576,65536,16,1060,989
42036405109,42036405915,1048576,65536,16,1300,806
42036418796,42036419643,1048576,65536,16,1237,847
42036433515,42036434287,1048576,65536,16,1358,772
42036447460,42036448215,1048576,65536,16,1388,755
42036460693,42036461548,1048576,65536,16,1226,855
42036474639,42036475636,1048576,65536,16,1051,997
42036488108,42036488872,1048576,65536,16,1372,764
42036501505,42036502538,1048576,65536,16,1015,1033
42036515785,42036516558,1048576,65536,16,1356,773
42036529304,42036530098,1048576,65536,16,1320,794
42036542655,42036543430,1048576,65536,16,1353,775
42036556963,42036557780,1048576,65536,16,1283,817
42036570434,42036571388,1048576,65536,16,1099,954
42036584454,42036585203,1048576,65536,16,1399,749
42036598145,42036598907,1048576,65536,16,1376,762
42036611179,42036612023,1048576,65536,16,1242,844
42036624749,42036625511,1048576,65536,16,1376,762
42036638254,42036639038,1048576,65536,16,1337,784
42036651639,42036652442,1048576,65536,16,1305,803
42036665661,42036666460,1048576,65536,16,1312,799
42036679434,42036680213,1048576,65536,16,1346,779
42036692687,42036693462,1048576,65536,16,1353,775
42036705628,42036706494,1048576,65536,16,1210,866
42036719153,42036719906,1048576,65536,16,1392,753
42036732466,42036733216,1048576,65536,16,1398,750
42036745989,42036746871,1048576,65536,16,1188,882
42036759603,42036760361,1048576,65536,16,1383,758
42036773065,42036773830,1048576,65536,16,1370,765
42036786293,42036787061,1048576,65536,16,1365,768
42036799855,42036800622,1048576,65536,16,1367,767
42036812690,42036813437,1048576,65536,16,1403,747
42036825830,42036826582,1048576,65536,16,1394,752
42036839479,42036840243,1048576,65536,16,1372,764
42036852833,42036853944,1048576,65536,16,943,1111
42036866682,42036867443,1048576,65536,16,1377,761
42036880225,42036881007,1048576,65536,16,1340,782
42036894086,42036894888,1048576,65536,16,1307,802
42036907740,42036908548,1048576,65536,16,1297,808
42036921652,42036922447,1048576,65536,16,1318,795
42036935533,42036936304,1048576,65536,16,1360,771
42036949157,42036949950,1048576,65536,16,1322,793
42036962828,42036963656,1048576,65536,16,1266,828
42036976319,42036977195,1048576,65536,16,1197,876
42036989935,42036990752,1048576,65536,16,1283,817
42037003417,42037004170,1048576,65536,16,1392,753
42037016720,42037017473,1048576,65536,16,1392,753
42037030619,42037031395,1048576,65536,16,1351,776
42037044197,42037044944,1048576,65536,16,1403,747
42037057365,42037058133,1048576,65536,16,1365,768
42037070694,42037071809,1048576,65536,16,940,1115
42037084658,42037085428,1048576,65536,16,1361,770
42037098050,42037098782,1048576,65536,16,1432,732
42037111457,42037112228,1048576,65536,16,1360,771
42037124852,42037125830,1048576,65536,16,1072,978
42037138224,42037138986,1048576,65536,16,1376,762
42037151495,42037152250,1048576,65536,16,1388,755
42037164970,42037165728,1048576,65536,16,1383,758
42037178389,42037179136,1048576,65536,16,1403,747
42037192122,42037192859,1048576,65536,16,1422,737
42037205642,42037206502,1048576,65536,16,1219,860
42037219178,42037219971,1048576,65536,16,1322,793
42037232723,42037233578,1048576,65536,16,1226,855
42037246119,42037246886,1048576,65536,16,1367,767
42037259399,42037260181,1048576,65536,16,1340,782
42037273143,42037273958,1048576,65536,16,1286,815
42037286928,42037287680,1048576,65536,16,1394,752
42037300167,42037300938,1048576,65536,16,1360,771
42037313964,42037314715,1048576,65536,16,1396,751
42037327460,42037328210,1048576,65536,16,1398,750
42037340582,42037341363,1048576,65536,16,1342,781
42037354053,42037354997,1048576,65536,16,1110,944
42037367885,42037368711,1048576,65536,16,1269,826
42037381207,42037382172,1048576,65536,16,1086,965
42037394571,42037395352,1048576,65536,16,1342,781
42037407969,42037408713,1048576,65536,16,1409,744
42037421568,42037422489,1048576,65536,16,1138,921
42037435345,42037436105,1048576,65536,16,1379,760
42037448455,42037449429,1048576,65536,16,1076,974
42037462127,42037462875,1048576,65536,16,1401,748
42037475864,42037476640,1048576,65536,16,1351,776
42037489244,42037490232,1048576,65536,16,1061,988
42037502573,42037503320,1048576,65536,16,1403,747
42037516476,42037517233,1048576,65536,16,1385,757
42037530585,42037531369,1048576,65536,16,1337,784
42037544624,42037545469,1048576,65536,16,1240,845
42037557795,42037558566,1048576,65536,16,1360,771
42037571217,42037572162,1048576,65536,16,1109,945
42037584794,42037585555,1048576,65536,16,1377,761
42037598329,42037599056,1048576,65536,16,1442,727
42037611617,42037612565,1048576,65536,16,1106,948
42037624778,42037626088,1048576,65536,16,800,1310
42037639307,42037640113,1048576,65536,16,1300,806
42037653263,42037654011,1048576,65536,16,1401,748
42037666470,42037667228,1048576,65536,16,1383,758
42037680016,42037680816,1048576,65536,16,1310,800
42037693302,42037694062,1048576,65536,16,1379,760
42037706867,42037707874,1048576,65536,16,1041,1007
42037720679,42037721459,1048576,65536,16,1344,780
42037733974,42037734742,1048576,65536,16,1365,768
42037747268,42037748353,1048576,65536,16,966,1085
42037760925,42037761677,1048576,65536,16,1394,752
42037774314,42037775098,1048576,65536,16,1337,784
42037787831,42037788924,1048576,65536,16,959,1093
42037801041,42037801852,1048576,65536,16,1292,811
42037814906,42037815679,1048576,65536,16,1356,773
42037828530,42037829288,1048576,65536,16,1383,758
42037842205,42037843018,1048576,65536,16,1289,813
42037855143,42037856130,1048576,65536,16,1062,987
42037869011,42037869761,1048576,65536,16,1398,750
42037882620,42037883494,1048576,65536,16,1199,874
42037895963,42037896713,1048576,65536,16,1398,750
42037908955,42037909732,1048576,65536,16,1349,777
42037922094,42037923241,1048576,65536,16,914,1147
42037936047,42037936826,1048576,65536,16,1346,779
42037949904,42037950731,1048576,65536,16,1267,827
42037963331,42037964079,1048576,65536,16,1401,748
42037976238,42037977258,1048576,65536,16,1028,1020
42037989849,42037990768,1048576,65536,16,1140,919
42038003540,42038004310,1048576,65536,16,1361,770
42038016994,42038017796,1048576,65536,16,1307,802
42038030416,42038031515,1048576,65536,16,954,1099
42038043587,42038044356,1048576,65536,16,1363,769
42038056757,42038057547,1048576,65536,16,1327,790
42038070685,42038071446,1048576,65536,16,1377,761
42038083866,42038084606,1048576,65536,16,1416,740
42038097301,42038098436,1048576,65536,16,923,1135
42038111327,42038112068,1048576,65536,16,1415,741
42038125214,42038125975,1048576,65536,16,1377,761
42038138326,42038139386,1048576,65536,16,989,1060
42038151677,42038152441,1048576,65536,16,1372,764
42038165378,42038166129,1048576,65536,16,1396,751
42038179596,42038180355,1048576,65536,16,1381,759
42038193204,42038194103,1048576,65536,16,1166,899
42038206952,42038207883,1048576,65536,16,1126,931
42038221566,42038222446,1048576,65536,16,1191,880
42038236007,42038236821,1048576,65536,16,1288,814
42038250341,42038251066,1048576,65536,16,1446,725
42038263654,42038264515,1048576,65536,16,1217,861
42038277615,42038278409,1048576,65536,16,1320,794
42038291216,42038292065,1048576,65536,16,1235,849
42038304437,42038305437,1048576,65536,16,1048,1000
42038318766,42038319535,1048576,65536,16,1363,769
42038332030,42038332795,1048576,65536,16,1370,765
42038345325,42038346306,1048576,65536,16,1068,981
42038359081,42038359844,1048576,65536,16,1374,763
42038372593,42038373511,1048576,65536,16,1142,918
42038386251,42038387018,1048576,65536,16,1367,767
42038399334,42038400092,1048576,65536,16,1383,758
42038412334,42038413087,1048576,65536,16,1392,753
42038426309,42038427124,1048576,65536,16,1286,815
42038440005,42038440765,1048576,65536,16,1379,760
42038452951,42038454005,1048576,65536,16,994,1054
42038466408,42038467250,1048576,65536,16,1245,842
42038480665,42038481466,1048576,65536,16,1309,801
42038494281,42038495030,1048576,65536,16,1399,749
42038507467,42038508230,1048576,65536,16,1374,763
42038520822,42038521657,1048576,65536,16,1255,835
42038534821,42038535614,1048576,65536,16,1322,793
42038549574,42038550376,1048576,65536,16,1307,802
42038563194,42038564010,1048576,65536,16,1285,816
42038576589,42038577438,1048576,65536,16,1235,849
42038589701,42038590575,1048576,65536,16,1199,874
42038603695,42038604467,1048576,65536,16,1358,772
42038617543,42038618290,1048576,65536,16,1403,747
42038630721,42038631751,1048576,65536,16,1018,1030
42038644892,42038645732,1048576,65536,16,1248,840
42038658668,42038659642,1048576,65536,16,1076,974
42038672172,42038673023,1048576,65536,16,1232,851
42038685646,42038686425,1048576,65536,16,1346,779
42038698987,42038699740,1048576,65536,16,1392,753
42038712372,42038713142,1048576,65536,16,1361,770
42038725787,42038726562,1048576,65536,16,1353,775
42038738855,42038739690,1048576,65536,16,1255,835
42038752535,42038753446,1048576,65536,16,1151,911
42038766025,42038766781,1048576,65536,16,1387,756
42038779612,42038780435,1048576,65536,16,1274,823
42038793210,42038794251,1048576,65536,16,1007,1041
42038806870,42038807694,1048576,65536,16,1272,824
42038820788,42038821663,1048576,65536,16,1198,875
42038834427,42038835328,1048576,65536,16,1163,901
42038847558,42038848334,1048576,65536,16,1351,776
42038861532,42038862325,1048576,65536,16,1322,793
42038876467,42038877219,1048576,65536,16,1394,752
42038889672,42038890465,1048576,65536,16,1322,793
42038903039,42038903822,1048576,65536,16,1339,783
42038916887,42038917680,1048576,65536,16,1322,793
42038930668,42038931433,1048576,65536,16,1370,765
42038944358,42038945118,1048576,65536,16,1379,760
42038957910,42038959001,1048576,65536,16,961,1091
42038971236,42038972150,1048576,65536,16,1147,914
42038984992,42038985787,1048576,65536,16,1318,795
42038998232,42038999008,1048576,65536,16,1351,776
42039011467,42039012272,1048576,65536,16,1302,805
42039024881,42039025626,1048576,65536,16,1407,745
42039038233,42039038996,1048576,65536,16,1374,763
42039052012,42039052755,1048576,65536,16,1411,743
42039065453,42039066483,1048576,65536,16,1018,1030
42039078837,42039079679,1048576,65536,16,1245,842
42039092353,42039093113,1048576,65536,16,1379,760
42039105604,42039106485,1048576,65536,16,1190,881
42039119190,42039119948,1048576,65536,16,1383,758
42039132482,42039133255,1048576,65536,16,1356,773
42039146413,42039147161,1048576,65536,16,1401,748
42039160090,42039160900,1048576,65536,16,1294,810
42039173661,42039174416,1048576,65536,16,1388,755
42039187029,42039188050,1048576,65536,16,1027,1021
42039200648,42039201395,1048576,65536,16,1403,747
42039214102,42039214876,1048576,65536,16,1354,774
42039227656,42039228536,1048576,65536,16,1191,880
42039241010,42039241768,1048576,65536,16,1383,758
42039254219,42039254993,1048576,65536,16,1354,774
42039269149,42039269970,1048576,65536,16,1277,821
42039283593,42039284343,1048576,65536,16,1398,750
42039297246,42039298053,1048576,65536,16,1299,807
42039310425,42039311323,1048576,65536,16,1167,898
42039323986,42039324911,1048576,65536,16,1133,925
42039338161,42039339234,1048576,65536,16,977,1073
42039352686,42039353459,1048576,65536,16,1356,773
42039366163,42039366981,1048576,65536,16,1281,818
42039379389,42039380624,1048576,65536,16,849,1235
42039393354,42039394390,1048576,65536,16,1012,1036
42039407256,42039408043,1048576,65536,16,1332,787
42039420217,42039420987,1048576,65536,16,1361,770
42039434504,42039435321,1048576,65536,16,1283,817
42039448283,42039449063,1048576,65536,16,1344,780
42039462061,42039463194,1048576,65536,16,925,1133
42039477505,42039478360,1048576,65536,16,1226,855
42039492030,42039492798,1048576,65536,16,1365,768
42039505638,42039506950,1048576,65536,16,799,1312
42039520259,42039521014,1048576,65536,16,1388,755
42039533829,42039534733,1048576,65536,16,1159,904
42039548258,42039549074,1048576,65536,16,1285,816
42039561498,42039562249,1048576,65536,16,1396,751
42039574851,42039575611,1048576,65536,16,1379,760
42039588417,42039589232,1048576,65536,16,1286,815
42039602643,42039603634,1048576,65536,16,1058,991
42039617965,42039618735,1048576,65536,16,1361,770
42039631771,42039632667,1048576,65536,16,1170,896
42039645609,42039646373,1048576,65536,16,1372,764
42039659076,42039659921,1048576,65536,16,1240,845
42039672815,42039673661,1048576,65536,16,1239,846
42039686290,42039687048,1048576,65536,16,1383,758
42039699924,42039700679,1048576,65536,16,1388,755
42039714053,42039714839,1048576,65536,16,1334,786
42039727812,42039728553,1048576,65536,16,1415,741
42039741760,42039742728,1048576,65536,16,1083,968
42039755529,42039756536,1048576,65536,16,1041,1007
42039769236,42039770163,1048576,65536,16,1131,927
42039782810,42039783619,1048576,65536,16,1296,809
42039800873,42039801649,1048576,65536,16,1351,776
42039814868,42039815632,1048576,65536,16,1372,764
42039827978,42039828922,1048576,65536,16,1110,944
42039841270,42039842055,1048576,65536,16,1335,785
42039854698,42039855460,1048576,65536,16,1376,762
42039868123,42039868959,1048576,65536,16,1254,836
42039881514,42039882269,1048576,65536,16,1388,755
42039894655,42039895401,1048576,65536,16,1405,746
42039908855,42039909774,1048576,65536,16,1140,919
42039922786,42039923562,1048576,65536,16,1351,776
42039936021,42039937059,1048576,65536,16,1010,1038
42039949717,42039950540,1048576,65536,16,1274,823
42039963417,42039964172,1048576,65536,16,1388,755
42039976884,42039977652,1048576,65536,16,1365,768
42039990849,42039991630,1048576,65536,16,1342,781
42040004025,42040004771,1048576,65536,16,1405,746
42040017918,42040018665,1048576,65536,16,1403,747
42040031482,42040032219,1048576,65536,16,1422,737
42040044533,42040045381,1048576,65536,16,1236,848
42040058089,42040058869,1048576,65536,16,1344,780
42040071795,42040072573,1048576,65536,16,1347,778
42040085508,42040086252,1048576,65536,16,1409,744
42040098716,42040099548,1048576,65536,16,1260,832
42040111918,42040112686,1048576,65536,16,1365,768
42040125063,42040125870,1048576,65536,16,1299,807
42040138913,42040139856,1048576,65536,16,1111,943
42040152870,42040153641,1048576,65536,16,1360,771
42040165970,42040167003,1048576,65536,16,1015,1033
42040179578,42040180488,1048576,65536,16,1152,910
42040193366,42040194134,1048576,65536,16,1365,768
42040206832,42040207646,1048576,65536,16,1288,814
42040221011,42040221800,1048576,65536,16,1328,789
42040235002,42040236078,1048576,65536,16,974,1076
42040250059,42040250855,1048576,65536,16,1317,796
42040264137,42040265020,1048576,65536,16,1187,883
42040278436,42040279222,1048576,65536,16,1334,786
42040292855,42040293670,1048576,65536,16,1286,815
42040306381,42040307639,1048576,65536,16,833,1258
42040321119,42040321911,1048576,65536,16,1323,792
42040334968,42040335701,1048576,65536,16,1430,733
42040348597,42040349454,1048576,65536,16,1223,857
42040362142,42040363004,1048576,65536,16,1216,862
42040375504,42040376299,1048576,65536,16,1318,795
42040389323,42040390153,1048576,65536,16,1263,830
42040402933,42040403685,1048576,65536,16,1394,752
42040416328,42040417235,1048576,65536,16,1156,907
42040430681,42040431553,1048576,65536,16,1202,872
42040444831,42040445593,1048576,65536,16,1376,762
42040458220,42040459163,1048576,65536,16,1111,943
42040471813,42040472797,1048576,65536,16,1065,984
42040485264,42040486060,1048576,65536,16,1317,796
42040499105,42040499906,1048576,65536,16,1309,801
42040513028,42040513991,1048576,65536,16,1088,963
42040529547,42040530593,1048576,65536,16,1002,1046
42040544112,42040545191,1048576,65536,16,971,1079
42040558715,42040559524,1048576,65536,16,1296,809
42040575147,42040575957,1048576,65536,16,1294,810
42040589298,42040590080,1048576,65536,16,1340,782
42040602723,42040603477,1048576,65536,16,1390,754
42040616817,42040617927,1048576,65536,16,944,1110
42040631431,42040632297,1048576,65536,16,1210,866
42040646168,42040646944,1048576,65536,16,1351,776
42040659455,42040660214,1048576,65536,16,1381,759
42040672776,42040673864,1048576,65536,16,963,1088
42040686642,42040687399,1048576,65536,16,1385,757
42040700070,42040700847,1048576,65536,16,1349,777
42040713826,42040714590,1048576,65536,16,1372,764
42040727071,42040727863,1048576,65536,16,1323,792
42040740475,42040741337,1048576,65536,16,1216,862
42040753586,42040754349,1048576,65536,16,1374,763
42040766901,42040767731,1048576,65536,16,1263,830
42040780423,42040781335,1048576,65536,16,1149,912
42040793710,42040794464,1048576,65536,16,1390,754
42040807176,42040807924,1048576,65536,16,1401,748
42040820450,42040821199,1048576,65536,16,1399,749
42040833844,42040834744,1048576,65536,16,1165,900
42040847183,42040847931,1048576,65536,16,1401,748
42040860434,42040861194,1048576,65536,16,1379,760
42040874059,42040874994,1048576,65536,16,1121,935
42040887535,42040888283,1048576,65536,16,1401,748
42040900956,42040901712,1048576,65536,16,1387,756
42040914701,42040915467,1048576,65536,16,1368,766
42040928519,42040929295,1048576,65536,16,1351,776
42040942015,42040942773,1048576,65536,16,1383,758
42040955519,42040956782,1048576,65536,16,830,1263
42040969284,42040970167,1048576,65536,16,1187,883
42040983065,42040983817,1048576,65536,16,1394,752
42040996279,42040997025,1048576,65536,16,1405,746
42041009930,42041010692,1048576,65536,16,1376,762
42041023071,42041023934,1048576,65536,16,1215,863
42041036869,42041037740,1048576,65536,16,1203,871
42041050214,42041051051,1048576,65536,16,1252,837
42041064851,42041065630,1048576,65536,16,1346,779
42041078914,42041079665,1048576,65536,16,1396,751
42041092378,42041093161,1048576,65536,16,1339,783
42041106165,42041107079,1048576,65536,16,1147,914
42041120192,42041121066,1048576,65536,16,1199,874
42041133432,42041134312,1048576,65536,16,1191,880
42041146866,42041147754,1048576,65536,16,1180,888
42041160513,42041161256,1048576,65536,16,1411,743
42041173632,42041174408,1048576,65536,16,1351,776
42041187118,42041187953,1048576,65536,16,1255,835
42041200473,42041201227,1048576,65536,16,1390,754
42041214282,42041215036,1048576,65536,16,1390,754
42041227723,42041228537,1048576,65536,16,1288,814
42041241890,42041242864,1048576,65536,16,1076,974
42041256134,42041256925,1048576,65536,16,1325,791
42041270182,42041270964,1048576,65536,16,1340,782
42041284384,42041285179,1048576,65536,16,1318,795
42041297671,42041298595,1048576,65536,16,1134,924
42041311107,42041311857,1048576,65536,16,1398,750
42041324754,42041325521,1048576,65536,16,1367,767
42041338625,42041339408,1048576,65536,16,1339,783
42041351732,42041352498,1048576,65536,16,1368,766
42041365315,42041366165,1048576,65536,16,1233,850
42041379008,42041379863,1048576,65536,16,1226,855
42041392020,42041392841,1048576,65536,16,1277,821
42041405426,42041406408,1048576,65536,16,1067,982
42041419323,42041420079,1048576,65536,16,1387,756
42041433238,42041434030,1048576,65536,16,1323,792
42041446263,42041446996,1048576,65536,16,1430,733
42041459501,42041460300,1048576,65536,16,1312,799
42041473456,42041474315,1048576,65536,16,1220,859
42041487122,42041488165,1048576,65536,16,1005,1043
42041500581,42041501379,1048576,65536,16,1314,798
42041514499,42041515425,1048576,65536,16,1132,926
42041527923,42041528746,1048576,65536,16,1274,823
42041542056,42041542840,1048576,65536,16,1337,784
42041555955,42041556722,1048576,65536,16,1367,767
42041569011,42041569760,1048576,65536,16,1399,749
42041582508,42041583322,1048576,65536,16,1288,814
42041596135,42041596916,1048576,65536,16,1342,781
42041609998,42041610889,1048576,65536,16,1176,891
42041623665,42041625010,1048576,65536,16,779,1345
42041637504,42041638321,1048576,65536,16,1283,817
42041650911,42041651667,1048576,65536,16,1387,756
42041664667,42041665499,1048576,65536,16,1260,832
42041677891,42041678716,1048576,65536,16,1271,825
42041690810,42041691575,1048576,65536,16,1370,765
42041703811,42041704849,1048576,65536,16,1010,1038
42041717580,42041718347,1048576,65536,16,1367,767
42041731148,42041731907,1048576,65536,16,1381,759
42041744292,42041745089,1048576,65536,16,1315,797
42041757538,42041758487,1048576,65536,16,1104,949
42041770636,42041771382,1048576,65536,16,1405,746
42041784165,42041784934,1048576,65536,16,1363,769
42041797351,42041798125,1048576,65536,16,1354,774
42041810320,42041811118,1048576,65536,16,1314,798
42041824266,42041825033,1048576,65536,16,1367,767
42041838078,42041838841,1048576,65536,16,1374,763
42041851086,42041852071,1048576,65536,16,1064,985
42041864862,42041865712,1048576,65536,16,1233,850
42041878421,42041879173,1048576,65536,16,1394,752
42041891896,42041892714,1048576,65536,16,1281,818
42041905413,42041906441,1048576,65536,16,1020,1028
42041918658,42041919517,1048576,65536,16,1220,859
42041932814,42041933648,1048576,65536,16,1257,834
42041946426,42041947183,1048576,65536,16,1385,757
42041959581,42041960387,1048576,65536,16,1300,806
42041973109,42041973923,1048576,65536,16,1288,814
42041986485,42041987283,1048576,65536,16,1314,798
42042000076,42042000854,1048576,65536,16,1347,778
42042013854,42042014631,1048576,65536,16,1349,777
42042026951,42042027698,1048576,65536,16,1403,747
42042040498,42042041270,1048576,65536,16,1358,772
42042053917,42042054741,1048576,65536,16,1272,824
42042067359,42042068367,1048576,65536,16,1040,1008
42042081163,42042081961,1048576,65536,16,1314,798
42042094498,42042095252,1048576,65536,16,1390,754
42042108025,42042108976,1048576,65536,16,1102,951
42042121646,42042122460,1048576,65536,16,1288,814
42042135011,42042135858,1048576,65536,16,1237,847
42042149029,42042149807,1048576,65536,16,1347,778
42042162507,42042163266,1048576,65536,16,1381,759
42042176435,42042177434,1048576,65536,16,1049,999
42042190049,42042190888,1048576,65536,16,1249,839
42042203870,42042204621,1048576,65536,16,1396,751
42042217535,42042218439,1048576,65536,16,1159,904
42042231301,42042232094,1048576,65536,16,1322,793
42042244768,42042245715,1048576,65536,16,1107,947
42042258913,42042259742,1048576,65536,16,1264,829
42042272661,42042273459,1048576,65536,16,1314,798
42042286120,42042286879,1048576,65536,16,1381,759
42042299565,42042300393,1048576,65536,16,1266,828
42042313055,42042313832,1048576,65536,16,1349,777
42042327051,42042327815,1048576,65536,16,1372,764
42042340270,42042341275,1048576,65536,16,1043,1005
42042353853,42042354609,1048576,65536,16,1387,756
42042366915,42042367703,1048576,65536,16,1330,788
42042379904,42042380716,1048576,65536,16,1291,812
42042393281,42042394046,1048576,65536,16,1370,765
42042406648,42042407418,1048576,65536,16,1361,770
42042419715,42042420496,1048576,65536,16,1342,781
42042433596,42042434390,1048576,65536,16,1320,794
42042446865,42042447623,1048576,65536,16,1383,758
42042459926,42042460695,1048576,65536,16,1363,769
42042473755,42042474833,1048576,65536,16,972,1078
42042487424,42042488182,1048576,65536,16,1383,758
42042501336,42042502101,1048576,65536,16,1370,765
42042514503,42042515327,1048576,65536,16,1272,824
42042527804,42042528566,1048576,65536,16,1376,762
42042541491,42042542289,1048576,65536,16,1314,798
42042555035,42042555802,1048576,65536,16,1367,767
42042568603,42042569375,1048576,65536,16,1358,772
42042582115,42042582854,1048576,65536,16,1418,739
42042595534,42042596599,1048576,65536,16,984,1065
42042609479,42042610236,1048576,65536,16,1385,757
42042622789,42042623699,1048576,65536,16,1152,910
42042635982,42042636953,1048576,65536,16,1079,971
42042649404,42042650187,1048576,65536,16,1339,783
42042662824,42042663596,1048576,65536,16,1358,772
42042676686,42042677473,1048576,65536,16,1332,787
42042690058,42042690864,1048576,65536,16,1300,806
42042703701,42042704461,1048576,65536,16,1379,760
42042717381,42042718397,1048576,65536,16,1032,1016
42042730800,42042731549,1048576,65536,16,1399,749
42042743866,42042744653,1048576,65536,16,1332,787
42042757232,42042758394,1048576,65536,16,902,1162
42042770562,42042771315,1048576,65536,16,1392,753
42042783948,42042784686,1048576,65536,16,1420,738
42042797487,42042798330,1048576,65536,16,1243,843
42042810799,42042811566,1048576,65536,16,1367,767
42042824294,42042825173,1048576,65536,16,1192,879
42042837805,42042838570,1048576,65536,16,1370,765
42042851236,42042852088,1048576,65536,16,1230,852
42042864891,42042865682,1048576,65536,16,1325,791
42042878587,42042879343,1048576,65536,16,1387,756
42042891435,42042892217,1048576,65536,16,1340,782
42042905219,42042905980,1048576,65536,16,1377,761
42042918593,42042919395,1048576,65536,16,1307,802
42042932567,42042933392,1048576,65536,16,1271,825
42042946921,42042947831,1048576,65536,16,1152,910
42042961453,42042962264,1048576,65536,16,1292,811
42042974866,42042975846,1048576,65536,16,1069,980
42042988778,42042989526,1048576,65536,16,1401,748
42043003025,42043003799,1048576,65536,16,1354,774
42043016236,42043016997,1048576,65536,16,1377,761
42043029304,42043030136,1048576,65536,16,1260,832
42043042867,42043043789,1048576,65536,16,1137,922
42043056062,42043056793,1048576,65536,16,1434,731
42043069198,42043069944,1048576,65536,16,1405,746
42043082057,42043082836,1048576,65536,16,1346,779
42043095285,42043096036,1048576,65536,16,1396,751
42043108706,42043109465,1048576,65536,16,1381,759
42043122182,42043122949,1048576,65536,16,1367,767
42043135334,42043136073,1048576,65536,16,1418,739
42043148901,42043149681,1048576,65536,16,1344,780
42043162075,42043162823,1048576,65536,16,1401,748
42043174980,42043175745,1048576,65536,16,1370,765
42043188619,42043189371,1048576,65536,16,1394,752
42043202588,42043203402,1048576,65536,16,1288,814
42043216611,42043217357,1048576,65536,16,1405,746
42043229774,42043230827,1048576,65536,16,995,1053
42043243838,42043245015,1048576,65536,16,890,1177
42043258579,42043259450,1048576,65536,16,1203,871
42043273501,42043274849,1048576,65536,16,777,1348
42043289464,42043290568,1048576,65536,16,949,1104
42043304605,42043305656,1048576,65536,16,997,1051
42043319694,42043320473,1048576,65536,16,1346,779
42043333760,42043334578,1048576,65536,16,1281,818
42043347492,42043348302,1048576,65536,16,1294,810
42043361754,42043362533,1048576,65536,16,1346,779
42043376032,42043376838,1048576,65536,16,1300,806
42043391258,42043392255,1048576,65536,16,1051,997
42043406116,42043407112,1048576,65536,16,1052,996
42043420249,42043421023,1048576,65536,16,1354,774
42043434112,42043435022,1048576,65536,16,1152,910
42043447541,42043448408,1048576,65536,16,1209,867
42043460880,42043461764,1048576,65536,16,1186,884
42043474378,42043475154,1048576,65536,16,1351,776
42043487902,42043488632,1048576,65536,16,1436,730
42043501446,42043502232,1048576,65536,16,1334,786
42043514947,42043515790,1048576,65536,16,1243,843
42043528368,42043529112,1048576,65536,16,1409,744
42043542444,42043543424,1048576,65536,16,1069,980
42043556788,42043557588,1048576,65536,16,1310,800
42043570400,42043571148,1048576,65536,16,1401,748
42043583736,42043584539,1048576,65536,16,1305,803
42043597345,42043598114,1048576,65536,16,1363,769
42043610741,42043611489,1048576,65536,16,1401,748
42043624232,42043625259,1048576,65536,16,1021,1027
42043638476,42043639239,1048576,65536,16,1374,763
42043652633,42043653436,1048576,65536,16,1305,803
42043666741,42043667542,1048576,65536,16,1309,801
42043680083,42043680896,1048576,65536,16,1289,813
42043693236,42043694254,1048576,65536,16,1030,1018
42043706772,42043707723,1048576,65536,16,1102,951
42043720513,42043721286,1048576,65536,16,1356,773
42043734060,42043734802,1048576,65536,16,1413,742
42043747749,42043748502,1048576,65536,16,1392,753
42043761507,42043762265,1048576,65536,16,1383,758
42043775402,42043776255,1048576,65536,16,1229,853
42043789010,42043789836,1048576,65536,16,1269,826
42043802548,42043803290,1048576,65536,16,1413,742
42043815964,42043816704,1048576,65536,16,1416,740
42043828951,42043829722,1048576,65536,16,1360,771
42043842468,42043843229,1048576,65536,16,1377,761
42043855796,42043856537,1048576,65536,16,1415,741
42043869107,42043869879,1048576,65536,16,1358,772
42043882696,42043883433,1048576,65536,16,1422,737
42043896355,42043897167,1048576,65536,16,1291,812
42043910088,42043910859,1048576,65536,16,1360,771
42043923203,42043924305,1048576,65536,16,951,1102
42043937260,42043938061,1048576,65536,16,1309,801
42043950916,42043951703,1048576,65536,16,1332,787
42043964291,42043965037,1048576,65536,16,1405,746
42043977961,42043978753,1048576,65536,16,1323,792
42043991487,42043992297,1048576,65536,16,1294,810
42044005158,42044005915,1048576,65536,16,1385,757
42044018404,42044019355,1048576,65536,16,1102,951
42044032057,42044032815,1048576,65536,16,1383,758
42044045866,42044046706,1048576,65536,16,1248,840
42044059752,42044060514,1048576,65536,16,1376,762
42044072758,42044073764,1048576,65536,16,1042,1006
42044086547,42044087472,1048576,65536,16,1133,925
42044100503,42044101298,1048576,65536,16,1318,795
42044114940,42044115788,1048576,65536,16,1236,848
42044128784,42044129564,1048576,65536,16,1344,780
42044142403,42044143259,1048576,65536,16,1224,856
42044156279,42044157141,1048576,65536,16,1216,862
42044169623,42044170413,1048576,65536,16,1327,790
42044183119,42044183900,1048576,65536,16,1342,781
42044196847,42044197609,1048576,65536,16,1376,762
42044210412,42044211241,1048576,65536,16,1264,829
42044223576,42044224419,1048576,65536,16,1243,843
42044237086,42044238040,1048576,65536,16,1099,954
42044250892,42044251687,1048576,65536,16,1318,795
42044264486,42044265261,1048576,65536,16,1353,775
42044278026,42044278849,1048576,65536,16,1274,823
42044291121,42044292000,1048576,65536,16,1192,879
42044304385,42044305142,1048576,65536,16,1385,757
42044318060,42044318807,1048576,65536,16,1403,747
42044331324,42044332095,1048576,65536,16,1360,771
42044344812,42044345594,1048576,65536,16,1340,782
42044358727,42044359512,1048576,65536,16,1335,785
42044372644,42044373390,1048576,65536,16,1405,746
42044386556,42044387574,1048576,65536,16,1030,1018
42044400271,42044401148,1048576,65536,16,1195,877
42044413527,42044414720,1048576,65536,16,878,1193
42044427337,42044428111,1048576,65536,16,1354,774
42044440937,42044441770,1048576,65536,16,1258,833
42044454234,42044455009,1048576,65536,16,1353,775
42044468629,42044469383,1048576,65536,16,1390,754
42044482168,42044482917,1048576,65536,16,1399,749
42044495600,42044496375,1048576,65536,16,1353,775
42044509091,42044509916,1048576,65536,16,1271,825
42044522731,42044523543,1048576,65536,16,1291,812
42044536263,42044537142,1048576,65536,16,1192,879
42044551458,42044552269,1048576,65536,16,1292,811
42044565312,42044566101,1048576,65536,16,1328,789
42044579067,42044580127,1048576,65536,16,989,1060
42044592989,42044593760,1048576,65536,16,1360,771
42044606011,42044606999,1048576,65536,16,1061,988
42044619971,42044620727,1048576,65536,16,1387,756
42044634056,42044634791,1048576,65536,16,1426,735
42044647155,42044648010,1048576,65536,16,1226,855
42044660589,42044661367,1048576,65536,16,1347,778
42044674190,42044675003,1048576,65536,16,1289,813
42044687627,42044688371,1048576,65536,16,1409,744
42044701028,42044701965,1048576,65536,16,1119,937
42044714792,42044715539,1048576,65536,16,1403,747
42044728190,42044729085,1048576,65536,16,1171,895
42044741815,42044742579,1048576,65536,16,1372,764
42044755483,42044756372,1048576,65536,16,1179,889
42044769574,42044770297,1048576,65536,16,1450,723
42044783274,42044784020,1048576,65536,16,1405,746
42044796602,42044797536,1048576,65536,16,1122,934
42044810294,42044811037,1048576,65536,16,1411,743
42044823349,42044824146,1048576,65536,16,1315,797
42044837431,42044838186,1048576,65536,16,1388,755
42044850906,42044851700,1048576,65536,16,1320,794
42044864675,42044865754,1048576,65536,16,971,1079
42044878722,42044879501,1048576,65536,16,1346,779
42044892168,42044892970,1048576,65536,16,1307,802
42044906023,42044906743,1048576,65536,16,1456,720
42044919713,42044920472,1048576,65536,16,1381,759
42044933397,42044934172,1048576,65536,16,1353,775
42044947259,42044948040,1048576,65536,16,1342,781
42044960865,42044961826,1048576,65536,16,1091,961
42044974444,42044975384,1048576,65536,16,1115,940
42044988152,42044988901,1048576,65536,16,1399,749
42045001700,42045002446,1048576,65536,16,1405,746
42045015089,42045016150,1048576,65536,16,988,1061
42045029008,42045029766,1048576,65536,16,1383,758
42045042632,42045043542,1048576,65536,16,1152,910
42045056122,42045056975,1048576,65536,16,1229,853
42045069747,42045070894,1048576,65536,16,914,1147
42045083442,42045084196,1048576,65536,16,1390,754
42045096762,42045097519,1048576,65536,16,1385,757
42045110236,42045111081,1048576,65536,16,1240,845
42045124169,42045124945,1048576,65536,16,1351,776
42045137352,42045138112,1048576,65536,16,1379,760
42045150826,42045151594,1048576,65536,16,1365,768
42045164610,42045165350,1048576,65536,16,1416,740
42045178248,42045179006,1048576,65536,16,1383,758
42045191559,42045192474,1048576,65536,16,1145,915
42045205183,42045205934,1048576,65536,16,1396,751
42045219114,42045219988,1048576,65536,16,1199,874
42045232432,42045233202,1048576,65536,16,1361,770
42045245698,42045246485,1048576,65536,16,1332,787
42045259620,42045260425,1048576,65536,16,1302,805
42045273549,42045274333,1048576,65536,16,1337,784
42045286995,42045287976,1048576,65536,16,1068,981
42045301549,42045302373,1048576,65536,16,1272,824
42045316721,42045317489,1048576,65536,16,1365,768
42045330770,42045331537,1048576,65536,16,1367,767
42045344470,42045345481,1048576,65536,16,1037,1011
42045358144,42045359145,1048576,65536,16,1047,1001
42045371921,42045372843,1048576,65536,16,1137,922
42045385734,42045386665,1048576,65536,16,1126,931
42045399409,42045400160,1048576,65536,16,1396,751
42045412889,42045413664,1048576,65536,16,1353,775
42045426442,42045427200,1048576,65536,16,1383,758
42045440638,42045441446,1048576,65536,16,1297,808
42045454321,42045455284,1048576,65536,16,1088,963
42045468053,42045468923,1048576,65536,16,1205,870
42045481530,42045482459,1048576,65536,16,1128,929
42045494997,42045495753,1048576,65536,16,1387,756
42045508208,42045509307,1048576,65536,16,954,1099
42045521988,42045522731,1048576,65536,16,1411,743
42045535340,42045536074,1048576,65536,16,1428,734
42045550060,42045550792,1048576,65536,16,1432,732
42045563820,42045564749,1048576,65536,16,1128,929
42045577223,42045577975,1048576,65536,16,1394,752
42045590999,42045592256,1048576,65536,16,834,1257
42045605121,42045605909,1048576,65536,16,1330,788
42045618751,42045619540,1048576,65536,16,1328,789
42045632038,42045632924,1048576,65536,16,1183,886
42045645641,42045646466,1048576,65536,16,1271,825
42045659223,42045660000,1048576,65536,16,1349,777
42045673101,42045674050,1048576,65536,16,1104,949
42045687166,42045688118,1048576,65536,16,1101,952
42045701142,42045702052,1048576,65536,16,1152,910
42045714948,42045715745,1048576,65536,16,1315,797
42045728389,42045729152,1048576,65536,16,1374,763
42045741607,42045742624,1048576,65536,16,1031,1017
42045755158,42045755907,1048576,65536,16,1399,749
42045768875,42045769643,1048576,65536,16,1365,768
42045782653,42045783453,1048576,65536,16,1310,800
42045795864,42045796648,1048576,65536,16,1337,784
42045809460,42045810522,1048576,65536,16,987,1062
42045822745,42045823519,1048576,65536,16,1354,774
42045836407,42045837159,1048576,65536,16,1394,752
42045849487,42045850245,1048576,65536,16,1383,758
42045862966,42045863718,1048576,65536,16,1394,752
42045877197,42045877960,1048576,65536,16,1374,763
42045890933,42045891817,1048576,65536,16,1186,884
42045904256,42045905429,1048576,65536,16,893,1173
42045918006,42045918808,1048576,65536,16,1307,802
42045931869,42045932619,1048576,65536,16,1398,750
42045945103,42045945959,1048576,65536,16,1224,856
42045958951,42045959690,1048576,65536,16,1418,739
42045971970,42045972714,1048576,65536,16,1409,744
42045985821,42045986603,1048576,65536,16,1340,782
42045999428,42046000191,1048576,65536,16,1374,763
42046012291,42046013163,1048576,65536,16,1202,872
42046025814,42046026574,1048576,65536,16,1379,760
42046039620,42046040395,1048576,65536,16,1353,775
42046053095,42046054013,1048576,65536,16,1142,918
42046066474,42046067408,1048576,65536,16,1122,934
42046080352,42046081098,1048576,65536,16,1405,746
42046093566,42046094405,1048576,65536,16,1249,839
42046107072,42046107926,1048576,65536,16,1227,854
42046120756,42046121510,1048576,65536,16,1390,754
42046134424,42046135239,1048576,65536,16,1286,815
42046148961,42046149838,1048576,65536,16,1195,877
42046162429,42046163427,1048576,65536,16,1050,998
42046175694,42046176604,1048576,65536,16,1152,910
42046189624,42046190456,1048576,65536,16,1260,832
42046203745,42046204529,1048576,65536,16,1337,784
42046217085,42046217912,1048576,65536,16,1267,827
42046230729,42046231719,1048576,65536,16,1059,990
42046244199,42046244965,1048576,65536,16,1368,766
42046257475,42046258308,1048576,65536,16,1258,833
42046270819,42046271614,1048576,65536,16,1318,795
42046284470,42046285253,1048576,65536,16,1339,783
42046297831,42046298731,1048576,65536,16,1165,900
42046311626,42046312423,1048576,65536,16,1315,797
42046325173,42046325932,1048576,65536,16,1381,759
42046338624,42046339473,1048576,65536,16,1235,849
42046352668,42046353438,1048576,65536,16,1361,770
42046366044,42046366859,1048576,65536,16,1286,815
42046379144,42046380027,1048576,65536,16,1187,883
42046393246,42046394107,1048576,65536,16,1217,861
42046406436,42046407195,1048576,65536,16,1381,759
42046419989,42046420754,1048576,65536,16,1370,765
42046433270,42046434067,1048576,65536,16,1315,797
42046446630,42046447376,1048576,65536,16,1405,746
42046460625,42046461409,1048576,65536,16,1337,784
42046473771,42046474691,1048576,65536,16,1139,920
42046487006,42046487754,1048576,65536,16,1401,748
42046501076,42046501872,1048576,65536,16,1317,796
42046514894,42046515677,1048576,65536,16,1339,783
42046528289,42046529187,1048576,65536,16,1167,898
42046541722,42046543438,1048576,65536,16,611,1716
42046556106,42046556865,1048576,65536,16,1381,759
42046569433,42046570181,1048576,65536,16,1401,748
42046582775,42046583583,1048576,65536,16,1297,808
42046596434,42046597192,1048576,65536,16,1383,758
42046609840,42046610598,1048576,65536,16,1383,758
42046623660,42046624681,1048576,65536,16,1027,1021
42046637484,42046638420,1048576,65536,16,1120,936
42046651085,42046651863,1048576,65536,16,1347,778
42046665312,42046666411,1048576,65536,16,954,1099
42046679499,42046680263,1048576,65536,16,1372,764
42046692642,42046693613,1048576,65536,16,1079,971
42046706115,42046706866,1048576,65536,16,1396,751
42046719263,42046720042,1048576,65536,16,1346,779
42046733119,42046734002,1048576,65536,16,1187,883
42046746295,42046747069,1048576,65536,16,1354,774
42046759947,42046760702,1048576,65536,16,1388,755
42046773603,42046774402,1048576,65536,16,1312,799
42046787177,42046788061,1048576,65536,16,1186,884
42046800492,42046801239,1048576,65536,16,1403,747
42046814046,42046814884,1048576,65536,16,1251,838
42046827824,42046828742,1048576,65536,16,1142,918
42046841108,42046842017,1048576,65536,16,1153,909
42046854910,42046855660,1048576,65536,16,1398,750
42046868486,42046869259,1048576,65536,16,1356,773
42046882136,42046882882,1048576,65536,16,1405,746
42046895150,42046895902,1048576,65536,16,1394,752
42046908728,42046909641,1048576,65536,16,1148,913
42046922476,42046923224,1048576,65536,16,1401,748
42046935859,42046936600,1048576,65536,16,1415,741
42046949346,42046950127,1048576,65536,16,1342,781
42046962574,42046963331,1048576,65536,16,1385,757
42046975501,42046976335,1048576,65536,16,1257,834
42046988714,42046989469,1048576,65536,16,1388,755
42047002184,42047002966,1048576,65536,16,1340,782
42047016010,42047016770,1048576,65536,16,1379,760
42047028967,42047029719,1048576,65536,16,1394,752
42047042003,42047042807,1048576,65536,16,1304,804
42047055241,42047055993,1048576,65536,16,1394,752
42047068910,42047069685,1048576,65536,16,1353,775
42047082156,42047082969,1048576,65536,16,1289,813
42047095283,42047096046,1048576,65536,16,1374,763
42047108772,42047109517,1048576,65536,16,1407,745
42047121919,42047122671,1048576,65536,16,1394,752
42047135075,42047135843,1048576,65536,16,1365,768
42047148343,42047149094,1048576,65536,16,1396,751
42047161446,42047162446,1048576,65536,16,1048,1000
42047174789,42047175664,1048576,65536,16,1198,875
42047188028,42047188779,1048576,65536,16,1396,751
42047201098,42047201854,1048576,65536,16,1387,756
42047214260,42047215128,1048576,65536,16,1208,868
42047227390,42047228178,1048576,65536,16,1330,788
42047240637,42047241451,1048576,65536,16,1288,814
42047253963,42047254714,1048576,65536,16,1396,751
42047267735,42047268967,1048576,65536,16,851,1232
42047282632,42047283424,1048576,65536,16,1323,792
42047296117,42047296975,1048576,65536,16,1222,858
42047310554,42047311436,1048576,65536,16,1188,882
42047323979,42047324781,1048576,65536,16,1307,802
42047336962,42047337715,1048576,65536,16,1392,753
42047350229,42047350987,1048576,65536,16,1383,758
42047363416,42047364163,1048576,65536,16,1403,747
42047376534,42047377369,1048576,65536,16,1255,835
42047389487,42047390259,1048576,65536,16,1358,772
42047402777,42047403554,1048576,65536,16,1349,777
42047415801,42047416549,1048576,65536,16,1401,748
42047428850,42047429631,1048576,65536,16,1342,781
42047441890,42047442790,1048576,65536,16,1165,900
42047455177,42047455932,1048576,65536,16,1388,755
42047468891,42047469656,1048576,65536,16,1370,765
42047481918,42047482701,1048576,65536,16,1339,783
42047494927,42047495847,1048576,65536,16,1139,920
42047508489,42047509432,1048576,65536,16,1111,943
42047521920,42047522734,1048576,65536,16,1288,814
42047535262,42047536018,1048576,65536,16,1387,756
42047548816,42047549637,1048576,65536,16,1277,821
42047561984,42047562819,1048576,65536,16,1255,835
42047574971,42047575884,1048576,65536,16,1148,913
42047588019,42047588834,1048576,65536,16,1286,815
42047601669,42047602436,1048576,65536,16,1367,767
42047614885,42047615620,1048576,65536,16,1426,735
42047627963,42047628760,1048576,65536,16,1315,797
42047641168,42047641975,1048576,65536,16,1299,807
42047655042,42047655823,1048576,65536,16,1342,781
42047668846,42047669611,1048576,65536,16,1370,765
42047682308,42047683112,1048576,65536,16,1304,804
42047696008,42047696916,1048576,65536,16,1154,908
42047710484,42047711298,1048576,65536,16,1288,814
42047724165,42047725091,1048576,65536,16,1132,926
42047737453,42047738205,1048576,65536,16,1394,752
42047750965,42047751780,1048576,65536,16,1286,815
42047764065,42047764850,1048576,65536,16,1335,785
42047777076,42047777861,1048576,65536,16,1335,785
42047790024,42047790776,1048576,65536,16,1394,752
42047803020,42047803802,1048576,65536,16,1340,782
42047816322,42047817072,1048576,65536,16,1398,750
42047829245,42047830024,1048576,65536,16,1346,779
42047842374,42047843177,1048576,65536,16,1305,803
42047855521,42047856284,1048576,65536,16,1374,763
42047868855,42047869798,1048576,65536,16,1111,943
42047883905,42047884659,1048576,65536,16,1390,754
42047897204,42047897949,1048576,65536,16,1407,745
42047910989,42047911822,1048576,65536,16,1258,833
42047924397,42047925460,1048576,65536,16,986,1063
42047938033,42047938865,1048576,65536,16,1260,832
42047951451,42047952228,1048576,65536,16,1349,777
42047964607,42047965377,1048576,65536,16,1361,770
42047977511,42047978286,1048576,65536,16,1353,775
42047990440,42047991377,1048576,65536,16,1119,937
42048004974,42048005810,1048576,65536,16,1254,836
42048019056,42048019863,1048576,65536,16,1299,807
42048034476,42048035370,1048576,65536,16,1172,894
42048050686,42048051656,1048576,65536,16,1081,970
42048067771,42048068953,1048576,65536,16,887,1182
42048085736,42048086575,1048576,65536,16,1249,839
42048101481,42048102340,1048576,65536,16,1220,859
42048116126,42048116976,1048576,65536,16,1233,850
42048130323,42048131165,1048576,65536,16,1245,842
42048145582,42048146939,1048576,65536,16,772,1357
42048161476,42048162645,1048576,65536,16,896,1169
42048176370,42048177228,1048576,65536,16,1222,858
42048191514,42048192765,1048576,65536,16,838,1251
42048207328,42048208209,1048576,65536,16,1190,881
42048229674,42048230927,1048576,65536,16,836,1253
42048247984,42048248885,1048576,65536,16,1163,901
42048265245,42048266325,1048576,65536,16,970,1080
42048280565,42048281516,1048576,65536,16,1102,951
42048295639,42048296768,1048576,65536,16,928,1129
42048313438,42048314409,1048576,65536,16,1079,971
42048330477,42048331369,1048576,65536,16,1175,892
42048346459,42048347346,1048576,65536,16,1182,887
42048361484,42048362660,1048576,65536,16,891,1176
42048376194,42048377088,1048576,65536,16,1172,894
42048392366,42048393532,1048576,65536,16,899,1166
42048408784,42048409715,1048576,65536,16,1126,931
42048423820,42048424628,1048576,65536,16,1297,808
42048437910,42048438676,1048576,65536,16,1368,766
42048451171,42048452029,1048576,65536,16,1222,858
42048464808,42048465574,1048576,65536,16,1368,766
42048478000,42048478775,1048576,65536,16,1353,775
42048490913,42048491662,1048576,65536,16,1399,749
42048504955,42048505706,1048576,65536,16,1396,751
42048518494,42048519256,1048576,65536,16,1376,762
42048531535,42048532281,1048576,65536,16,1405,746
42048544777,42048546027,1048576,65536,16,838,1250
42048559008,42048559827,1048576,65536,16,1280,819
42048572939,42048573696,1048576,65536,16,1385,757
42048586237,42048586986,1048576,65536,16,1399,749
42048599652,42048600433,1048576,65536,16,1342,781
42048612967,42048613719,1048576,65536,16,1394,752
42048626008,42048626903,1048576,65536,16,1171,895
42048639121,42048639867,1048576,65536,16,1405,746
42048652646,42048653397,1048576,65536,16,1396,751
42048665912,42048666853,1048576,65536,16,1114,941
42048679198,42048679946,1048576,65536,16,1401,748
42048692062,42048693033,1048576,65536,16,1079,971
42048706019,42048706779,1048576,65536,16,1379,760
42048719398,42048720156,1048576,65536,16,1383,758
42048732629,42048733386,1048576,65536,16,1385,757
42048745781,42048746552,1048576,65536,16,1360,771
42048758690,42048759536,1048576,65536,16,1239,846
42048771938,42048772718,1048576,65536,16,1344,780
42048784864,42048785626,1048576,65536,16,1376,762
42048798516,42048799308,1048576,65536,16,1323,792
42048812032,42048812973,1048576,65536,16,1114,941
42048825358,42048826214,1048576,65536,16,1224,856
42048838471,42048839220,1048576,65536,16,1399,749
42048851773,42048852549,1048576,65536,16,1351,776
42048864960,42048865722,1048576,65536,16,1376,762
42048877943,42048878750,1048576,65536,16,1299,807
42048890853,42048891606,1048576,65536,16,1392,753
42048904357,42048905147,1048576,65536,16,1327,790
42048917536,42048918346,1048576,65536,16,1294,810
42048930603,42048931447,1048576,65536,16,1242,844
42048943758,42048944530,1048576,65536,16,1358,772
42048957013,42048957899,1048576,65536,16,1183,886
42048970686,42048971424,1048576,65536,16,1420,738
42048984065,42048984876,1048576,65536,16,1292,811
42048997232,42048998037,1048576,65536,16,1302,805
42049010407,42049011163,1048576,65536,16,1387,756
42049023401,42049024123,1048576,65536,16,1452,722
42049036471,42049037226,1048576,65536,16,1388,755
42049049986,42049050763,1048576,65536,16,1349,777
42049063137,42049063900,1048576,65536,16,1374,763
42049076501,42049077298,1048576,65536,16,1315,797
42049089376,42049090139,1048576,65536,16,1374,763
42049103125,42049103904,1048576,65536,16,1346,779
42049116477,42049117235,1048576,65536,16,1383,758
42049129654,42049130432,1048576,65536,16,1347,778
42049142881,42049143766,1048576,65536,16,1184,885
42049156479,42049157243,1048576,65536,16,1372,764
42049169897,42049170642,1048576,65536,16,1407,745
42049182991,42049183744,1048576,65536,16,1392,753
42049196182,42049197259,1048576,65536,16,973,1077
42049209630,42049210525,1048576,65536,16,1171,895
42049222592,42049223348,1048576,65536,16,1387,756
42049235498,42049236271,1048576,65536,16,1356,773
42049248583,42049249355,1048576,65536,16,1358,772
42049261830,42049262592,1048576,65536,16,1376,762
42049275191,42049276156,1048576,65536,16,1086,965
42049288312,42049289066,1048576,65536,16,1390,754
42049302255,42049303194,1048576,65536,16,1116,939
42049315746,42049316529,1048576,65536,16,1339,783
42049329157,42049329907,1048576,65536,16,1398,750
42049342074,42049343051,1048576,65536,16,1073,977
42049355744,42049356583,1048576,65536,16,1249,839
42049369189,42049369927,1048576,65536,16,1420,738
42049382036,42049382790,1048576,65536,16,1390,754
42049395078,42049395857,1048576,65536,16,1346,779
42049408388,42049409173,1048576,65536,16,1335,785
42049421544,42049422421,1048576,65536,16,1195,877
42049434718,42049435509,1048576,65536,16,1325,791
42049447833,42049448597,1048576,65536,16,1372,764
42049461107,42049461873,1048576,65536,16,1368,766
42049474544,42049475302,1048576,65536,16,1383,758
42049487559,42049488307,1048576,65536,16,1401,748
42049501291,42049502062,1048576,65536,16,1360,771
42049514586,42049515430,1048576,65536,16,1242,844
42049527939,42049528777,1048576,65536,16,1251,838
